0.0381765737507
0.069820705892
0.107982630066
0.136034300491
0.22682316094
0.332754429862
0.48978593854
0.690466581807
0.927971335955
1.25155137623
1.62138886431
2.04008568164
2.5364745024
3.06454901651
3.5373387146
4.00703440762
4.41891406627
4.73774569335
4.94886171353
4.99795840448
5.00447567723
5.01923625166
5.00420722995
5.0109590555
5.02306813753
5.00089786861
4.98389967388
4.98306521946
5.01457847272
4.99870604123
5.00539106735
5.01085145029
5.01650760759
4.98942987066
4.99381598676
5.0173142913
5.00237110618
4.99079144389
4.99095652305
5.01118121694
4.97873700666
4.9993442315
4.9974897614
5.01081576464
5.01352806917
4.9876773787
4.97897039542
4.98385022993
5.0005954617
4.98522662399
4.985690561
5.01208200301
5.00180471724
4.97694766355
5.00260047808
4.99457688648
4.98638819302
5.00367822492
5.00573285954
4.99294209888
4.98117026105
5.01035514393
5.01594712156
4.99364642903
4.99684451454
4.98536045
4.98671651279
4.99317696774
4.98779849175
5.00354056294
4.99710142914
4.99020692193
5.00515086877
4.9942621129
4.97928853185
5.00298570627
4.98679496802
5.00255321772
5.00093302843
5.00428524895
4.99760762363
5.00712477772
4.99985991197
5.00383434085
5.00715200336
4.99612805702
4.99807579163
4.99993286666
4.99465720329
4.99644073207
5.00251526867
5.01134479973
4.97851819529
4.99018008735
4.99386902217
5.00143308207
4.98930230122
5.00063699743
5.0083963889
5.01227355208
4.99720316656
5.00600748218
4.99354089267
4.98654131948
5.00494841832
4.99912613138
5.00109932664
4.99447688385
4.99617724358
4.91409591075
4.73991403547
4.41676249626
4.00406105071
3.55495708482
3.02984705354
2.52580050687
2.074550561
1.63530406435
1.25222589896
0.922811468292
0.683548362337
0.486295802595
0.335265546731
0.223053071953
0.147773048524
0.0846115242047
0.0573249655633
0.0275231416353
 
0.028841780149
0.0688085716699
0.0948270893964
0.151322271731
0.229307386219
0.334944293811
0.483027966379
0.684274948851
0.919264189286
1.23812949358
1.63184958073
2.05623222174
2.52816647813
3.0406655011
3.53274973177
4.00351770618
4.40642786104
4.7257492989
4.91985477599
4.99575434184
5.01171396795
4.98745763715
5.00053154613
4.99292441346
4.99970147758
5.00298020742
5.00628823584
5.00551131729
5.00843032401
5.00829150349
4.9994069441
5.01246080663
4.97443976315
5.00350876582
5.00167125305
5.00841276558
4.99738884446
5.0043037175
5.00614508728
5.00411000117
4.97691869144
5.02408569278
4.99122120574
5.00266586175
4.99574450036
4.98809344686
5.01168370621
4.9841205829
5.01239849811
5.00388477906
4.99949353164
5.01293199792
4.9845894792
5.00255905475
4.98246782583
5.01900803667
5.01442021084
5.00916012365
4.98923059644
5.00433698421
4.99771365999
5.01702209012
5.00804771841
4.99854598886
4.99145910966
5.0111795576
5.02601465073
5.00646314747
5.0001810122
4.98389873153
5.01393283617
5.00977467102
4.99427004001
4.99831570579
5.03169168183
5.00800323484
4.99996324372
5.00985721404
4.98087271813
5.00859131387
5.00058077201
5.00027218676
4.9914344622
4.99342038864
5.00340325774
4.99835211341
5.00237650582
4.99703800135
5.0023853736
4.98473724479
5.01049300032
4.99843975259
4.98099774109
5.01923522692
5.0117764299
4.99425855869
5.01493361664
4.99286260938
4.98333146993
4.98763803269
4.99638676432
5.00287471992
4.99341610536
4.99026338136
5.00484364421
4.99774929964
5.00728126583
5.00284949187
5.00825934206
4.9483018714
4.72043680225
4.42553794788
3.98371875055
3.5226218768
3.03230802944
2.53149446198
2.05400146741
1.61536273438
1.24639639951
0.934302019732
0.670628612607
0.47296795471
0.318238076726
0.220032961533
0.150527164527
0.0919634752381
0.0607746886401
0.0460323080548
 
