0.036734373904
0.0562958253739
0.103645128664
0.130402947132
0.215602517053
0.336183010315
0.492828937944
0.677230885687
0.928041926307
1.24385395737
1.61092822514
2.07356467599
2.5302099845
3.03024581298
3.53345066817
4.02999649719
4.39966780657
4.71225534838
4.92942053198
5.02140961715
4.98932389561
5.00619315898
5.00466968836
5.00733822103
5.01029238458
4.9972326849
5.01057527147
5.00013560656
4.99479353599
4.9944698685
5.0051811089
5.00708086137
5.00096298994
4.98915912119
5.00103183906
4.99646262417
5.00162052113
4.99053787556
4.98840470396
4.99107019944
4.99797780411
5.00913465272
4.99985134521
5.00850211441
4.98865829061
4.98704928233
5.0108570505
5.00614457013
5.01813273371
5.00387659106
4.99739212483
4.99004097943
4.9914163358
4.99228140272
5.00001134057
4.98631595604
4.98712261817
5.01176156796
5.00963552998
5.00021514369
4.97940581581
4.99208243579
5.00751160478
4.99019289751
5.00212274665
5.01188878544
5.0140202343
4.99611237452
5.00077930545
5.00552872619
4.98945204193
4.98028912053
4.99105561309
4.99910587402
4.98573230403
5.02103463862
5.00878420224
4.98756960306
5.00518259902
4.99651597702
4.98947282833
4.99842127641
5.01382426714
4.98149592507
5.00296734163
5.00325198312
4.98583044176
5.00996536106
4.98105617797
4.99895573456
5.01644379024
4.97613757287
4.98748926013
4.99398540566
5.004490492
4.991393462
4.99956412193
5.00338010936
5.00629175954
4.99537483959
5.00576159148
5.00178797958
4.99332374436
4.99853660645
5.02304781858
4.98806221067
5.00189878366
5.01423927739
4.99256040577
4.93924911088
4.74049168875
4.41988399797
4.00022244463
3.53632793682
3.01576407937
2.54627391464
2.04651874437
1.61734868364
1.25831959292
0.935841357141
0.671753412601
0.478917323073
0.340280938406
0.214332428091
0.134750558497
0.0870925653008
0.0478021858131
0.0349230635401
 
0.0461405963185
0.0648440117934
0.093766791257
0.133458649374
0.223867682062
0.33153198404
0.469916621762
0.666484945406
0.930513191217
1.25456591957
1.61687583686
2.04827145182
2.52302212447
3.01456785639
3.53652213548
3.99841769956
4.41923416962
4.74751218079
4.92988781848
5.00745727012
5.01048922619
5.00515169318
4.99501027582
5.00033083453
4.99931166805
4.98577136546
5.02800699157
4.98894075461
5.00306698298
4.99299586155
5.01811358927
4.99810307245
5.01501373622
4.98318693206
5.00289787572
4.99743138738
4.99388662408
4.99983848324
5.00095491076
5.00652136953
4.99432325302
4.98507921228
4.99257695644
5.00386306664
5.00052579439
4.98551104326
4.97365146891
5.01351362951
5.01339071136
4.98937755795
4.99271947302
4.99230611194
5.00183409201
5.01011377031
4.99411895262
5.00217958286
5.00873455829
5.00756310086
5.01912895491
4.98871512604
4.99520055268
4.98398301204
5.00239795927
5.0134492247
4.99731050918
5.00359655
4.99664637544
5.00070030626
4.99541453188
4.99465386951
5.01001705369
4.99837178187
5.00631217626
5.01983172241
5.0039193771
4.99151493399
4.99239395521
4.99753598181
5.00031158202
5.01401745682
4.99999156468
4.98609596876
5.0084886674
5.01161747474
4.98620507289
4.98998365699
5.01565220822
5.0106808128
5.00214389411
4.98951274617
5.00425832752
5.00499920865
5.00481530967
5.01251519844
5.0043782181
4.99025896248
5.00287709507
5.00033675968
5.0036836296
5.01057886582
5.01008028548
4.99999775816
5.00276286627
5.00147512153
5.01738912936
5.00492184832
4.9837493526
5.00203482044
5.00888330828
4.94146902252
4.71858214573
4.42069128575
4.00437306891
3.53378198417
3.02752293007
2.52543088734
2.05705386118
1.60963471499
1.23213456645
0.919489092415
0.672216821296
0.502080108212
0.337089992122
0.231224705996
0.140377865671
0.079566830333
0.0644014782651
0.042531414526
 
