0.0465885696776
0.0371269621823
0.0911392361477
0.146488939226
0.222501911189
0.345742217612
0.484002454429
0.675885257143
0.935752144002
1.25696345883
1.61879973827
2.0839392728
2.52922237931
3.03104346622
3.53229028764
3.99967342161
4.40789904419
4.72462097435
4.91731235935
5.01340024195
4.99534943845
5.00250891006
4.98698755482
4.9947750227
4.98972694996
5.00205937181
5.02094434173
5.00812333673
4.99749453708
5.01077991699
5.01126639806
5.00422163399
4.99329545052
4.99333462123
4.99443878702
5.01226907838
4.98369761138
4.99937580062
4.9960086606
5.00701912953
5.00132372769
4.99259305451
5.00945881036
4.9831433445
5.0101177721
5.01028408383
5.0023208585
5.00096235568
4.99707028372
4.99054370781
5.00329981671
5.00717777324
4.99202364128
5.00786535557
5.00349184335
4.98937132601
4.99543632275
4.99019646762
5.01138440358
5.00140639741
5.00243964937
4.99929229819
5.01859304076
4.99144034282
4.98763588419
5.01566233056
4.98034578548
4.99231748641
4.99812487188
5.01617042908
5.02509096714
4.99345240411
4.99953260971
5.01148150097
5.00406104039
4.99495908406
4.99384088397
5.00691089769
5.00648371405
4.9988529307
4.99409494545
4.99740487692
4.98962372704
5.01678242501
4.9935134297
4.99860776274
4.98882771001
5.00385291004
4.99913955719
5.01154780336
5.00597844146
4.99242179816
4.98852748565
5.01236953219
4.99861975902
4.99661635547
4.99445766634
4.99822963848
5.00291630212
5.0013241314
4.99330312149
5.01011640544
4.99633399497
5.00066661239
5.00140849013
4.9956538355
4.98735431465
5.00867563336
4.99796499575
4.9148839828
4.73421691928
4.39983460896
4.01134161697
3.54973559097
3.02145812205
2.53786080808
2.05930456829
1.62609612271
1.23532888034
0.929930985194
0.691997416483
0.463206581167
0.323518339394
0.229404345965
0.148766233862
0.0865806191196
0.0620474037114
0.0384357679939
 
0.0409241863949
0.0513320173996
0.103202585784
0.151704248342
0.221604947198
0.322217439841
0.481059364778
0.686803413796
0.91273682794
1.23723568197
1.63606442398
2.06688310521
2.53621791495
3.02708919096
3.51365008544
3.99190047902
4.38895544062
4.72483141663
4.92840784644
4.98949930955
4.99516813473
5.00885556135
4.98716526117
5.00011192992
5.01899556556
4.98780665229
4.99035472295
4.99625393919
4.99478788164
4.98212908827
4.99862460185
5.01167134313
5.00646621689
5.00937903241
4.99985436409
5.00256612155
4.98146533338
5.00922255782
5.02117693798
5.00167944857
5.00607690845
4.99508332972
4.99363700217
5.01425460117
5.02202673964
4.99453485501
5.01006302124
5.00904676828
4.9871589866
4.99363864937
5.00392404103
4.99832424589
4.98952010161
5.00459758197
5.00191406149
4.99401700776
5.00769322208
5.00744516819
5.0121588407
5.01021645822
4.99440426187
4.99265488005
5.00625620037
4.98871708521
5.0113610857
4.97712268227
5.0173040772
5.00503341962
4.98880919083
4.9978626762
4.97784536806
4.99005475634
4.99649089841
5.01286567124
5.00049827319
5.00107306386
5.0130723562
5.00857434555
4.98730024034
5.02113197772
5.01350074789
5.01149319872
5.01139594406
5.00279820287
5.00388629943
4.98861974586
5.0044652439
5.00623306127
4.99495153669
5.00066983494
5.00521460232
5.0004990642
4.99797411343
5.00425725105
5.00822091143
4.97467299468
5.01953630898
4.99270071572
5.00641395414
4.99492889297
5.00234166136
5.00256160816
5.01347961695
5.00895066171
4.99364042275
4.98800356867
4.99751837921
5.00533612404
4.9983978483
4.92335934385
4.74471687978
4.41171383418
4.00865462305
3.51548194583
3.04262471614
2.52437044205
2.0609581348
1.62246057727
1.22874084861
0.93344842854
0.663550050128
0.477588723604
0.310049403743
0.229397162241
0.118583205348
0.0921119333786
0.065894294358
0.0540048268672
 
