0.0199633265409
0.0553368655436
0.0842202610151
0.148542892889
0.232469024056
0.330303064552
0.477062807391
0.697321412033
0.920289944502
1.26030883492
1.64210220605
2.0589763121
2.52398161345
3.05130580211
3.52954041843
4.00551749673
4.42476651591
4.73992947141
4.91515767888
4.99534636293
5.01886986894
5.02045419016
4.99369052407
5.01560280751
5.00197166216
4.98914838471
5.00635478994
5.01454767722
5.00727282834
5.00404396205
4.98700492341
4.98264927333
5.01080873283
5.00753868079
4.99925195669
4.99120512399
5.00690142664
4.99901211882
5.0017076089
5.00604495071
5.00368910639
4.99541888849
5.00618307489
4.99120414773
4.99707390365
4.99251301751
4.99946922492
4.98130328328
4.99526510742
5.00417350141
5.01013703226
4.99894092411
5.00318212077
5.00673443361
5.03196540631
5.0083643229
5.00484391726
4.99164934041
5.00419630553
5.00211185331
5.00440725558
4.99444715715
4.99692041149
4.99475345128
5.00370847536
4.99571676037
5.00032234137
5.00616862701
4.98584072765
5.0015118694
4.983547415
4.99346310977
5.00187110151
4.99056690362
5.00420925278
5.00328186826
4.9877431284
5.00724002148
4.99236330046
5.00924382872
4.99353832406
5.00098166785
5.02294614604
5.00633615648
5.01812318562
5.00261982916
4.98790918244
5.0186795782
4.98635378423
4.99841347361
4.9880211418
4.99579804773
5.0195757927
5.01214112579
5.01141402821
4.99641678528
4.99285739033
5.0083123907
4.99453580471
5.00218213308
4.99331970008
4.97792603434
4.9846757533
5.00086831948
5.00746144173
4.99957711541
5.0025408172
4.99197623067
5.00342879652
4.93323501586
4.73111602118
4.41901341559
3.99986785895
3.5377401935
3.03681812871
2.53823233304
2.06814986612
1.61723993675
1.22762872311
0.932332581585
0.661935971685
0.480908792644
0.331151318954
0.231816361135
0.156133361796
0.107425810592
0.0507786179793
0.0585118607785
 
1.05103067395
1.0484222639
1.10535500458
1.13185475144
1.21529957609
1.32226887372
1.50511341314
1.67741045295
1.92720790659
2.24120809542
2.63513341721
3.05386432699
3.52844416012
4.03017115575
4.54391279687
4.99759220091
5.40633118153
5.72284345851
5.9250639277
6.00085637625
5.99898073335
5.99893902437
6.00892363064
6.00457428132
5.98721005744
6.00144920906
5.98496992684
6.00034170459
6.01528548196
5.98859326995
5.9970215688
5.99538328716
6.00542551534
6.00526679569
5.9902197606
6.0053634834
5.99501761369
6.00790185243
5.99691945689
5.99486876445
6.01276654729
6.00618258144
5.99596506917
6.00566953041
6.01315905521
5.99763450372
5.99307783241
5.99424505379
5.99387183759
6.00514505482
6.0100903677
5.9902229222
5.99642538895
5.99532607468
5.9918425145
6.00096460508
6.02199083709
5.98902837818
6.01774058112
5.99552288085
5.99381837326
5.98716726892
6.00442869089
6.00636324175
5.992700367
5.99243286142
6.00501377833
5.98782810022
6.00379395972
6.01594181922
6.0118854665
5.9918549659
5.99280536873
5.99711492741
6.01814644521
6.02377868307
5.99316799122
6.00124321163
6.0125945171
5.99446594307
6.00661791486
6.00313544445
6.00884494778
6.00321022045
6.00198449008
5.99681755516
5.99004703758
5.99898242189
6.00836425768
5.99740326111
6.00837651011
6.00435685459
6.00119281745
5.99423978832
5.99795983651
5.99937121446
6.00707688848
6.0068020458
5.99028194604
5.99634630802
5.98939711673
5.99801359148
6.00544747495
5.98555904657
6.01226646053
6.00767548314
6.00667849898
6.00102949556
5.97813268575
5.93271712411
5.72989662407
5.40722817953
5.01118301768
4.52566453046
4.00607772505
3.54756024503
3.05461307112
2.62601135844
2.25433367946
1.91462752776
1.66487550147
1.48454135291
1.32599405108
1.22990242113
1.14184693247
1.09343601101
1.05043356152
1.03272264661
 
