0.0251920635595
0.0408873627594
0.0820427635263
0.142992797249
0.202830651716
0.331577949838
0.486295544997
0.681676451969
0.935678530367
1.25684702711
1.61531466545
2.06353221473
2.54357641948
3.0370865912
3.50626291168
3.99349744862
4.39876646559
4.72805315383
4.93460233843
4.99776048472
5.00766112556
4.98145971044
5.00107193829
4.99648042415
5.00538964255
4.99616559511
5.01018657662
4.98867550382
5.0028972387
4.99947813213
4.9988354403
4.99692198156
5.00374727129
4.98200101308
4.98402779296
5.00993322523
4.98180506881
4.99946805834
4.99985016439
4.98517067246
5.02429021176
4.99643368021
4.98531119684
4.99336299747
4.99904586201
5.01181807344
4.98931971645
5.00012438136
4.99864919713
5.0071234981
4.98717615556
5.00070973789
4.99128268307
4.99971272543
4.99179121395
4.99546656048
5.01149663155
4.99509402028
5.00738656597
5.00434460721
5.01214643333
4.99216971457
5.00024814972
4.97941940841
4.98265801943
5.00227915918
4.99498326528
5.00190596865
4.99919149366
4.99900641824
5.00122743422
4.99383603015
4.996736435
4.99779705575
4.99265534176
5.00084869252
5.00522476236
5.0107117823
4.99496742565
4.98948284083
4.99925292633
4.99732445563
4.99811899267
5.00779553734
5.00216410081
5.01257226051
5.00374412517
5.01374868668
5.00272764497
5.00813492674
5.01577120097
5.01504839681
4.9950192593
4.98602880623
4.98130803125
4.99251829768
5.00882087452
5.00319957914
4.99066757086
5.01428024055
4.99868964746
5.00509330089
4.9932137891
4.99020277187
5.01030542618
4.99346177853
5.00139713433
4.99298528979
5.00746398512
4.92270423049
4.71776408596
4.41516383115
4.00103471831
3.53221166698
3.02401474835
2.53525036491
2.06400186558
1.64782802866
1.25348075854
0.910353896933
0.697295441957
0.488963676351
0.322266668395
0.22401077335
0.122281965876
0.0807074518324
0.0573259164108
0.0376326667879
 
0.0227382421694
0.0447597179138
0.100833055556
0.140092222837
0.222147230835
0.325359634801
0.487591785667
0.687296332293
0.916082130097
1.23987424311
1.61209634441
2.06091672568
2.53424639569
3.02925001149
3.53392537107
3.98185193849
4.41590598756
4.72267997867
4.91445036113
4.99697422382
5.00551185822
5.00942822343
5.00317400702
5.00537618348
5.00275600466
5.0177170517
5.00725797123
4.9972814846
5.00279643498
4.9768001536
5.01189668303
5.00405208312
5.00230051883
4.98576455227
4.99777745184
4.9938910411
5.00590835163
5.00609016103
4.98464311896
4.99627693419
4.99137515426
4.98308263373
4.99501264909
5.00738056862
5.00083483457
4.99135541343
5.00432900522
5.00221129744
4.99228486224
4.99174541465
5.00876942333
5.00717280315
5.00584403773
5.01735878207
5.01414413008
5.0115257033
4.99848363916
5.01075253537
4.991379497
4.98214628328
5.00747958888
5.03086861547
4.99720962319
4.99134545595
5.00044420265
4.99752717816
5.00919044909
5.01353315641
5.01072543242
4.98449002117
5.00197014353
5.00230765101
4.9991578628
4.99965536673
5.00329029742
5.00548734342
4.99765528305
5.01198173549
4.98386243804
5.00688749533
4.98823526377
4.99174569945
5.00388841217
5.00704118199
4.99760202052
5.01050963281
5.01027447441
5.01340446187
5.00242104234
5.0017058964
4.99732586354
5.00972487371
4.9784647234
5.00856089392
4.99164870155
5.00605697616
4.98702197559
4.98223060453
5.01205469249
5.00863704114
5.01199928949
5.00606168925
4.99687271477
4.98978496795
5.01228171712
4.99387496633
5.00411048212
4.99104900546
4.99970649896
4.92604114153
4.73353463341
4.40622559844
3.98578907869
3.52294000752
3.03241771948
2.5134656368
2.06982824509
1.6218093459
1.24778200637
0.927641771975
0.669938091011
0.474286759903
0.342107440602
0.212763351161
0.135377868032
0.079359620193
0.0509291293594
0.03818115659
 
