0.0328942016584
0.0751939989077
0.0937081818529
0.136032540622
0.225740530098
0.329344039813
0.491580047188
0.672404386497
0.920658038601
1.24564762254
1.62287786282
2.05027669001
2.52747341892
3.03504688284
3.53798542632
4.01504982714
4.42329032505
4.74089098921
4.93056709406
4.99420201391
5.00879297443
4.98399017717
5.01470850848
5.00308205096
4.98347922547
5.00219343601
5.00044725702
4.98969753197
4.98888613457
5.00133089656
5.00218775768
5.00041009688
5.00815869793
4.98974731386
4.97889599054
4.99632172549
5.0081645973
5.0158382578
5.01166262902
5.01408806328
5.00046516984
4.99726185587
5.03459948852
4.99743062672
5.00543216288
4.99616361384
5.02387939587
5.02018406459
4.98403030807
4.99140632983
4.98912194223
5.01723975007
5.01351478872
4.99889621241
5.0013930499
4.98934560305
5.00650617136
5.00033959672
5.01497981242
4.99499065483
4.99442179078
5.01051452042
5.00854652726
4.99992197801
4.98789359292
4.97495179227
4.99832761343
5.01293592042
4.99434427172
4.99463066521
5.00774384385
5.00207917449
5.00223813646
5.01164389617
5.00565404263
5.00117685057
5.0004194613
4.9790031661
4.99345003425
4.9956483946
5.00293870112
4.99941924603
4.9942584244
5.00876047562
5.00248580281
4.9933787318
5.00512911439
4.99433304526
5.00284588603
4.99230257238
4.99248481447
5.00113306078
5.002752586
5.01791965962
5.01491831254
4.99806509964
4.98521353264
5.0073776658
4.97892726563
5.00501784118
5.0018114837
4.98683087245
4.98830219896
5.00232489346
5.00730328804
5.00312038585
5.01005120755
5.00628774878
4.98661895931
4.92690732418
4.72541896425
4.41061626296
4.00399315877
3.55035656093
3.0189221979
2.51945333915
2.06456380612
1.62782811323
1.26266418555
0.93464580598
0.680027133003
0.488353982855
0.318743031669
0.211763919064
0.158426974005
0.0838634621239
0.062498361079
0.0271905829462
 
0.0290108705367
0.0466564344512
0.0829800063663
0.148305909378
0.224660531798
0.327977880109
0.479758314673
0.682724907918
0.946798700117
1.25114193711
1.62546081521
2.04974200198
2.54617640749
3.04420796677
3.54117969919
3.99850321216
4.4091086473
4.72101209478
4.93999785582
5.01199859224
4.99043031205
4.98973935555
5.00373082858
4.99927694873
5.0086419616
4.99103299997
5.01416089446
4.99638752583
5.00654699223
5.00080556133
5.01050572219
4.98040769757
4.98915734155
4.99723321061
5.00534694877
4.98019872814
4.99037851482
5.00592293879
5.02157710176
4.99043212256
4.99281814489
5.00253053954
4.99541170085
5.00550581912
5.00408695348
5.01934668581
5.00137273556
5.00375536315
5.00797194916
4.99450589581
4.99903679356
4.99419794141
5.0184351289
5.00697303493
4.98824634974
5.01045622472
5.00905097137
5.0094433007
4.99097609526
4.98902398682
4.99331372556
5.00361187979
4.99374497203
5.00629740394
5.00286882859
4.98747268872
5.01208981491
5.00625403492
5.00100531683
5.00788062198
4.99346828173
5.01116608877
5.01021328248
5.00718450594
5.01104638107
4.98541157577
4.99382266091
5.00949564203
5.01516310452
4.99555278745
5.00208562592
5.00844489468
4.98791282324
5.00195243326
5.01180609764
4.98825027108
5.00943512309
5.00013534529
5.00993098784
5.00724625484
5.00314928268
4.99814093289
4.98879990607
5.02719394515
5.00498200618
5.01130789914
5.00800734205
4.98949548082
5.00792426021
4.99222655821
5.00686179648
4.99385510972
5.00313089163
4.99254007271
5.00096420753
5.00879789497
4.96780258435
5.00586480344
5.00224752249
4.92295454618
4.72486657129
4.40041846161
4.00099740247
3.53145740129
3.03666716174
2.53107304768
2.04254507897
1.62239012347
1.2445334237
0.931554366964
0.690739341226
0.472005814534
0.331340957149
0.218750274775
0.139780905411
0.0945318700933
0.0445014264144
0.0339348243095
 
