0.0340511719772
0.0477581070919
0.0840196538615
0.144769045087
0.222304276083
0.331601907237
0.482978923576
0.666442131369
0.93385487377
1.2296196794
1.6367513172
2.05007697077
2.52467041551
3.02116210622
3.53522503274
4.00528040871
4.4089330429
4.7250836556
4.93584223455
5.00938857091
4.98920857372
5.00790739099
4.99901604049
5.02116560799
4.99568727297
5.00174879924
5.01873377751
5.00410524221
5.00627232967
4.99729199142
4.98021650652
4.9951785673
4.97514597172
5.00661117912
4.98321328444
4.99448571292
4.99632925632
5.00335712795
4.98624261361
5.00460969363
5.00417870077
5.01021826025
4.99398456195
5.00223549139
5.000823133
4.99745569358
5.00191473696
5.0096688806
5.00371664828
4.99939964106
5.00634036213
5.00140558267
5.00286964756
5.00599078071
5.00725568853
4.99110551467
5.00467775113
4.99489329076
4.99841361325
4.99778743774
5.00860685131
5.00011724167
4.98478899532
5.00986045147
5.00440707053
5.00915305915
4.99845736103
5.00650200557
4.99655043816
4.98149206386
4.9922566787
4.99863025809
5.00759009402
4.98400290028
5.0075118348
5.0016160652
5.00142873828
5.00259478605
5.01620608125
4.99850081921
5.00628758887
5.00127591526
5.009934325
5.01183859773
5.00273018471
4.99034084992
4.99810456511
5.00311515138
5.00204206068
4.97683127549
5.01113507449
4.98905645933
5.00106632643
4.99264939948
4.99923366141
4.99050293906
5.00379277813
5.0038735716
4.99129817132
5.00969192799
4.99871041852
4.99454143106
5.01791016815
5.00409201055
4.99714148579
5.00024390707
4.99904383465
4.99275941472
5.002837117
4.91665597812
4.72667807744
4.42216446358
3.99172068882
3.53716424067
3.02474797612
2.53407802783
2.05081126341
1.62156969447
1.24786893562
0.945074891191
0.688633676239
0.489029726319
0.334326075618
0.224642159497
0.136757388074
0.0938751575458
0.0615599828803
0.02626601991
 
0.0298262098943
0.0650080096236
0.105600798438
0.138805525092
0.219536067437
0.330759067437
0.475685856144
0.669099146914
0.938341128815
1.24366120056
1.62815993472
2.06272322587
2.52810145022
3.03024993335
3.52734739666
4.00284299234
4.41745480537
4.71086536941
4.93164174379
5.00191567922
4.99794196789
4.99875357878
5.00843208581
5.01971737303
4.98486228044
4.99676802252
4.99730928043
4.99972284027
5.01049261523
5.01564110458
5.00637888616
4.98594854641
4.98752116083
5.00464147974
5.01204641965
4.99186881502
5.00605235657
4.99099150275
5.02156206312
4.99474150726
4.99832653723
5.00254819442
4.99990836257
5.02405433285
5.00494714243
4.99627479519
4.98694149926
4.99415068435
5.00515015593
4.99733201941
4.99407242038
5.00049476069
5.01748987569
4.99434006986
5.0072856961
5.01442988055
5.01521362321
5.00206752415
4.99859119409
5.00336538564
5.00350180011
4.99030042744
5.00271146165
5.01762341177
5.00077114508
5.00890257781
5.00176738258
5.012274765
4.99625184011
5.00723190619
5.00858097939
4.99983437291
4.99795049187
4.99118611942
5.00182657926
5.00813236643
4.97579998702
5.00639350232
4.99186180087
4.99901844077
5.01547979006
5.01358290917
4.99887993652
4.97615145883
5.00213627007
4.99104259601
4.99999678627
4.9747669828
4.99263226374
5.00968452805
5.00520933928
4.9997849832
4.99298211176
4.9937988428
4.99402231862
4.98163344748
4.98462682754
4.98687887042
5.01502630608
4.9905965927
4.9931908878
4.97493319969
4.98541779866
4.9901042585
4.99589232687
5.00127374131
4.98002625781
4.99486632497
4.99425907723
4.93236526748
4.72393750918
4.41711246718
3.99750292259
3.5223069675
3.03010538496
2.5254925455
2.0520046906
1.62661393345
1.24281914852
0.943770887546
0.671759363103
0.460104944523
0.321392444988
0.197080791577
0.134076106141
0.10157982316
0.0373694639493
0.0228487107998
 
