0.0322652512522
0.0522337077734
0.0829718636764
0.156737389285
0.217013580313
0.333069784042
0.489456446267
0.658643116588
0.921521732766
1.23690249906
1.6148295054
2.05868525522
2.53040018093
3.02187272432
3.53454038016
3.98044120994
4.42230665259
4.73375570174
4.92793573394
5.00455672733
4.98846453976
4.98083647422
4.99875166168
5.01609603417
5.00421010246
5.00512963908
4.99750138703
5.00507414372
4.9943440244
4.98952075718
4.99213401442
5.01796459662
5.00951750158
4.983783871
4.98846076634
5.00092812616
4.99941364682
5.00786940662
5.02570781048
4.99676169406
4.99564925703
4.97900899578
5.01158302092
4.99692325575
5.00081517497
4.99466391358
5.00544880753
5.00356630529
5.00415942613
5.01135856271
5.00489530245
4.99712293573
5.00372514241
5.00978457392
4.99472987024
5.00173013745
5.01757977795
4.97899457028
4.98433818584
4.98437672067
4.96120116219
5.00950923782
5.00088545102
5.01479898257
5.00208506406
5.00493433666
5.00864327564
5.0064271818
5.00296912146
4.99802638543
4.97981689189
5.01062103252
4.98604245553
4.99424012849
4.99514500566
5.00386100688
4.98762335534
4.96990868214
4.97685621751
5.00630055492
4.98303672772
5.00850814316
4.99489269202
5.00182800105
4.99356864521
4.98846930856
5.00996301672
4.98503185026
5.02356949423
5.00015036173
5.00050155475
5.00893648022
4.99561281325
5.00889685576
4.98913194216
5.00146330141
4.98852888944
5.01561260825
4.99814147978
4.97969093475
5.00818479298
5.00657208912
4.97585317418
5.00546934063
5.00722738147
4.99726429281
4.99901636701
4.97678782426
5.01968358444
4.92654681409
4.72038702763
4.40791605586
4.01138431963
3.53669479574
3.03736506192
2.51992029011
2.05903795682
1.6194649019
1.23395403268
0.922173586878
0.686863167901
0.464613165716
0.324683576593
0.233567747824
0.141804264916
0.0799563717482
0.0453781700987
0.0340977241273
 
0.0432146992864
0.0502954183353
0.102570897584
0.14957379915
0.223275250706
0.324687600855
0.483803600336
0.669911836352
0.926793029542
1.24686717368
1.62286884711
2.04930099996
2.53246670588
3.04150742751
3.54550344506
4.02196979677
4.40726422956
4.72299539313
4.93331337911
4.99638399082
5.00353059937
4.9979695234
5.01696766756
4.99685145276
4.9879808234
5.01115755615
5.00053265987
4.99388007891
5.00447645963
5.00771050738
4.98266497609
4.98984629423
5.00036612548
4.98369055464
4.97658348508
4.99293734805
5.02056665352
5.00492072182
4.9952994849
4.99321582637
5.0028369731
5.0047898418
4.98749121685
5.00107948831
5.00537737836
4.98300682946
4.9805891816
4.99288747033
5.00543764988
4.99613757844
5.00342207927
5.00080753427
4.98182706446
5.00376916627
5.01263304315
5.0115651805
5.00169216363
5.00498021428
4.99935556661
5.00362826142
5.00657724379
4.99303723421
4.99504578377
5.00258033368
5.0028876422
5.00224080778
5.00662057711
5.01801976421
4.99452466466
4.99325762455
4.98921614919
4.99208215857
5.01029084518
5.01635566443
5.01034130446
4.99852800537
4.99034346399
5.00171418619
5.00031390679
5.00679597241
4.98191465162
5.00522076526
5.00048779482
4.98471743874
5.00769913567
5.01752755152
4.9878584487
4.99077093764
4.99800929682
4.97890921948
5.01134172292
5.00634503684
4.996451632
5.00477388928
5.01578644761
5.01828219297
4.99577611539
4.98389947979
5.00219446933
5.00617835726
4.9844866432
5.00499919097
4.98217809475
5.01497429453
5.00949419387
5.02244763877
5.00896620155
5.01207119637
4.99298861031
4.93245211866
4.72586915923
4.41925370062
3.99531961235
3.52291886311
3.04356882158
2.5262245832
2.05019016761
1.63005230171
1.25669835569
0.942670263283
0.664754149252
0.484643322485
0.337660809228
0.222894234347
0.153435982896
0.0852205937299
0.0450313751834
0.0338593754169
 
