0.0333391478159
0.0549315018664
0.101548769288
0.151377501791
0.215302317266
0.341074091804
0.486442342314
0.685885641915
0.927788197392
1.23897699752
1.63197333114
2.05674561048
2.53508215614
3.0355221352
3.54021950713
4.00823825863
4.41836126899
4.7418364945
4.92651657229
4.99773701314
5.00494059757
5.00015513121
4.99094441638
5.00436439305
4.99699258518
5.02260357455
4.98586608292
5.00327166812
5.0121471742
4.99562723437
5.01561464642
4.98881056189
5.00218322616
5.00593632002
5.01379528067
4.99229660165
5.00307279021
4.99759469478
5.01178747136
4.98654576534
5.00509536955
5.00876762474
5.03434829872
4.99489239058
5.00692455653
5.00350599879
5.00503972896
4.9895283056
5.01000604897
5.01162258967
4.99670605169
5.00647148678
4.99428453468
4.99638254368
5.0110396649
5.01613416637
4.99195294654
5.00685380526
4.9936248384
5.00394561557
5.00804791984
4.99021268625
4.98800536293
4.99823531406
4.99406694378
4.99646025465
5.02027784644
5.00931441168
4.97894188911
4.97819860253
5.00217830665
4.99782298198
4.98311885745
5.00279617799
5.00070016233
4.99023974219
4.9909523073
5.00432980133
4.98967204197
4.99199398948
4.99011688719
4.98306342109
4.97814519148
5.02248701222
4.99108850198
4.99479658556
5.01735435177
4.99520683897
5.00578525474
4.9934146646
5.00296028849
5.01896278994
5.01491489434
5.00304688789
4.9980549438
4.99965191598
5.00248645533
5.00956477421
4.99691669845
5.00912608029
4.99644216358
4.98774757256
4.99881639499
5.00896047706
4.99031206283
5.01136727371
4.99956827902
4.99195788957
4.99914512945
4.90886645516
4.72543241617
4.42739659332
4.00582633904
3.53316984243
3.01953746208
2.5327899681
2.04721151971
1.6340453497
1.24924017651
0.929386652692
0.668368262802
0.50143705103
0.339369234919
0.22348515102
0.153456965786
0.0909610554353
0.0450793574668
0.0124609881361
 
0.0350967830571
0.0478895599992
0.100145946686
0.128410082276
0.234228899806
0.339286432373
0.468194308992
0.680549456492
0.943206062365
1.24816605116
1.64798433952
2.04163199359
2.54341774424
3.02858621764
3.52740929485
3.9988300718
4.416686281
4.73786352425
4.9298417247
5.01270046701
5.01544087684
5.0024618559
4.99501700473
5.00844300265
4.99423392454
4.98690245294
5.01961293283
5.00110982665
5.00810540669
5.00507361383
5.00344152454
4.99073473601
4.99440400266
4.99664897049
5.01171848519
4.99860710253
5.01657107723
5.00422601097
4.9906569456
5.00508063645
5.00315353918
5.00774875961
4.98473292295
4.98568608849
5.01339398292
5.00592148939
4.99775761852
5.00693803438
5.00132098855
4.99516124112
5.01138689801
5.01877452118
5.02442345024
4.99628005976
5.00283432418
5.00752197219
4.99326763528
4.98382267789
4.99740754217
4.99905195454
5.00678435693
4.99913879085
4.99484350464
5.00124322688
4.9938524596
4.99730444948
5.00125455782
4.9899089713
5.0087179957
4.9861217615
5.01190011005
4.99543094918
5.0134408278
5.00327976025
5.00340904274
5.01218570519
5.00389220276
5.00154739259
4.99979703875
4.99890740295
4.98475127564
4.99913074077
5.01290053083
4.99301254245
5.00304427659
5.01288386943
4.97044410107
4.99826472134
4.99108577392
4.98270182728
4.99395369397
5.01196953889
4.99061956087
5.02338497473
4.99329382529
5.00463942986
5.00199956858
4.99053759
5.00328214045
4.99014072513
5.0112642419
5.01864992226
5.00545767664
4.99146046214
4.99394619396
5.02143530928
5.00845814019
4.98706875648
4.99766594021
4.9314591918
4.72079962054
4.41386399718
3.99821046662
3.52891498781
3.05324330515
2.51318672797
2.07404139149
1.62416143096
1.26689469189
0.945991774408
0.668323342738
0.474152589288
0.322610912262
0.208059208169
0.141060775873
0.0883838234539
0.0429680783857
0.0498983526995
 
