0.0213310128331
0.0465341070802
0.0828328737444
0.13979353574
0.227403650492
0.320624691019
0.48313634327
0.672733824277
0.930517952014
1.23967286512
1.62562880457
2.04213999404
2.53352723282
3.03209939975
3.53765198979
4.00669373382
4.38528532037
4.73416911144
4.94610275765
4.99661849515
5.0022869912
4.9880927504
4.97980469366
5.0025394908
5.00509796657
5.00868480044
4.99224821582
5.00861568243
5.00438760057
4.98799748335
4.99934613442
4.99174906248
5.01132452147
5.00276245243
5.01125721688
4.99166602679
4.99984078031
4.98703586389
4.98538913164
5.00690016194
5.00073487596
5.00553371614
4.99382081708
4.99213668431
5.01171442266
4.99262350685
5.00455914628
5.02119432276
4.99987151686
5.00821143409
4.99392108454
5.01911747656
5.0005985816
4.99605229692
4.98704295146
4.99399211036
5.00154660803
4.9846980794
5.00620235256
4.99880287756
4.98264032088
5.0001246292
4.99588004291
4.9913535673
5.01155111581
5.00668548186
4.99325136062
5.01609422322
4.99706704508
4.99866178646
5.00299218183
5.01139984217
4.99457426822
4.979467715
5.01452017202
4.98369688758
4.99657442694
5.00816360155
4.98080845095
4.99086220198
4.98948309492
4.99833770678
4.99526548965
5.00496330791
5.01358581221
5.0087274524
4.9929471753
4.99721861898
5.00185895548
5.0205371054
5.00584833999
4.99277974285
5.00003377422
5.00134070779
4.98956890109
4.98212476946
5.00428398182
4.97838720219
4.98996959291
4.99949929843
4.99851901597
5.01322628845
5.00643055365
5.01410618587
5.0050408576
5.01336470565
5.01603893137
4.98521744928
4.99613775323
4.92486035245
4.73291979908
4.40812341498
3.9964661644
3.52056438887
3.0321837544
2.5591435903
2.04604472804
1.62222885359
1.22992376629
0.926224567341
0.667596788522
0.477571302938
0.3366432693
0.233028991846
0.15116574386
0.0925748187929
0.0568869637179
0.052306817866
 
0.0342465628527
0.0528628794149
0.0897797085164
0.137919232253
0.206169874568
0.326328491012
0.461506144426
0.68547369326
0.925261005592
1.23790292346
1.6219575564
2.06049807069
2.53041780002
3.0384166134
3.5320652984
3.98779499783
4.40295679043
4.71320654185
4.91954411748
5.00685323015
5.01871490066
4.98848522539
4.99835014054
5.0025715683
4.99126271605
5.01213076113
4.99282648172
4.99449922066
5.00102129578
5.00787669818
4.9971570423
4.99923902986
5.00516033046
4.99681204053
5.02792822658
4.99775309838
5.00041013217
4.99678714072
4.99156067648
5.01628846818
5.00007869728
5.01729129929
4.99390370445
5.01230385218
4.99773471013
5.00670216496
4.99755881452
4.99901726118
5.02847216387
5.00866321981
4.99919730438
5.00442873913
5.00629148979
4.98978778253
5.00739223064
5.00596761541
5.0073580681
5.00078541932
4.99336101945
5.01399464752
4.99566663436
4.99175786797
4.99813071635
4.99807075879
5.00822648255
4.98222417948
4.99993170567
5.00494956687
5.01315335145
5.0101200763
5.0034734435
4.99655582649
5.0047591017
4.99641914295
5.0116565459
4.98921111227
5.01579349859
4.99136800824
4.98519363706
4.99773597722
4.98091257413
4.99105787624
4.98648227398
5.00035701909
5.01156356528
4.99406265322
4.99979338381
5.0013620692
5.01935010478
4.98767153839
5.00657043783
5.01179397867
4.99583934504
4.99567911299
4.99238341821
4.99505692613
4.98889126754
5.01172030318
5.00355592465
4.99314630543
4.99541578907
4.99767644718
5.01435044122
4.98973419811
5.01293666731
5.00329617686
5.00765248535
4.97699651502
5.0117453503
4.93030109131
4.72259026296
4.41863143011
3.99947288647
3.53703183875
3.02369991023
2.5366083395
2.05943086922
1.62057576501
1.24480929062
0.934917655603
0.662431428499
0.458247026967
0.329412544282
0.232181256276
0.146813131822
0.0938242918587
0.0552024934224
0.0217095196196
 
