0.027521027404
0.0648975019569
0.093513670419
0.157126672714
0.206426456428
0.300899845237
0.498837369179
0.677721586218
0.929132874506
1.24928158259
1.61887330249
2.06379668658
2.53216187195
3.04826563512
3.53792650896
4.00448117185
4.41320915096
4.72680386745
4.93554108364
5.0128856224
4.98812157617
4.99006089513
4.98982203647
5.00526560542
5.01082793117
4.99698870755
5.00170931969
5.00681940569
4.99856144337
4.99328302906
4.99396823501
4.98814123608
4.98512504932
4.99369373777
5.00275451549
5.02809932787
5.0183627661
4.98882190081
4.99771234858
4.98323691361
5.00910504466
4.99242833055
5.00195968471
5.01991469875
4.99705999854
5.02485720805
4.99710218887
5.00761518138
4.99792347819
5.01419666297
5.00977576786
4.9971901292
4.98290725016
4.99205644679
4.99220415758
4.9943862732
5.00444851199
4.98990995977
4.99458095021
4.9975587089
4.99323741374
4.99159693849
5.00111375127
4.9907198192
5.01816883695
5.02304122219
5.00271213608
4.9950949236
5.00002323059
4.99493224347
5.01113829136
5.00144230233
5.00293839971
5.01046546727
5.00374805195
5.00780143769
4.997728007
4.995301113
4.9948999206
5.00467759506
4.99471665549
4.99355683592
5.00180606801
4.99242164035
4.99668426293
5.01371676326
4.99080437605
4.99798951938
4.99568118516
4.99330571681
4.99490189182
4.99684107487
5.00243717408
5.01544859998
4.99081185557
4.98534383284
5.0009941433
5.01582621789
4.99630041077
5.00110183899
4.99509720509
4.9998215907
5.01235477507
5.00026642953
5.00194408683
5.00349381658
4.99536379943
4.99141430653
4.99986541949
4.9379519631
4.71495484539
4.41238102321
4.00628281765
3.50605789699
3.03348872604
2.5457173913
2.04798123608
1.60974079349
1.25182935375
0.923688187666
0.67193737246
0.483241956176
0.323879679094
0.204230892268
0.143408096483
0.0833241046025
0.0663236541152
0.0149013172351
 
0.0420500500223
0.0411012138406
0.109568229133
0.134177247702
0.211758813228
0.322616942012
0.478383863906
0.67152340038
0.943609119416
1.22380557816
1.62639714137
2.05150102358
2.53009741253
3.02612508017
3.53745861475
4.00479481419
4.40586527147
4.72812975107
4.94177986978
5.01844248923
5.01372803012
5.00538387494
5.00881129982
5.00101480879
4.9845903487
4.98388107012
4.99861841388
5.00411232458
4.97315752953
4.99228900133
4.98839848425
4.97682308291
4.99393489524
4.99542347023
4.99507590037
5.00567216117
4.9956968381
4.99816591831
5.01748475908
5.00888719563
4.99327602018
4.98720200804
5.00142910971
5.00792970123
4.99847537207
4.99475970398
5.01572372828
4.98787924345
5.00265855217
5.00200957886
4.99667266946
4.99910310787
4.99906345479
5.00026166964
5.00268793069
4.98879797503
5.00594647746
5.01008751136
4.98334929258
5.0000172576
5.0059584842
5.01418238983
4.99589503903
5.00100060478
5.00371829602
4.99083041346
4.99604681607
4.99732310743
4.99228696975
5.00454853157
4.99801011884
4.99795197801
5.00403426824
5.01342935613
4.99809046489
5.00668248276
4.99446320073
5.01526472932
4.99459218275
4.98001189647
4.99908461055
4.98223556149
4.99676069544
4.99511069654
4.98721571574
4.99065796051
4.98471270244
4.97362146483
4.99469032642
5.00527748357
5.00409970487
5.00958719987
5.00329835765
5.00623781916
5.00387236011
5.00175825973
5.01405635994
4.99573326589
5.00694800693
4.98794342641
4.98839541672
5.00646061421
4.99741189776
5.01112046245
4.98849366695
4.99790413186
5.01371349768
4.98810712379
5.00143620129
4.93770285239
4.73115332082
4.40407425726
4.00121234123
3.54077734849
3.03135624211
2.52659162493
2.05940752474
1.62153506689
1.25104705194
0.929660681456
0.672601627945
0.484794410841
0.32485674808
0.223134736151
0.153112843116
0.0919706716597
0.0597789944294
0.0230670155602
 
