0.0385362956858
0.0649394450205
0.0877449360622
0.136006073415
0.216728094739
0.320178404996
0.473606900297
0.694051030681
0.914384084559
1.23532869483
1.62417775541
2.04968198528
2.53452358167
3.0167077896
3.53937623682
3.99694793074
4.4224974634
4.73572262545
4.92754073769
5.0024510134
5.01779460023
5.01191146525
4.98845650508
5.01388223812
5.00720664926
5.01373847345
5.02728314763
5.01365061611
4.99272437561
5.00337161836
5.00207714135
5.00871202065
4.9923806579
4.98866863292
5.01828537968
4.99708065097
5.00962478934
4.99332658847
5.0003195162
5.00050882936
5.00864569309
5.00631855904
5.00322432421
4.98870454864
5.01307056486
5.0013262883
4.98650332741
5.00002589507
5.00684359779
4.99152091189
4.98933225243
4.98594164337
4.99886947869
5.00535381323
5.00934999548
5.01060834866
4.99498226658
5.00049070457
4.99171529065
4.99416099204
4.99489290435
4.98851917198
5.0002479903
5.02083238543
5.00523905351
4.97774944038
5.00343316497
5.00336880047
5.01325667082
5.00938665421
5.01028076445
5.00110926238
4.99111357148
5.00431949434
5.0095863901
4.98961068465
4.9987441202
4.98893793409
4.9909534242
4.9998759802
5.01084437048
5.00508535682
5.00720131365
4.99601919828
4.9880573605
5.00117537495
4.99702036504
5.00792555599
4.98678224126
5.00571484763
5.01903071171
5.00106600363
4.99085331798
4.99891471122
4.99431630946
4.99991913585
5.01484151967
4.98920280116
5.00678851498
5.002452791
5.00873341449
5.00558179777
5.01029722369
4.99859200883
4.98457979028
4.99187254441
4.98529410948
4.99127018127
5.00729469422
4.92781375188
4.73224540528
4.40534018425
4.00090582584
3.52058913438
3.03410417296
2.53610236552
2.06254768456
1.61824058941
1.24096471903
0.945171316978
0.674967223621
0.479070788846
0.330401972731
0.223948378664
0.139136001637
0.0984697405159
0.062217688727
0.0432676905897
 
0.0135565599736
0.0590945517219
0.0813827751586
0.138086189974
0.213336106723
0.341834497823
0.480776428652
0.683616557694
0.930480240517
1.23741536557
1.62378419519
2.03470011394
2.53098404487
3.02031851374
3.54253203645
4.01563664824
4.40548457695
4.73363594151
4.93977241327
4.99161499535
5.01450071892
4.98627984726
5.00343956207
4.99893085447
4.99139981564
4.98413224546
4.99602666684
4.99123803142
5.00637784027
4.99400883518
5.00496278571
5.0058352902
5.02559541105
5.01797222805
5.00484352203
4.9992587527
4.99014798608
5.0023643189
5.00686558797
5.01158919853
4.99446968264
5.00239846607
5.00380146383
4.99110028607
4.9942581968
4.99333203297
5.00931431177
4.98914365797
5.00642512114
5.00324862431
4.99479438033
5.00642272689
4.99254078563
4.99235855111
5.01360960711
4.99994823012
5.0026749651
5.00437634142
5.01995378739
4.98429914276
5.00668466981
5.01427606972
5.01179195317
4.99162164325
4.99784973102
4.98266062841
4.98853228695
5.00910968804
4.9993435068
5.01869332809
5.0226936728
5.00503967689
4.99573833443
4.99871677678
4.9990623041
4.99076796184
5.0080996825
4.99434636368
5.0266000588
5.00653168225
5.01292372192
4.99955080443
5.01776675072
5.00105414413
4.98962702055
4.99696523564
5.01806538754
5.01229599419
5.00876006823
5.00032036385
5.01991218781
5.01844607911
5.00942097078
5.00524316748
5.01458123218
4.9898245104
5.0250667447
4.99284783245
5.02022133342
4.99805143829
5.02852498667
5.00056170985
4.97556665885
5.00722979158
4.99979697383
5.00988635337
5.00659114568
4.99284912653
5.0081597423
4.93689057069
4.71810289239
4.42290862865
4.01214665558
3.52909335595
3.01995010148
2.5310460591
2.02554209381
1.62156716179
1.23571005612
0.930018448145
0.682320205205
0.491434655114
0.332912381269
0.214170103353
0.144195370986
0.0897993691495
0.0552529481844
0.0249268724243
 
