0.0257667122599
0.0533327216505
0.0939332948453
0.145158464672
0.215383129195
0.321439367654
0.498573176661
0.676842875073
0.920302160715
1.24151463429
1.62679113396
2.05338455508
2.5316484772
3.0275607795
3.51122330313
4.00583274444
4.42734402844
4.73245279401
4.93113501516
4.99349943971
4.99714325828
4.9992357258
5.00194034412
4.99845176462
4.9867522244
5.0076971521
4.99468161958
4.99543402339
4.99356335638
5.01440196267
5.00116271818
4.98420929665
4.99963814794
5.00213992108
5.00435448158
4.97651873865
4.98126756587
4.98528562313
5.00868009762
5.0081390502
5.01327839999
5.00370380396
5.00259975759
4.9914908431
5.00701697934
4.99395927748
4.99455370041
5.00904322604
5.00612114322
4.99886295492
5.01645287006
5.00425332977
5.00510966233
5.00374719391
4.9948299622
4.98135556537
4.97583295403
4.99751107745
4.99983862565
4.9802840526
4.99308261387
4.987603843
4.99287576797
4.99954154777
4.97931679314
5.00822409417
5.01831818403
5.00919096786
5.00291690705
4.99175329104
4.99878930741
4.97526220648
5.02002414123
5.00647593424
5.00287385254
4.98604329474
4.99790304171
4.98413711788
5.0109326321
5.01075123442
5.0022005115
4.99669560144
5.0033171969
4.98586528386
4.99949074253
5.00212659661
4.99784000026
4.98716083523
4.98756201819
5.01130052419
4.9876531142
4.99787776469
4.99228919207
4.99441351919
4.9773720266
4.99814273716
4.99676364993
4.98907820318
5.01243212539
5.01363918656
4.98396744238
4.98749584961
5.01380899677
4.98938359859
4.99607748008
4.98944096925
4.99854205486
4.99387251164
4.99350320825
4.93094150399
4.73937529648
4.42922396325
4.00324359051
3.5271187208
3.03502716727
2.53462595527
2.0587751849
1.61071606241
1.24802554004
0.922857466361
0.686413739312
0.48795301715
0.334183055535
0.224040731584
0.141217059348
0.105202126153
0.0431133684962
0.0280150419241
 
0.0299762285923
0.0531016156537
0.0959870339269
0.14763591392
0.218033744635
0.3251208
0.489982700031
0.671664262217
0.918534102293
1.24066592876
1.62154045534
2.04131682447
2.51367782909
3.04657406528
3.51436949292
4.01222771649
4.41490811578
4.72689315736
4.93000674481
5.01115771361
5.00863516681
5.00544347719
4.99974282183
5.01017676055
4.99625581135
5.01239277868
4.99834985555
5.00701540835
5.0132291334
5.00598631301
4.98172601425
5.00199161504
5.00047334729
5.00541540521
5.00178421112
5.00436956331
4.99167642046
5.01372171956
4.99775159678
5.0128266934
4.99840494461
4.99570821017
5.00199520164
5.01167958145
5.00541703653
4.99446379183
4.99875320293
4.98694569835
4.98964154657
4.99642121046
5.01784218745
5.00776876524
4.99722788042
5.01317274062
4.99302312478
5.01224354625
4.98595492778
4.99859454207
5.00177383521
4.98196601524
4.99777330777
5.00381523463
5.00087450255
5.02329080853
5.00353732866
5.00875620616
4.99082656142
5.01038870835
4.99828337345
4.99691309093
4.99549004228
5.01747852444
5.00361421893
4.99276315818
4.99448344886
4.99768282162
5.01037051961
5.0135450097
4.98116558551
4.99088315969
4.99064144725
4.98785020576
4.9985524269
5.0144215108
5.00735169474
4.99304077516
5.00899063224
4.99461251788
4.99837061984
5.00011095564
5.00301273171
5.00297363041
4.98090471492
4.99757108683
5.00934947114
4.99070749046
5.00894226033
4.98459582056
4.98841020451
4.99057272822
5.00169948426
4.99924713422
4.98857454782
5.00249905099
5.00819106904
4.99069963117
4.99504996025
5.02084557709
4.99180943317
4.92254554803
4.72930827445
4.40918374054
3.99127318163
3.53495775799
3.02074507908
2.52981160799
2.04621263264
1.61616518135
1.24244515237
0.933001864286
0.675414266802
0.469760800835
0.33525191591
0.216745642525
0.141559755333
0.075771127083
0.0691353695708
0.0504190459271
 
