0.0243281801042
0.0664168644631
0.0764859103034
0.150456243133
0.208446279723
0.325529915555
0.486132487637
0.66794848957
0.933877728295
1.23634229274
1.62116074408
2.054824598
2.55138586201
3.03058217803
3.52428957204
4.00902291856
4.41106649681
4.74721105569
4.92615251782
4.98623582364
4.97968436341
4.99769362306
5.00724311274
4.97476662668
4.99123317715
5.00362188347
5.00454835837
5.00581919817
4.98949314275
4.98740835527
5.00476916409
5.00346317661
5.00873441932
5.01821794925
4.99781029681
5.0019774354
4.98937600754
4.99449949752
5.00695665249
4.99107772856
4.99109102628
5.01273640259
4.99673736
4.99089803412
4.9930890194
5.00718095719
4.99670915712
4.99222588269
5.00349658507
4.98171578283
5.00195889612
5.02046860432
4.98856978348
4.99165953544
4.9817177923
4.98234999906
4.99484885738
5.00234003064
5.00254895018
5.00825922915
4.9891735376
4.9972899269
5.00538670003
5.0164747088
4.9889444006
5.00346465228
5.01269438586
4.99815680366
5.00492307329
4.99980525906
5.00416883347
5.00554406759
4.98979527998
5.00021313946
4.99786687281
4.99813339358
4.98903563533
4.98929397572
5.00137953706
4.9971785547
5.00847745169
5.01094942687
5.00172260413
5.01068348036
5.00739225531
5.00698306135
4.99167536384
5.01400494863
5.00716139079
4.99931359154
4.98452678057
4.99379942204
5.01131687788
4.99505691794
5.00221372234
5.02019367755
5.01217131537
5.01162452833
4.99418470131
4.99097938386
5.00939370282
4.99834310865
4.99982340476
5.02558559274
5.00417970997
4.98810288483
4.99200947913
4.99092700351
5.00538092246
4.9292556209
4.72562904477
4.41261625522
3.99260088594
3.51738674357
3.02028437107
2.52816180174
2.05656667037
1.63090246627
1.2394482835
0.916662608233
0.676541007891
0.465480954286
0.334711693892
0.214137105612
0.135203704186
0.0917267540819
0.0580492752693
0.0109723813044
 
0.0350498258734
0.0611855624125
0.0827575948739
0.151028973498
0.239688022177
0.324944914381
0.493345649431
0.671158529896
0.940350846206
1.23766733005
1.6238619318
2.05472920187
2.51688560429
3.03182381572
3.53766869007
3.99661469411
4.40148542023
4.73291950012
4.9329059545
5.00422869194
4.99766672647
5.00734458535
4.99930475963
5.00138070555
4.99952632217
4.98017495603
5.00392367778
5.00358395389
4.98644515077
5.02110699183
4.99748447905
5.01505563968
4.98329005985
4.98909032004
5.01960045183
4.99709954695
5.00187262432
5.01055727349
5.00620547732
5.00361919426
4.99362472825
4.98441980044
4.9878802596
5.00137787035
5.00743636372
4.9938526894
5.00283434313
4.98764611335
4.99948832846
4.98383318219
5.01881082002
5.00737016882
4.98056917485
4.99701234766
5.02070852438
5.00072475307
4.99364851396
5.00680094546
4.9969625256
4.97283065958
5.00844744138
5.01307393097
5.0020472354
5.01082856414
5.00203223602
4.99179352153
4.98857767226
4.99882162169
5.00879847151
4.99893665323
4.99462015114
4.99566768052
4.98361545545
5.00029787456
5.00086961273
5.01137597461
5.00439048252
5.00499245863
5.00038025022
5.01104762497
5.00495102134
4.9960178149
4.98408478136
5.00391229313
5.00544410202
5.01415181704
4.99894252318
4.99403501915
4.99203889063
5.01440123549
5.00187254111
4.98426259624
4.9925873609
5.00146997403
4.9946254799
5.00562156763
5.00330247916
5.00378860124
4.99615570953
5.00838105263
5.00144828516
5.0134759706
4.98590438778
4.99040159075
5.01149704696
4.99702202346
4.98222242596
4.99861310319
4.99129276519
4.94938319788
4.73507029289
4.42252790504
4.00995711491
3.52801255075
3.02999896864
2.51777632432
2.05672134718
1.63625032126
1.23637369567
0.943390338142
0.685370450839
0.479378586834
0.32322337382
0.197946085311
0.13612028375
0.0800992694385
0.0582872468787
0.041607094595
 
