0.0415301842618
0.0543211073845
0.0828886763775
0.153832903164
0.214962139756
0.328446000788
0.494766270909
0.676286728952
0.918539714753
1.26289492875
1.63036271545
2.06338864568
2.55348057613
3.0248995675
3.54348110256
3.99970901759
4.40905527435
4.72950616462
4.92091067466
4.99720287734
5.00267246008
4.97515541845
5.00409302186
5.01580803217
4.99936758996
4.98091252866
5.01962019741
4.99512221585
4.99496079668
4.99454843904
4.98791615102
5.00404600049
4.99225200867
4.9860750583
5.00176568591
4.98621389378
5.00451493201
4.99972775853
5.00141832575
4.99198356689
5.00388913221
4.99346176689
5.00265938955
5.01055409164
5.02463885705
5.00697149831
5.01458572402
5.00204879816
5.00111761122
5.00547060945
4.99582948579
4.97405865506
4.99419087432
5.00165589841
4.99707672759
5.01431435363
4.98291201394
5.01154274952
5.01227012853
5.01312562745
5.00522166635
4.99611761444
4.99523685747
4.98076229051
4.9725577829
4.98534464074
4.9981490557
5.02652224831
4.9928561369
4.99397044171
4.99633663326
4.99278381054
5.00440596762
4.99050555284
5.01227589856
4.99424556017
5.00159113351
4.98657831491
4.98995543183
4.99874628651
5.03671034455
4.98776364636
4.99371281314
5.00219944532
4.99105447963
5.00600653913
4.99510718036
4.99878662637
5.01484679398
4.99096215892
5.00236428839
5.01041450679
5.00326681891
4.98765484283
4.9981928899
5.00534782932
5.01618765277
4.99780403286
4.98693410145
4.99626246606
5.01136028673
5.00574050178
5.00117371994
5.00572661974
5.00174990747
4.99428060388
4.98914976718
5.02095682392
4.9832480257
4.93093952268
4.72067828942
4.4171825876
3.99881764633
3.53231646426
3.03413794198
2.53544654925
2.04721481732
1.64123464582
1.24240930744
0.93061736826
0.65847390806
0.473336575194
0.315583901081
0.210752756537
0.147778450074
0.0872618173283
0.0484039745123
0.0315639563726
 
0.0246773549
0.0409929461912
0.104778806739
0.137980714844
0.238264699744
0.32470275234
0.466262649937
0.674815876337
0.926589292907
1.24643645162
1.64397052138
2.03864611161
2.53668521578
3.01766301691
3.54729803217
4.00997567637
4.42020556171
4.73864233576
4.92266073339
4.98569347051
5.0130882896
5.01940209287
4.98383484936
5.00270827411
5.00842126678
5.00558149035
4.98855201535
5.00206993748
5.00812934858
5.00982024165
5.0067252027
4.99199013747
4.99742211543
4.98848080404
5.01687106255
5.0010067771
5.00671655887
4.9969619335
4.98052266999
4.99632616548
5.00626327515
4.99689382909
4.99993304111
4.99821155666
4.99565635144
4.9810547089
5.01626239388
4.99874783664
4.99205072784
5.00019477757
4.99325446312
4.99918387544
5.00230396352
5.0194457026
5.00208247167
5.00213119626
4.99621856999
4.99579419286
5.00571852391
5.00940186612
5.00523045816
4.99067050425
5.00459346257
4.99411625169
4.99522089749
5.01330116615
5.01275740041
4.99144089505
5.00311184286
4.98404737374
5.01155677678
5.00272357553
4.99179286954
4.98108701546
5.01862814758
5.00876024791
4.99250722105
5.02099922714
4.99873321261
4.99317525135
5.00172278664
4.99894565339
4.99725268655
4.99810396661
5.01602561978
4.98309390099
4.98588167868
5.00505369249
4.99203720338
5.00143116343
5.00234498433
5.01047080704
5.00352219845
4.99849485181
5.00638212694
5.00421884535
5.01221965886
5.00729668313
5.00870831157
5.00343878365
5.00077775452
5.00116544018
4.98509789415
5.01402359156
5.00659510149
5.00365534303
4.99383373483
4.9820009731
5.00709176082
4.93715642882
4.72861665383
4.42267880542
4.01068093942
3.54415046603
3.04859004145
2.52692110375
2.05622742569
1.61265114438
1.2303079359
0.929764194205
0.684035510852
0.468381514897
0.317964511036
0.229293149088
0.129111115099
0.0769321985731
0.0612699722548
0.0416604777401
 
