0.0377046495167
0.0765552125832
0.0891834963911
0.141984943077
0.219113930065
0.318227429647
0.477556900113
0.672387040632
0.937479767445
1.25478586679
1.62396746417
2.05088380833
2.53952534772
3.02139725192
3.53262953743
3.99643882523
4.41359133267
4.71203993788
4.93540695625
5.00138000611
5.00117258465
5.00353482231
5.00172409397
4.98573704242
5.00846101478
5.01024999756
4.9896137851
5.0146849322
5.0000695462
4.99240076725
5.01076955469
5.0075735857
5.0154686776
5.01534215647
4.98535397778
5.01569561639
4.9852323171
5.00048542552
5.00508716
4.99380966604
5.00963619239
5.00298327459
5.01159899761
4.99047739711
4.99193049479
5.0125086974
5.01262207441
4.98513693764
5.00544443288
5.01920491278
5.01773220285
5.00789170878
4.99155911726
4.99584708161
4.99042869806
5.0034431273
4.99819995421
5.00997904201
4.99599445987
4.99429802816
4.98977865736
4.98783412154
5.00912548163
4.98436495504
5.00357605533
4.99906256832
4.98484143427
4.98897441287
4.98437772547
5.01033162231
4.9957144015
4.99902302574
4.984859269
4.99252659205
4.99501866475
5.00419073473
4.99305099922
5.00615989759
5.0032772753
5.00935368995
4.99065983762
5.01606096569
4.98065163353
5.00624068414
4.99808861114
4.99842642483
4.99975976101
4.99879377115
5.00229148736
5.00403482087
5.00868882958
4.99445913795
4.99039760816
5.00491835735
4.99883828846
5.02024506321
4.99893820439
4.99775298636
5.00650562885
5.00086253539
5.00976052896
5.01585151763
4.98317418406
5.00355215438
4.98339681185
5.00981165117
4.99376767852
5.00237767251
5.01715467316
4.92839392782
4.74841539327
4.4173231781
4.00215936028
3.53394786755
3.03215718145
2.53553601031
2.04723881493
1.62390807744
1.25111555044
0.947196646367
0.687061014198
0.474246175658
0.358957270935
0.212608020668
0.146529341911
0.0807703880707
0.0642717626448
0.0230947898101
 
0.0172813639848
0.0696584105847
0.103412085652
0.134390379422
0.215566360597
0.320177398618
0.481933992421
0.669936368079
0.942980756736
1.24689342208
1.63289930146
2.04210641826
2.52679401372
3.04616976346
3.53524093509
4.00871020635
4.42236508337
4.72064407222
4.94050104906
5.0142170238
4.99959901035
4.9967038377
4.99083233458
4.98596484971
4.99922752457
5.00955952237
5.00393552055
4.99839825123
4.99021188383
5.00236856553
4.99575827036
5.00426153101
5.01068048114
4.99993172843
5.00801674048
4.98293479785
4.99931877696
4.99107898488
4.98729936159
5.00877402567
5.01228664415
4.99910051605
5.00760826948
5.01927855965
4.97730780064
5.00188108146
4.98995785032
5.00823637985
5.02332271775
4.98598603772
5.0207016945
5.00446884625
5.01082687595
5.00549179924
4.97694159536
4.99760899199
4.97336775827
4.99941758202
5.00756576211
4.99418968736
4.99671768653
4.9977878003
5.00511984691
5.00922580338
4.99595910521
5.00173815063
4.99984819893
5.01297548868
4.99664978289
4.98883498931
5.0071501835
5.02736607627
5.01411452171
5.00819581362
5.00678161805
5.005173508
4.99126841534
5.00197598783
5.00851196708
5.00465816576
4.99587074576
5.01120610341
5.00604766413
4.99842318344
5.01358734488
4.9951576149
5.01092741233
4.99015247413
5.01818502828
4.99525164222
4.99975575542
5.00834212966
4.99762178157
5.00629818399
4.99925352297
5.01336788988
5.01253602437
5.00415023206
4.99557874143
5.00556468137
5.01596014765
4.99047688254
4.99167114972
5.01214895126
5.00309150721
4.98749264861
4.99635409006
4.99820823124
5.00380778777
4.94486797665
4.72628999852
4.42074521627
3.99413207514
3.54170701526
3.0302958644
2.52889808872
2.06897101233
1.622469882
1.24383161497
0.931574233629
0.667105740212
0.47187401608
0.326086673245
0.207802034408
0.139276021012
0.0922684233907
0.0731683547495
0.0153687304339
 
