0.0353867447963
0.064098737669
0.0772765187705
0.156479787472
0.22337351401
0.333848975473
0.47769335108
0.699455548024
0.95316136701
1.24845771685
1.62904280674
2.03675926657
2.51301941089
3.04551693139
3.54551083791
4.02065575308
4.41232726595
4.73432417322
4.94705984837
5.00070769146
5.00193742736
4.9920418288
5.0004469497
5.00339760026
5.00131566921
5.00078726627
5.00226653654
5.01155458984
5.00029769717
5.00194028809
4.98399661496
4.99811153932
5.00616530463
5.00446846409
4.99021471116
4.9888926912
4.99366125505
5.00312577676
5.00087575057
4.99667334241
4.999119751
4.99640897161
4.99869384913
4.99350324652
5.02079191467
4.99925762791
4.99503076279
4.98931313417
4.99071515312
4.99034335181
4.98049740289
4.98855124602
4.98728359108
4.99688853491
5.01983993992
4.99370764091
4.99111438996
4.99305759052
4.99830046475
5.00671444973
4.99071098286
5.00267133952
5.00564535462
4.99100807748
4.98598012973
4.98722573946
4.98773634855
4.99468653852
5.00426901614
4.9905888913
4.99690676601
5.00210089973
5.00746881836
5.01598697155
4.98658785603
5.01055621951
4.99651205553
5.00363890803
5.00678088432
4.99841979166
4.97589883944
5.001156711
5.00520236214
5.00680780721
4.99822269644
5.01228460942
5.01844075765
5.00542850782
4.99960672452
5.00798126753
4.98076421691
4.99963190598
4.99566616515
5.0031402522
4.9795825609
5.00370445337
4.98627251592
4.99797754666
4.99239864193
5.01285772669
4.9948155427
5.00090200699
5.00174595946
4.9948379838
4.99004528883
4.97569641292
5.0109047142
5.0058334051
4.98148278012
4.93848466978
4.7239423897
4.4083247257
3.99292386218
3.5316721488
3.02470880978
2.54334405689
2.05361649199
1.62717086851
1.26061430894
0.931089212775
0.685053592758
0.46478309743
0.313980192166
0.211992736841
0.132367768361
0.105995513746
0.0679921783554
0.0376905228602
 
0.0302012174289
0.0625346092844
0.0854325885371
0.145225682126
0.205509215825
0.321666342853
0.482957715657
0.668955265816
0.941185053852
1.24637484085
1.61818376601
2.05308073359
2.51986488862
3.0444692331
3.54363632145
3.99513741098
4.42991289232
4.70307968355
4.92828501617
5.01358137352
4.99609085832
4.99501403576
4.98828861047
4.99448553017
4.99670351956
5.01262415946
5.01720789407
4.9919366866
4.99318788146
4.98880205267
4.99952450259
5.00225406551
5.00533472534
5.0092718511
5.00993367122
5.00906862308
5.01449735103
5.00917207332
4.98651164747
4.99166959561
4.99800815983
4.99758613482
5.01216743534
4.99214420687
5.0053031393
4.98872720701
4.99680638169
5.01142544943
4.99793760302
5.00641652162
4.9842247854
5.01040760462
4.99875316936
5.00114121327
5.01771419909
5.00224239018
4.99264576591
5.02390736781
5.01474825703
5.01114159551
5.00679434755
4.99625210112
5.00202046449
4.99727895376
4.99332132857
4.99864351849
5.00201110467
4.993206299
4.99617236573
4.999098588
5.00161915962
4.98185117459
5.01249266585
5.02383089348
4.98691741501
5.01690353925
4.98390765602
4.98364288565
4.98994380299
5.00074575947
5.00137805728
5.00961779566
4.99457604288
5.01658445176
4.99692215391
4.99914783294
4.99098829855
4.99325499689
5.00998101272
4.99753871418
4.97448304311
4.98967216923
5.01673758018
4.99686236864
4.98697118821
4.98332049621
4.99325459139
4.99748177509
4.99424555747
5.01419600086
5.00464574907
4.99698890096
4.97892612425
4.99568270284
5.0263118408
4.99276719465
5.00422594689
4.99595642786
5.01868851271
4.93050248205
4.73750362202
4.41864105852
4.01273586078
3.54095362004
3.04360909914
2.5427573731
2.04986081554
1.64211404541
1.25611496953
0.928673249223
0.663734578848
0.495725106045
0.329418270668
0.222574440846
0.161423845286
0.0944469443005
0.073526637762
0.0358431180769
 
