0.0146556177918
0.0635283985472
0.117285978674
0.14494095951
0.221562341977
0.323914355243
0.476837904291
0.680668691714
0.947220437393
1.2435933923
1.60917507531
2.04510383541
2.528736687
3.05947875996
3.53297707001
4.00992948103
4.38590424374
4.72408403755
4.93336410426
5.03590831793
4.97421510768
5.01750695953
5.00822290983
4.98193945381
4.99718743796
4.99360146554
5.01662805028
5.00076368871
4.99092588843
5.00144348614
5.02019793172
5.00209450997
5.02215000756
5.00995968351
5.03249085281
5.0284276014
5.04694953149
5.05719815759
5.05739593965
5.06685689343
5.05817449333
5.0850566537
5.07496038928
5.09642139938
5.10487324849
5.10725272024
5.09006430816
5.0777560358
5.08210425468
5.08856934554
5.07282214565
5.0593445257
5.0406220299
5.05034308553
5.02699716322
5.00999893643
5.02848153345
5.01205192988
5.00104239125
5.00550373221
4.99716301807
4.99758352488
4.99385986223
5.01530764786
4.9959652469
4.98817628882
5.00469068516
4.99530496706
5.00257220597
4.99552827665
5.00866838012
5.00419770802
5.00311362555
4.99656159037
4.99600887534
4.988779814
4.99205820441
5.00479382753
4.98380615668
4.9956743642
5.00209337798
5.01392938757
5.01087958122
5.01400752563
5.00155595796
4.98825700741
5.00483116015
4.99637063451
5.0332383514
5.01238629431
5.03225029573
5.01759242693
5.02257236908
5.00207697975
5.02197634642
5.03604118437
5.02025333991
5.02691615031
5.01604916063
5.03596613965
5.02600262327
5.02200002661
5.01796446434
5.01131935105
5.00378837392
4.99823752197
5.01528338722
5.00468577565
5.00606596055
4.92740119829
4.73264382627
4.38986391436
4.01305449166
3.52363824824
3.03841884594
2.53584027957
2.04925713605
1.61161706774
1.24547059565
0.928034869201
0.681903245249
0.460993172179
0.317484242197
0.21953067825
0.1324768859
0.09478744322
0.0455065444981
0.0244544612262
0.0303823663232
0.0470807267692
0.0803449989306
0.169351354429
0.222144246013
0.316305341183
0.472666825799
0.675941264736
0.933620984792
1.22471064755
1.62649412377
2.06516781436
2.51599623954
3.04401130289
3.52161562612
4.00684178568
4.42085282771
4.72585367603
4.93596465418
5.01578741395
4.98671273525
4.98281100728
5.01188442913
4.99533885623
5.01913620488
5.0005351759
5.00406741079
5.0070361043
5.00645386217
5.00223432521
4.99929238071
5.01258665574
5.01934926761
5.01423506752
5.03879542425
5.03503939699
5.03695378748
5.05157751913
5.06745619515
5.04971427459
5.08148897306
5.09000635757
5.10227360518
5.09531662296
5.10414220614
5.0742845052
5.07116967163
5.09753831783
5.07813880964
5.08091984632
5.05953259383
5.0757864041
5.06648205999
5.03354181221
5.02658614189
5.01982936046
5.01131947532
5.00713214551
5.00974121733
5.02114036589
4.99924396968
5.0045678258
5.01030580916
5.01075640144
5.00378368468
5.01739404936
5.00136366836
4.99927528679
4.99816952711
4.99666478783
5.01502196658
4.99916666281
5.0022320462
4.98025439613
4.9888544053
5.00386064401
5.00184243102
4.98438066284
5.00199252055
4.99649477622
5.002854278
5.00469061659
4.9903469604
5.00146808532
5.01171674247
5.03680786646
4.99884966014
5.02829608684
4.99472675794
4.99483988327
5.01308778859
5.00461603168
5.00219018401
5.00497481451
5.03287014102
5.01190996526
5.0204960073
5.0218454198
5.03439432564
5.0331377102
5.02008466286
5.01901226728
5.02163162229
5.01874299754
5.00252909795
5.01336370964
5.02881625021
4.99016081203
5.00489624801
4.9294816866
4.73211344273
4.42532306461
3.99402052041
3.55328649439
3.03022812129
2.54380268977
2.0596063421
1.63768764209
1.23209321774
0.932000601627
0.671402972312
0.473747182801
0.324773746945
0.210630231501
0.143521161535
0.0918751517466
0.040288958821
0.0437585719384
