0.0295786534787
0.04020709124
0.0681258487747
0.144644329608
0.216689925998
0.340782990329
0.500129472145
0.66671683843
0.923097069157
1.24527295485
1.6201293828
2.04037539235
2.52888642838
3.01601707525
3.5384878986
3.98968318507
4.40390998443
4.73066479462
4.94766598948
4.98902034693
5.00952881222
5.01955621903
5.00352171113
5.00888973235
4.98683590105
4.99603708348
5.00099404765
5.00989707716
4.98859440825
4.99773695761
5.01123530665
5.02194699643
5.01467277966
5.01421360265
5.01692739716
5.03120269347
5.02820313367
5.05029178356
5.07926588444
5.04378087221
5.07268175245
5.09275450945
5.07323572346
5.10301659966
5.09425536336
5.08948619868
5.100755167
5.09786291791
5.08592150337
5.07307090641
5.06104294572
5.05796950178
5.03373319605
5.02439411204
5.02228787926
5.00698059045
5.02960092016
5.01516005946
4.98365223721
4.99406694041
5.02540464738
4.98517417789
4.99404663908
4.99817526377
5.01533051267
5.01679390212
4.98122100983
4.99663888399
5.00928952965
4.99693791478
4.9869588371
5.00506298271
4.98905265674
5.00874955785
4.99603336878
4.99497662799
5.00908672492
4.98391110104
5.01205104901
4.99281157483
5.00007033588
4.9947312362
5.00447131961
5.00648415281
4.98529934075
5.00140142457
5.01529889106
5.00706521133
5.00742551225
5.00977704026
5.01300036503
5.01747216098
5.00301337056
5.01597288137
5.03379326428
5.0201338867
5.04352403209
5.01336712256
5.01201736537
5.01989116774
5.0116461231
4.99178542233
5.00246312326
5.01051997761
5.01214116161
5.00125124759
4.99814875877
5.01709949598
4.99929462817
4.92810401883
4.72610545359
4.39012179692
4.00199509448
3.50884055322
3.02169883551
2.52168195847
2.04129966216
1.63215192649
1.24332002407
0.927748807272
0.692164779315
0.455647230098
0.330704748422
0.207378702467
0.142750763221
0.0666227994282
0.0557674828301
0.0415231056116
0.040104359272
0.0441704677054
0.103459277051
0.15395006061
0.202886588388
0.334894246824
0.470486930091
0.659324910385
0.947268321145
1.24210843731
1.6354602941
2.0505823949
2.52371134933
3.05823930241
3.52144673258
4.00574667291
4.40868773417
4.72498337782
4.91869078684
4.98521767927
4.98541204503
5.00380997084
5.00747175779
5.01559762655
4.98988405798
5.01511829534
4.99279341946
4.99184528949
5.00575320972
5.01156434988
5.01199135327
5.02410121751
5.01690727345
5.02783437862
5.02075745907
5.04162721807
5.02729227792
5.04931554254
5.04812904221
5.046074346
5.08280591366
5.08915995878
5.10293717635
5.0863202309
5.10185310211
5.10558979111
5.09015362201
5.07633476039
5.07229666314
5.07704826804
5.08316266131
5.05919535399
5.04508192229
5.02651335359
5.01754887056
5.0305576322
5.01974537528
5.01467831123
5.01693095701
5.00368179647
5.01420566819
5.00273122762
4.99147321669
5.01079917395
5.01646120708
5.00544335562
4.99994966588
5.00912441728
5.01330277132
5.00030981079
4.99467125785
5.00145815177
4.97871386507
4.99489105086
5.02237596746
5.00133805838
4.99195225771
5.00132617545
4.98538090874
4.99029876923
5.02110264066
5.00462977518
5.01874067025
4.99318609221
4.97947434127
5.00944499464
5.00986912542
5.00652907228
5.01158025411
5.0214483489
5.00180018909
5.01540494156
5.0118707885
5.02419052047
4.997675396
5.01477959624
5.02582268202
5.01512799669
5.03000246875
5.00866047496
5.00436474742
5.02834453826
5.01421002783
5.01663780058
5.0282582693
5.00942839871
4.99738071795
5.00551337464
5.00608468638
4.94253914685
4.73913398789
4.41527964148
3.98897536578
3.53124415702
3.0399070305
2.54751740435
2.05340847429
1.61077609515
1.23742734654
0.9219546403
0.676283037479
0.486113757302
0.327554138527
0.2145484336
0.130604321102
0.0841124896441
0.0594905793132
0.0232247354397
