0.0372459834371
0.0618537641963
0.0867394778239
0.15332742536
0.221442437706
0.329368715705
0.462791481156
0.666530890144
0.931901324041
1.256868029
1.62544429107
2.05398802514
2.54068054247
3.03024590769
3.52525690288
4.00209156496
4.4174649908
4.73407042663
4.93446149379
4.99580815242
5.02708556387
4.9998883455
4.99652659406
5.00292143378
5.00243413294
5.0066742359
5.01392515278
4.99809832667
5.00963572023
5.01094199674
5.00532635337
5.00642218272
5.01205993846
5.02965175779
5.01598929218
5.04508615776
5.02584862199
5.05445863693
5.05789155252
5.06643083037
5.07459484995
5.05714660622
5.08465859698
5.08061699963
5.09223629728
5.08733702007
5.09397015265
5.09388118221
5.06771454788
5.07257055799
5.07953834406
5.04654103952
5.06968783935
5.02882453919
5.04396640232
5.02319954742
5.02249806219
5.03220647072
5.01574621309
5.00326179479
4.98824407691
4.99772575815
4.99266149678
5.00766574536
4.99615178186
4.99156398357
4.9989703248
5.00024114257
4.99846688429
4.99293700337
4.99421421846
4.99602173276
5.00158792381
5.01831697529
4.98118561827
4.99995373422
5.02543749281
5.00707963696
5.0022781422
4.99265122019
5.00747148051
4.99327814232
5.02166903794
4.99894438646
5.00877710964
4.99828141028
4.99149064986
4.98991048584
5.02950673995
5.00655696784
5.00713060667
5.01295250321
5.01290509052
5.00493512622
5.04405102301
5.02685818835
5.02492792731
5.02821824632
5.0030854138
5.01850829348
5.01793063924
5.021200871
5.01072192001
5.00447938101
5.01210560537
4.99633821305
5.01636408956
4.9852922454
4.99778447374
4.93680540381
4.73273921044
4.41354111817
4.01691124114
3.53410576802
3.03712747969
2.52714348393
2.04778913975
1.63842845769
1.2344587217
0.937335999528
0.694375090299
0.484889427629
0.319210127457
0.228962749604
0.134116777583
0.0932937271365
0.0576465198113
0.0330333049673
0.0155932340809
0.0445331295607
0.0928778423188
0.130102810545
0.21101203802
0.343266755357
0.4904661583
0.6742523241
0.939213312418
1.23833360232
1.63036614697
2.05396206678
2.54151408813
3.02407466965
3.52909381419
4.00265169541
4.41780957826
4.7218886879
4.93139598869
5.00064289884
4.97929763161
5.00132363459
4.99383884586
4.98731860595
4.99516231768
5.01930753031
5.0040381767
5.00442323094
5.00353885755
4.99040873576
5.01097840695
5.01380614568
5.02334150123
5.02568018599
5.0404317491
5.0333470107
5.03886428079
5.04965489662
5.05874691253
5.05837144575
5.06322724189
5.07370666727
5.07000595377
5.07954392134
5.08452528648
5.08254136453
5.09693728927
5.1069897842
5.0711468747
5.07532831532
5.06548574911
5.06446757939
5.02744387657
5.04802751863
5.01097020809
5.02698968491
5.01316609354
5.01228692599
5.01044587805
5.00802561568
5.03101239998
5.00932003647
4.99849865814
4.98645930537
5.01976978567
4.99727308914
4.99547481592
4.98912650703
4.98375985735
5.00694211053
4.99920188162
5.00192551124
5.00469334598
5.00543923165
5.00884874783
5.00324858108
5.00588511442
4.99174690514
4.9949489999
4.98510203377
4.98593500207
4.99738816104
5.01699573135
5.00732336929
5.01208841365
5.00039053013
5.00257784063
5.00866422372
5.00071488588
5.01766050641
4.9925874701
5.0055447046
5.02965231597
5.01893936184
5.02350076171
5.00736309767
5.02590556564
5.00891522682
5.01854007154
4.9978401108
5.01301704899
5.00780403034
5.004408069
5.01936841579
5.00090834888
5.0026484506
5.00314559665
5.01444386409
4.9964721123
4.90518330564
4.74115243798
4.4033594604
4.01930836063
3.54232994515
3.04519221791
2.52360718238
2.03804939541
1.61279518846
1.24564172593
0.94160548933
0.690197031461
0.482163889002
0.330877697222
0.220697228611
0.142969325585
0.102988838889
0.0521664750932
0.0570296794507
