0.0310617448265
0.0659763532893
0.112198296594
0.131176056278
0.226608336254
0.322162553165
0.483272835891
0.67716434364
0.920035641495
1.24655060467
1.62068022257
2.04521289101
2.54495463809
3.02641184475
3.52733906129
4.02649581501
4.40529116608
4.72793017891
4.93729839626
4.99082566323
4.99602406903
5.00788125694
5.00224964987
4.99327603954
5.00804984173
4.98342579232
4.99648024133
5.01306231279
4.99474322609
5.00672054464
5.00842940209
4.99463689639
5.01179080784
5.01756496078
5.02821115973
5.02690687674
5.03261175705
5.05348300275
5.05882525174
5.07847427981
5.08698161644
5.08696305376
5.07007768164
5.08724765604
5.08588343006
5.07416622813
5.0859306768
5.0887272945
5.10433411145
5.08436365216
5.09070329771
5.05847132432
5.02498611719
5.02561283002
5.01740369589
5.04560684183
5.00700824223
5.00675684818
5.00699208909
5.01556093679
4.99651943532
5.02243498933
5.03227664134
4.99328707142
5.01210769577
4.99828855067
4.99089905119
4.99555408782
5.00157865488
4.99700515854
5.01650843955
5.00034336179
5.01213961672
4.99734441653
5.00875680513
4.99673694201
4.99622787763
5.00604087195
5.00413484188
4.99012061504
4.99372864937
5.02472068115
4.99503458819
4.98320524505
4.9939074848
4.99215415837
5.02109671653
5.00245532684
5.00319446073
4.99835073937
5.01385012748
5.00998483614
5.02868263524
5.01885458242
5.00820538162
5.02714748731
5.02228735381
5.01328051328
5.01074575761
5.01568458931
5.01051885241
5.00408105764
5.00463510756
5.00931991455
5.03316079904
4.98879078785
4.99925426293
4.98744665737
4.98853491988
4.94495851383
4.73057480693
4.41727996428
4.00029770656
3.55101760043
3.02538198745
2.52641563853
2.05245248206
1.61513915731
1.24791053934
0.952558974164
0.67495032057
0.483921600987
0.337478358894
0.20113824088
0.143686973258
0.105342787928
0.0505123445549
0.0609803754463
0.0514172009311
0.0632675538254
0.0999510700462
0.148079190928
0.227191631206
0.331247546672
0.483049966488
0.671425173903
0.929251093762
1.24623514182
1.61648946067
2.05618201763
2.53372285535
3.03554392194
3.52561043017
3.98277212245
4.39910592362
4.72808274115
4.93598436841
4.98070496248
5.00394536526
4.99246145251
5.00395131795
5.00434446247
4.98092224706
5.00789822914
5.02501303725
4.97448002972
5.01999654252
4.99936082379
5.0203502565
5.01929217883
5.01986615732
5.02941512231
5.0297451282
5.04010005153
5.02703137013
5.03586989615
5.06572645109
5.06366565297
5.07569890515
5.07443168013
5.08591326135
5.10850430136
5.09157187341
5.09946833993
5.09356046991
5.10894732786
5.09340906505
5.06783299898
5.06531191702
5.05001466157
5.04639654157
5.0423220462
5.0304497918
5.02442913615
5.01581536017
5.04356438364
5.00767697231
4.9946496803
5.01079086814
4.99007417781
5.01718406188
5.00793101241
4.98873986783
4.99324328751
4.999513355
5.02293577543
5.00109764337
4.99350179347
5.00045939246
4.98814101769
5.01620853186
4.99411558579
5.00748934946
4.99337377173
4.98883949721
5.00341772303
4.99476137799
5.03414399769
4.97198568727
5.0248163833
4.99742814517
4.9825239553
4.98255909105
4.98842794587
5.00090219795
4.98571033937
4.99954975097
5.02308904531
5.00490013004
5.00066359978
5.01588753924
5.03420016441
5.04649678439
5.00413388849
5.01458215685
5.01773821777
5.01300890659
5.01002271592
5.02099874999
5.01994545468
5.02222073346
4.98538648513
5.02126943886
4.99052631496
4.99576034183
5.02699330361
5.01914669916
4.93806586299
4.72795172839
4.41604925222
3.98525657215
3.5375711233
3.04844044544
2.55183388136
2.05170580628
1.63613339067
1.2493492192
0.919095309932
0.671384954524
0.470928098852
0.330458005221
0.221555604284
0.131914997466
0.0765984712435
0.0490056809895
0.00453777794746
