0.00946798827652
0.056774184264
0.10450363644
0.150720317296
0.213619251307
0.331387878204
0.487874548836
0.666520209109
0.937815315522
1.25075130751
1.63365495824
2.04646652837
2.54437966641
3.03564838592
3.53476555684
3.99531682895
4.42891962645
4.73876220802
4.93767803864
5.00857598502
4.99795046071
4.99663155601
5.0180796029
5.01043194732
4.99851824987
4.98884789271
5.00126175491
5.0040122168
5.01187037791
5.01997354654
5.00844014563
5.00901132825
5.00565329956
5.01971897955
5.04976439639
5.03106970032
5.05891267095
5.05859451768
5.06313199078
5.06723658152
5.0793987125
5.07278131548
5.08720054285
5.09643474122
5.08911089211
5.1030051546
5.09811316047
5.08638477124
5.07142275532
5.06642394492
5.07169110083
5.05593256927
5.06168492276
5.05353173657
5.0137844142
5.02901601373
5.01619192357
5.00354393388
5.00819897742
5.00842730987
5.00333741814
5.00415900272
5.00492834611
5.01683356107
5.00446677791
4.99358490519
4.99071039956
5.00132430333
5.00314915858
4.99630622479
5.00828177301
4.98854673289
4.99078097824
5.00425883719
4.99863547876
4.99656653331
5.00254072597
5.00963685524
4.99274964181
5.00400946591
4.99485505035
5.0117744612
4.98339521522
4.99787852893
4.99511964946
5.00892566203
5.01326938406
5.02952169856
5.02319242135
5.00384526163
5.02410684836
5.0160138948
5.02286092219
5.01882013528
5.02683605202
5.03589083238
5.02665179922
5.0161986363
4.99797523535
5.02875104205
5.02012367085
5.02461795283
5.00373137526
5.01327789796
5.00463333958
5.00473069957
4.98715426248
4.9929613376
4.9851527693
4.92691010727
4.71128880217
4.41358272073
4.01722940971
3.53699711932
3.02224032046
2.54113739749
2.04687886122
1.6342449348
1.24540740246
0.934284535508
0.680379329972
0.48584315915
0.32318900702
0.211105561644
0.138961959157
0.0831025089068
0.0666008453346
0.02795469473
0.0473560112219
0.0559811984308
0.0900267487457
0.137109944584
0.225266758883
0.311782136735
0.481922979282
0.664336140894
0.932786199963
1.24632669215
1.62268849474
2.05799331347
2.54517426332
3.04630547325
3.53664325391
3.99780307254
4.42371649289
4.71546255459
4.93879277434
5.00434991125
5.01737333445
4.9901232147
4.99189877082
4.98485507011
4.99147248364
5.00253058294
5.02121239171
5.0006522884
5.00853587619
5.00398075427
5.00290172795
5.01686581773
5.02633665781
5.0211737294
5.02404073313
5.03530838113
5.04429343441
5.05250013948
5.05524920269
5.08629258509
5.07286985641
5.08061745778
5.09128931474
5.09781475436
5.08474518727
5.10279604762
5.08813240392
5.08607486323
5.07664246894
5.08046819923
5.06497601446
5.05778389024
5.04764185468
5.03844382689
5.03986008658
5.01611274045
5.00967325723
5.02257937598
5.00783229739
5.01580151304
4.99685657729
5.00827411936
4.9930927821
5.00205784077
5.00546774294
5.01354017996
5.01931248906
4.9956457324
4.99135914611
4.98441722964
4.97443849658
4.99729867678
4.99088082911
4.98037145809
5.00182122253
5.01347835357
4.9959792351
5.01408962078
5.01689880872
5.00829210789
5.01542513362
4.99589926936
5.01922855407
5.01545408558
4.98725624405
5.01386676346
5.0127970473
5.01671372905
5.0027172242
5.0117044236
5.01107171096
5.01218250731
5.00132657655
5.01745652863
5.01346352398
5.02846511347
5.00410558047
5.01528777424
5.02604827403
5.03962513905
5.02129256653
5.015611741
5.00864405521
5.02080664775
5.00786034056
4.99714312811
4.99732750784
5.01491308108
4.98148494675
4.93547995087
4.73034334497
4.40755297691
3.9948870073
3.52281006657
3.03935003969
2.52588668644
2.04807357777
1.63456107934
1.25074735459
0.935003374768
0.684242863037
0.477459410483
0.343467584031
0.199215253306
0.136386558431
0.0957476626694
0.0725940799892
0.0381140977224
