0.047176945555
0.0650320188537
0.0874370452947
0.145803120963
0.220767429043
0.318042435491
0.494524583416
0.669759249378
0.951144441387
1.24670159541
1.62423259339
2.04574511058
2.5283365917
3.04590888352
3.52681141393
4.0051119905
4.41700057807
4.73791884886
4.92335804481
5.005151922
5.00393672627
5.01255077647
4.9997170931
5.00529312777
5.0089781645
5.02764030207
4.99579371853
4.99520689105
5.00367943502
4.99331312256
5.01363096439
5.00699673789
5.02023858487
4.99678240199
5.02344865591
5.04097279559
5.04401991019
5.03781311814
5.06797479172
5.06514969597
5.07721295977
5.07554731974
5.09859570723
5.0926850031
5.07959712708
5.07806886049
5.07335722023
5.07302080061
5.07715687842
5.06840540319
5.04941342143
5.06969281453
5.05314474174
5.06060245535
5.02859179783
5.03708552369
5.03442883224
5.03569932218
5.01280679371
4.99526319537
5.01059183315
5.0087859366
5.01050284641
4.99944547369
4.99665838281
5.00305846588
4.9852979124
5.00860796316
4.99738977588
5.00782330396
5.0044099709
4.99698127069
5.00188799004
4.98759379441
4.98250514658
5.0193640355
4.9908132104
4.99845983617
4.99989590728
4.98938972554
5.01143459884
4.99623278245
5.0174782741
4.98411766228
5.00298438636
5.02064947535
5.00642648684
5.0127090477
4.99517904474
5.01403666504
5.02567730654
5.00546461766
5.02760184816
5.02805005398
5.0139418129
5.00863574793
5.03211751678
5.02936939477
5.02403366906
5.02811191823
5.02724446339
5.01157372422
5.02140042448
5.03141232979
5.01131860158
5.01451412533
5.00480454201
5.00249189634
4.98966977838
4.92516815249
4.72179133556
4.41709625998
4.0040705837
3.5292258464
3.02639455444
2.54501969018
2.05495300467
1.63240698921
1.23395547482
0.927319794038
0.667676232438
0.485788104268
0.360292497154
0.223532745492
0.139914419658
0.0952956754885
0.0703900029312
0.0502309257493
1.04333082853
1.05349784314
1.09285965005
1.14709937947
1.23086509825
1.34021253996
1.47226402008
1.66834299777
1.91548007136
2.23510052317
2.60181855254
3.04840217972
3.5464879791
4.02227593993
4.5384194279
5.01186345385
5.42567832472
5.71650710963
5.93768958604
6.00411598818
6.00036425971
5.97801356106
6.01419707902
5.99505662283
5.9930321573
6.0054555377
5.99262806205
5.9919779149
5.99985973683
5.99071973716
6.00658455126
6.01900380077
5.9951858738
6.02881508192
6.03303153368
6.04911195854
6.03037669204
6.05807481171
6.06650294825
6.05060509513
6.07827601069
6.08507379114
6.08793348336
6.08705001767
6.09743250259
6.08686289308
6.08648917191
6.07666637279
6.07228955984
6.06608958188
6.06177644276
6.04946658934
6.03143093756
6.04443443538
6.02267672813
6.01596947248
6.0217856475
6.03248355434
6.00442851023
6.00838113008
5.99898979127
6.00868880037
5.98759170947
5.98795310861
6.00592427226
5.99464706015
6.01643517179
5.97519938877
6.0002077056
5.9845704202
5.98997677157
5.9693400672
5.99815147487
5.9978061487
6.00707400449
6.03025766462
6.00250143494
5.99386037845
6.00393926536
6.00090627259
6.01020619296
6.0133646043
5.99037393084
6.02216062351
6.0086387802
6.01407203726
6.01763571771
6.01144833867
6.01784623049
6.00671057339
6.02031474605
6.03237934401
6.01458935219
6.01085879174
6.02705823483
6.02879822725
6.01345886339
6.01797060829
6.00240104176
6.02190689513
6.02598801733
6.01366266335
6.02004800571
6.00537919941
6.01106578253
6.00888597859
6.01088541735
6.01344163838
6.01092816621
5.93527986263
5.72759146261
5.40971041266
5.01228733701
4.52347596363
4.04361199522
3.53896635911
3.04703056151
2.62696914161
2.24405405048
1.92374993959
1.67918594801
1.47661864011
1.31855693812
1.21588138292
1.14459933251
1.09052139503
1.05309925376
1.04186282562
