0.0442924254946
0.0476832043783
0.0810790018782
0.147225305201
0.228448196888
0.344189774072
0.47838475246
0.680426197635
0.944804153445
1.24685982498
1.61850083995
2.03604917714
2.51375659349
3.03696069459
3.53180626716
4.00411469558
4.41436960765
4.74424828405
4.94225223955
5.00628028141
5.01187085491
4.99785582505
5.01103892773
5.00194005839
4.99039534847
5.00901808564
4.98074953005
4.98682647161
5.01648135491
5.01274080239
5.01272393596
5.00274236461
5.02503559974
5.02853605907
5.02367249861
5.03621158706
5.0342696331
5.05492493557
5.0594555035
5.06326883472
5.05013569649
5.08446918739
5.07672209023
5.07620713823
5.10267619786
5.0947880384
5.10277835573
5.07815137756
5.09636339304
5.08764818912
5.0574187229
5.04873759643
5.04281815355
5.03255777035
5.03181515133
5.03570383159
5.02002378726
5.00541634819
4.99986565873
5.01856412113
5.0211681793
4.99808100851
4.98500101819
4.98806490827
4.98152683916
4.99067863929
5.00968966396
4.99666087531
4.99340510007
5.00939760558
4.98377170215
4.9830164944
4.99324358546
4.99335109309
5.0242559013
5.0075272423
4.99518917479
4.9975018024
4.99126102404
5.00260035513
5.00156795838
5.01545864361
5.00471950424
5.00832088598
5.00831394889
5.00151252886
5.00603345057
5.00679396305
5.00455646102
5.02204126706
5.01705434244
5.01844028766
5.02348719426
5.03913635416
5.01083796278
5.04743886076
5.00344934748
5.02762150902
5.02968372711
5.01172421563
5.01224452981
5.00028088188
5.02567008599
5.00659405742
5.00852823093
5.00091583595
5.01106845045
5.00504673253
4.99624220068
4.94008066411
4.72926796941
4.39835259377
4.00283373889
3.5385782403
3.01488012715
2.52900255293
2.05842917756
1.61963521822
1.24006546921
0.929382142326
0.675065089641
0.48616303623
0.320109510362
0.223486117113
0.126404393977
0.105374329433
0.050909496976
0.0543095893196
0.0354165829388
0.0718473676074
0.0909612301977
0.14439988758
0.217507408847
0.320555527055
0.482978392693
0.671926744242
0.931669569169
1.25442384563
1.63064326442
2.06466484368
2.52995567556
3.04621913263
3.54517696853
4.00027648689
4.43444788362
4.73355771278
4.92841154108
5.01594941898
4.99604875434
4.99983430317
4.99799725271
4.99639582388
5.01180423901
5.01961651894
4.99856121632
5.00236028547
5.02020402215
4.99699338498
5.00020053223
5.01227025129
4.99772897079
5.01608778968
5.03976261963
5.03852132852
5.04209848551
5.05937335119
5.06012744821
5.07120796009
5.08797353948
5.08736579173
5.07240091221
5.08659581976
5.10108658042
5.12381216944
5.08882434281
5.07705689763
5.07372255656
5.08607697059
5.0726465553
5.05969865784
5.05348283509
5.05904738111
5.03727308819
5.03040913676
5.02505738987
5.00943516476
4.99599910662
5.00001977958
5.00903339235
5.01245917683
4.99414271652
5.0104574361
4.9941780941
5.00811687633
5.00196298615
4.99260316943
4.98409258257
5.0080151389
4.99492679163
4.98662436601
5.01456911433
5.00040248686
4.9970165974
4.99429662651
4.99974126496
4.99129750879
5.00198979021
5.00868885931
4.99911313594
5.0050900061
4.98818192837
5.01215437953
4.99209653348
4.99464645086
5.0052188117
5.01799427772
5.01532858573
5.00012218615
5.02364493855
5.02300880776
5.02725605121
5.02263017094
5.03436595886
5.02267279194
5.02085223934
5.03299224911
5.00756585159
5.01751796441
5.01491510229
5.01330150598
5.022947965
5.00448719046
4.98549258366
5.00612553426
5.01171088637
4.99457054095
5.00480131873
4.91966969411
4.73551811734
4.42543168635
3.97933339464
3.54221198816
3.0324120494
2.52139373614
2.05461384363
1.60517191651
1.23432979233
0.931049184625
0.65830081029
0.468725896728
0.343055540523
0.227165120407
0.146850622551
0.0853724132958
0.0434876309135
0.0458607241222
