0.045067862309
0.043123834775
0.0770995904159
0.153217430823
0.215551132715
0.312803925157
0.484717010489
0.696321616249
0.922186960821
1.26341539314
1.61157101374
2.05111137536
2.53413915491
3.03548121667
3.54170824587
3.99636650194
4.41328961229
4.7311607811
4.94537043478
4.99481452398
4.98893102591
5.01181441564
4.99691092528
4.99726957163
5.00814199495
4.98866692293
4.98034919864
4.99499940736
5.00819478412
4.99593033213
5.01264418144
4.99410780156
5.00128819684
5.02459060082
5.01232231596
5.02866341942
5.03636674193
5.0503660067
5.05377161478
5.04805192455
5.06624190457
5.06942533701
5.1055656983
5.11422774113
5.09502160041
5.08156461192
5.0778246376
5.07633637675
5.07746128146
5.087458963
5.04571318763
5.06633968886
5.0399407034
5.03731186227
5.0240622368
5.02119683973
5.01139537223
5.05359260972
5.01857276049
5.01650074386
5.00221449696
4.99044213092
4.99218283903
5.02192570407
4.99192093388
4.97856327071
4.99868930751
5.01105009047
5.01746607677
4.98511678489
5.0196644604
5.00213915948
5.0016618673
5.00141053379
5.01154043491
5.00545140764
4.99136779193
4.98235563136
5.01668361721
4.9898749581
5.00471501896
4.99753452142
4.99597780567
5.01085843208
5.00885934564
5.0128486837
5.00118217565
5.00086874969
5.02079978438
5.01803928938
5.00497742025
5.0257934376
5.01317152075
5.01971811363
5.03535452179
5.04402086007
5.01687661528
5.01783379393
5.01338920209
5.01860490505
5.02862473633
5.01053921839
5.01064822665
4.99650552139
5.00394970772
5.0127686927
5.02281659614
4.99962846901
5.00069709321
4.93550409022
4.72673235117
4.41773198652
4.01540185376
3.53279485356
3.03212505915
2.51979908605
2.05540391496
1.61618781424
1.25677644383
0.945747407761
0.68919170127
0.482031544964
0.306225249827
0.213971951184
0.161441103257
0.0870644322465
0.0548663391829
0.0172249320309
0.0173179673949
0.0601416229615
0.0832341518416
0.151632441996
0.196990251284
0.329437684564
0.475177986986
0.666899378497
0.924458915603
1.25679807086
1.62407849254
2.06668301957
2.52529907731
3.02225401559
3.53581460352
4.00042008126
4.40564672321
4.7198298471
4.91151899202
4.99869257324
5.00468553701
5.01099357738
4.9872806974
4.99229297666
5.0016636017
4.9740465796
4.98224847226
4.99641774854
5.01496450099
5.01076845255
5.00238814485
5.00730553191
5.01292745529
5.01561571539
5.03113216126
5.04593346592
5.0448635064
5.04956390658
5.05530388038
5.04095515148
5.07167704638
5.07898815563
5.08707480393
5.09677296381
5.10867598323
5.07585467428
5.10479510472
5.08433294451
5.07802335329
5.08748317124
5.08795925497
5.06622886067
5.03969659598
5.03585255396
5.03039323981
5.03292574865
5.02773389105
5.00931975069
5.0077023436
5.02160345588
5.02181458849
5.00430053754
5.00482044875
4.999698656
4.97747659273
5.01010041561
5.00933958032
4.99234385801
5.00073502976
5.00571114533
4.99367417594
4.99777370172
5.00786699816
4.99529611781
5.00594967596
5.01128025228
5.00112005103
4.97417179117
5.00267699136
5.00711916632
4.98772335513
4.99408964545
5.00902441926
4.99922450933
5.01941319264
4.99024856601
5.00630658503
5.01494265126
4.99673563397
5.01811329121
5.01078842963
5.04422684924
5.00680412034
5.01886995264
5.02398678698
5.01759691553
5.00631714298
5.01549162473
5.01366657273
5.02798296883
5.01419744469
5.0174320254
5.02154867307
5.01108598371
5.01924797386
5.01858251715
5.01066633566
5.00159461972
4.99891090347
4.92424672913
4.73487898998
4.42316893299
3.98632660055
3.53195638395
3.02597537764
2.52944671365
2.05513981481
1.59907960685
1.26620435451
0.918450695032
0.685705558018
0.481351637761
0.326871038152
0.214613416522
0.146582610199
0.0804522972321
0.067622434136
0.0399304401907
