0.0527152147684
0.0506488961685
0.106486108934
0.151737213067
0.214238679545
0.326414105201
0.480985371365
0.67458228208
0.936362083824
1.24330416607
1.62249882284
2.03409633129
2.53393489334
3.04095190337
3.51696834898
3.99509405039
4.42413968398
4.7262324348
4.92394685399
5.00329547765
4.99186500744
4.99072991454
4.96854710688
4.98111536461
4.99250522592
5.00159487477
5.00621180659
5.00671250861
5.02496977005
5.01134659752
5.02051053186
5.00351957094
5.00207565145
5.02915778555
5.01547754147
5.0355915133
5.04420611467
5.04509472759
5.06125530261
5.06295265793
5.05981400655
5.09341740836
5.10770723379
5.08895119931
5.08221986701
5.08583665548
5.0625684604
5.09153679037
5.08851057382
5.08779084059
5.0725798125
5.04806478986
5.05252990556
5.04283186525
5.02821768216
5.02502117368
5.01794881396
5.00620922587
5.00313474606
4.98667566774
5.00027540901
5.0088448573
4.99972850149
4.99748724919
5.01375249795
5.0108373396
5.00904332811
4.99724980025
5.01378464826
5.01008289968
4.99382519769
4.98897599096
4.9981539831
5.00531887467
4.99799716523
4.99048465146
5.00162405819
4.99336793263
4.98736286706
5.01022553068
4.9893231552
4.99504462267
4.9958243701
5.01948908004
5.00793086838
5.01581939011
5.00845560083
4.99956441107
5.03041288705
5.00811156821
5.00164240314
5.01159043936
4.99969938514
5.03691155474
5.02951416528
5.00997376822
5.01498401236
5.03801667532
5.0247342061
5.03145145246
5.00869281842
5.01437925251
5.0420383845
5.01101930164
5.02273140702
5.00541481924
4.99848712645
5.00578081367
5.01508107728
4.92410879111
4.72610463999
4.39728421174
4.02583820931
3.53939085745
3.02771682126
2.5396111805
2.04679912511
1.62051949861
1.24184545547
0.941668797516
0.675300802004
0.470557529907
0.349168600191
0.229936820524
0.157942189443
0.0855799130907
0.0725870119129
0.0483775521854
0.0448111127759
0.0516826400812
0.102490928589
0.146848910077
0.21211295232
0.314120042234
0.49394438868
0.688915757369
0.939918529254
1.25052299425
1.61742178856
2.04853085743
2.52508226665
3.03175630701
3.52131057455
3.98345107284
4.41613015494
4.72498996949
4.9348393081
4.99441457791
5.00170618517
5.01027268083
5.00353927716
5.00135630788
5.00085910174
4.99741944807
4.9964199924
5.00895638701
5.00572176184
5.01934349541
5.02468093786
5.01579878411
5.00619344509
5.01526444844
4.99824040592
5.02014076254
5.03194795883
5.03846772649
5.06678105974
5.06573786615
5.07948519544
5.08299522943
5.08996473839
5.10245119192
5.08739403054
5.09807755269
5.10040008748
5.0744414194
5.09212524347
5.06688894038
5.07171784968
5.06538788492
5.049107957
5.04287053508
5.02063055089
5.01597965452
5.01528021444
4.99543563972
4.98833399757
5.00113345304
4.99818536206
4.99824641592
5.02017795872
5.0275446493
5.00428187208
4.99876315407
4.99646016466
4.99285508988
5.00038565035
5.02183604118
5.00136612946
5.01064714097
4.99767546677
5.00238122616
5.00121226671
5.00008865237
4.99592520597
5.00754194173
5.01008707822
4.99039660203
5.00275095126
4.98473305288
5.00413021995
5.0141245126
4.9935686595
5.01034531871
5.01524201832
5.01824156376
5.01556641412
5.00885972783
5.01364557174
5.00845940371
5.01981700649
5.00560307798
5.0155507015
5.03901350939
5.01282028276
5.02098531306
5.01664613309
5.01065854226
4.99035012001
5.01393569256
4.99515551132
5.01214507993
5.00849382039
5.00807125338
5.00762682968
5.00227971471
4.99200887482
4.92420641971
4.73312570729
4.42280850042
3.9965278913
3.52083626284
3.01215316696
2.52565314505
2.04619845594
1.62388869205
1.2462141035
0.930755077885
0.693867829042
0.470730560368
0.332825677244
0.217958421347
0.149441379966
0.104433292561
0.0579164527355
0.0340557914392
