0.026255493413
0.0550920331607
0.107030327959
0.148249364784
0.215709752942
0.343640510802
0.496114145528
0.665409896536
0.928921086487
1.24853506651
1.61730797428
2.06972726046
2.53274876799
3.01462275692
3.52622708217
3.9952263659
4.40274196596
4.72590929144
4.93465471228
5.01049232574
5.0031075493
5.00418676104
5.0044372584
5.01762157436
4.98860540306
5.01522368283
5.00650662727
5.00267224123
5.00292710876
5.00047285791
5.02510043888
5.01475555243
5.01786687935
5.03715753468
5.02001494244
5.0379354306
5.03807113795
5.04300199068
5.04910919944
5.07716273011
5.05601242819
5.07077599439
5.08148565652
5.10444543811
5.08179893857
5.08102990248
5.08422587814
5.07578111577
5.09731011939
5.08153247382
5.06875723802
5.05614825507
5.0478742205
5.04172312786
5.03885202446
5.01895393736
5.02324788774
5.0295450348
5.00229516054
4.99259705218
4.99837054698
5.00287978505
4.99514635154
5.0161082532
5.00266878428
5.00440580254
4.99954673138
4.98933962878
5.00099467394
4.99184657764
4.99853264838
4.9907031672
4.98008166289
4.9895985237
4.99468141192
5.00927506614
5.01511988906
4.99151922203
4.98635218136
5.01545499756
4.99472731242
4.99929684107
4.99748437048
5.00557140989
5.00362150592
5.01725503463
4.98697117916
5.01314214977
5.02303319078
5.0129065409
5.01839477465
5.0234063029
5.01688753422
5.00818293596
5.02573452993
5.03230855777
5.00831504683
5.04351702028
4.99629543447
5.01637192851
5.0217590281
5.00728083547
5.0075796586
4.99471919244
5.00609013273
4.99321762273
4.99731857844
5.01827327752
5.00600276167
4.9289105005
4.73071101374
4.39955730138
3.97987983134
3.52255440487
3.02467724627
2.54929787643
2.06669293739
1.63397770661
1.23024794627
0.93909287578
0.666060798567
0.483793954836
0.319016912859
0.240380249431
0.149044554466
0.0854737602645
0.0475898724707
0.0336149275796
0.0322730944287
0.0509045369484
0.0957709476537
0.129063126775
0.227974620893
0.32997311865
0.485206399196
0.680671416345
0.932774974046
1.25128594614
1.64286203723
2.07009509926
2.53769636751
3.03174848013
3.54660000164
3.99928374413
4.40561751035
4.72368087278
4.91949247283
5.0115286467
5.01169703933
5.00277642521
4.99727453955
5.00037949012
4.98722853322
4.9825580654
4.98461973418
5.02191862871
5.00628829802
4.99600806501
4.98980524229
5.00508937832
5.00798515123
5.00962953407
5.0109882102
5.03005900619
5.02920521426
5.0495882659
5.05450396753
5.06827507775
5.05846186643
5.08185086714
5.08774381547
5.08794950196
5.10777968461
5.09602914887
5.08880839145
5.08708870287
5.08235623974
5.09033822382
5.06115175927
5.05353831196
5.04146880243
5.03001031361
5.02172512767
5.0142156114
5.02218420189
5.02827404245
5.0058427475
4.99096732376
4.98984418761
4.99273682991
4.98561686352
5.00231743839
4.99783188358
5.0137306718
5.01133949428
4.98505539525
5.00699123721
5.00468918202
4.99356439896
4.99652669558
4.99896176141
5.00401510457
4.98713275269
5.0104778078
4.99381753889
4.99344991321
5.01375075029
4.98725072266
5.01463456939
4.98910832435
4.96645013697
5.00600727446
4.99656948538
5.00341640001
5.00344555156
5.0154254543
5.0241938405
5.03287772631
5.02036524223
5.03064688575
5.02958035286
5.01197544491
5.03301141405
5.02500408721
5.04665205889
5.02886229114
5.01820955241
5.00985565489
5.01072307543
5.00543547345
5.01575348168
5.0080627009
5.01450416799
5.00695178394
4.9989420378
5.02207108107
4.99330764465
4.92875814116
4.73797405901
4.41797482456
3.98478937464
3.54325160171
3.0269319538
2.52941868703
2.06001775864
1.62603315964
1.24776653178
0.924192212482
0.672995558302
0.473081124483
0.317513996772
0.222866604335
0.128942948843
0.0802472759753
0.0573095876889
0.0361866989492
