0.000862445936658
0.0525011855889
0.0979459044271
0.12985698393
0.222769888341
0.336040023584
0.47122723951
0.680244526028
0.925143465503
1.26086095851
1.62653137132
2.0642919847
2.52053146053
3.00766449094
3.52894192771
4.02034927077
4.40726168786
4.73776037267
4.9361931711
4.98929508935
4.98911140161
4.9957110523
4.99886805634
5.01180382486
5.0031772743
5.0029860002
4.98660851921
4.99859782494
5.00928408507
5.00054426286
4.99635697611
4.99919659764
4.99497811509
5.01557512373
5.00884157538
5.02261471491
5.04814334499
5.03306897618
5.06418657738
5.04835617531
5.0780823781
5.0797703309
5.08312388156
5.08988401217
5.09168748409
5.09522331014
5.07536655912
5.08881427619
5.07778952419
5.07422623904
5.0571787139
5.05580576564
5.04726724101
5.03321557995
5.01840287269
5.02388039457
5.02023148024
5.01827926754
5.01707595936
4.99479756385
4.99310127583
4.99768433586
4.99705656211
4.9974331603
4.99459335713
5.01698738431
4.99575485289
4.99799554712
5.00200102286
4.99043912038
4.99085569807
4.99347524072
4.99666722111
4.99292106261
5.00143887582
5.00009956493
5.00492267217
4.9952437636
5.00364432517
4.99565123605
5.01128394757
5.00889115229
4.99479958137
5.00803610939
5.00633942836
4.99520131179
5.03735468198
5.01520731567
5.00743012479
5.00617948053
5.00848152736
5.02051169082
5.01267035131
5.02180125843
5.00265887952
5.01850780417
5.023053064
5.00930427957
5.02294195452
5.01210459792
5.03277406851
5.00241979173
5.0109939323
5.0129060588
5.00463603908
4.99655269026
4.99957652487
5.00836781834
4.99130359734
4.92480745884
4.71772075321
4.41720628489
3.99907945167
3.52858006443
3.03588903518
2.53957029847
2.04360218688
1.61704611868
1.25200645543
0.933971628425
0.677983811399
0.477659312902
0.313083898638
0.227235957444
0.147696107863
0.0883606592418
0.0424206645296
0.0194911385767
0.0183460123051
0.0622112444484
0.0895279690387
0.154468010585
0.21296056001
0.336429490977
0.486471268454
0.683163148069
0.911323055258
1.2424233703
1.6351228702
2.05158968993
2.54689359966
3.01598352341
3.52238138443
3.9991870984
4.40895203868
4.72398559747
4.93431222962
5.00817862085
4.98827626581
4.99933655003
4.99397611678
5.0011099573
4.98998037133
5.01844082871
4.9956287303
4.99445357117
4.9997524341
5.02426891338
5.01631613192
5.00185647912
5.01200885703
5.01373574601
5.01657924801
5.0276948377
5.03596672076
5.04194491849
5.05162232267
5.07412310311
5.0734535462
5.07175776397
5.09630340393
5.08945855055
5.07438983867
5.08891638711
5.1127143743
5.07046381823
5.06465586955
5.0747937806
5.06853600382
5.06876541053
5.0436481786
5.04297512939
5.02816102437
5.03486261362
5.02192991096
5.01196477748
5.01313839857
5.00114373711
5.02108720042
5.01949467822
4.99279072945
4.99806112055
5.01347153544
4.9866844985
5.01958811378
4.99897237541
5.00327858282
5.01310385138
4.99285236267
5.00376661669
5.00696413775
4.99549460839
5.01186574202
5.00700719293
4.98882450812
4.99331782806
5.0172106722
5.00098626268
4.99991701193
4.99469415718
4.9977351085
5.00471382966
5.0040403838
4.99310015518
5.006925783
4.99919468306
5.00349831125
5.00571932301
5.01409203849
5.00342747176
5.01558640392
5.03355034453
5.026720755
5.01698901901
5.02129739047
5.00698892791
5.01487032409
5.01359181491
5.01254119644
5.0093908131
5.00695349281
5.01077279295
4.98688322261
5.01179677612
4.98952673065
5.00486128888
4.98344906873
4.94730703928
4.72672221864
4.39941627926
4.0039990373
3.5233939437
3.03185891872
2.51131714247
2.03762356323
1.63875951067
1.23929784106
0.952866713585
0.667037662154
0.484291619824
0.338886330484
0.213268571204
0.139252707875
0.108215918732
0.0687920542878
0.029150430428
