0.0369187178442
0.0608923614144
0.0902502151267
0.146310978441
0.222998402517
0.330302995453
0.453520767421
0.676203002221
0.919712720916
1.24570787106
1.62123701453
2.06976046157
2.51488855142
3.01348216577
3.55252399531
4.01128666617
4.41254441997
4.74046240546
4.93358263899
4.98759354228
4.99928051567
5.0037184626
4.98418215919
4.99691340886
5.00267315986
5.00456413259
4.98243012113
5.01332843634
5.0009424928
5.00364366124
5.01360183952
5.00845601224
5.02132095552
4.99924269954
5.0170804964
5.03183323537
5.04749804623
5.04509998129
5.05181356096
5.04975747138
5.06103682814
5.09165915484
5.09374755826
5.08231629004
5.08473273979
5.08775099904
5.09837603854
5.09803873652
5.0855869254
5.09493889212
5.06798418072
5.03886345692
5.04178225407
5.04914271388
5.03477591814
5.03032962078
5.01859863605
5.01741234308
5.01471245823
4.99048375417
5.0066193244
5.00287837638
5.00359927539
4.99171289604
4.99523853498
5.0062044078
4.99926250721
4.98442748555
4.99211672393
4.97442373295
4.97994990856
4.99718919441
4.98971800605
5.00228344595
4.99605737872
5.00615150997
4.99538652449
5.0050985265
5.0134034827
4.9943021221
4.99683777423
5.00911760567
5.01098250947
4.98427992384
4.99306921568
4.99826938367
5.01705791684
4.99848555126
5.01431069609
5.01692695288
5.03350809117
5.01141318141
5.02087654156
5.02098638077
5.02208202671
5.03506277644
5.02983299719
5.01990441129
5.02367083937
5.03150079584
5.02284831095
5.03183860057
5.02313027419
5.02013354225
5.00676357663
4.9995030327
5.02056939321
4.99558183413
5.01798062808
4.94554855658
4.7447124412
4.41518374783
4.02610531043
3.50879276784
3.04012111167
2.52457886531
2.05599543474
1.64076575114
1.25059625426
0.92602730826
0.665875880034
0.484305077583
0.343060294081
0.224853966988
0.150331929362
0.0950344814114
0.059656267148
0.0178616233767
0.0402342913533
0.0432193055092
0.100993766274
0.150649330272
0.214953993784
0.333305953111
0.468396655374
0.678120891738
0.940362992938
1.24366031374
1.61867484869
2.05516128986
2.55114648847
3.03696937148
3.52876220201
4.00397783913
4.41196254794
4.71043088748
4.92114672201
5.01095099226
4.99250666974
5.00156518264
4.98867431286
4.97908511029
4.98807742105
5.00384373737
5.0053156223
5.01246085246
5.01546338612
4.98231895311
5.00518904166
5.01356102754
5.02297718387
5.01183250822
5.02621457952
5.03883336355
5.02260138803
5.04416173648
5.06901112648
5.06145887547
5.07841606144
5.07561592068
5.08050476122
5.08836972261
5.0997625033
5.10383855989
5.07943250561
5.09418846248
5.07567210632
5.06741105718
5.06893954223
5.04439959401
5.04715084362
5.03597861277
5.02850261585
5.03722414396
5.03116204016
4.99656256209
5.0178274711
5.00297189972
5.01478246364
5.00953216826
5.0017383457
4.99914878038
4.98621357399
4.99398394302
5.00250347299
5.00190593691
5.003089572
5.00931972794
4.98972414664
4.98739192027
5.00292620994
4.99555791197
5.00079852504
5.01299109384
5.00121997135
4.99537846155
5.01326659351
5.01888613976
5.01115016369
5.0016812627
4.98819766489
5.01148164243
4.99491766045
5.00625110419
5.01652255638
4.99373730094
5.01505574576
5.00858554876
5.01919378443
5.00717290527
5.00308543363
5.00935224095
5.00087491253
5.01852830661
5.00770929674
5.03333744233
5.0209218175
5.03687717525
5.01280036376
5.02334392224
5.01695446098
5.00966488112
5.00691876442
5.00797774034
5.00628145028
5.00653991694
4.99572628238
4.93002621367
4.70918607145
4.42541483742
4.0028110258
3.52072486436
3.02853803458
2.5406481615
2.056069493
1.60840355178
1.23081393816
0.938154915957
0.68620075467
0.477188552831
0.337772794927
0.209734560637
0.127646301968
0.0808120182823
0.0516323426654
0.0298627286063
