62.120827
43.510681
43.514412
43.521065
43.523300
43.530334
43.538258
43.546661
43.567001
43.580048
43.587944
43.607990
43.623386
43.659496
43.676975
43.701954
43.735157
43.775562
43.806171
43.832806
43.870144
43.908241
43.958786
44.022320
44.077141
44.160454
44.268780
44.442894
44.728664
45.190636
45.950867
47.092506
48.848995
51.325733
54.757339
59.261139
65.115677
72.401413
81.266266
91.700569
103.692139
117.234329
132.054382
147.936066
164.534714
181.664124
198.831161
215.569534
231.887558
247.194214
261.307709
274.261475
285.555054
295.339294
303.670654
310.604370
315.985748
320.459869
323.810974
326.275879
328.109711
329.423218
330.347687
331.181702
331.950043
332.678162
333.313293
334.182129
335.442139
336.574127
338.085693
339.410583
341.215942
342.898529
344.651398
346.574951
348.176178
350.187042
351.774811
353.372131
355.082184
356.543304
357.971191
359.452148
360.740143
361.944550
363.367645
364.653320
366.017883
367.156647
368.515503
370.014771
371.364166
372.742462
374.518616
376.099823
377.640656
379.348267
380.853180
382.349670
384.172516
385.590393
387.121338
388.420410
389.869293
390.933929
392.226044
393.329071
394.230530
395.285675
396.391205
397.253143
398.296417
399.087433
400.069122
400.832275
401.834808
402.954193
404.017548
404.972198
406.012695
407.391113
408.416809
409.639709
410.772644
411.989075
413.183228
414.231537
415.971619
416.774597
418.063446
419.244049
420.536285
421.765045
423.027710
424.258881
425.281860
426.803894
427.916565
429.006622
430.276215
431.026550
432.229706
433.025513
434.006500
434.738007
435.402252
435.770569
436.431458
436.814575
437.245209
437.723511
438.066132
438.581604
438.617706
439.220215
439.818604
440.797913
441.334229
441.806000
442.330444
442.898834
443.857025
444.358124
444.864288
445.183685
445.528442
445.750671
445.452759
445.497528
445.385406
444.857880
444.319855
443.848236
443.267731
442.637817
442.218842
441.968658
441.731537
441.882416
441.660706
442.216827
442.376282
442.987579
443.716248
444.360535
445.144501
446.178528
446.674042
447.617096
448.008209
448.272125
448.661530
448.363281
448.231537
447.841827
447.473816
446.945770
446.123383
445.402283
444.520203
443.969269
443.150452
442.546265
442.080536
441.641052
441.390289
441.058136
441.203796
441.172455
441.089996
441.146698
441.325073
441.280487
441.309204
441.111115
441.028534
440.699127
440.416748
439.943604
439.508392
438.980988
438.513916
437.975494
437.508636
436.995270
436.695679
436.341766
436.116760
435.927246
436.149841
436.034821
436.046631
436.053009
436.241547
436.478241
436.496094
436.758759
436.903473
436.724335
436.513458
436.741486
436.595001
436.358032
436.137146
435.928101
435.584412
435.131958
434.749725
434.294556
433.940002
433.775116
433.512238
433.390350
433.189972
432.973511
433.084625

61.041924
43.296017
43.299587
43.305553
43.310341
43.319695
43.327736
43.340195
43.361935
43.382259
43.395847
43.415249
43.436447
43.477173
43.497715
43.529285
43.568008
43.608650
43.642773
43.675919
43.723412
43.765369
43.818153
43.885303
43.947540
44.032440
44.141720
44.312820
44.608521
45.072960
45.836422
46.975510
48.729450
51.210629
54.637280
59.136734
64.991554
72.274338
81.136269
91.572662
103.552345
117.095665
131.905807
147.794113
164.390274
181.518021
198.680832
215.426727
231.742584
247.058212
261.167755
274.132355
285.425293
295.210785
303.551605
310.495819
315.869019
320.359619
323.699921
326.164978
328.017639
329.330627
330.257233
331.077667
331.869537
332.586548
333.233856
334.113708
335.382843
336.521301
338.043884
339.367340
341.178009
342.865601
344.626801
346.563812
348.165710
350.189056
351.798431
353.399017
355.114319
356.593048
358.021423
359.520752
360.825623
362.035156
363.460938
364.766052
366.145935
367.282471
368.637787
370.162567
371.509766
372.898529
374.665253
376.262390
377.812073
379.539459
381.029785
382.549255
384.353821
385.793518
387.319916
388.606689
390.061646
391.135071
392.421539
393.546997
394.443237
395.499786
396.594971
397.448303
398.498779
399.277313
400.271515
401.038177
402.034454
403.124084
404.203186
405.142029
406.182098
407.543274
408.589233
409.798218
410.934509
412.149292
413.345001
414.386658
415.900055
416.954498
418.236389
419.444000
420.752808
421.972809
423.255890
424.503662
425.545807
427.089142
428.219940
429.324188
430.613892
431.380310
432.614868
433.422729
434.424011
435.205688
435.868073
436.270813
436.957214
437.380249
437.880432
438.363739
438.767883
439.326355
439.430664
440.075134
440.688019
441.723572
442.305969
442.860260
443.412109
444.047791
445.053162
445.619415
446.162506
446.567780
446.948944
447.204865
446.982880
447.071716
447.009369
446.498962
445.983429
445.567902
445.038971
444.445312
444.075836
443.837189
443.629089
443.809509
443.626007
444.213562
444.387421
444.994202
445.719757
446.406738
447.205109
448.242493
448.741394
449.709991
450.087891
450.330841
450.745605
450.410278
450.276459
449.850800
449.478882
448.925232
448.090393
447.328400
446.420105
445.848633
445.021545
444.368561
443.878052
443.405304
443.087708
442.749084
442.860901
442.779358
442.695374
442.672974
442.851410
442.749420
442.734436
442.496704
442.391144
442.027740
441.699524
441.187134
440.718170
440.162079
439.671173
439.079559
438.568329
438.029175
437.684143
437.298920
437.035400
436.829926
437.000763
436.859283
436.859039
436.844116
437.001923
437.208618
437.207306
437.461029
437.576630
437.405487
437.162354
437.389862
437.217285
436.989166
436.760864
436.531555
436.175049
435.696899
435.293579
434.850861
434.480316
434.310944
434.029022
433.921967
433.717468
433.493011
433.593933

71.459846
50.294399
50.308788
50.334747
50.365479
50.408455
50.420284
50.475189
50.497715
50.590084
50.709217
50.612514
50.618065
50.647385
50.682392
50.722218
50.774334
50.827721
50.891682
50.987999
51.044296
51.119289
51.180866
51.199764
51.196331
51.137272
50.962555
50.736267
50.475811
50.193321
49.958862
49.862831
50.036438
50.644623
51.850315
53.909237
56.758766
60.866581
66.170288
72.844765
80.887115
90.206909
100.770470
112.355263
124.772133
137.694229
150.873123
163.923843
176.700821
188.795990
200.056793
210.305756
219.474197
227.485947
236.425934
240.404556
244.195541
247.783310
250.419495
252.434097
254.145828
255.359375
256.229004
257.046204
293.670349
258.616974
259.356262
260.646942
261.648193
262.927460
264.329285
265.951385
267.529419
269.990051
273.649689
272.751556
274.376282
276.039764
277.636078
279.272858
280.569336
281.977448
283.322540
284.562195
285.803802
286.909363
288.094238
289.240692
290.445679
291.702179
292.975769
294.328918
295.611420
297.048920
298.563477
299.792145
301.354156
302.967957
304.384857
305.928528
307.272705
308.715332
310.099823
311.384491
312.624176
313.664978
314.767029
315.708801
316.857941
317.569153
318.504974
319.375031
319.966644
320.938080
321.536499
322.351288
323.241119
324.024658
324.901245
325.725433
326.676544
327.557587
328.480957
329.306610
330.496002
331.312958
332.298340
333.233063
334.654602
335.318054
336.199677
337.279297
338.194824
339.360748
340.103027
341.158051
342.237274
343.070801
344.132721
344.874725
345.740479
346.609467
347.381683
347.887024
348.632172
348.987793
349.520660
349.964172
350.359558
350.391449
350.788635
350.793701
350.913818
351.019989
350.993286
350.826599
350.794678
350.614258
350.361267
350.246735
349.562347
349.100647
348.421936
347.557770
346.592499
345.276306
344.104767
342.594391
340.901184
339.164551
337.589813
335.497711
334.359070
333.374817
330.277283
328.479218
327.013397
325.769318
324.729767
323.941498
323.584747
323.872742
336.575806
326.945099
323.763977
324.089050
324.469269
325.029022
325.545502
326.039551
326.563080
326.886475
5415.008301
327.314117
327.115143
326.863007
326.556824
326.048981
325.572906
325.262909
324.961975
327.980316
338.290283
323.779480
322.772156
322.480896
322.259308
322.201660
322.168091
322.362030
322.566071
324.166534
323.514435
322.904999
322.879425
323.112396
322.922241
322.801178
322.682678
322.381805
322.173187
321.939178
321.501801
321.114685
320.803101
320.544769
320.453186
320.191681
320.185425
320.125977
320.240540
320.364075
320.480957
320.748169
320.915802
321.063690
321.421021
321.673981
321.771057
321.714844
321.895966
321.960632
321.945923
321.650848
321.630646
321.393707
321.104797
320.982056
320.746613
320.437592
320.207153
320.015686
319.687836
319.519348
319.450409
319.467499
319.499969

70.824448
50.541580
50.563126
50.590439
50.622501
50.668423
50.682133
50.740700
50.770351
50.865730
50.988693
50.896763
50.907497
50.944386
50.985992
51.035133
51.092491
51.152058
51.226772
51.329033
51.396305
51.476189
51.548756
51.572563
51.578915
51.528099
51.362526
51.144505
50.888485
50.615742
50.386360
50.298218
50.479637
51.094536
52.302559
54.372944
57.228199
61.342564
66.648430
73.324631
81.373680
90.701462
101.268608
112.853569
125.275871
138.207504
151.386169
164.446915
177.213531
189.314392
200.575531
210.822266
219.999878
228.021484
236.953094
240.934662
244.728790
248.317963
250.959305
252.971573
254.685944
255.892090
256.765106
257.597168
296.660431
259.158142
259.890808
261.184631
262.190033
263.469513
264.864319
266.508331
268.075958
270.524841
274.178741
273.296967
274.919586
276.580414
278.177063
279.819397
281.096954
282.507690
283.834961
285.079987
286.304657
287.389557
288.578217
289.737946
290.922821
292.150238
293.417664
294.765625
296.030823
297.451843
298.939484
300.155701
301.686554
303.282928
304.671082
306.193909
307.508331
308.939423
310.278076
311.552063
312.740784
313.733307
314.809875
315.727448
316.833923
317.501129
318.394531
319.222748
319.763275
320.694153
321.244659
322.019531
322.862732
323.608185
324.429779
325.208557
326.107819
326.946167
327.826843
328.604095
329.743408
330.503967
331.461761
332.342224
334.352692
334.348328
335.181183
336.230133
337.113922
338.233063
338.930084
339.964966
341.003296
341.799957
342.850769
343.559265
344.397156
345.249115
345.993927
346.483795
347.209137
347.560303
348.080536
348.514740
348.907928
348.941650
349.332092
349.341431
349.461639
349.565277
349.548706
349.381592
349.381134
349.212433
348.966400
348.861237
348.196198
347.769501
347.124603
346.263763
345.312958
344.027710
342.887543
341.402618
339.740753
338.030060
336.469055
334.419525
333.308380
332.348999
329.286896
327.520172
326.084900
324.866516
323.854187
323.079559
322.762604
323.079407
335.819275
326.203247
323.038849
323.396759
323.791962
324.371552
324.911224
325.439789
325.979218
326.307587
5458.026855
326.778442
326.591248
326.355774
326.063385
325.571747
325.113831
324.806641
324.523407
327.556000
337.873138
323.372986
322.362152
322.084747
321.869812
321.826385
321.791779
321.992889
322.209900
323.813354
323.159637
322.566162
322.545685
322.786407
322.607452
322.478241
322.380585
322.074524
321.875122
321.655334
321.227753
320.836884
320.535309
320.285767
320.197021
319.959656
319.946289
319.907501
320.026978
320.164124
320.278534
320.552551
320.743073
320.898651
321.266663
321.528137
321.632660
321.587891
321.776215
321.848267
321.841492
321.555695
321.538696
321.312592
321.032074
320.907898
320.681152
320.376587
320.160065
319.968170
319.640198
319.479370
319.406952
319.430084
319.447906

61.158867
43.894379
43.886810
43.903732
43.909451
43.912376
43.929794
43.937225
43.951878
43.966187
43.985622
44.009247
44.044750
44.063847
44.077946
44.116192
44.142380
44.156433
44.209526
44.236546
44.268112
44.322063
44.392288
44.412247
44.512630
44.575924
44.680412
44.836952
45.113262
45.521725
46.212830
47.292664
48.876579
51.129517
54.227993
58.369385
63.712128
70.409447
78.499519
88.118828
99.230690
111.660027
125.401260
140.146454
155.593735
171.581131
187.601746
203.501297
218.740067
233.263794
246.709534
259.054321
269.942169
279.373871
287.538574
294.132263
299.826019
304.194031
307.714539
310.372742
312.591370
314.100525
315.517792
316.471802
317.656158
318.542542
319.640533
320.789307
322.154724
323.525574
325.323700
327.026031
328.834534
330.778595
332.860931
334.789154
336.874359
338.719696
340.597473
342.624023
344.355438
346.122742
347.672760
349.359314
350.686798
352.302979
353.809296
355.337799
356.738434
358.387482
359.822205
361.185699
362.932465
364.531586
366.281616
367.880798
369.876251
371.443848
373.270325
375.044525
376.803802
378.483398
380.017853
381.522766
382.849182
384.426483
385.940094
386.937286
388.172302
389.254517
390.526031
391.496765
392.475067
393.428528
394.373993
395.309509
396.667023
397.688629
398.623230
399.967896
401.207123
402.318970
403.572174
404.763763
406.042419
407.347260
408.532623
410.129822
411.663910
412.574799
413.960510
415.136414
416.433167
417.920258
419.125946
420.577606
421.829987
423.248077
424.241882
425.911041
426.891785
427.962677
429.044434
430.182037
431.151001
431.701813
432.600739
433.330963
433.863617
434.532867
435.315735
435.638245
436.065735
436.899811
437.379303
438.014648
438.538269
439.245056
440.074524
440.875916
441.891418
442.690735
443.615845
444.397919
445.001740
445.572510
446.068542
446.544098
446.566772
446.726379
446.648529
446.664734
446.181976
445.733551
445.508240
445.230621
445.097809
445.022003
445.090973
445.253235
445.835388
446.256592
447.057831
447.850861
449.113007
450.102356
451.240479
452.277740
453.257263
454.324341
455.267548
455.959869
456.637085
456.881653
457.021271
456.964508
456.870789
456.546173
456.022308
455.643677
454.994934
454.713684
454.276184
453.867798
453.856598
453.799347
453.845215
453.913635
454.360718
454.531372
454.952637
455.477661
456.120422
456.544861
456.806458
457.485565
457.728394
458.167328
458.166229
458.435699
458.350708
458.466919
458.496613
458.388458
458.503632
458.423828
458.485046
458.570190
458.716797
458.931335
459.039642
459.269745
459.586823
459.977753
460.125488
460.161804
460.491699
460.625488
460.742828
460.564362
460.312439
460.371063
460.130341
459.630524
459.919556
459.664673
459.373291
458.696259
458.053925
457.524414
457.362793
456.845337
456.721832
456.494263
456.394623
456.113800
456.358185

63.838936
43.523079
43.517784
43.545090
43.560349
43.580334
43.602604
43.633762
43.671295
43.708855
43.761482
43.813885
43.882538
43.940308
43.982365
44.058891
44.129295
44.183895
44.280678
44.349705
44.425781
44.522247
44.636444
44.703979
44.851425
44.947155
45.102005
45.306484
45.624573
46.074284
46.806068
47.923725
49.543583
51.830116
54.957764
59.139565
64.523293
71.240196
79.361771
89.005806
100.147217
112.599190
126.371918
141.149460
156.632492
172.636887
188.675217
204.603012
219.862198
234.402618
247.851944
260.204742
271.120056
280.538513
288.719635
295.299927
301.016754
305.361786
308.875336
311.530151
313.734894
315.219696
316.607391
317.572418
318.681915
319.584656
320.688141
321.779144
323.114532
324.492950
326.243958
327.923676
329.715179
331.628265
333.675537
335.585449
337.654022
339.472748
341.346405
343.320770
345.039825
346.779205
348.316589
349.974457
351.291595
352.901428
354.393158
355.892548
357.273102
358.905396
360.333649
361.695770
363.415436
365.015350
366.758759
368.338226
370.311798
371.886017
373.694672
375.472046
377.227692
378.900452
380.445618
381.959503
383.282745
384.867004
386.390900
387.387482
388.641083
389.712616
390.999146
391.980835
392.967133
393.924316
394.895050
395.842072
397.193909
398.214050
399.173401
400.529114
401.788574
402.889252
404.148346
405.376617
406.647888
407.985779
409.171783
410.799988
412.356628
413.275299
414.683044
415.884827
417.214752
418.722931
419.939056
421.407867
422.699341
424.140991
425.152618
426.832428
427.841278
428.929230
430.024994
431.186432
432.161682
432.730042
433.663452
434.402527
434.956360
435.672119
436.475311
436.820007
437.278076
438.141602
438.640656
439.320221
439.869812
440.611237
441.440552
442.290527
443.324707
444.134705
445.093658
445.900787
446.528290
447.123383
447.628326
448.134003
448.143982
448.344055
448.269684
448.289673
447.837524
447.400726
447.178497
446.920593
446.799164
446.732666
446.822815
446.991669
447.595001
447.999664
448.826660
449.623322
450.882233
451.868713
453.017975
454.042877
455.024719
456.074951
457.042145
457.713348
458.334625
458.618256
458.739410
458.676727
458.542725
458.214050
457.665405
457.280792
456.599121
456.286530
455.840118
455.397766
455.361786
455.295715
455.322052
455.363525
455.784271
455.933563
456.323059
456.816589
457.469604
457.862976
458.109497
458.782654
458.986389
459.419556
459.396881
459.633881
459.530457
459.638702
459.662231
459.532074
459.604797
459.527527
459.562592
459.614014
459.779602
459.957855
460.054474
460.259735
460.581573
460.965729
461.105286
461.125519
461.447906
461.578491
461.682373
461.520325
461.262817
461.314545
461.075775
460.567505
460.858917
460.598694
460.314728
459.621948
458.985077
458.445282
458.286469
457.739899
457.608795
457.389771
457.285889
457.015167
457.257996

65.231606
43.800285
43.790756
43.795616
43.813587
43.833740
43.838169
43.842342
43.848267
43.903919
43.980865
43.901592
43.917526
43.931129
43.946224
43.974106
44.017551
44.024662
44.067741
44.110352
44.158195
44.229664
44.296936
44.364613
44.439648
44.529503
44.648949
44.757607
44.944962
45.283318
45.780968
46.637081
47.860516
49.743046
52.335442
55.867359
60.492653
66.372704
73.597954
82.193192
92.235992
103.513397
116.101524
129.593140
143.910355
158.580902
173.413620
188.068680
202.220612
215.764816
228.033508
239.327118
249.326141
257.954742
265.311584
271.609344
276.468811
280.471771
283.450928
285.904816
287.747711
289.169342
290.252594
291.377930
292.189453
293.227722
294.359650
295.595032
296.934692
298.509949
300.379028
302.216095
304.115784
306.291199
308.304962
310.404755
312.509796
314.626404
316.542236
318.487640
320.366547
322.178619
323.947968
325.688629
327.219788
329.057007
330.187653
331.776672
333.282135
334.739899
336.313049
338.012756
339.580933
341.325012
343.088196
344.662659
346.500000
348.428650
350.199738
351.775696
353.510468
355.155975
356.705414
358.311310
359.653107
361.097412
362.486603
363.692017
364.541718
365.751678
366.765869
367.686066
368.641418
369.622131
370.379120
371.370605
372.479218
373.496643
374.516388
375.458130
376.485443
377.815338
378.772919
380.140930
381.099091
382.328949
383.478607
384.651764
388.172150
386.980865
388.376801
389.396393
390.658264
391.802887
393.009125
394.186035
395.452667
396.506683
397.704498
398.762390
399.828278
401.019989
401.691193
402.468414
403.388550
403.979462
404.899078
405.323425
405.679504
406.145020
406.576996
406.830811
407.511200
407.827454
408.271057
408.656555
409.195709
409.919189
410.638702
411.240845
412.096832
412.857452
413.545776
414.191833
414.528046
415.111084
415.582703
415.824219
415.791260
415.732758
415.591095
415.251465
415.044708
414.267822
414.154968
413.624023
413.374329
413.049011
412.896027
413.044159
413.311066
413.716644
414.197815
415.026093
415.695404
416.691315
417.832886
418.795074
419.563324
420.498016
420.984497
421.587799
422.012909
421.930298
422.460846
421.941742
421.763153
421.086334
420.629517
420.059845
419.389862
419.111145
418.270844
418.203918
417.717712
417.512177
417.777740
417.781219
417.679932
418.045441
418.336304
418.427429
418.847229
419.195068
419.364838
419.408020
419.635651
419.550293
419.514801
419.141754
418.946075
418.569122
418.341095
418.036743
417.922516
417.657104
417.560181
417.560242
417.512207
417.657318
417.757690
418.135132
418.462067
418.986969
419.117218
419.588623
420.112762
420.311737
420.487457
420.930328
420.973877
420.973541
420.948853
420.966675
420.928589
420.304596
420.220398
419.729279
419.664215
418.923859
418.717712
418.562775
418.021118
417.933716
417.812653
417.778076
417.368164

65.903671
43.607143
43.600693
43.606548
43.630131
43.652607
43.659252
43.666191
43.677868
43.741974
43.825684
43.752003
43.773186
43.797142
43.818867
43.850239
43.908211
43.922089
43.972630
44.029835
44.081387
44.162395
44.240253
44.318481
44.397366
44.498562
44.626884
44.739117
44.936779
45.280087
45.786816
46.646942
47.878662
49.765213
52.360062
55.893753
60.527069
66.410095
73.631927
82.238121
92.280602
103.554100
116.142776
129.641693
143.959534
158.620300
173.458679
188.111603
202.256027
215.813065
228.076599
239.365219
249.353470
257.985382
265.335358
271.638062
276.493866
280.498444
283.468567
285.926544
287.760376
289.184204
290.270325
291.393982
292.224945
293.242462
294.381165
295.624420
296.954895
298.537964
300.422455
302.260284
304.160370
306.349182
308.369934
310.475555
312.600281
314.711395
316.638733
318.584320
320.486969
322.311462
324.083954
325.836884
327.364838
329.223602
330.370392
331.956543
333.480133
334.941040
336.533661
338.230652
339.816650
341.556152
343.336365
344.928650
346.771362
348.698517
350.472107
352.050720
353.783966
355.438965
356.993103
358.593994
359.937805
361.379608
362.771820
363.970764
364.823029
366.015259
367.032593
367.943390
368.875153
369.859589
370.592560
371.582825
372.669922
373.674072
374.687866
375.605133
376.631714
377.938690
378.875641
380.237610
381.174164
382.381958
383.518188
384.677582
388.478424
386.984467
388.365082
389.370667
390.609528
391.746887
392.938202
394.097870
395.356323
396.401001
397.590057
398.650269
399.698395
400.891022
401.554626
402.334808
403.243439
403.840637
404.758148
405.186371
405.552612
406.022125
406.456543
406.713837
407.397003
407.734161
408.177032
408.571960
409.131836
409.869202
410.612122
411.218140
412.089600
412.876862
413.567474
414.240967
414.598083
415.189026
415.684967
415.942078
415.919250
415.875702
415.768982
415.449585
415.245270
414.496887
414.409515
413.882965
413.639313
413.347748
413.181946
413.347992
413.620544
414.039917
414.528198
415.379974
416.037445
417.046844
418.186554
419.169769
419.925110
420.861237
421.343109
421.954285
422.376099
422.288147
422.817291
422.299988
422.113373
421.425079
420.958008
420.387604
419.714264
419.413605
418.579468
418.490448
418.001465
417.780884
418.035858
418.036194
417.918915
418.274536
418.556580
418.645660
419.052734
419.392914
419.553345
419.573792
419.799255
419.702545
419.666870
419.282013
419.079163
418.711731
418.470734
418.174286
418.049194
417.787415
417.689209
417.680847
417.622375
417.778931
417.871399
418.268799
418.587341
419.114227
419.253754
419.726044
420.247650
420.450592
420.643677
421.085571
421.140686
421.129120
421.110901
421.136383
421.094513
420.481659
420.403839
419.925201
419.852142
419.127014
418.920288
418.772308
418.219116
418.129883
418.009888
417.989960
417.591064

