255.299026
173.341934
173.868637
174.385666
175.329178
176.514771
177.920776
179.465302
181.503021
183.811447
185.775513
188.058044
190.770447
193.674103
196.559647
199.667374
203.078949
206.459839
209.661743
213.386749
217.211868
220.567947
224.302307
228.405563
232.141983
235.613663
239.517731
243.736954
247.241302
250.809402
254.206177
257.877594
261.173920
264.713165
267.898651
271.136108
273.993744
276.798645
279.847717
282.214020
284.707184
287.207886
289.475067
291.226379
293.479828
295.339691
296.638580
298.171204
299.677063
300.893341
301.759460
302.884094
303.731354
304.331696
305.511566
305.562012
306.296021
306.885986
307.267242
307.021729
307.525513
307.640137
307.394958
307.573059
307.298828
307.340576
306.798218
307.168121
306.781891
306.413208
306.278320
306.005707
305.672272
305.446991
305.308197
305.104187
304.757080
304.618713
304.101715
304.260468
304.051636
303.699921
303.978699
303.742920
303.475433
303.972076
303.470917
303.563232
303.478912
303.238495
303.543640
303.573425
303.852386
304.229065
304.089325
304.604523
304.948975
304.747894
304.962006
305.406158
305.940918
306.214630
306.379242
306.859619
307.311188
307.683716
307.929169
308.154633
308.737274
309.284088
309.263947
309.665314
310.000061
310.593384
310.540741
310.904144
310.852783
311.427460
311.733612
312.163391
312.380951
312.561890
312.253204
312.769562
312.764221
312.627991
312.410553
312.966644
312.995483
312.548492
313.042999
312.756805
312.403870
312.501831
312.425201
312.861969
312.056305
312.431274
311.975311
311.511505
311.260925
311.179077
310.808624
310.614563
310.759064
310.339386
309.943604
309.386444
309.551544
309.555206
309.157166
308.774536
308.794891
308.814301
308.454102
308.124664
307.541840
307.269318
307.871277
307.385834
307.415344
307.773682
307.082001
306.824158
306.691711
307.377258
307.237335
307.012451
307.229370
307.565887
307.379822
307.460693
307.354980
307.825073
308.106842
308.384613
307.821472
308.441620
308.768768
309.154572
309.280914
309.577698
310.102661
310.398346
310.720276
310.902435
311.248718
311.567047
311.712524
312.288696
312.746643
313.117615
313.460022
314.067291
314.178680
314.221039
314.668915
314.967041
315.127472
315.629761
315.777588
315.561523
316.215973
316.233856
316.508148
316.437378
317.148560
316.962158
316.995422
316.857880
317.138000
317.385162
317.013397
317.267578
317.204620
317.234833
316.983490
316.793579
316.981781
316.904114
316.213440
316.256989
316.426941
316.376923
315.867218
316.011536
315.484375
314.921539
314.958984
314.744446
314.458496
313.776123
314.105011
313.586182
313.411255
313.156158
312.895844
312.810181
312.233948
312.193878
311.591217
311.685303
311.021240
310.911041
311.105865
310.921021
311.105988
310.735687
310.707489
310.616791
310.805298
310.420288
310.349945
310.488922
310.387604
310.544861
310.295135
310.732574
310.708282
310.613037
310.861633
310.932007
311.268646
311.518188
311.774078
312.053680
312.134125
312.761047
312.585632
312.222870
313.088928
313.120819
313.671173
314.008118
313.927368
314.606232
314.759491
315.051147
315.432648
315.616730
316.234894
316.259857
316.960388
317.143646
317.237122
317.651489
318.130127
317.681976
318.032928
318.500702
318.368256
318.831726
318.767883
319.009735
319.338043
318.955231
319.243958
319.053009
319.692230
319.258759
319.275330
319.427094
319.423309
319.280609
318.817139
318.902252
319.028931
318.677612
318.692963
318.316620
318.396423
318.107574
318.069763
317.794281
318.031921
317.303864
317.070709
317.167450
316.921570
316.585968
316.378998
315.946167
315.653168
315.730072
315.668365
315.348480
315.060638
315.207245
314.870026
314.694458
314.480194
314.503510
314.787231
314.554657
314.348053
314.403778
314.531464
314.364166
313.912201
314.127777
314.260559
314.061707
314.132874
314.583191
314.898376
315.155121
315.304291
315.219666
315.113647
315.674347
316.070801
316.050446
316.228668
316.152588
316.704071
317.010345
316.918152
317.586487
317.535461
318.308533
318.343964
318.818237
319.181671
319.261932
319.735046
319.858795
320.312561
320.458374
320.879272
321.243622
321.383331
321.397400
321.933197
321.918884
322.112854
322.394379
322.824158
322.603210
322.545563
323.492981
323.401764
323.377411
323.735565
323.354095
323.054596
323.476959
323.307251
323.567932
323.107117
323.110046
323.133423
323.120789
323.125977
322.824158
322.535583
322.691498
322.496613
322.529327
322.447968
322.073425
322.162567
322.047150
321.839447
321.541107
321.246460
320.995117
320.802155
320.777313
320.608429
320.439026
320.251068
319.890320
320.069977
319.699707
319.715057
319.094025
319.256378
319.557281
319.111053
319.391418
318.883484
319.003357
318.702789
318.554535
318.568665
318.653839
318.463715
318.801636
319.100372
319.172150
318.964783
319.115448
319.142517
319.594727
319.810760
319.574554
319.974396
320.017609
320.377869
320.790405
320.435394
320.956848
321.473145
321.612823
321.779968
321.980927
322.405243
322.466553
323.267151
323.194794
323.481598
323.948273
324.019897
324.499664
324.277710
325.071198
325.373688
325.367676
325.696716
325.945740
326.132019
326.463257
326.381409
326.628052
326.698700
326.967285
326.910309
327.341125
327.133392
327.544861
327.558838
327.785370
327.660706
327.517548
327.573334
327.785828
327.647247
327.662476
327.658905
327.481934
327.330902
327.259888
327.735352
327.179596
326.906982
327.170441
326.555573
326.481415
326.347046
326.125885
326.019714
325.745850
326.232849
325.616882
325.564667
325.416748
325.316528
324.779572
324.917053
325.142303
324.306488
324.702667
324.787476
324.355408
324.355347
324.226471
324.206940
324.337708
324.400757
324.032074
324.530487
324.649170
324.702393
324.819580
324.588165
324.773285
324.912354
325.513855
325.076996
325.798218
326.349945
326.318970
326.676361
326.923096
326.961792
327.621582
327.920990
327.444366
328.431641
328.654114
329.270935
329.507385
330.166351
329.786896
330.923279
330.984497
331.368927
331.752289
332.186920
332.401276
332.720490
332.885071
333.457977
334.243805
334.485504
334.340698
335.173218
335.429016
335.381958
335.435760
336.228455
336.387146
336.307098
336.371979
336.746490
336.778046
337.066498
337.142029
337.076508
337.473358
337.213684
337.276367
337.688202
337.104309
337.332306
337.590546
337.529846
337.326447
337.162384
336.727600
337.101532
336.758270
336.703278
336.493713
336.456238
336.361908
336.248413
336.146576
335.507904
335.656219
334.981720
335.304779
335.152100
335.705627
335.096588
334.664948
334.468170
334.365234
333.974854
334.405090
334.296173
333.716156
333.668213
333.982666
333.906708
333.530518
334.076019
333.866608
334.297089
334.033142
334.083191
334.712555
334.248505
334.489044
334.817322
334.909698
335.118195
335.266754
335.741089
336.182526
336.247528
336.292419
336.955902
337.447357
337.064514
338.358521
338.439545
338.877869
339.427368
339.740631
339.664246
340.352020
340.598022
340.936798
341.652466
342.081909
342.625732
342.891479
343.156067
343.612915
343.901886
344.395782
344.521240
345.044525
345.279205
345.827942
346.136383
346.636719
346.521912
346.740509
346.700500
347.136749
347.277100
347.484161
347.368195
347.738739
347.845459
347.916412
347.962341
347.724243
348.120667
348.183105
347.863800
348.168121
347.666199
347.891541
347.678223
347.269379
346.950623
347.444611
347.257782
346.955780
346.624451
346.188751
346.639496
345.719971
345.563965
345.244385
345.167328
344.705872
344.464264
344.056610
344.300842
343.850159
343.598267
343.173828
343.322937
342.522400
342.695160
342.788055
342.980865
342.429199
342.035553
342.020416
342.003204
342.147369
342.027832
341.768616
341.834991
341.639709
341.786163
341.992157
341.956665
342.107147
342.402130
342.411957
342.855530
342.556915
342.759705
343.254639
343.170898
343.086823
344.080414
344.203003
344.258026
344.318359
345.018463
345.119904
345.669525
345.522644
346.253540
346.309326
346.914001
347.018982
347.177826
347.676453
347.991302
348.380585
348.469299
349.092041
348.883026
349.432739
349.802155
349.978271
350.244141
350.742371
351.089111
350.986908
350.655823
351.237488
351.258972
351.618408
351.419617
351.456970
351.618164
351.998749
351.610382
351.634674
351.692505
351.117767
351.906464
351.588959
350.941528
350.968689
351.219818
350.818207
350.782593
350.461151
350.311493
349.744354
349.589508
350.109680
350.052521
349.637939
349.319305
348.993866
348.884247
348.479858
348.271851
348.228516
347.901337
347.872711
347.522461
347.313599
347.783905
346.884888
347.117889
346.980927
347.369324
346.917267
346.646942
346.687561
346.609100
346.703064
346.420990
346.338501
346.514191
346.393890
346.520935
346.421631
346.932312
347.166809
346.269958
346.921783
346.988708
347.759277
347.321960
347.843628
347.947968
347.896118
348.180023
348.469360
348.497437
348.596252
348.537933
349.238831
349.510071
349.694275
349.751892
350.463959
350.340546
350.603119
350.948914
351.604858
351.100952
351.710907
351.784180
351.883331
351.826416
352.269348
352.143341
352.449768
352.138550
352.263336
352.729279
352.921875
353.144531
352.272919
352.119263
352.244995
352.472015
352.314117
352.304810
352.488861
352.208710
351.803619
352.196838
351.667084
351.569366
351.070801
350.683716
350.811768
350.352081
350.429230
349.770386
350.003265
349.483704
348.792572
349.167114
348.639954
348.311951
348.261993
347.886169
347.714447
347.796295
347.316986
347.151855
347.292236
346.683197
347.027557
346.490814
346.654449
346.316101
346.282410
346.064941
345.736542
346.142273
346.329407
345.683014
345.986420
345.717834
346.030548
346.178467
345.894653
345.905029
346.148438
346.015167
346.288635
346.609070
346.819580
346.649414
347.546417
347.827759
347.498352
347.750671
348.101379
348.187347
348.516449
348.839813
349.018982
348.958160
349.150726
349.612427
349.738739
350.377167
350.578583
350.576721
350.503113
350.443420
351.009277
350.721558
350.759644
351.366638
350.856018
351.304718
351.156036
351.294067
351.301483
351.049561
350.914429
350.764862
351.130737
350.700134
350.362549
350.331268
350.442413
350.056488
349.506805
349.628967
349.358154
349.000732
348.855957
348.301636
348.269592
348.063110
347.538086
347.412659
346.994690
346.920441
346.464081
345.940643
346.391296
345.542023
345.374817
345.309662
344.760101
344.896027
344.570526
344.256805
344.586060
344.228424
344.249420
344.098175
344.288849
344.200409
344.454376
344.387177
344.704803
345.198914
345.162537
345.135132
345.974945
345.645660
346.010071
345.976471
346.393005
346.959290
347.829346
348.078827
347.832977
348.062256
348.957703
349.437988
349.524353
349.990265
350.343811
350.669189
350.985321
350.919891
351.711151
351.687225
351.922913
352.231567
352.102173
351.921265
352.060822
351.792572
350.939819
350.792572
350.691833
349.602814
349.307190
347.687683
347.065125
345.604340
344.551605
342.698547
341.388672
339.824005
337.720398
335.665833
333.482178
331.423157
328.042389
325.741333
322.268829
319.614136
316.082550
313.183105
309.161194
305.438416
301.833679
298.072693
293.886292
289.534546
285.579529
281.449646
276.758057
272.377014
267.796753
263.224701
258.777893
254.578201
250.248108
245.515549
241.362091
237.297638
233.567978
229.215897
225.245316
221.814178
218.291290
215.066574
211.785751
208.943069
206.496857
203.849930
201.513565
199.610825
198.271332
196.885117
195.657898
194.932602
194.403900
194.528473

249.913544
173.563507
174.087326
174.634613
175.568146
176.767090
178.190552
179.697678
181.770676
184.082306
186.050919
188.339050
191.036438
193.957077
196.872864
199.969986
203.409836
206.764404
210.013809
213.708313
217.568558
220.925842
224.704742
228.791733
232.532898
236.020691
239.941452
244.186020
247.678543
251.278854
254.676758
258.367310
261.710724
265.233643
268.433655
271.712555
274.580841
277.377258
280.479034
282.832825
285.352386
287.843964
290.143799
291.895508
294.149261
296.056763
297.390381
298.901794
300.434906
301.641357
302.528076
303.672424
304.541931
305.140656
306.328247
306.395477
307.141846
307.788086
308.135345
307.880249
308.432159
308.533234
308.322205
308.488220
308.199310
308.261902
307.688751
308.077972
307.690613
307.340729
307.214386
306.958588
306.607971
306.387390
306.236969
306.006104
305.653687
305.551331
305.011841
305.155273
304.976776
304.609772
304.850067
304.620239
304.333130
304.848785
304.340088
304.394958
304.332214
304.068085
304.346497
304.343628
304.633057
304.990509
304.842072
305.331024
305.635437
305.437012
305.633209
306.068970
306.595032
306.799408
306.980164
307.441956
307.872772
308.224274
308.443298
308.643616
309.183075
309.740021
309.679260
310.073364
310.398071
310.978699
310.851501
311.203003
311.145447
311.676544
311.973694
312.394073
312.594513
312.726776
312.410004
312.894135
312.901703
312.716858
312.500854
312.980713
312.998260
312.525391
313.020966
312.698029
312.316864
312.421112
312.320007
312.730042
311.904602
312.245117
311.789551
311.289886
311.021698
310.930359
310.553345
310.347046
310.456390
310.032379
309.590118
309.048126
309.203827
309.174683
308.780396
308.382904
308.408295
308.416748
308.018707
307.697052
307.104065
306.823517
307.408203
306.921387
306.941681
307.318298
306.605042
306.385712
306.205170
306.898407
306.764801
306.559723
306.740326
307.097961
306.901398
307.001343
306.887695
307.359436
307.641693
307.909882
307.370972
307.982727
308.358795
308.726471
308.857025
309.161774
309.677246
310.021362
310.354584
310.550690
310.904480
311.217712
311.381897
311.957123
312.448517
312.838257
313.156616
313.784149
313.889404
313.958649
314.444061
314.737823
314.943329
315.426697
315.598938
315.421539
316.064972
316.076294
316.403381
316.321991
317.064453
316.882080
316.926392
316.806458
317.062897
317.366486
317.030853
317.266327
317.275391
317.297791
317.039948
316.854309
317.065796
317.027649
316.330811
316.399658
316.552063
316.563843
316.024170
316.174225
315.674683
315.150421
315.140167
315.017670
314.717163
314.011993
314.376709
313.861755
313.721802
313.507080
313.229126
313.140106
312.590302
312.576874
311.986877
312.067322
311.444366
311.361511
311.514801
311.344025
311.596252
311.176025
311.129974
311.071960
311.324554
310.897705
310.836792
310.991669
310.888367
311.059570
310.832886
311.242859
311.235840
311.156281
311.396545
311.493408
311.803589
312.088531
312.349152
312.660095
312.711456
313.374237
313.210052
312.862732
313.704681
313.773529
314.321106
314.652588
314.563782
315.240601
315.451172
315.724335
316.088593
316.295654
316.931183
316.998047
317.632690
317.871735
317.944702
318.335358
318.856232
318.422058
318.770111
319.242249
319.113708
319.581940
319.504974
319.801971
320.124634
319.753357
320.033478
319.852081
320.478271
320.131531
320.079987
320.278351
320.233826
320.134918
319.692566
319.747620
319.906342
319.574799
319.591888
319.207947
319.292786
318.980347
318.961151
318.676208
318.941315
318.256500
318.004608
318.127777
317.889679
317.557220
317.383392
316.940765
316.642395
316.698761
316.678162
316.319183
316.055939
316.207916
315.921265
315.678650
315.505829
315.538605
315.811462
315.578491
315.379547
315.468414
315.609070
315.416718
314.963928
315.207062
315.351074
315.155823
315.240997
315.621216
315.976807
316.268097
316.385559
316.304138
316.242828
316.746765
317.207245
317.128815
317.313019
317.257111
317.813263
318.080505
317.965790
318.679382
318.645111
319.375244
319.447296
319.874908
320.232147
320.329803
320.845093
320.879913
321.363373
321.480255
321.916565
322.248566
322.402039
322.421936
322.887207
322.906189
323.053192
323.372314
323.791595
323.554474
323.452972
324.407837
324.303619
324.306702
324.614319
324.224030
323.899475
324.356812
324.161255
324.406250
323.946930
323.909149
323.951019
323.894043
323.850922
323.575745
323.234985
323.346741
323.209106
323.208557
323.079956
322.687012
322.795227
322.647980
322.432098
322.166992
321.775055
321.579865
321.376495
321.285339
321.119263
320.912170
320.736969
320.374298
320.518158
320.113312
320.129547
319.474640
319.659149
319.912567
319.439545
319.714386
319.211029
319.341919
318.998901
318.832855
318.850952
318.917877
318.708618
319.040955
319.282196
319.356445
319.184021
319.335297
319.312561
319.754700
319.965820
319.738678
320.112671
320.117767
320.484344
320.917664
320.571991
321.039856
321.562988
321.663666
321.858856
322.086243
322.481079
322.530304
323.315125
323.243866
323.561981
324.012299
324.037689
324.533478
324.302032
325.080475
325.420135
325.404510
325.681702
325.964203
326.111786
326.480194
326.352112
326.628113
326.704346
326.955933
326.899628
327.366577
327.113800
327.558075
327.530548
327.779205
327.635986
327.488678
327.588409
327.784058
327.677521
327.717072
327.681335
327.474548
327.336884
327.282288
327.756012
327.187592
326.919464
327.209717
326.565491
326.514008
326.394379
326.162354
326.074707
325.778564
326.264374
325.668793
325.606018
325.425385
325.344391
324.816162
324.971558
325.195099
324.320953
324.765320
324.834930
324.405884
324.399078
324.283417
324.272491
324.415649
324.428833
324.087982
324.591644
324.685394
324.688904
324.890472
324.625061
324.821350
324.956268
325.563202
325.094757
325.841217
326.391388
326.364746
326.710266
326.951233
326.990509
327.645538
327.938263
327.481018
328.448090
328.681091
329.308716
329.515839
330.182983
329.817596
330.933746
331.006622
331.396332
331.783661
332.187317
332.415863
332.732300
332.867157
333.447510
334.234039
334.462891
334.321167
335.134186
335.405426
335.331726
335.388428
336.189667
336.336334
336.238281
336.306854
336.685394
336.723877
337.017517
337.072784
337.018280
337.385529
337.149536
337.180267
337.607849
337.026672
337.240326
337.501740
337.429962
337.203339
337.050751
336.624847
336.981506
336.658356
336.583679
336.375793
336.355133
336.240082
336.143707
336.008789
335.377502
335.535522
334.864471
335.169952
335.034851
335.614716
334.984161
334.538086
334.338531
334.237854
333.854187
334.271179
334.190826
333.607269
333.547760
333.852875
333.802338
333.437256
333.956329
333.749420
334.176575
333.970764
334.019135
334.614258
334.152252
334.374908
334.749176
334.831268
335.040802
335.195038
335.654999
336.116699
336.205841
336.254913
336.889130
337.425781
337.042419
338.326111
338.403412
338.842834
339.397949
339.742676
339.669220
340.345886
340.575073
340.906891
341.656677
342.094574
342.632996
342.918365
343.216064
343.657013
343.966339
344.466461
344.597809
345.103180
345.384399
345.939270
346.232971
346.716064
346.601349
346.865997
346.830750
347.280151
347.450165
347.618866
347.520874
347.859894
348.007202
348.090546
348.120605
347.941162
348.302826
348.382446
348.056061
348.350281
347.809143
348.084534
347.865967
347.451904
347.197205
347.668060
347.487854
347.214874
346.878815
346.434479
346.905701
345.974426
345.821869
345.465088
345.462677
344.951630
344.701263
344.281982
344.543060
344.087433
343.888092
343.419800
343.627045
342.787933
343.003448
343.075562
343.285339
342.754639
342.341278
342.330414
342.295044
342.444519
342.308746
342.023468
342.160950
341.920868
342.091278
342.277893
342.254028
342.388977
342.695953
342.713348
343.176208
342.837097
343.011902
343.564117
343.462341
343.357727
344.349579
344.497009
344.528473
344.651764
345.297943
345.398071
345.912994
345.823669
346.557068
346.612610
347.202393
347.303864
347.425201
347.930328
348.310883
348.655914
348.767456
349.345123
349.122406
349.680511
350.056671
350.248383
350.484741
350.981598
351.347473
351.227661
350.900940
351.501434
351.484955
351.873016
351.675476
351.673462
351.875763
352.255096
351.857361
351.871185
351.926849
351.356110
352.163483
351.814972
351.137115
351.148102
351.440552
351.064575
350.976562
350.670685
350.484802
349.992889
349.829956
350.319824
350.240417
349.863220
349.536133
349.189728
349.051758
348.696198
348.445007
348.422638
348.072052
348.024200
347.737762
347.492828
347.997314
347.040222
347.264099
347.130005
347.524414
347.063416
346.779846
346.832428
346.786652
346.864532
346.565582
346.476379
346.647339
346.531464
346.682678
346.530487
347.061646
347.306641
346.404663
347.058258
347.093506
347.867798
347.435425
347.950439
348.067627
348.009888
348.303284
348.537140
348.580994
348.694214
348.655182
349.331696
349.611115
349.800232
349.810333
350.546234
350.392822
350.682556
351.005463
351.676910
351.182983
351.746246
351.829254
351.962250
351.902710
352.300720
352.186310
352.468536
352.172760
352.303101
352.774872
352.927582
353.139923
352.304565
352.125244
352.251099
352.485992
352.326172
352.310425
352.504883
352.191833
351.804199
352.173309
351.646820
351.547852
351.060211
350.660736
350.801270
350.317261
350.378204
349.749268
349.956085
349.444061
348.738770
349.136871
348.566254
348.243469
348.204010
347.824158
347.647125
347.696198
347.247253
347.088531
347.201782
346.600494
346.926544
346.390991
346.535583
346.217194
346.190704
345.952209
345.614838
345.992920
346.204956
345.560120
345.856384
345.613159
345.894135
346.063751
345.779785
345.773987
346.001648
345.889496
346.141724
346.494324
346.698059
346.464905
347.391327
347.674988
347.364227
347.593506
347.936188
347.997284
348.371307
348.682861
348.867920
348.816589
348.994873
349.458496
349.590668
350.212067
350.400940
350.410675
350.340912
350.287750
350.813110
350.571381
350.581390
351.205475
350.678345
351.124146
350.985992
351.131012
351.139374
350.871918
350.758728
350.614532
350.922729
350.517670
350.221405
350.160431
350.267212
349.926453
349.341125
349.483124
349.205475
348.866211
348.704956
348.162689
348.139801
347.907745
347.422455
347.296234
346.876343
346.784332
346.359772
345.851166
346.280945
345.419861
345.291168
345.223877
344.674286
344.817200
344.490265
344.189117
344.515808
344.161987
344.225433
344.024048
344.272614
344.151978
344.424988
344.368866
344.687347
345.180481
345.130646
345.130280
345.956512
345.652802
346.031677
345.973297
346.398407
346.991638
347.847107
348.109100
347.893799
348.112305
349.038666
349.509460
349.583008
350.084625
350.445892
350.785217
351.075806
351.049316
351.837921
351.799622
352.039154
352.382324
352.288605
352.061890
352.223114
351.958832
351.089294
350.977234
350.860504
349.776276
349.531586
347.867004
347.274780
345.826538
344.756134
342.921783
341.625824
340.081696
337.969543
335.937927
333.781982
331.689575
328.326935
326.035736
322.557953
319.914551
316.381836
313.509674
309.473816
305.764893
302.164185
298.420074
294.201538
289.895844
285.902985
281.808441
277.087891
272.732300
268.143738
263.596863
259.166107
254.961761
250.644608
245.902252
241.760681
237.712723
233.966400
229.622406
225.675034
222.236801
218.714691
215.477844
212.186386
209.370422
206.908752
204.282578
201.951324
200.009766
198.692291
197.315231
196.083786
195.357925
194.853668
195.118576

203.401764
185.282394
185.551865
186.141541
187.191559
188.355774
189.731750
191.481339
193.488205
195.859833
197.941284
200.545181
203.764679
206.472458
209.845551
213.459137
216.595978
220.099899
223.958496
227.958313
231.703339
235.523819
239.912933
243.873672
247.551193
251.787598
255.997101
260.093079
264.076324
267.932251
271.450348
275.232635
278.918701
282.311737
285.749176
289.134796
292.006165
295.415680
298.398712
300.451050
303.479431
306.346741
308.458618
310.331970
312.408020
314.657043
316.010498
317.797516
318.820892
320.309753
321.653717
322.733124
323.730499
323.776001
324.922607
325.617615
325.802155
326.343811
326.411499
326.679565
326.977386
326.643768
326.719910
326.834808
327.003998
326.462189
326.131989
325.611359
325.821991
325.531219
324.586914
324.475006
324.429047
323.985291
323.450531
323.014679
322.768127
322.714264
322.261414
321.856506
321.980804
321.450958
321.251953
321.156311
321.051483
320.898102
320.937775
320.920410
321.213654
320.603973
320.827148
321.005280
320.862854
321.274963
321.349701
321.382172
321.516479
321.797241
321.990540
322.112366
322.855011
322.710541
323.299652
323.349396
323.595703
324.186920
324.529510
324.820831
324.698761
325.065063
325.641998
325.643250
326.699158
326.523376
326.331970
327.182465
327.769867
327.714783
328.060638
327.937531
327.919098
328.327423
328.135529
328.511322
328.417755
328.777618
328.646088
328.742126
328.484314
328.369965
328.395264
328.245026
328.117157
328.119537
328.192627
327.769653
327.819702
327.456329
327.321930
326.605133
326.301575
326.295502
326.062988
325.556610
325.408478
324.995850
324.424347
324.227234
324.069458
323.619019
323.035004
323.105103
322.841705
322.271881
322.025726
321.734558
321.080811
321.675964
321.388977
321.189911
320.940216
320.911255
320.829987
320.464813
320.341980
320.466370
320.700073
320.169220
320.298859
320.192352
320.929840
320.759918
320.977020
320.935516
321.235138
320.834747
321.621918
321.522675
321.712311
322.083374
322.319458
322.656860
323.076874
323.233459
323.516357
323.932709
324.079498
324.331451
324.846344
325.404175
325.309357
325.825378
325.788055
326.499420
326.061249
326.963165
327.186005
326.952820
327.818817
327.740234
328.149231
328.333862
328.655579
328.498596
328.489685
328.881622
328.923737
329.234619
329.180359
328.553680
329.147705
329.338196
329.348328
328.904053
329.150879
329.229950
328.473969
328.557831
328.494507
328.463989
328.141449
327.553406
327.618134
327.326233
327.130066
326.529419
326.378052
325.994232
325.910797
325.532501
325.105835
324.889008
324.611877
323.939484
324.182495
323.937866
323.647766
323.422485
322.951263
322.822083
322.493195
322.256561
321.941132
321.752319
321.367004
320.978546
320.832031
320.987061
320.469482
320.548828
320.376648
320.313507
320.426117
320.045258
319.994537
320.411530
320.244324
320.085815
320.004639
320.593658
320.181610
320.755341
320.958374
320.900482
320.867828
321.416534
321.188843
321.690369
321.935852
322.261841
322.501129
322.152588
323.348175
323.094727
323.069153
323.802307
323.976532
324.307617
324.816895
324.612976
324.884827
325.403473
325.284119
325.122467
326.203247
326.404266
326.120392
326.308899
326.688599
326.724335
327.147339
327.350189
327.227570
327.164581
327.404572
327.632660
327.545837
327.429474
327.674225
327.509705
327.782410
327.074677
327.275543
327.052155
327.062836
327.059296
327.056946
326.587433
326.897827
326.426544
326.627411
325.838806
325.739288
325.366638
325.144958
324.677917
324.663849
324.350433
324.249512
324.056030
323.362213
323.765991
323.012848
323.078156
323.012817
322.878967
322.751770
322.513733
322.099609
322.245056
321.650696
321.612213
321.658020
321.429413
321.200104
321.318756
321.088440
320.970703
321.308807
321.071564
321.499695
321.274780
320.758026
321.263275
321.188416
321.516937
321.279724
321.462616
321.984558
321.645569
322.526855
322.231873
322.311554
322.567505
323.011169
323.754944
323.687378
323.383087
323.457520
324.387939
324.329742
325.086823
325.025787
324.693939
325.655792
325.829285
325.979401
326.374054
326.617798
326.640106
326.842987
327.330627
327.626892
327.297760
327.508270
327.712799
328.034332
327.797760
327.860901
328.379150
328.321777
328.553314
328.433441
328.536346
328.497009
328.723846
328.655487
328.402863
328.294281
328.672241
328.435791
328.086792
328.272583
327.780365
328.231415
327.655762
327.694397
327.631653
326.796234
327.161438
326.705963
326.672638
326.450104
326.002686
326.337494
325.745819
325.751648
325.449005
325.095551
325.240845
325.002899
324.530853
324.609924
323.956177
323.842804
323.860077
323.396973
323.569855
322.726776
323.032532
323.159058
323.407959
322.632599
322.332611
322.674774
322.987793
322.939331
322.783905
323.272034
322.495392
323.005249
323.514465
323.579437
323.254089
323.253082
323.193420
323.539642
323.897736
323.803009
323.753387
324.841827
324.656555
324.738007
325.666687
325.537476
325.739502
326.101166
326.396667
326.623077
327.088837
327.100159
327.254791
327.784698
327.698914
327.957672
328.365631
328.432251
329.052948
329.157745
329.325500
329.414734
329.758911
330.050079
330.039337
329.755249
330.284851
330.425476
330.371918
330.217743
330.567200
330.801208
330.821106
330.817932
330.776031
330.627960
330.210632
330.318970
330.136169
330.144501
330.038757
329.919342
329.698395
330.001221
329.780731
329.390289
329.168976
329.134827
328.830811
328.721497
328.537018
328.257324
328.337372
328.022308
327.893341
327.360657
327.742645
327.267853
327.463959
326.867981
327.403137
326.957550
326.081299
326.345642
326.367554
326.319885
325.858521
325.954254
326.098694
325.907318
326.304291
325.857330
326.306732
327.302368
326.375397
326.516449
326.435425
326.356537
326.656311
326.940277
327.243073
326.841736
327.134766
327.914246
327.883606
328.206390
328.527435
328.768982
328.849213
329.361847
329.187683
329.694855
330.272064
330.728729
330.674133
331.186310
331.659912
331.762207
332.196136
332.563263
332.972504
333.308380
333.402893
334.013031
334.323792
334.538696
334.516235
335.127136
335.202972
335.380463
335.643127
335.743927
335.646210
336.290344
336.166168
336.769287
336.199860
336.635437
336.264343
336.675415
336.631134
336.872498
336.587067
336.587433
336.742065
336.006500
336.177368
335.766357
336.134460
335.979553
336.009766
335.747894
335.308472
335.391022
335.020355
334.812622
334.214111
334.466736
334.290436
334.123169
333.742249
333.797699
332.764160
332.705078
332.814484
332.320190
332.460785
332.414459
331.979156
331.469971
331.229401
331.417633
331.411865
331.434326
331.124878
330.607147
331.368134
330.865295
330.965942
330.794708
331.086121
331.068573
331.701599
331.309479
331.151489
331.770142
331.609406
331.545105
331.624756
332.217377
332.417969
332.781128
332.676300
332.655396
333.020203
333.849548
333.713165
334.301331
334.455933
334.950226
335.382751
335.783600
335.804108
336.479401
336.580780
336.887390
337.595581
337.121826
337.537445
338.751312
338.841034
339.171783
339.220703
339.335510
339.897156
340.281830
340.442413
340.598114
340.727997
341.006683
341.408051
341.426392
341.384735
342.008331
341.844910
341.780457
342.010437
341.553375
342.040161
342.030029
342.381134
342.285583
341.848236
341.893768
341.442047
341.701019
341.506531
341.245270
341.084686
340.789703
340.600861
340.284241
339.892639
339.806335
339.374664
339.065918
338.970490
338.654663
338.145538
338.491638
337.596222
337.543182
337.243347
336.820740
336.451385
336.450287
336.250275
335.544098
335.576324
335.191589
335.106812
335.111816
335.033020
334.635895
334.596619
334.096802
334.125427
334.012146
334.048859
334.013336
334.227997
333.878937
333.734589
333.993774
334.036652
334.329254
334.078491
334.077515
334.395508
334.169647
334.380432
334.997070
334.987213
335.047729
335.459259
335.552521
335.447021
336.211029
336.013336
336.802155
336.741669
336.924683
337.414032
338.033844
337.789337
338.029572
338.430817
338.586090
339.136841
339.290314
339.550568
339.936127
339.746582
339.810791
340.595703
340.415100
340.665649
340.316986
340.587769
341.078491
341.384491
340.883026
341.184570
341.243835
341.406616
341.792084
341.439392
341.522614
341.232605
341.101318
340.877411
341.266266
341.079468
340.427307
340.727539
340.741455
340.368347
340.223572
339.730988
339.298401
339.551514
339.468201
339.005188
338.978424
338.331238
338.492401
338.331757
338.133575
337.562653
337.219666
337.572083
337.162048
336.795502
336.588867
336.421875
335.965088
335.807526
335.823364
335.783844
335.589905
335.764771
335.357849
335.260651
334.991302
335.036224
335.015137
335.269867
334.666840
334.915985
334.845764
335.091461
334.876251
335.361969
335.412170
335.331085
335.286560
335.385956
335.583496
335.525299
335.701233
336.019226
336.047394
336.074310
336.911591
336.685730
337.241180
337.000000
337.255402
337.149597
337.443787
337.964600
337.952454
338.384369
338.929138
338.342651
338.765747
339.020721
339.241119
339.208405
339.858826
339.622528
339.498383
339.399902
339.894653
339.748718
339.872864
339.814117
339.406708
339.886078
339.882416
339.966034
340.061401
339.944000
339.676300
339.131012
339.275970
339.319336
339.000671
338.896851
338.827393
338.423920
337.951904
337.729065
337.677704
337.498901
337.467285
336.960602
336.732391
336.532684
336.185303
335.830902
335.884705
335.255157
335.259766
334.591675
335.043640
334.290405
334.432373
333.743958
333.858704
333.633026
333.354492
333.299225
333.552795
333.312103
333.079376
333.020660
332.878357
332.716156
333.123016
332.877838
332.966797
333.287323
332.949646
333.190918
333.072998
333.201172
333.021301
333.515747
333.194824
333.470642
333.055756
333.745819
333.939087
334.028137
334.113220
334.576172
334.857574
335.389923
335.331390
335.556854
335.706635
335.862335
336.147400
336.494476
336.217041
336.449158
336.538208
336.717316
337.428284
337.458099
336.785889
337.201477
337.493317
337.301941
337.560638
337.738708
337.307404
337.601013
337.671692
337.662537
337.284760
337.288757
336.733368
337.177246
336.536530
336.427307
336.398041
336.222168
336.128601
335.782898
335.463348
335.420044
334.958282
334.491669
334.503845
334.298859
333.557800
333.502441
333.117859
332.791962
332.525024
332.254456
332.020630
332.157806
331.731812
331.110596
330.964478
330.866821
331.013062
330.900757
330.754700
330.678986
330.617218
330.378052
330.598755
331.032471
330.678375
330.931091
330.946411
330.918274
331.329712
331.642029
331.906952
331.742126
332.312988
332.654572
332.665680
333.537109
333.858856
333.977295
334.542236
334.808624
335.150421
335.497650
336.029846
335.877625
336.929901
336.644348
337.303497
337.254761
337.347473
337.992432
337.751862
337.438538
337.808502
337.310425
337.239166
337.304901
337.075775
336.209351
335.165894
334.749939
333.490692
332.890656
331.526611
330.216858
329.357086
327.309753
325.951599
324.229828
321.706451
319.806152
317.660126
314.986115
312.383240
309.916199
306.650482
303.219513
300.197021
296.885162
293.356110
289.730011
285.569214
282.050110
277.595642
273.969238
269.934967
265.898773
261.578308
256.974945
252.791595
248.456024
244.301651
240.334518
235.669617
231.544022
227.608322
223.955460
220.147430
216.238220
212.945419
209.218323
206.094421
203.413925
200.198776
197.998138
195.281372
193.423523
192.077271
189.948242
188.540558
188.074646
187.290817
186.776123
186.425400

204.683044
185.511490
185.752716
186.367401
187.407181
188.567184
189.943420
191.698273
193.706879
196.086060
198.172562
200.761887
204.019257
206.733292
210.101074
213.715652
216.859390
220.361145
224.223892
228.219360
231.983444
235.807831
240.215149
244.175644
247.881943
252.110062
256.356323
260.439514
264.442474
268.302063
271.836060
275.625519
279.320282
282.721436
286.185333
289.566437
292.441101
295.869781
298.855621
300.939941
303.982330
306.845093
308.994415
310.819092
312.921753
315.215057
316.595520
318.341217
319.389832
320.896454
322.243896
323.315002
324.350220
324.411957
325.544037
326.245972
326.447083
326.978241
327.108582
327.330139
327.688568
327.372223
327.394684
327.544220
327.695740
327.169342
326.851105
326.346771
326.584259
326.253662
325.351196
325.183990
325.161407
324.758942
324.213898
323.767822
323.531036
323.473602
323.032623
322.622650
322.760559
322.207153
322.024261
321.888672
321.805115
321.651062
321.692871
321.696716
322.007965
321.388855
321.574860
321.770477
321.667603
322.030853
322.108368
322.105865
322.256805
322.527985
322.716797
322.853149
323.600586
323.422302
324.012817
324.090790
324.264801
324.871521
325.191040
325.541748
325.379120
325.729645
326.326416
326.291168
327.344147
327.160187
326.998291
327.807983
328.403046
328.317383
328.683197
328.544403
328.535095
328.929047
328.672333
329.096588
328.959961
329.350983
329.167419
329.304718
329.037140
328.885620
328.963409
328.735535
328.640991
328.665741
328.675110
328.276825
328.343872
327.977814
327.781586
327.090973
326.780823
326.761353
326.563507
326.034210
325.877258
325.474243
324.892395
324.683777
324.523956
324.096283
323.497284
323.544525
323.303284
322.701416
322.460449
322.184326
321.529144
322.118073
321.832092
321.638519
321.418854
321.363434
321.270294
320.925720
320.789764
320.912170
321.173462
320.634979
320.776489
320.663757
321.381500
321.193604
321.429810
321.415283
321.704926
321.303375
322.112762
321.995605
322.185547
322.574921
322.815369
323.164124
323.588074
323.725464
323.999481
324.446075
324.610626
324.834747
325.333405
325.913147
325.803680
326.330414
326.290985
326.996246
326.565857
327.442963
327.682556
327.449402
328.329132
328.233978
328.650330
328.803314
329.176025
329.001373
328.988525
329.349976
329.388428
329.714691
329.654572
329.034210
329.597412
329.820068
329.798035
329.338928
329.606934
329.669891
328.922089
329.004456
328.934692
328.898834
328.560730
327.952637
328.002289
327.744751
327.526215
326.940277
326.753601
326.389954
326.272766
325.862091
325.447815
325.213776
324.948608
324.281189
324.489044
324.260071
323.954529
323.710510
323.242157
323.104462
322.768585
322.533813
322.181580
321.996735
321.617096
321.200958
321.029449
321.202179
320.681396
320.756531
320.569977
320.493744
320.598236
320.196655
320.157196
320.566620
320.299500
320.218048
320.151093
320.729248
320.290375
320.859192
321.069824
321.001617
320.979431
321.521576
321.280884
321.778595
322.021576
322.346100
322.574890
322.243286
323.418640
323.193604
323.145142
323.856201
324.046783
324.363251
324.876984
324.667694
324.966949
325.471283
325.336700
325.204132
326.275940
326.468506
326.203217
326.389526
326.778290
326.799103
327.247925
327.427368
327.345215
327.265961
327.509857
327.737366
327.644104
327.552673
327.794556
327.660522
327.923462
327.240936
327.417053
327.192047
327.237274
327.249603
327.229065
326.772247
327.100098
326.638580
326.836761
326.070618
325.984070
325.612396
325.380554
324.940430
324.941437
324.632111
324.535461
324.380615
323.646576
324.082794
323.328400
323.396027
323.345062
323.212433
323.096222
322.880554
322.471436
322.614990
322.032593
321.989410
322.047577
321.850006
321.600739
321.708435
321.516724
321.372650
321.714783
321.477692
321.935272
321.707397
321.187500
321.702515
321.577789
321.949860
321.747955
321.907928
322.390533
322.082947
322.981079
322.670380
322.751129
322.987732
323.444366
324.183990
324.107971
323.808807
323.882416
324.793365
324.744415
325.474670
325.410065
325.087036
326.038971
326.203491
326.328461
326.723846
326.967041
326.960999
327.150116
327.643158
327.927216
327.573822
327.781219
327.966614
328.293854
328.056122
328.068420
328.611389
328.503754
328.721893
328.607880
328.687378
328.602570
328.835205
328.756409
328.504517
328.378021
328.738068
328.504333
328.120026
328.285522
327.767700
328.224213
327.613525
327.660278
327.563965
326.731140
327.079681
326.614227
326.559631
326.307800
325.861206
326.153198
325.565125
325.557007
325.260193
324.871185
325.009766
324.746063
324.250366
324.337402
323.657593
323.535400
323.531097
323.064453
323.215149
322.383331
322.657104
322.786835
323.017548
322.238342
321.934479
322.271240
322.572540
322.532990
322.349854
322.825378
322.066986
322.536530
323.037689
323.114532
322.792664
322.804993
322.714264
323.031189
323.409363
323.309265
323.258057
324.323975
324.155273
324.243713
325.167023
325.030029
325.237762
325.609894
325.921448
326.134979
326.613037
326.627350
326.803955
327.311035
327.211700
327.475922
327.868805
327.984131
328.611511
328.717255
328.903687
329.000519
329.355072
329.630920
329.622253
329.354034
329.901093
330.067108
330.001282
329.855225
330.225616
330.473877
330.494446
330.480011
330.443359
330.363251
329.903137
330.022217
329.821503
329.855347
329.825378
329.697357
329.466309
329.797180
329.590607
329.197052
328.979858
328.974609
328.654144
328.582092
328.375977
328.106201
328.226776
327.919952
327.831451
327.233917
327.644714
327.186584
327.396576
326.840820
327.293304
326.941315
326.116364
326.302094
326.352783
326.296295
325.840149
325.962067
326.082397
325.921783
326.347870
325.886200
326.321167
326.735687
326.413208
326.546906
326.473175
326.412079
326.716400
326.984558
327.282379
326.906158
327.206207
328.008759
327.927429
328.283844
328.594330
328.825989
328.904846
329.409637
329.271729
329.765350
330.301575
330.748749
330.747192
331.227173
331.700165
331.763489
332.247681
332.599274
333.031311
333.326721
333.443848
334.027252
334.316284
334.539825
334.505463
335.149994
335.193420
335.340607
335.605438
335.729279
335.592682
336.210663
336.113739
336.720795
336.110870
336.573883
336.159058
336.557495
336.543427
336.743927
336.448853
336.454071
336.606628
335.865601
336.022186
335.594360
335.960876
335.804810
335.820404
335.568634
335.075653
335.173676
334.792419
334.571320
333.971893
334.215118
334.019562
333.837524
333.449463
333.473907
332.453400
332.385437
332.470520
331.995178
332.133759
332.075317
331.613342
331.096802
330.858063
331.002258
331.025787
331.042786
330.720703
330.182312
330.939209
330.439789
330.541565
330.348480
330.637024
330.610321
331.234955
330.802490
330.661438
331.268127
331.124725
331.063721
331.095856
331.679901
331.879303
332.250366
332.120178
332.108032
332.454742
333.292297
333.156738
333.726685
333.869415
334.378815
334.787842
335.183380
335.197205
335.869995
335.981720
336.251404
336.976837
336.504700
336.915436
338.151520
338.188599
338.563751
338.582703
338.673767
339.256836
339.627045
339.756592
339.941345
340.072662
340.342377
340.743958
340.728943
340.697296
341.317139
341.173462
341.085388
341.329956
340.855774
341.392365
341.339996
341.703430
341.597717
341.127869
341.204407
340.738068
341.003082
340.809357
340.555054
340.377441
340.113586
339.903564
339.596680
339.198090
339.101837
338.703979
338.375580
338.287903
337.957092
337.474396
337.790497
336.931519
336.848663
336.584015
336.172577
335.773682
335.801910
335.604248
334.852295
334.920166
334.529633
334.463623
334.461884
334.374298
334.009521
333.965820
333.475098
333.511932
333.412598
333.409515
333.408081
333.598907
333.305603
333.097931
333.399933
333.450989
333.727631
333.511719
333.549774
333.809479
333.635864
333.873383
334.449738
334.458252
334.554413
334.989258
335.024475
334.948975
335.738678
335.500061
336.302582
336.283722
336.480530
337.004150
337.569489
337.381622
337.608795
338.053741
338.209747
338.762054
338.852692
339.170929
339.589966
339.444916
339.491974
340.247803
340.112396
340.366669
340.019104
340.316711
340.811951
341.158112
340.661163
340.987335
341.052979
341.174377
341.587280
341.246216
341.379242
341.049744
340.934906
340.735870
341.173767
341.002258
340.315125
340.636536
340.649445
340.289795
340.187958
339.674377
339.260040
339.495758
339.443970
338.996490
338.992889
338.283905
338.506012
338.392395
338.190918
337.657623
337.276611
337.648804
337.263794
336.871582
336.703583
336.506897
336.103119
335.933075
335.953552
335.894745
335.512848
335.901428
335.524628
335.437897
335.176514
335.196289
335.201813
335.463074
334.862823
335.121979
335.032898
335.355988
335.118164
335.594482
335.662323
335.563782
335.557068
335.635223
335.826721
335.742188
335.968933
336.287720
336.311462
336.331635
337.180054
336.935364
337.496979
337.265930
337.558502
337.431549
337.723175
338.256256
338.230194
338.663574
339.218048
338.661499
339.053009
339.279236
339.500214
339.489288
340.140411
339.892822
339.801056
339.679565
340.151245
340.024597
340.150696
340.099945
339.692688
340.163635
340.145660
340.263519
340.317169
340.193604
339.945099
339.403442
339.513794
339.551392
339.253845
339.141327
339.064941
338.670135
338.184601
337.953033
337.898071
337.730072
337.728119
337.170441
336.976685
336.763794
336.383484
336.052460
336.096283
335.466949
335.470459
334.763519
335.226227
334.484711
334.592102
333.933594
334.036835
333.820404
333.507599
333.465790
333.722839
333.478668
333.243805
333.165161
333.043518
332.863495
333.274567
333.020508
333.123291
333.406616
333.086456
333.336395
333.186951
333.309143
333.177124
333.641174
333.334320
333.603485
333.185577
333.878143
334.063629
334.146240
334.214142
334.668549
334.950348
335.488098
335.437988
335.671356
335.796295
335.953979
336.259918
336.598907
336.310516
336.564240
336.645386
336.789093
337.534271
337.542267
336.877106
337.272064
337.557037
337.391724
337.664581
337.803772
337.416443
337.670685
337.754639
337.726349
337.365906
337.359711
336.799835
337.248718
336.604767
336.495026
336.476440
336.277893
336.189484
335.852478
335.506104
335.505127
335.008820
334.555573
334.587402
334.360382
333.616913
333.572876
333.170898
332.850098
332.571045
332.312256
332.104675
332.223236
331.813110
331.155762
331.008026
330.916077
331.086578
330.951141
330.812286
330.754517
330.676819
330.447784
330.665070
331.089539
330.720734
330.978271
330.994354
330.956146
331.368713
331.695648
331.946075
331.787567
332.353058
332.674530
332.720886
333.579010
333.899017
334.017181
334.580139
334.826202
335.168152
335.513733
336.072296
335.871124
336.959808
336.660248
337.337738
337.279358
337.360443
338.017029
337.768646
337.471283
337.798248
337.334198
337.247101
337.314911
337.085907
336.224091
335.181610
334.731659
333.498657
332.879913
331.531036
330.203552
329.339264
327.307556
325.947540
324.207886
321.699310
319.773010
317.625885
314.955780
312.380219
309.899048
306.622406
303.195892
300.176361
296.872559
293.332367
289.707672
285.547394
282.020416
277.569672
273.940613
269.900543
265.839325
261.554352
256.940796
252.757584
248.407837
244.269684
240.284180
235.623154
231.497162
227.564453
223.895615
220.100540
216.180374
212.902100
209.174377
206.057693
203.366867
200.152542
197.945816
195.238098
193.368073
192.026382
189.892776
188.508453
188.015839
187.234589
186.729462
186.384308

