291.398285
173.054718
173.355347
174.182709
175.000900
176.132111
177.379333
179.194305
180.852539
183.084198
185.335297
187.789062
190.314728
193.474884
196.048660
199.245819
202.629272
206.062271
209.301086
213.090668
216.614914
220.325928
224.099655
228.222672
231.247040
235.834000
239.395172
242.834061
246.914764
250.298553
253.917328
257.192535
261.045990
263.921722
267.394623
270.674316
273.562225
276.566864
278.871490
281.949738
284.164032
286.577881
288.606750
291.204285
293.060913
294.735596
296.212830
297.829803
298.954834
300.474182
301.094666
302.210754
303.291290
304.199768
305.086761
305.101501
306.076294
306.768646
306.636200
306.778381
306.973877
306.925720
307.280060
307.180054
306.799042
306.902985
306.719696
306.102020
306.421936
305.865173
305.866577
305.473663
305.367950
304.966919
305.180756
304.965210
304.418457
304.284668
304.194366
303.970856
303.262421
303.392700
303.500427
303.540497
303.193695
303.533539
302.853027
303.423035
303.079346
303.199310
303.313202
303.344391
303.872772
304.099152
303.991760
304.109955
304.334900
304.804199
304.736877
305.263885
305.619873
305.563660
306.698486
306.036652
307.178619
307.028412
307.167511
307.900299
308.521240
308.677826
308.504578
309.927216
309.817352
310.227112
310.428192
310.851959
310.993683
311.112732
311.251831
311.708527
312.051849
312.052185
312.447205
312.394653
312.206726
312.704376
312.613190
312.718018
312.506073
313.028046
312.828339
312.899963
312.726837
312.499634
312.343964
312.661896
312.367523
312.148743
311.779358
311.752533
311.421234
311.289673
310.432617
311.161133
310.957703
310.564178
309.734161
309.690247
309.578979
309.388367
309.111694
308.839508
308.388550
308.682709
308.305939
308.086304
307.780548
307.668884
307.958435
307.469391
307.095123
307.837616
307.385010
307.190857
307.367096
307.591949
307.367706
307.145508
307.275604
307.628387
307.736908
307.517975
307.980835
308.171234
308.161682
308.338684
308.536774
308.200806
309.174500
309.381134
309.913574
310.196655
310.458862
310.661804
311.153229
311.241211
311.475769
311.954834
312.234680
312.360229
313.060944
313.051666
313.533722
314.215485
314.244446
314.654388
314.778381
315.459106
315.821960
315.581268
315.885986
315.847626
316.271362
317.085876
316.946991
316.953705
317.351013
317.494415
317.652283
317.508972
317.486572
317.690674
317.710938
317.830872
317.834290
317.337311
317.320801
317.731659
317.488586
317.188812
317.080261
316.689392
316.545929
315.987427
316.377899
315.699738
315.805328
315.467957
315.442810
314.975708
314.780182
314.860107
314.289978
314.195801
313.909058
313.553223
313.354004
313.127563
312.404449
312.276672
312.172485
312.351257
312.266937
311.934113
311.790680
311.389832
311.256104
311.731934
311.367310
311.085083
311.121185
310.995087
310.834229
310.984100
311.140625
310.806396
311.052582
311.135803
311.491821
311.403839
311.518494
311.479218
312.123840
312.081268
312.745056
312.903809
312.877991
313.165588
313.276947
313.960236
313.933014
314.019745
314.552429
314.569885
315.416748
315.178314
315.954529
315.933929
316.249817
316.354980
316.941986
316.939209
317.876648
317.597748
318.089935
317.987854
318.001495
318.686798
318.700409
319.079468
319.125336
319.276031
319.805817
319.733032
319.683350
320.017761
320.217896
320.093140
320.182709
320.076904
319.886261
320.523315
320.250397
320.025177
319.498444
320.284210
319.768616
319.360748
319.595062
319.403564
319.574585
319.160126
318.952576
319.181519
318.468750
318.332306
318.080536
317.991852
318.345856
317.379883
317.255707
317.101440
317.300323
316.957855
316.876678
316.558807
316.641022
316.250549
315.727570
315.776062
315.966614
315.737183
315.529633
316.183960
315.380341
315.403870
315.284515
315.215271
315.581360
315.288483
315.624298
315.495728
315.778564
316.039032
315.911469
316.006409
315.982056
316.120361
316.532501
316.650360
316.805695
317.365875
317.240417
317.773926
317.811707
318.161926
318.236694
318.532471
318.907959
319.210785
319.717346
319.602814
319.869019
320.308746
320.965729
321.063843
321.508606
321.378845
322.069366
322.361420
322.524139
322.676422
322.818787
323.023224
323.095093
323.542938
323.510040
324.168549
324.222198
324.172791
324.271973
324.181305
324.398468
324.277283
325.034363
324.486053
324.632568
324.388977
324.864288
324.219177
324.361755
324.107849
324.116699
324.170624
323.918762
324.036316
323.678619
323.417358
323.498291
323.443909
322.996094
322.991760
322.762604
322.558655
322.365509
321.841187
322.050049
321.482697
321.578674
321.502899
321.145325
321.034485
320.497742
320.608185
320.531586
319.901154
320.613495
319.954651
319.596436
319.815826
319.847961
319.450592
319.873627
319.299408
319.552887
319.313385
320.117615
319.612488
319.717377
319.667175
320.243134
319.902222
319.987885
320.320496
320.381744
320.427887
320.785309
320.973877
320.865295
321.437805
321.249878
321.607941
322.429199
322.110260
322.570923
322.655121
323.156464
323.142090
323.510925
323.862976
324.288818
324.416229
324.841858
324.762909
325.379608
325.955719
325.711761
326.154175
326.307465
326.464996
326.734558
326.774872
327.293182
326.704102
327.305725
327.874603
327.875153
327.655121
328.010956
328.032990
328.081696
328.529938
327.893219
328.246979
327.872253
327.658905
327.975586
327.597504
327.651123
327.982269
327.635132
327.533630
327.363373
327.195679
326.999359
326.734558
326.589905
326.389191
326.357849
326.287933
325.919159
325.520050
326.044281
325.506012
325.384705
325.254791
325.148102
324.745544
324.826538
324.362915
324.695007
324.315277
324.398529
324.036285
324.271851
324.240967
324.304291
323.837433
324.199371
323.997345
324.109467
324.101776
324.058167
324.169220
324.349548
324.471619
324.398560
324.721466
325.301758
325.334167
325.550262
326.197113
325.873016
326.245209
326.468536
326.545044
327.112671
327.393250
327.639587
327.960938
328.305969
328.397308
328.870300
329.157501
329.779785
330.438416
330.738831
331.391479
331.148956
331.492798
331.562805
332.724365
332.605621
332.804718
333.326691
333.229858
333.649567
334.064850
334.133514
334.565247
334.673401
335.187744
335.251923
335.078888
335.382782
335.224701
335.749481
335.444061
335.959259
335.766815
336.198181
336.066620
335.912170
336.004425
335.968475
336.071747
335.516327
335.690094
335.465363
335.491730
335.392365
335.257721
334.541016
334.823120
334.957336
334.166992
333.979706
334.035736
333.630493
333.900482
333.799683
333.386871
332.966461
332.908630
332.765930
332.827118
333.037323
332.088165
332.091522
332.475220
332.292786
332.438141
331.827301
332.114319
331.622070
332.103333
331.826324
331.571136
331.659180
332.120789
332.398865
332.212250
332.224701
332.317474
332.603119
332.426941
333.314514
332.973419
333.493073
333.789185
334.001770
334.146057
334.615112
334.977081
335.353821
336.041748
336.190399
336.373871
336.663208
337.240875
337.357330
338.146637
338.484161
338.941742
339.375549
339.527588
339.843292
340.513428
340.269928
340.620514
341.393494
341.572998
342.536346
342.223145
342.607574
343.389679
343.382538
343.651093
344.210297
344.258209
344.414246
344.844574
344.980194
345.062378
344.878937
345.538391
344.885651
344.909912
345.077423
345.160797
345.523743
344.957947
344.588165
344.980621
345.045807
345.199829
344.593201
344.716034
344.350739
344.215118
344.050934
343.620636
343.822754
343.277893
343.585968
343.230011
342.491943
342.439697
341.855255
341.909546
341.723969
341.527649
340.864258
340.988281
340.735535
340.762665
340.420746
340.189301
339.675385
339.890778
339.763885
339.267487
338.866486
339.497253
339.139618
339.079346
339.386688
339.327423
338.795227
339.184143
339.704987
338.950653
338.999115
338.808105
339.118469
339.379486
339.382141
339.706757
339.674438
340.282074
340.138885
340.067841
340.513092
340.843140
341.007507
341.412354
341.870728
341.961670
342.425537
342.967804
343.037903
343.484039
343.302399
344.067596
344.270538
344.164917
344.579926
345.183136
345.068176
345.512451
345.705719
346.547180
346.609131
346.710510
346.888123
347.669159
347.415558
347.674835
347.765625
347.934021
348.161011
348.463470
348.171753
348.007507
348.296326
348.027313
348.824860
348.273926
348.750977
348.330505
348.402832
348.202179
348.352661
347.991180
347.918823
347.208435
347.218506
347.450928
347.362885
347.385193
346.787354
346.631958
346.371918
346.611420
346.267883
345.711884
346.066284
345.305054
345.099243
345.369720
344.300079
344.856445
344.306335
344.533844
344.522003
344.889465
344.094879
344.092072
344.162567
344.035492
343.856506
344.063873
343.200562
343.217834
343.852631
343.632111
343.143555
343.376740
343.483826
343.592529
343.709015
343.709503
343.793793
344.090576
344.202484
344.642212
344.591980
344.886932
345.105133
344.990356
345.431335
345.655640
345.968109
346.454681
346.222076
346.090118
346.948547
347.038391
347.433197
347.890961
348.075287
348.464172
348.222229
348.168518
348.772461
348.872467
349.146820
349.444702
349.021698
349.492615
350.380341
350.070557
349.815125
350.307159
350.257202
350.111237
350.701172
349.996857
350.432343
350.625122
350.198059
350.150452
350.379333
350.126068
350.241394
349.554108
349.752808
349.825653
349.394196
349.079498
349.120758
348.652222
348.768768
348.112976
348.141418
348.077942
347.358521
347.555969
347.150391
346.999115
346.767914
346.688538
346.773132
346.810974
346.078125
345.750916
345.925262
345.685791
345.687042
345.456238
345.316040
345.064941
344.921783
344.875732
344.838318
344.582092
344.368378
344.406281
344.443451
344.858795
344.882019
344.774872
344.784302
344.995087
345.022919
345.204681
345.144104
345.782898
346.023010
345.637909
346.190460
346.200867
346.162781
347.021088
346.857117
347.259338
347.511505
347.484009
347.765076
348.523132
348.671295
349.074036
349.179810
349.052765
348.847015
349.489807
350.304565
350.045288
350.257507
350.102325
350.367096
350.721130
350.982361
350.710754
350.829346
351.190308
350.788116
350.597168
351.307465
350.814728
350.723633
350.611694
350.974548
350.435577
350.828400
349.892883
349.861603
349.990387
349.659088
349.246521
348.680573
349.032410
348.581360
348.568695
348.340393
347.872437
347.922607
347.405914
346.930908
346.635437
346.520294
346.502838
345.998627
346.121918
345.787567
345.731323
345.537750
345.303925
344.898712
345.005798
344.812592
344.490295
344.669342
344.855011
344.870758
345.178040
345.081879
345.112701
345.648315
345.883820
345.903656
346.294128
346.327423
346.764130
347.201050
347.500610
347.795197
347.964813
348.550690
348.828857
349.620270
349.818176
350.322357
350.782043
350.897430
351.244232
352.047668
352.124878
352.417755
352.366608
352.649689
353.237366
353.426636
352.977966
352.807434
352.942749
352.382568
352.641266
352.263550
351.746735
350.940582
350.235931
349.421631
348.218231
347.449890
345.849701
344.354279
342.640106
341.207092
339.142700
336.728149
334.785278
332.115601
329.374268
326.634369
324.131012
321.139069
317.484711
313.967010
310.433594
306.983734
303.236603
299.322052
294.949921
291.148529
286.632599
282.477417
278.170776
273.454010
269.078491
264.478424
260.163940
255.694870
251.106918
247.103516
242.447052
238.240021
234.000977
230.094101
226.164215
222.668625
218.945221
215.739410
212.263870
209.745926
206.766083
204.697769
202.192352
200.379730
198.944092
197.742355
196.504181
195.533234
195.413177
195.014481

285.332336
173.104172
173.407684
174.219101
175.036301
176.183060
177.433258
179.257584
180.942719
183.135391
185.413895
187.871964
190.419785
193.566589
196.164993
199.345154
202.761261
206.195435
209.428314
213.251465
216.792770
220.557159
224.315445
228.439240
231.486465
236.068924
239.670364
243.128983
247.202560
250.599976
254.248688
257.567841
261.405029
264.304138
267.792999
271.089752
273.990417
277.028961
279.324738
282.425995
284.657959
287.109955
289.113342
291.751953
293.634644
295.347290
296.812592
298.431732
299.616882
301.106323
301.757660
302.944366
303.985535
304.920441
305.814209
305.846283
306.864868
307.511230
307.442139
307.585388
307.773987
307.748016
308.098236
308.026642
307.648224
307.712067
307.559906
306.933167
307.298370
306.741028
306.746826
306.361908
306.256470
305.874084
306.074677
305.858429
305.283051
305.180206
305.067078
304.826843
304.141602
304.278961
304.349243
304.409821
304.045776
304.389862
303.697205
304.261993
303.905609
304.011078
304.166199
304.170288
304.675598
304.873474
304.768127
304.893127
305.057068
305.549805
305.444580
305.949310
306.298096
306.224152
307.345642
306.677826
307.779205
307.605377
307.721375
308.431366
309.058777
309.178436
308.999176
310.406281
310.238647
310.635742
310.796722
311.203796
311.336243
311.446716
311.538025
311.998566
312.299347
312.291595
312.641357
312.549591
312.386292
312.837402
312.716949
312.816376
312.596497
313.074371
312.855225
312.892883
312.715546
312.457123
312.267609
312.567627
312.250183
312.005249
311.625610
311.548615
311.228088
311.071899
310.222900
310.883972
310.700226
310.266083
309.450806
309.378815
309.227417
309.008148
308.764557
308.475159
308.010864
308.273987
307.889404
307.664490
307.343475
307.219635
307.489868
306.999725
306.622864
307.362518
306.888062
306.669250
306.858490
307.047913
306.835480
306.638031
306.744843
307.067322
307.216797
306.992432
307.436035
307.628510
307.630096
307.822083
308.005554
307.676086
308.632935
308.876801
309.383911
309.676636
309.938873
310.137360
310.645081
310.727234
311.007751
311.475800
311.760834
311.882812
312.583588
312.584900
313.091339
313.737061
313.824219
314.221497
314.393127
315.039001
315.450104
315.210907
315.491699
315.501587
315.880096
316.739532
316.630463
316.650085
317.050751
317.197418
317.377991
317.223511
317.251617
317.436646
317.474213
317.623077
317.606873
317.157715
317.125580
317.581696
317.325867
317.039307
317.001801
316.579559
316.429443
315.907471
316.296082
315.623535
315.767609
315.421387
315.405945
314.967743
314.772400
314.867523
314.318085
314.234283
313.938843
313.645538
313.409332
313.229767
312.485046
312.354462
312.283875
312.500122
312.401123
312.078552
311.940247
311.569214
311.422913
311.933136
311.562622
311.321167
311.350037
311.239227
311.078430
311.242889
311.407135
311.067474
311.346375
311.449463
311.788574
311.757355
311.858887
311.822144
312.488678
312.435577
313.127106
313.327179
313.289642
313.590057
313.694305
314.402893
314.404114
314.484802
315.066986
315.040802
315.955750
315.708435
316.500793
316.478302
316.803619
316.931732
317.516510
317.539917
318.475281
318.244232
318.749481
318.659576
318.672760
319.361969
319.423920
319.767395
319.835724
319.995300
320.551575
320.468475
320.463928
320.811340
321.021515
320.882507
321.011932
320.900482
320.733978
321.380981
321.130615
320.940735
320.422760
321.218140
320.693207
320.314972
320.563751
320.380737
320.586426
320.177368
319.964478
320.192657
319.516785
319.416931
319.150330
319.096405
319.428284
318.503937
318.373871
318.257263
318.503082
318.084320
318.069885
317.714874
317.837097
317.488770
316.981842
316.998444
317.201080
317.003876
316.779846
317.436066
316.702759
316.736481
316.565521
316.512421
316.900787
316.605865
316.959930
316.831940
317.134949
317.394287
317.289856
317.355103
317.384552
317.508942
317.928009
318.053223
318.165375
318.777863
318.628479
319.158081
319.206238
319.512024
319.677032
319.879852
320.219910
320.569580
321.075348
320.985229
321.240112
321.683228
322.344971
322.411224
322.834747
322.720123
323.345978
323.687561
323.825623
323.957886
324.113617
324.267029
324.364990
324.736816
324.700287
325.359009
325.424622
325.358887
325.455811
325.334747
325.566437
325.449280
326.124969
325.544434
325.740021
325.472656
325.860748
325.261566
325.356476
325.116943
325.088226
325.113770
324.846771
324.945770
324.545471
324.291473
324.361755
324.285645
323.794006
323.798553
323.560760
323.318634
323.068604
322.551575
322.774780
322.183258
322.206543
322.137665
321.740784
321.633820
321.067841
321.126221
321.071899
320.446045
321.086578
320.432831
320.089813
320.261597
320.256836
319.838806
320.274780
319.686279
319.928192
319.696289
320.448486
319.888062
320.032501
319.933838
320.503998
320.127136
320.232361
320.531525
320.572113
320.631073
320.916260
321.127350
320.982361
321.564453
321.372955
321.746521
322.507843
322.151703
322.587708
322.729370
323.191925
323.190277
323.487274
323.858246
324.275909
324.429260
324.853882
324.720428
325.348694
325.916718
325.664825
326.085205
326.271240
326.374542
326.659576
326.725952
327.230408
326.643829
327.215546
327.781799
327.784241
327.584534
327.917633
327.945160
328.014038
328.413177
327.808960
328.153778
327.764618
327.579742
327.883026
327.511047
327.542847
327.907440
327.550201
327.464355
327.257782
327.116852
326.918579
326.661194
326.499359
326.315735
326.276215
326.257935
325.874237
325.460236
325.967133
325.438995
325.312531
325.205139
325.130066
324.724060
324.793427
324.304962
324.661957
324.253510
324.341278
324.008850
324.259521
324.213226
324.271851
323.857056
324.176880
323.982635
324.121002
324.094940
323.938690
324.155579
324.371735
324.495361
324.387390
324.729340
325.299683
325.345886
325.563263
326.217682
325.900330
326.285431
326.472748
326.555145
327.132751
327.403015
327.660004
327.966248
328.360657
328.423920
328.893066
329.180969
329.842834
330.467743
330.755432
331.413544
331.187927
331.499207
331.571014
332.735809
332.606964
332.817902
333.350494
333.239044
333.667877
334.073914
334.119812
334.578125
334.687622
335.171814
335.239899
335.080933
335.366272
335.239380
335.749786
335.450165
335.954285
335.779541
336.185760
336.061859
335.921204
335.979889
335.964722
336.053925
335.496063
335.663910
335.421112
335.464386
335.376862
335.224182
334.513977
334.780884
334.950134
334.140808
333.954193
333.992798
333.608337
333.862854
333.773621
333.367798
332.933411
332.848236
332.723816
332.817017
333.013916
332.027008
332.077118
332.435425
332.293243
332.429321
331.797638
332.092987
331.580109
332.040833
331.779297
331.566132
331.627594
332.103577
332.381134
332.189667
332.182129
332.296448
332.572784
332.445923
333.252289
332.998474
333.475037
333.753418
333.978546
334.147949
334.611298
334.974518
335.363251
335.999390
336.214325
336.391327
336.669983
337.247559
337.375946
338.119537
338.525269
338.959137
339.374390
339.543121
339.844452
340.563324
340.310089
340.655792
341.376434
341.632935
342.558136
342.299042
342.632660
343.376282
343.396362
343.665070
344.195648
344.265472
344.434540
344.879120
344.969055
345.069183
344.922852
345.558533
344.948364
344.938110
345.082245
345.197968
345.540894
344.995239
344.616974
345.043884
345.067169
345.253571
344.667633
344.756195
344.411499
344.205017
344.078735
343.633575
343.878571
343.314148
343.584595
343.229370
342.560608
342.440613
341.910400
341.892822
341.746216
341.530212
340.910797
341.035675
340.748962
340.831451
340.434448
340.207825
339.683899
339.937042
339.794250
339.283661
338.879730
339.538727
339.141266
339.114197
339.359772
339.324493
338.827759
339.209686
339.735840
338.967499
339.082642
338.810913
339.109344
339.439606
339.351196
339.674194
339.685028
340.308502
340.188782
340.066986
340.493652
340.852966
340.996002
341.413269
341.899872
341.930908
342.396393
342.979218
343.062653
343.445984
343.293579
344.081207
344.291016
344.112701
344.562927
345.193878
345.036102
345.502686
345.697418
346.573547
346.624298
346.752350
346.880066
347.637939
347.425629
347.706512
347.797089
347.969299
348.143463
348.505951
348.201630
348.058350
348.271637
348.054840
348.857361
348.275604
348.791168
348.384064
348.425262
348.254089
348.404449
348.033112
347.983978
347.304688
347.278931
347.521027
347.431122
347.422455
346.862885
346.716187
346.459747
346.674316
346.351562
345.835938
346.160339
345.382233
345.188354
345.493927
344.402008
344.928558
344.404724
344.646057
344.639221
344.980774
344.210968
344.159119
344.211365
344.139313
343.976379
344.184723
343.301697
343.295380
343.989929
343.801239
343.283325
343.516632
343.606995
343.744659
343.882996
343.855438
343.903534
344.239868
344.330627
344.765717
344.748688
345.042419
345.229584
345.137268
345.591675
345.821411
346.101105
346.582275
346.387329
346.238312
347.084473
347.162048
347.540192
348.061584
348.226379
348.591827
348.358398
348.272339
348.912659
348.993713
349.301544
349.562408
349.148071
349.627686
350.526398
350.178436
349.929962
350.423157
350.357819
350.214844
350.832886
350.106201
350.569122
350.726990
350.333344
350.243927
350.468872
350.202759
350.337067
349.641510
349.833374
349.903137
349.471191
349.138184
349.179840
348.691895
348.828888
348.176147
348.185638
348.108734
347.397766
347.617767
347.195648
347.034393
346.777191
346.717163
346.801147
346.836029
346.100006
345.771240
345.935303
345.678802
345.701904
345.469025
345.303589
345.037079
344.897369
344.842285
344.814362
344.576813
344.352539
344.348236
344.405212
344.813446
344.818695
344.718567
344.730713
344.934448
344.964050
345.117249
345.107910
345.716675
345.952820
345.584167
346.114777
346.104401
346.058868
346.940887
346.778992
347.184174
347.420868
347.387085
347.681824
348.423187
348.582489
348.957092
349.077820
348.949982
348.728333
349.368896
350.229248
349.920319
350.139252
350.018585
350.244415
350.600281
350.871399
350.607330
350.746765
351.090454
350.680267
350.475952
351.205292
350.719086
350.645844
350.517151
350.870758
350.341827
350.739380
349.821350
349.789032
349.911194
349.571564
349.195984
348.571350
348.954193
348.534485
348.545746
348.301056
347.827423
347.907349
347.371338
346.909210
346.629059
346.548431
346.496613
346.007507
346.143341
345.812225
345.760834
345.573425
345.360687
344.938293
345.048737
344.878021
344.564575
344.769653
344.961365
344.968628
345.307373
345.188568
345.262726
345.766876
346.052765
346.101562
346.482330
346.537842
346.979126
347.394440
347.705353
348.029938
348.194397
348.760315
349.103729
349.873596
350.125977
350.645508
351.107941
351.225616
351.575775
352.427460
352.470551
352.763855
352.743652
353.013611
353.622742
353.843292
353.426361
353.251923
353.429016
352.869446
353.129272
352.751068
352.218323
351.461212
350.774658
349.987366
348.758301
348.040497
346.404449
344.956268
343.252106
341.792114
339.744965
337.332123
335.431610
332.758789
330.048767
327.315918
324.825836
321.848999
318.197296
314.686951
311.156494
307.710114
303.999146
300.084595
295.714996
291.915985
287.408325
283.251801
278.963959
274.265503
269.889679
265.286987
260.994110
256.513763
251.945953
247.949966
243.335846
239.101883
234.854141
230.965561
227.048355
223.564240
219.840576
216.622665
213.127411
210.607498
207.671936
205.563217
203.079407
201.266373
199.859589
198.655167
197.419464
196.439636
196.302887
196.262238

218.540771
183.746216
184.258560
185.009766
185.905457
187.129425
188.589890
190.443207
192.385803
194.484390
196.841873
199.336151
202.331207
205.285599
208.500214
211.898834
215.265228
218.802719
222.589828
226.515091
230.411316
234.189590
238.154709
242.405289
246.388977
250.623016
254.569199
258.336334
262.391113
266.434021
269.843842
273.707672
277.543335
281.102905
284.452576
287.777832
291.043610
294.030792
296.660156
299.414062
301.712402
304.394684
307.273804
309.208588
310.637939
312.657318
314.795288
316.279053
317.763489
318.904877
319.801788
320.920197
321.436310
322.912689
323.818726
323.734772
324.362488
324.936584
325.250122
325.373688
324.845123
325.674377
325.624725
325.422821
325.572083
325.259430
324.865631
324.483673
324.271545
324.063934
323.714386
323.671539
323.184113
322.726044
322.702789
322.441620
321.416840
321.811401
321.533264
321.428192
320.898071
320.847137
320.186249
320.244141
320.172913
319.940491
320.083649
320.420898
320.061646
319.695801
319.631317
320.061920
320.247040
320.814270
320.838470
320.556061
321.206177
320.768921
321.289062
321.761993
322.107666
322.426086
322.715698
322.647766
323.583344
323.759125
323.902588
324.343536
324.976349
325.038300
325.459900
325.646881
326.064362
325.816223
325.972229
326.725952
326.924347
326.864044
327.354706
327.915863
327.968933
327.822144
328.281372
328.520172
328.505432
328.524139
328.775299
328.440643
328.386536
328.338928
328.148376
328.370514
328.395538
327.960052
328.405273
327.458710
327.237549
327.021606
327.198547
327.262543
326.923615
326.180176
325.931671
325.722168
325.568634
325.161346
324.745697
324.801666
324.596039
323.726593
323.546570
323.225464
322.867645
322.209869
321.710022
322.460907
321.837189
321.296173
321.550964
321.444305
321.253632
320.850891
320.761810
320.514984
320.777344
320.538666
320.466858
320.713654
320.609100
320.940094
320.800568
321.099518
321.549866
321.094177
321.172974
321.523132
321.801392
322.080109
322.239960
322.445953
323.671204
323.567352
323.666077
323.939941
324.264526
324.698456
324.733521
325.329742
325.301361
325.654999
326.290710
326.583679
326.612366
326.942657
327.361206
327.774384
328.057953
328.426666
328.563660
329.067719
329.086426
329.362946
329.233826
329.909973
329.812897
329.709351
329.973114
330.015167
330.004944
329.976532
329.857025
329.833527
329.880280
330.207245
329.741821
329.619843
329.795990
329.401062
329.503326
329.287445
329.055817
329.110901
328.867554
328.146576
328.263550
328.095245
327.693878
327.517242
326.609100
326.598907
326.584747
326.510223
325.906281
325.493469
325.188385
324.509216
324.519379
323.852478
323.862427
323.554535
323.894806
323.116486
322.990479
322.488159
322.188171
322.420807
321.902740
321.908691
322.041687
321.700958
321.004486
321.354401
321.464081
321.736450
321.443298
321.510651
321.109467
321.311432
321.455444
321.633728
321.406219
321.733093
321.893372
322.226868
322.998779
322.293396
322.624451
322.673187
323.525543
323.925140
324.114319
324.424927
324.080688
324.356567
324.720428
325.491882
325.683472
326.048615
325.917938
326.208099
326.263794
326.739594
326.971130
327.633942
327.373566
327.043701
327.595276
327.966553
328.254028
328.523956
328.648621
328.647278
328.825989
328.639465
328.838989
328.809509
328.740448
329.004059
328.956909
328.811829
328.902710
328.977600
328.575928
328.815460
328.903015
328.427338
328.513824
328.365448
327.850555
327.405212
327.597656
327.036407
327.060394
326.824890
327.263672
326.771088
326.232697
326.538147
325.880249
325.392548
325.161072
325.182800
324.626984
324.651184
324.267609
324.762207
324.114258
323.650024
324.104706
324.023621
323.550598
323.610138
323.513031
323.513000
323.099884
322.835693
322.726135
322.662323
322.915375
322.995361
322.924896
322.816437
322.387787
322.562744
322.720184
323.273346
323.222107
323.319916
323.581268
323.302094
323.737152
324.283722
323.582733
323.835144
324.245880
324.232666
324.695648
324.743530
325.229584
325.845337
325.904816
326.349487
326.363800
327.183807
327.237671
327.309082
327.694672
327.981018
328.323547
328.282227
328.156769
328.731018
329.126129
328.665070
329.281006
329.736938
329.806000
329.715454
329.573242
329.957397
329.534698
329.888428
330.289551
330.300781
330.174316
330.571716
330.304962
330.359772
330.321350
330.376190
330.040894
329.296783
329.293854
329.287201
329.072937
328.914612
329.340759
328.838928
328.366943
328.405945
327.469147
327.462585
327.483063
326.983765
327.014923
326.589661
326.472229
326.724182
325.987762
326.268494
325.756409
325.704529
325.349426
325.444641
325.198334
324.969513
324.621948
325.086029
324.706360
324.310181
324.138641
323.973358
324.139343
323.852051
323.877045
323.795959
323.714417
323.995239
323.793854
323.900848
323.758881
323.681824
323.728607
324.146912
324.292999
324.320129
324.571655
324.950043
324.794739
325.144012
325.313660
325.483246
325.766022
325.900940
325.957153
326.368561
326.184143
326.790466
326.993683
327.331573
327.406311
327.604858
328.238068
328.348694
328.872284
328.579895
329.163116
328.994507
329.618011
329.557526
329.600830
330.153595
330.070831
330.342773
330.600647
331.116486
330.413239
331.145203
330.565674
330.617859
330.994110
330.428802
330.475891
330.685669
330.701691
330.863068
330.134216
330.372833
330.151031
330.132294
330.449036
329.953705
329.973694
329.644043
329.617615
329.617279
329.057983
329.297455
328.513214
328.518219
328.327057
327.884552
327.676178
327.747528
327.382843
326.970490
327.030487
326.674408
326.424103
326.700928
326.352356
326.028473
326.321716
325.806580
326.062958
325.975494
325.866547
325.549438
325.433411
325.312653
325.664948
324.953064
325.956604
325.744415
325.343597
326.009155
325.527435
326.219635
325.628784
326.514313
326.327362
327.056885
326.927338
327.193207
327.230957
327.596985
328.091461
328.037659
327.660339
328.623993
328.319611
329.103455
329.560974
330.125122
330.434113
330.327545
330.962708
331.052155
331.483124
331.843323
331.831848
332.636810
332.218689
333.087616
333.589661
333.637299
333.386261
333.522766
333.655914
334.333130
333.968445
334.555450
334.689056
334.692474
335.006622
335.025482
334.901001
334.798676
334.944733
334.968475
335.121826
334.650970
334.791321
334.975616
335.026489
334.536865
334.688995
334.500549
334.109955
333.980957
333.873413
334.003448
333.669769
333.045776
333.043274
332.534454
332.315460
332.076019
331.831116
331.783020
331.843994
331.302185
331.106842
330.997345
330.680695
330.575500
330.318909
330.050903
329.791779
329.608856
329.478516
329.525818
329.113068
329.093140
329.218689
329.121857
329.129639
329.283142
328.508362
328.741699
328.653809
328.875885
329.058929
328.915558
329.019653
329.963074
329.528900
329.830994
329.609741
330.139130
330.509583
330.279388
330.688538
331.031097
331.005981
331.339600
331.726990
332.483185
332.422852
332.834625
333.191833
333.665497
333.553558
334.540741
334.683350
335.188660
335.607452
335.754517
335.832336
335.886078
336.034698
336.946747
337.022491
337.102936
337.338104
337.897491
338.381104
338.386688
338.900543
338.754761
339.108032
338.823822
338.960327
339.203674
339.099060
339.329010
338.987091
339.508606
339.027100
339.185394
338.634399
338.821045
338.938263
339.103790
338.553802
338.528839
338.590698
338.510345
338.127808
337.652344
337.851562
336.878479
337.304199
336.752563
336.235443
336.371704
335.970795
335.561890
335.317230
334.927643
334.867279
334.276123
333.755920
333.091248
333.471527
332.887390
333.205719
332.734344
332.516266
332.035065
332.021149
332.194122
331.824463
331.794739
331.625916
331.021301
331.596985
331.589233
330.998962
331.173859
330.809906
330.541016
331.420685
331.127655
330.627075
330.858215
330.929199
330.985413
331.794922
331.546051
332.030853
331.662964
331.844727
332.224579
332.137665
332.566650
333.200592
333.174500
333.457458
333.726257
333.958038
334.104065
334.220520
335.051361
335.188110
335.421814
335.320679
336.219757
336.237823
336.189728
336.663025
336.777496
336.583893
337.484375
337.211121
337.372131
337.796906
337.722015
337.933929
337.702148
338.253082
338.362732
338.061920
338.456390
338.585846
338.344910
338.608795
338.263000
338.271942
338.105164
338.120392
337.676178
338.293762
337.237244
337.452393
337.532593
337.213013
337.086456
336.826111
336.543488
336.283203
336.116516
335.902344
335.921478
335.510132
335.225952
335.235077
334.858246
334.881348
334.477417
334.310333
333.995972
334.042206
333.938202
333.236023
332.925812
333.437439
333.311920
333.172913
332.673615
332.421967
332.664581
332.455475
332.213440
332.228912
332.339478
332.359619
333.110870
332.385712
332.394836
332.619324
332.606964
332.756256
332.999786
333.198975
333.094971
332.697998
332.948792
333.586761
333.546753
334.053650
334.231049
334.173767
334.050385
334.217316
334.674957
334.965027
334.996490
335.419525
335.328278
335.749146
336.091309
336.132935
336.374146
336.658447
337.021301
337.007385
337.246216
337.196594
337.139282
337.637238
337.532806
337.107788
337.164703
337.552887
337.584564
337.968994
338.130432
337.753571
338.118530
337.879333
337.231964
337.728119
337.437469
336.794708
337.358459
336.828094
336.480377
336.821503
336.784698
336.544586
335.723083
335.595825
335.359009
335.347015
335.256348
334.989227
334.203217
334.159088
334.781738
334.110352
334.008942
333.611725
333.006195
333.172546
332.755768
332.653564
332.787933
332.312775
332.204956
331.640656
332.424652
331.304077
331.619995
331.451813
331.383942
331.350403
331.703522
331.545502
331.440857
331.319397
331.657990
331.679077
331.409637
331.536346
331.812347
331.950134
332.388336
332.279480
332.261932
332.239349
332.106049
332.971161
333.162445
333.139709
333.699768
333.713898
333.716461
334.257141
334.226135
334.717590
334.813232
334.924103
335.264771
335.317413
335.763153
336.124023
335.988068
336.395142
336.213531
336.585480
336.427185
336.704010
336.409607
336.184296
336.381836
336.664246
336.700562
336.674042
336.794861
336.828827
336.865753
336.136200
336.408966
336.033691
336.068329
335.865784
335.978271
335.805817
335.060486
334.949707
335.017365
334.255707
334.009918
333.967072
333.026825
333.073761
332.879608
332.489532
332.110626
332.138367
331.601471
331.763153
331.259521
331.215820
331.125519
330.778015
330.635132
330.584503
331.136780
330.498444
330.288635
330.443268
330.291077
330.543121
330.382080
330.310242
330.607971
330.736115
331.048645
330.915466
331.726624
332.121490
331.647949
332.683502
332.554840
333.161713
333.295227
333.589539
334.223633
334.553925
334.614075
335.270996
335.593811
335.838867
336.747223
336.891327
337.458740
337.432281
337.887115
337.955841
338.485229
337.855469
337.725250
337.988770
337.666656
336.953247
337.349518
336.696014
335.993530
335.796631
334.924713
334.084656
333.166840
332.049225
330.739044
329.361694
327.873291
325.997620
324.325653
322.356567
320.113831
317.817291
315.410187
312.295685
309.635101
306.975464
303.764923
300.539978
296.815674
294.033447
289.742462
286.175293
282.489410
278.220428
274.018127
270.105652
265.615601
261.753693
257.423126
253.259521
248.982574
244.563965
240.273849
236.524506
232.287292
228.142838
224.164642
220.441086
216.708878
213.123489
209.872299
206.558838
203.878967
200.985901
198.243637
196.102112
194.104034
192.561630
190.387360
189.294037
188.138565
187.371811
187.149506
186.844284

224.230988
184.322952
184.821472
185.570740
186.459839
187.671555
189.126221
191.020081
192.965332
195.080017
197.419815
199.898956
202.914169
205.873169
209.097275
212.516296
215.868027
219.418457
223.233307
227.135757
231.034088
234.825439
238.789673
243.047226
247.092133
251.304611
255.281769
259.056549
263.114166
267.119781
270.549591
274.468842
278.287659
281.878418
285.220581
288.593506
291.846130
294.826447
297.472198
300.216888
302.514221
305.184814
308.162659
310.032440
311.479187
313.467651
315.680359
317.196777
318.660187
319.814667
320.711578
321.838470
322.335938
323.791321
324.746307
324.681763
325.286255
325.940491
326.152740
326.337463
325.842346
326.632050
326.624969
326.383575
326.564911
326.297516
325.893219
325.533020
325.255249
325.032135
324.718506
324.691132
324.208588
323.743286
323.721924
323.470947
322.377014
322.815979
322.555969
322.371490
321.881897
321.807587
321.230194
321.198181
321.123169
320.925629
321.001160
321.363586
320.995544
320.634003
320.527374
321.007111
321.097290
321.698395
321.753784
321.458527
322.038666
321.636688
322.140228
322.597412
322.903900
323.259430
323.510956
323.480133
324.376251
324.521484
324.624878
325.083466
325.674774
325.778900
326.183746
326.351379
326.716675
326.476227
326.620728
327.320618
327.516174
327.472229
327.931000
328.442383
328.503693
328.385101
328.792145
328.975708
328.955566
329.013733
329.258698
328.881470
328.841003
328.737701
328.622223
328.805450
328.810211
328.286041
328.744537
327.771362
327.540253
327.370850
327.520660
327.496124
327.200073
326.440277
326.218689
325.975891
325.783569
325.348633
324.957092
325.045441
324.714050
323.902466
323.716370
323.387695
322.967590
322.341278
321.820251
322.582153
321.948090
321.389618
321.663055
321.548431
321.303864
320.887146
320.799805
320.594574
320.813324
320.575867
320.485687
320.756500
320.622101
320.935242
320.790405
321.098877
321.541229
321.103729
321.159790
321.498016
321.761932
322.013550
322.216339
322.376648
323.626801
323.519745
323.585419
323.865692
324.177582
324.585693
324.697327
325.255066
325.231812
325.574432
326.231354
326.481354
326.475494
326.816162
327.256805
327.623901
327.932861
328.291412
328.436768
328.934998
328.954071
329.221985
329.057983
329.749420
329.629944
329.523407
329.783508
329.834381
329.809998
329.777222
329.660400
329.625397
329.717499
329.984070
329.539001
329.429382
329.575775
329.195221
329.287201
329.070709
328.836334
328.874451
328.611481
327.866974
328.008087
327.792633
327.440887
327.214050
326.304260
326.304077
326.300293
326.186432
325.620422
325.183655
324.855957
324.203400
324.200623
323.496796
323.538605
323.231659
323.560760
322.790802
322.654144
322.132629
321.845276
322.047119
321.535736
321.555145
321.677826
321.348267
320.638855
320.995026
321.099030
321.357971
321.086334
321.150940
320.837769
320.950439
321.085083
321.269714
321.070618
321.382324
321.554443
321.900574
322.614319
321.940033
322.294037
322.343079
323.193390
323.630890
323.800964
324.132446
323.788269
324.058228
324.450714
325.222626
325.399445
325.793091
325.653259
325.991150
326.017456
326.525818
326.776398
327.464569
327.184662
326.885284
327.467194
327.833282
328.162689
328.417755
328.558777
328.587738
328.803711
328.559113
328.778931
328.781036
328.741638
329.003326
328.991821
328.851440
328.958649
329.057465
328.681854
328.935425
329.008850
328.589569
328.682281
328.532837
328.032104
327.643585
327.865906
327.303802
327.370148
327.125916
327.571930
327.118988
326.572937
326.877289
326.317749
325.809998
325.621399
325.636505
325.110077
325.129395
324.791901
325.336823
324.660950
324.203735
324.673004
324.634918
324.185486
324.238342
324.190979
324.197296
323.743774
323.546936
323.457642
323.424103
323.642487
323.754120
323.648987
323.555786
323.163696
323.355591
323.522919
324.075317
324.067505
324.099487
324.407990
324.139191
324.584595
325.144897
324.465912
324.700500
325.118225
325.111908
325.567413
325.575958
326.083801
326.701172
326.783081
327.237396
327.240784
328.064392
328.148346
328.179382
328.563141
328.801453
329.158752
329.097870
328.958038
329.563568
329.985504
329.484497
330.107300
330.564056
330.621704
330.458191
330.368805
330.707184
330.295410
330.636932
331.020660
330.995483
330.824371
331.259827
330.981995
331.014038
330.954010
331.007721
330.658600
329.887268
329.890533
329.872925
329.636566
329.469208
329.868408
329.315796
328.888275
328.892548
327.968414
327.899628
327.908630
327.363312
327.404144
326.952728
326.849365
327.063690
326.312653
326.587860
326.047211
325.986755
325.618408
325.677582
325.450562
325.207703
324.802612
325.285553
324.886688
324.500519
324.291046
324.128937
324.253204
323.968781
323.967834
323.900421
323.789368
324.068268
323.857056
323.962372
323.809082
323.705109
323.766296
324.174622
324.309204
324.320129
324.568481
324.933380
324.767609
325.126282
325.280182
325.455658
325.726135
325.854187
325.910889
326.320404
326.139832
326.751587
326.928680
327.301483
327.360046
327.570221
328.204193
328.322388
328.845123
328.535858
329.122925
328.975769
329.603088
329.520721
329.598083
330.144165
330.055145
330.330963
330.604584
331.137421
330.415894
331.162903
330.603912
330.637451
331.041168
330.493164
330.529999
330.740509
330.780975
330.938019
330.225708
330.478149
330.289429
330.250977
330.573151
330.103821
330.111511
329.806976
329.781036
329.798218
329.238403
329.502197
328.710327
328.747559
328.570740
328.115448
327.951508
328.010132
327.681061
327.254242
327.324982
327.014648
326.745941
327.017303
326.700989
326.357727
326.672028
326.154388
326.432159
326.350952
326.258606
325.921356
325.845703
325.723724
326.095764
325.400635
326.199646
326.213196
325.791199
326.459381
325.984650
326.680450
326.096985
326.985840
326.831665
327.543121
327.466278
327.717773
327.756683
328.114471
328.594025
328.551666
328.185150
329.175507
328.854584
329.608765
330.086731
330.645142
330.982452
330.869080
331.502930
331.582947
332.042755
332.399353
332.370880
333.178497
332.803101
333.610504
334.143829
334.202881
333.939789
334.062744
334.222748
334.886993
334.483887
335.067780
335.225494
335.236145
335.523529
335.519318
335.425385
335.316559
335.451477
335.475800
335.641602
335.175018
335.280029
335.431824
335.519867
334.993256
335.184387
334.986511
334.588806
334.457123
334.331818
334.449646
334.155182
333.507233
333.462646
333.005005
332.743225
332.518524
332.240326
332.210419
332.248962
331.708344
331.490112
331.419434
331.055054
330.973206
330.702789
330.398102
330.170135
329.943817
329.864838
329.859100
329.469391
329.416199
329.538544
329.455322
329.463196
329.596985
328.820801
329.049683
328.932892
329.164307
329.350403
329.177612
329.267395
330.230377
329.776398
330.098602
329.853912
330.367371
330.722076
330.508240
330.892883
331.208832
331.196350
331.550201
331.917084
332.669922
332.586548
332.990631
333.333405
333.800995
333.683563
334.674072
334.818207
335.295532
335.719177
335.844513
335.909576
335.988770
336.102936
336.989899
337.083740
337.151520
337.392395
337.928986
338.415070
338.395538
338.918976
338.741364
339.093750
338.839813
338.925323
339.172302
339.061829
339.277374
338.919830
339.444336
338.953033
339.101501
338.551361
338.712830
338.826050
338.973755
338.437561
338.377869
338.432739
338.365784
337.956055
337.492523
337.659729
336.700958
337.102997
336.554932
336.022003
336.139130
335.736725
335.316254
335.056610
334.671478
334.592743
334.012909
333.491119
332.792480
333.169159
332.592438
332.875214
332.423279
332.193787
331.697662
331.674286
331.858521
331.483337
331.436981
331.260986
330.660583
331.195648
331.203430
330.600586
330.771790
330.405365
330.123352
330.999756
330.695129
330.190735
330.433228
330.493256
330.553955
331.356964
331.098541
331.573273
331.178192
331.373932
331.789001
331.673523
332.116791
332.718140
332.689392
332.996887
333.261536
333.473846
333.587006
333.744110
334.584930
334.698151
334.938721
334.855438
335.743683
335.760529
335.699249
336.177032
336.265503
336.102936
336.978638
336.739471
336.886108
337.320801
337.220215
337.450012
337.204559
337.778656
337.877197
337.573517
337.981476
338.116180
337.881653
338.107117
337.785004
337.791412
337.651520
337.680115
337.271271
337.822968
336.818939
337.001709
337.082550
336.801025
336.634827
336.398712
336.122070
335.857666
335.757294
335.499298
335.519440
335.101410
334.814056
334.812836
334.456787
334.515900
334.087799
333.904541
333.590576
333.680878
333.567352
332.886108
332.597260
333.059875
332.994415
332.747345
332.337372
332.072693
332.289795
332.144073
331.913239
331.899841
332.056091
332.067078
332.797028
332.081940
332.087616
332.313324
332.340820
332.488739
332.723724
332.935486
332.807526
332.416901
332.697266
333.305237
333.260620
333.817688
333.974121
333.904785
333.794495
333.997955
334.417786
334.714142
334.778900
335.196503
335.092773
335.508331
335.877594
335.912567
336.156372
336.446320
336.846130
336.793060
337.052704
336.993774
336.937408
337.431702
337.352417
336.908813
336.971008
337.366119
337.418121
337.796600
337.922516
337.570496
337.953827
337.689575
337.058899
337.565155
337.275085
336.625153
337.173737
336.660095
336.301422
336.671265
336.616943
336.369507
335.572174
335.431183
335.184448
335.211975
335.139648
334.851044
334.057495
334.023712
334.618134
333.982117
333.872467
333.481628
332.892456
333.031403
332.606812
332.538269
332.657837
332.172974
332.059113
331.522339
332.285400
331.194672
331.488617
331.348907
331.265656
331.213776
331.575653
331.434692
331.354279
331.203033
331.546234
331.554047
331.297668
331.435242
331.711365
331.829468
332.317963
332.192169
332.159851
332.133698
332.019012
332.908966
333.103516
333.050995
333.611908
333.630005
333.624908
334.184479
334.162842
334.644867
334.737885
334.855042
335.207611
335.240173
335.699860
336.053253
335.924927
336.330139
336.144104
336.529633
336.371582
336.653992
336.331543
336.131470
336.343567
336.628967
336.661011
336.628143
336.731995
336.786774
336.806732
336.080597
336.390320
335.990875
336.001007
335.802032
335.936310
335.765228
334.996857
334.922058
334.975159
334.239746
333.983673
333.915131
332.980316
333.038177
332.816162
332.469696
332.071350
332.100861
331.536255
331.703125
331.205505
331.174500
331.067078
330.691223
330.549591
330.513275
331.065033
330.439819
330.220520
330.384705
330.214081
330.470154
330.302277
330.228516
330.502960
330.655121
330.975006
330.836639
331.657379
332.008606
331.552948
332.570770
332.442444
333.036224
333.197662
333.469849
334.114197
334.436005
334.489044
335.128082
335.483307
335.729309
336.590057
336.730988
337.317291
337.293976
337.739044
337.798828
338.329590
337.683533
337.560730
337.823914
337.499603
336.762970
337.143311
336.503540
335.782227
335.594299
334.707611
333.870453
332.956573
331.836700
330.526886
329.140808
327.623291
325.775513
324.086914
322.124268
319.877167
317.570190
315.130890
312.064789
309.397736
306.720428
303.526001
300.294189
296.533875
293.748016
289.499390
285.897125
282.212555
277.950684
273.720856
269.810760
265.315186
261.484192
257.129242
252.972183
248.687943
244.266861
239.975830
236.234085
231.979187
227.832214
223.849152
220.123749
216.384628
212.806580
209.555908
206.234192
203.564758
200.649338
197.899734
195.784470
193.761475
192.236893
190.058228
188.975677
187.808350
187.051590
186.817276
186.550339

