267.812042
173.860779
174.317169
175.051376
175.727859
177.286926
178.236710
180.098557
181.874741
183.806137
186.352188
188.631271
191.100189
194.130661
197.102676
200.522812
203.500992
207.003891
210.391373
214.011993
217.808212
221.364334
225.151627
228.804291
233.031555
236.606812
240.360001
244.262924
247.957092
251.466232
255.056259
258.913239
262.441528
265.561920
268.451172
271.888763
275.005402
278.003052
280.516907
283.209595
285.770782
287.831299
290.522278
292.153076
294.435852
295.936981
297.769257
298.997803
300.407227
301.725250
302.725647
303.995331
304.622070
305.618317
306.349091
307.001801
307.242615
307.450989
308.056305
308.040680
307.612640
308.559357
308.572968
308.284821
308.762878
308.044189
308.183624
307.785461
307.984222
307.694092
307.096252
306.883606
307.074463
306.280701
306.064575
306.026611
306.011383
305.579651
305.172485
305.008606
304.778687
305.295258
304.588654
304.699310
304.498596
304.252380
304.385101
304.280579
304.228760
304.365692
304.765686
304.862427
304.729065
305.008667
305.334473
305.619354
305.772827
305.305176
306.296234
306.193970
306.855743
307.138611
307.243042
307.664429
307.938446
308.307434
308.568268
308.866058
309.671265
309.479309
309.796875
310.312683
310.553589
311.095398
311.239380
311.528961
311.957275
312.055298
312.310516
312.575836
312.632202
312.854584
312.964844
313.251648
313.127625
313.380707
313.509674
313.326752
313.691254
313.170898
313.346985
313.515564
313.437286
313.641418
313.314819
312.772552
313.362366
313.238647
312.671967
312.036102
311.704895
311.663208
311.625916
310.996155
311.385834
310.953430
310.289978
310.223633
310.046143
309.484283
309.440277
309.052795
308.813110
308.885742
308.276398
307.980560
307.836700
308.039185
307.694275
307.511230
307.417145
307.512024
306.871094
307.163422
307.340240
307.399353
307.168854
307.549774
307.621429
307.150024
307.549805
307.799194
307.292786
307.666168
308.000488
308.307922
308.664032
308.632935
308.803223
309.598969
309.536041
309.985657
310.175079
310.070007
310.824097
310.847931
311.237427
311.858368
312.368927
312.010132
312.756927
312.872620
313.427979
313.479523
313.816284
314.085602
314.682617
314.887115
315.157257
315.809021
315.549500
315.791290
315.845367
316.139709
316.196777
317.087921
316.587006
316.603516
316.816162
317.307220
316.822754
317.312683
316.944733
316.660828
316.748840
316.728546
316.920929
316.361572
316.565430
316.398346
316.007904
316.395416
316.116821
315.730072
315.501099
315.196808
314.791840
314.588593
314.606201
314.113403
313.857880
313.815002
313.640137
313.024994
313.269501
312.664642
312.619293
312.202362
312.109131
311.340881
311.026520
311.308472
310.963501
310.794067
310.578125
310.751190
310.145325
310.193420
309.867065
310.181763
309.898499
310.226532
310.013367
309.656372
309.603912
309.610413
309.739349
309.885071
309.907867
310.334351
310.319611
310.592194
310.767365
310.904449
310.855377
311.293121
311.222565
311.297211
311.914337
312.171753
312.383331
312.986176
313.194427
313.421783
313.591919
313.655670
314.092957
314.080780
314.606140
314.811584
315.276337
315.512817
315.931610
316.027740
316.288727
316.251373
317.004364
316.924194
317.290527
317.344910
317.399200
318.202576
317.715851
318.035858
318.207672
318.181335
318.130402
318.252716
318.283691
318.332336
318.526550
317.905731
318.118286
318.040405
318.027802
317.891235
317.942719
317.664886
317.985748
317.573395
317.212402
316.912964
317.110077
316.444275
316.652466
316.852386
316.524811
316.063690
315.965118
315.685669
315.295166
315.290771
314.984924
314.858276
314.930145
314.629211
314.640961
314.257599
314.171448
313.980530
314.134735
314.223816
313.756195
313.413513
313.310333
313.353027
314.148163
313.655670
313.302856
313.911499
313.980042
313.679626
313.882935
313.886047
313.987885
313.837921
314.315491
314.373840
314.669861
314.853790
315.024841
315.368652
315.583801
315.934113
315.926331
316.358978
316.372986
316.913727
317.178802
317.475769
317.846313
318.303070
317.964691
318.191956
319.217102
319.375336
319.833557
320.142090
320.080994
320.464478
320.660675
320.965881
321.358307
321.434479
321.612946
321.580811
322.215363
322.287842
322.300873
322.543152
322.812378
322.521729
322.826263
322.914978
322.920715
323.278717
323.286346
322.957306
323.322662
323.328674
322.898071
322.669067
322.682617
323.000946
322.768188
322.527802
322.475586
322.327881
321.887238
322.206390
321.828888
321.340973
321.559479
320.862793
321.151794
320.658508
320.512512
320.800262
320.169586
320.121124
320.074829
320.013794
319.598267
319.793793
319.609528
319.170563
319.359009
319.031616
318.701508
318.749390
319.213959
318.625305
318.711761
318.961121
318.791718
318.581635
318.799866
319.106842
319.077728
318.930817
319.209625
319.027985
319.018341
319.239929
319.652832
319.967957
320.226196
320.094208
320.732300
320.875641
320.986267
321.301025
321.204803
321.702087
321.948212
322.038239
322.320160
323.129822
322.928101
323.668762
323.597015
324.289124
324.437500
324.548187
325.305756
325.226044
325.403931
325.391937
325.715057
325.988800
326.486145
326.309479
326.755280
326.467102
327.243103
327.192474
327.806549
327.296570
327.457062
327.854645
327.874390
328.164062
327.748352
327.683075
328.025940
328.243134
327.744598
327.784607
327.919647
327.729309
327.698578
327.845428
327.686920
327.426971
327.232788
327.345367
326.945251
326.768768
326.362091
326.266296
326.357941
326.234558
325.936615
326.048859
326.073517
325.382202
325.642395
325.182953
325.300140
325.360657
324.988007
324.872650
324.824097
325.307190
324.730347
324.824432
324.467804
324.417633
325.170776
324.648071
324.725739
325.324951
325.415375
324.767731
324.936005
325.152863
325.781677
326.140289
325.925690
326.260742
326.438477
326.945740
327.316772
327.066925
327.274292
327.689514
327.969727
328.776611
328.511414
329.247742
329.286499
329.888519
330.328125
330.639862
330.911041
331.838318
332.175110
332.294769
332.421051
333.101074
333.060822
333.635742
333.906281
334.226196
334.642181
335.153229
334.850098
335.371124
335.716919
336.056885
336.701111
336.273254
336.978485
336.923889
337.139191
337.201721
337.295624
337.511505
337.326233
337.849335
337.641663
337.512756
337.627960
337.902649
337.769226
337.223694
337.748718
337.560089
337.223541
337.408813
336.772888
336.836121
336.905640
336.953125
337.031769
336.285767
335.984650
336.014771
336.124146
335.711090
335.733002
335.229248
335.329865
335.352356
334.648926
335.190399
334.730927
334.485992
334.442352
334.247070
334.020355
333.915222
333.838226
333.838654
333.793213
334.472473
334.040344
334.278351
334.236542
334.015991
334.161377
334.590118
334.620667
334.739929
334.954681
335.055267
335.699951
335.372620
335.893982
336.286469
336.475159
336.704132
336.879181
336.726593
337.341095
337.769318
338.478119
338.927856
339.073639
339.336853
340.071869
340.643005
340.602386
341.415741
341.554535
342.056854
342.541382
342.717194
342.938568
343.813507
344.049866
344.657471
344.644501
345.052246
345.220062
345.886505
346.002747
346.762451
346.750793
346.998169
346.923889
346.668671
347.064301
347.473694
347.943420
347.894043
347.429718
348.101074
347.856415
347.878143
347.737854
348.351685
347.937347
348.218811
348.029816
347.762909
347.272675
347.510284
347.328400
346.861328
346.919891
346.884155
346.526459
346.006226
345.870087
345.053925
345.616852
345.414551
345.538391
344.769440
344.736511
344.006714
343.985077
344.155060
343.562164
343.207916
343.086090
343.067017
342.515167
342.327637
342.424683
342.194458
341.853333
341.881683
341.927917
341.515289
341.883820
341.597260
341.929810
341.353851
341.568146
341.726929
341.803040
341.949585
342.089233
342.223236
342.157349
342.529358
342.799347
342.726593
342.775665
343.506195
343.568665
343.633820
343.921417
344.043884
344.498352
345.289001
345.503967
345.312744
345.796692
346.055328
346.487305
346.621216
347.102386
347.378845
347.498077
347.321686
347.842621
348.368774
348.545624
349.012573
349.201843
349.305542
349.442871
349.820007
349.929016
350.363281
349.964935
350.653107
350.626434
350.927490
350.686890
350.771118
351.043701
350.801880
350.638397
350.887177
350.857025
351.129211
350.527557
350.331635
350.774841
350.620239
350.487854
350.158478
350.018494
349.450195
349.795319
349.622040
349.035278
348.863037
349.092133
348.401428
348.228943
348.395355
348.017853
347.686951
347.590820
347.425659
347.088501
347.128662
346.833130
346.108765
346.530731
346.173340
346.339600
346.135284
346.530487
345.551208
345.850800
345.361938
345.182159
345.361115
344.953766
345.310394
345.390442
345.192902
345.543701
345.286255
345.485809
345.465485
345.591125
345.395508
345.900879
346.006866
346.078461
346.496826
346.630280
346.804810
346.735718
347.171265
347.204407
347.699280
347.929596
348.009735
347.899841
348.605408
349.134583
348.845825
349.522339
349.473694
349.763977
349.646240
349.866547
350.329407
350.405426
350.485229
350.800446
351.202087
350.703857
350.600677
351.210632
350.872711
351.227814
351.091248
350.746704
350.921692
351.261749
350.967072
351.345123
350.775208
351.051025
350.797760
350.697754
350.351379
349.933716
350.386688
349.738800
349.598907
349.331726
349.460693
349.110901
348.803925
348.589203
348.887634
348.296967
347.938232
348.029602
347.427338
347.464294
346.708344
346.368134
346.143280
346.195404
346.230133
346.000275
345.576721
345.595123
345.425934
345.374573
344.826508
344.638977
344.538666
344.467468
345.018066
344.263000
344.184570
344.702545
344.170349
344.321075
344.479706
344.186981
344.630890
344.505005
344.480316
344.750793
345.263947
345.559235
345.274902
345.392548
345.591278
346.065430
346.698517
346.115356
346.251160
346.817017
347.566101
347.459320
347.318054
348.184753
348.028625
348.457123
348.134033
348.967712
348.522705
349.294373
349.257660
349.287170
349.730042
349.262482
349.774841
349.736786
349.808685
349.991730
349.865570
349.494751
349.578003
349.636993
349.884979
349.637573
349.519897
349.546692
348.962311
349.120483
348.716583
348.481781
348.333496
347.840912
348.176910
347.536987
347.402832
347.044373
346.541779
346.968048
346.100739
346.039276
345.883179
345.605469
344.831818
345.188934
344.538025
344.646362
344.680603
343.967743
343.609039
343.680420
343.194366
343.209045
342.761200
343.120209
343.310394
342.940887
343.006317
343.068787
343.524506
343.012024
343.275604
343.315338
343.885864
343.631744
343.981689
344.567108
344.633545
344.842163
345.134888
345.533081
346.128967
346.331909
346.573303
347.222076
347.272186
347.871063
348.034973
348.588440
349.314941
349.571716
349.796631
350.062134
350.256683
350.386536
350.386292
350.976776
350.539795
350.980011
350.527557
350.419586
349.803802
349.808441
349.120544
348.553162
347.351440
346.984833
345.978363
344.659363
343.173523
341.603119
340.475830
338.682648
336.573761
334.536346
332.148560
329.618835
327.603394
324.552765
321.501434
318.861267
315.053528
311.782196
308.203247
304.652618
300.945831
296.943329
293.150848
288.602264
284.775543
280.254517
275.889801
271.807281
267.470459
263.044891
258.188629
253.747437
249.515717
244.989929
240.819992
236.906616
232.386276
228.731613
224.877548
221.091751
217.440552
214.336807
211.162888
208.320328
205.581711
202.903397
201.150894
199.011734
197.557251
196.200928
195.022858
194.258255
193.875488
194.261429

262.379639
173.909836
174.350510
175.077377
175.753159
177.315674
178.288010
180.140137
181.939957
183.884003
186.432724
188.731171
191.198517
194.235062
197.222672
200.650574
203.647995
207.152008
210.565994
214.191956
218.020660
221.561981
225.383362
229.044540
233.280991
236.896729
240.658936
244.591568
248.306686
251.806381
255.420105
259.302307
262.837097
265.964386
268.892761
272.320465
275.496063
278.512665
281.040771
283.753967
286.337738
288.444519
291.129944
292.789551
295.085205
296.603119
298.472931
299.696655
301.158783
302.463776
303.479645
304.811676
305.440002
306.460144
307.204376
307.871307
308.104370
308.333954
308.985443
308.989868
308.528717
309.533020
309.555481
309.271667
309.737457
309.059143
309.228149
308.805328
308.992950
308.770172
308.168579
307.919861
308.097717
307.361206
307.125000
307.096924
307.090057
306.681183
306.255585
306.055054
305.840729
306.378448
305.638641
305.756287
305.549347
305.298676
305.425568
305.331329
305.258545
305.388367
305.744537
305.854797
305.700867
305.974457
306.278870
306.556702
306.689178
306.205414
307.193939
307.071594
307.727539
307.959686
308.052368
308.468506
308.702545
309.058746
309.312317
309.565521
310.370331
310.137268
310.485382
310.950714
311.182983
311.669556
311.792572
312.046570
312.447632
312.514252
312.748718
312.985870
313.020416
313.245270
313.306061
313.603088
313.395752
313.631317
313.734131
313.537445
313.885590
313.307556
313.450500
313.628876
313.512695
313.680725
313.318939
312.788086
313.335022
313.199249
312.585632
311.940704
311.606934
311.501007
311.433044
310.787720
311.171326
310.722015
310.054718
309.947144
309.730652
309.166687
309.119446
308.704498
308.434937
308.499207
307.877197
307.596039
307.384613
307.591766
307.252716
307.046173
306.936249
307.009552
306.383942
306.656586
306.819824
306.870056
306.614655
307.013092
307.079468
306.580048
306.977692
307.230713
306.708435
307.093323
307.434235
307.739075
308.120056
308.079803
308.229309
309.023895
308.983032
309.455353
309.591187
309.513519
310.297516
310.327240
310.729218
311.321625
311.822266
311.487427
312.281647
312.401672
312.939240
313.027924
313.352448
313.657593
314.265869
314.499969
314.755219
315.458801
315.179657
315.434174
315.524353
315.806305
315.904022
316.773071
316.361389
316.322998
316.569580
317.090118
316.618073
317.113098
316.785828
316.534424
316.644684
316.597107
316.826202
316.298737
316.512665
316.358398
316.005890
316.392975
316.147949
315.764679
315.551422
315.287567
314.907349
314.691772
314.773315
314.267639
314.050140
313.997406
313.852600
313.296753
313.536957
312.926514
312.917877
312.538635
312.499969
311.684875
311.401398
311.713318
311.381226
311.239349
311.076752
311.253998
310.688232
310.713287
310.398743
310.805573
310.494751
310.810822
310.655853
310.307129
310.303833
310.300293
310.510254
310.633118
310.667877
311.099335
311.139832
311.412750
311.602631
311.761414
311.715149
312.150513
312.129333
312.215424
312.863525
313.143219
313.358368
313.995392
314.205658
314.461639
314.644989
314.716858
315.138031
315.221252
315.753357
315.949432
316.432281
316.667114
317.115112
317.261993
317.501343
317.503479
318.225739
318.156311
318.539612
318.603149
318.666260
319.498901
319.054626
319.380035
319.542847
319.559387
319.513885
319.632294
319.692780
319.714386
319.983673
319.350311
319.556519
319.505096
319.500519
319.443787
319.467682
319.167633
319.480286
319.093811
318.754852
318.492920
318.671234
318.051941
318.236542
318.458313
318.134521
317.634186
317.604401
317.323059
316.899933
316.899475
316.640747
316.476868
316.588531
316.319611
316.312744
315.895172
315.813232
315.639679
315.820312
315.897278
315.391693
315.082794
314.992004
315.013824
315.790680
315.322662
314.956635
315.560730
315.633484
315.281830
315.536652
315.526733
315.566650
315.432404
315.873230
315.992767
316.283997
316.419220
316.562134
316.901062
317.115875
317.448792
317.451721
317.838287
317.843292
318.369781
318.627441
318.915436
319.261871
319.650940
319.321930
319.554108
320.560974
320.679871
321.162384
321.439697
321.324310
321.725220
321.893890
322.198578
322.495453
322.602905
322.729736
322.667358
323.282593
323.313568
323.385376
323.556458
323.807190
323.498627
323.747131
323.806335
323.811401
324.119354
324.076416
323.780670
324.104309
324.062378
323.607758
323.329468
323.316254
323.628876
323.382477
323.107361
323.048676
322.855621
322.395752
322.645447
322.281311
321.752808
321.964325
321.250580
321.453796
320.959961
320.816010
321.028259
320.420593
320.349976
320.295898
320.186127
319.779541
319.934937
319.723785
319.242706
319.392975
319.038422
318.721527
318.717682
319.190002
318.597443
318.650513
318.854095
318.685303
318.467468
318.674957
318.970947
318.867889
318.748596
319.009247
318.808868
318.807556
319.013000
319.385345
319.728912
319.952423
319.821136
320.438599
320.578430
320.684692
320.946198
320.847534
321.345978
321.609070
321.679260
321.973083
322.771454
322.591217
323.300751
323.200287
323.898834
324.058746
324.155212
324.907501
324.842010
325.056519
325.010834
325.340302
325.641083
326.138245
325.964905
326.384003
326.113647
326.855682
326.851288
327.472687
326.962311
327.127380
327.498016
327.550110
327.856598
327.426239
327.386292
327.731628
327.938568
327.476685
327.489471
327.649750
327.494019
327.459076
327.649994
327.464447
327.215149
327.035919
327.136414
326.792664
326.588409
326.180511
326.100372
326.203186
326.094055
325.793396
325.932953
325.956726
325.301361
325.527496
325.091125
325.219604
325.278290
324.933533
324.815063
324.785980
325.306580
324.694946
324.846832
324.486877
324.432068
325.191589
324.655823
324.760773
325.340546
325.393494
324.826172
324.966156
325.235138
325.840576
326.223999
325.985077
326.339722
326.506226
327.020203
327.381104
327.174988
327.371490
327.792877
328.069794
328.880798
328.607971
329.339661
329.421387
329.989166
330.439240
330.744965
331.010284
331.922302
332.268951
332.369873
332.526855
333.172424
333.151276
333.716278
333.978699
334.308777
334.707672
335.213776
334.914307
335.423157
335.780090
336.144440
336.767670
336.335419
337.035706
336.939209
337.145844
337.235718
337.302277
337.511780
337.313019
337.836029
337.637848
337.502319
337.604492
337.878967
337.720490
337.176514
337.701782
337.509247
337.169586
337.338074
336.713623
336.766815
336.812134
336.858765
336.944733
336.204834
335.881866
335.913788
335.960724
335.583435
335.579987
335.109711
335.175171
335.186066
334.468750
335.018585
334.573700
334.302002
334.261139
334.052094
333.821381
333.709503
333.627625
333.639893
333.586914
334.235291
333.822174
334.040161
333.990753
333.756287
333.945648
334.353699
334.374176
334.477814
334.694275
334.812378
335.444855
335.101776
335.634247
336.031708
336.226654
336.438385
336.592926
336.466003
337.048615
337.505920
338.209686
338.661682
338.758820
339.060150
339.784790
340.373932
340.315491
341.136841
341.263947
341.751617
342.250977
342.430603
342.667542
343.546051
343.771698
344.357361
344.358521
344.779602
344.953186
345.599701
345.741882
346.498779
346.491425
346.729431
346.656464
346.420837
346.816345
347.199219
347.674103
347.624390
347.194305
347.862915
347.593536
347.639862
347.480957
348.096405
347.712402
347.952179
347.822479
347.542328
347.038696
347.273499
347.100647
346.645996
346.703400
346.653107
346.321533
345.815765
345.674927
344.812592
345.448914
345.219543
345.357300
344.575806
344.554962
343.807343
343.809845
343.982452
343.376526
343.046692
342.922943
342.913177
342.347900
342.175476
342.315582
342.021973
341.693054
341.744232
341.783478
341.347351
341.749847
341.450592
341.797150
341.196014
341.410950
341.598419
341.654602
341.828369
341.967865
342.109222
342.041260
342.395660
342.690979
342.638062
342.706848
343.407227
343.506104
343.539429
343.865204
343.949371
344.412964
345.223877
345.418396
345.229126
345.744568
345.991455
346.435730
346.550018
347.035583
347.330261
347.467743
347.254944
347.795166
348.333160
348.536774
348.991211
349.159637
349.268707
349.404541
349.746826
349.916473
350.309631
349.963348
350.618622
350.626862
350.914764
350.683899
350.768860
351.081543
350.771240
350.647186
350.867462
350.899353
351.152863
350.536407
350.348358
350.785889
350.661041
350.511810
350.198547
350.062439
349.465240
349.838989
349.658539
349.120728
348.908142
349.150635
348.459137
348.291992
348.420593
348.096497
347.760315
347.676147
347.487640
347.177368
347.206146
346.931549
346.184204
346.643219
346.272705
346.438080
346.232544
346.709412
345.636993
345.966675
345.488159
345.317047
345.486572
345.057251
345.467163
345.534363
345.324158
345.669556
345.433258
345.612640
345.640076
345.756989
345.564301
346.097168
346.162445
346.258301
346.692322
346.826874
346.968781
346.940369
347.355072
347.394257
347.854340
348.127960
348.217010
348.137756
348.813538
349.357330
349.058472
349.747375
349.682800
349.970856
349.851440
350.082153
350.548920
350.628387
350.742462
351.034576
351.419800
350.933350
350.864624
351.444000
351.138123
351.465454
351.338440
350.998505
351.193207
351.519073
351.234467
351.592712
351.066193
351.290283
351.058441
351.001404
350.606415
350.230011
350.670624
349.992126
349.876099
349.602692
349.754822
349.367279
349.089294
348.874786
349.194824
348.575775
348.246094
348.313141
347.735046
347.766052
346.996216
346.674164
346.438477
346.494476
346.523499
346.320648
345.906158
345.909698
345.724762
345.698425
345.137115
344.988525
344.874756
344.818817
345.364136
344.594452
344.488922
345.025024
344.495850
344.666321
344.806610
344.532654
344.948883
344.832306
344.815857
345.077789
345.607513
345.873840
345.598419
345.702820
345.929443
346.358246
347.048218
346.465729
346.595581
347.154785
347.856079
347.786499
347.634399
348.556488
348.377625
348.763367
348.445679
349.299103
348.862823
349.610474
349.600891
349.638092
350.032227
349.597687
350.074829
350.065735
350.136139
350.293457
350.169495
349.787506
349.897278
349.940369
350.179504
349.945557
349.833008
349.851929
349.258911
349.398041
348.999725
348.798584
348.642365
348.132507
348.456512
347.840973
347.700348
347.334473
346.833405
347.237823
346.395111
346.281738
346.144836
345.873810
345.086243
345.421295
344.773529
344.897186
344.924835
344.228729
343.849670
343.946106
343.417511
343.457397
343.008301
343.361450
343.513367
343.166290
343.171295
343.274780
343.722046
343.204071
343.483337
343.479523
344.058929
343.797943
344.167694
344.744385
344.816071
345.008240
345.301422
345.705688
346.308624
346.489075
346.711121
347.376038
347.430237
348.055664
348.172516
348.736877
349.447144
349.686523
349.915344
350.208160
350.381348
350.492065
350.462219
351.094910
350.639709
351.080688
350.624664
350.489563
349.878632
349.907288
349.184875
348.633270
347.441925
347.046234
346.067566
344.725281
343.244263
341.656982
340.512451
338.740265
336.636353
334.592010
332.189362
329.649872
327.632568
324.586304
321.530457
318.909180
315.084442
311.830841
308.207916
304.692169
300.963623
296.957397
293.171021
288.618988
284.786285
280.230316
275.875916
271.818756
267.497284
263.041412
258.188080
253.749191
249.523666
244.981598
240.816437
236.892349
232.378952
228.702637
224.866684
221.067734
217.416672
214.322174
211.154312
208.303101
205.572784
202.895035
201.123413
198.989075
197.540573
196.184250
195.021210
194.238861
193.865814
194.291687

218.289001
184.803604
184.961044
185.901642
186.922775
188.048843
189.497314
191.040558
193.402191
195.496658
197.985580
200.539871
203.172546
206.440475
209.607132
213.004807
216.270554
219.721069
223.616348
227.311951
231.272522
235.186798
239.226654
243.192108
247.140915
251.317307
255.513962
259.365753
263.509583
267.466614
271.387848
274.809998
278.450531
281.855682
285.293396
288.455139
292.063904
295.247620
298.033569
300.928741
303.234589
305.499084
307.911072
310.101929
312.277771
313.829803
315.629730
317.152100
318.256500
320.002869
320.693634
321.980347
322.556427
323.316650
324.576691
324.903168
324.714569
325.887634
325.731995
326.071960
325.996368
326.209991
325.796692
325.686005
325.503418
325.518677
325.657166
325.028168
324.781616
324.588226
323.970520
323.510834
323.747375
322.880219
322.852417
322.559784
322.020050
322.005432
321.722046
321.105988
321.285980
320.737915
320.694702
320.248871
320.175354
319.628296
320.013245
319.890167
319.542023
319.632202
319.307861
319.567749
320.158630
320.312988
320.029633
320.377350
320.533844
320.727783
321.044922
321.323700
321.464325
321.986450
322.528534
321.918304
322.925018
323.172577
323.519562
323.490265
324.428223
324.116943
324.401581
325.403961
324.354980
325.224426
325.512054
326.070343
325.881073
326.309753
326.547180
326.615265
326.881866
326.817719
327.072144
326.703522
326.890320
327.118958
326.982666
327.013367
327.269775
326.888123
326.979797
326.817474
326.566406
326.669128
326.350769
326.117645
326.272614
325.570221
325.722504
325.604553
324.810028
324.094360
324.527069
323.924530
323.961548
323.223083
322.861938
322.373413
322.575562
321.494873
321.852509
321.484100
321.289734
320.807526
320.688934
320.380524
320.225433
319.635895
319.561432
319.519958
319.352783
319.631775
318.789001
318.825470
318.511139
318.694427
318.980591
318.560181
318.796814
318.337555
318.969940
318.487335
318.779083
319.286835
319.131927
319.329468
319.978577
319.593536
320.179993
319.886963
320.130829
320.593567
321.101166
320.813690
321.375214
321.424835
322.228363
322.036865
322.508759
323.072205
323.428741
323.615906
323.823822
324.310791
324.464142
324.686920
325.187866
325.796600
325.536285
325.798920
325.959747
325.995880
326.606293
326.464508
326.470673
326.689087
326.969543
326.812225
327.069031
327.237610
327.155304
326.952576
327.174957
326.875854
326.531799
326.746948
326.695923
326.700836
325.916931
326.342346
325.883057
326.009186
325.435944
325.112549
324.901031
324.945099
324.466461
324.238098
323.788025
323.646210
323.408264
322.893585
322.412537
322.512543
322.127533
321.952820
321.432098
321.199951
320.994415
320.392792
320.256104
319.808655
319.813690
319.423737
319.620422
318.923401
318.941895
318.853760
318.582214
318.289520
318.432709
318.550293
318.196503
318.270081
318.177673
318.320953
318.368683
318.276276
318.214233
318.228577
318.648499
318.498169
319.159973
319.123596
319.415649
319.152191
319.791412
320.050995
319.997894
320.257385
320.776886
320.732025
320.921844
321.364258
321.491364
321.524780
322.134369
322.527771
322.735443
322.902588
323.364166
323.409760
323.801849
324.225952
324.605408
324.356232
324.736542
325.521057
325.284210
325.602295
325.371979
325.379822
326.084473
326.265625
325.652100
325.888489
325.996338
326.070709
326.176544
326.039062
326.034790
325.838104
325.650177
325.855225
325.616211
325.637177
325.407837
325.265015
325.149048
324.777649
324.730316
324.581512
324.482697
324.386749
323.951569
323.661499
323.577911
323.581390
322.837585
322.981018
322.747345
322.256073
322.440216
321.800598
321.364075
321.506348
321.822662
321.371246
321.085907
320.951752
320.750732
320.318695
320.319519
320.265961
320.642670
320.316162
320.238098
320.062988
320.163910
320.307465
320.384827
320.740692
320.765839
320.604279
320.189758
320.701752
320.798828
321.258179
321.050446
321.249603
321.390961
322.042236
322.238098
322.427704
322.502869
322.711243
322.617889
323.198334
323.473206
323.779480
323.929840
324.586182
324.367157
324.625458
325.287445
325.688965
325.494293
326.118439
326.354431
326.286591
326.866302
327.272736
326.972900
327.632507
327.571350
327.828918
327.999420
328.425781
328.206970
328.366028
328.993774
328.469421
328.979401
328.758240
329.133972
328.702545
328.830872
329.251770
329.086090
328.509888
328.814880
328.584442
328.097137
327.954987
328.010620
328.369751
327.196777
327.530792
327.504578
327.405090
326.944122
326.632416
326.753418
326.340240
326.451721
326.208405
325.882416
325.688995
325.350647
325.260651
324.818726
324.825409
324.811798
324.770294
324.132568
324.123383
324.293549
324.100494
323.392700
323.808075
323.531830
323.465088
323.248566
323.121857
323.552612
323.334930
323.674896
323.547058
323.601501
323.159454
323.773773
323.609558
323.812988
323.851410
324.408600
324.295135
324.642181
324.622711
324.641785
324.645203
325.020294
325.394562
325.571228
325.927856
325.960602
326.757538
326.819550
326.923523
327.129395
327.345398
327.501709
327.793152
328.246185
328.330933
328.573395
329.178131
329.255219
329.594849
330.243469
330.223846
330.124725
330.589844
330.390259
330.607056
330.946686
330.882599
330.715820
331.198730
331.157227
331.131775
331.671814
331.127930
331.655762
331.324097
331.260986
331.273499
331.332092
331.144409
331.262878
330.960083
330.683777
330.700043
330.445251
330.750946
330.400604
329.863831
330.003326
329.554840
329.747223
329.178162
329.050934
329.215485
328.714020
328.836273
328.308228
328.538605
328.111572
327.866699
327.450226
327.452301
327.186035
327.521515
327.325714
326.826080
327.164642
326.901062
327.011993
326.648773
326.582489
326.708557
326.689301
326.686157
327.407349
326.386108
327.273865
327.186920
327.152252
327.158539
327.379211
328.162506
328.114990
328.062439
328.229950
328.238953
328.491516
329.167816
329.351624
329.793884
329.669678
329.907471
329.670624
330.779846
330.930603
331.599579
331.647980
332.208466
332.785797
332.634247
332.909821
333.480194
333.658417
333.897278
334.278381
334.539368
334.918182
334.989838
335.485565
335.779877
336.068054
335.971100
336.285614
336.239716
336.365112
336.561005
336.853821
336.844818
337.059723
337.043549
336.830109
336.888947
336.750977
336.878723
336.827271
336.460876
336.857971
336.640259
336.400543
336.563568
336.212646
336.078156
336.043152
336.076965
335.180145
335.091461
334.639709
334.930237
334.340912
334.081665
334.221832
333.764404
333.484100
333.884399
332.881958
333.035126
332.711853
332.654236
332.404602
332.024750
331.794739
331.772003
331.414459
331.622253
331.543579
331.075012
331.209351
331.072357
331.148712
331.550903
330.822723
331.199860
331.039551
331.174805
331.121857
331.498657
331.577209
331.801666
332.146912
331.796356
332.212494
332.745514
332.287567
332.487061
333.042023
333.086670
333.484741
333.536346
334.362213
334.562103
334.840363
335.058533
335.457886
335.911591
336.010223
336.861969
336.771759
337.325745
337.631134
338.078522
338.327637
338.637604
338.711243
339.724030
339.277008
339.671051
340.016418
340.224976
340.428162
340.913788
341.087921
341.233643
341.141022
341.181580
341.523895
341.885010
341.687866
341.892181
341.527527
341.898010
341.813721
341.451935
341.894836
341.319946
341.279694
341.333740
341.638947
340.934387
341.028534
340.513794
340.439789
340.259277
339.882812
340.265991
339.249664
338.873505
338.470062
338.952179
338.424225
337.937073
337.999756
337.867554
337.277710
336.779083
336.561768
336.348419
336.192932
335.729187
335.133331
335.081726
334.910919
334.966156
334.610107
334.582550
333.955353
334.124023
334.045349
333.601837
333.451202
333.343414
333.841034
333.306396
333.745483
333.470886
333.157867
333.243927
333.548035
333.304810
333.490753
334.007477
334.218994
333.635498
334.219055
334.300018
334.542114
334.959045
334.978424
334.944946
335.311035
335.733185
335.949768
335.888458
335.858582
336.673126
336.843903
336.745178
337.531647
338.000549
337.999603
338.239105
338.047546
338.774292
338.980316
339.051636
339.532837
339.618896
339.752869
340.128082
339.852142
339.804352
339.781982
340.276001
340.233765
340.332916
340.579712
340.971344
340.514435
340.147827
340.273315
340.309906
340.463837
340.186981
339.679718
340.266052
339.963196
339.030182
339.445251
339.513031
339.329834
339.102051
338.772980
338.851807
338.213257
337.929230
337.785522
337.386475
337.224365
337.027832
336.686737
336.456726
336.096222
335.970428
336.250519
335.544586
334.848419
334.717194
335.023865
334.560150
334.557556
334.364532
334.134979
334.196320
334.266998
333.706970
333.720306
334.229340
333.646698
333.501160
333.197693
333.348083
333.410339
333.193359
334.054047
333.671265
333.657288
333.877075
333.770325
333.947754
333.855347
334.009583
334.604889
334.391907
335.038788
335.227295
335.363098
335.247589
335.883362
335.831238
335.931732
336.105499
336.388275
336.495209
336.706421
336.914978
336.888947
337.119049
337.452545
337.113037
337.370209
337.792023
337.802032
337.811951
337.953094
338.364319
338.397034
338.268005
338.062988
338.261871
337.794891
337.899017
338.473602
337.513824
337.985565
337.910522
337.782959
337.519623
337.413696
337.535217
336.930511
336.674835
336.546295
336.382080
336.541809
336.256287
335.968597
335.421997
335.629913
335.521637
334.820892
335.006439
334.445526
334.050049
334.347382
333.260956
333.710144
333.374146
333.141449
332.826752
332.773224
332.156921
331.952057
331.841858
331.692993
331.862366
331.626068
331.593048
331.013641
331.065033
330.784790
330.831909
331.172302
330.951233
331.207642
331.204254
331.596649
331.514832
331.029999
331.463959
331.179749
331.622131
331.725128
332.038269
331.576843
332.020172
332.144226
332.615265
332.810852
333.273590
332.890350
333.455505
333.648895
333.922333
334.069153
334.169250
334.633240
334.685638
334.253235
334.704590
335.476929
335.562714
335.607941
335.056305
335.512360
335.480499
335.611023
335.931519
335.691925
335.757233
335.759857
335.690918
335.391296
335.789154
335.485443
335.338470
335.366913
335.427490
334.657928
334.833069
334.814545
334.675201
334.141846
333.691406
333.912384
333.651459
332.963562
333.058105
332.481384
332.288300
332.063049
331.420135
331.406219
331.149536
330.675568
330.624268
330.340332
330.221771
329.943542
330.032593
329.481140
329.106934
329.034302
329.184357
328.931671
329.108521
329.222443
329.087067
328.800049
328.628357
328.983215
329.370300
329.172852
329.380096
329.932922
330.028839
330.179749
330.419769
330.877563
331.102936
331.294739
331.600555
332.354675
332.662415
332.877655
333.066254
333.485321
333.566010
334.150360
334.456451
335.024109
335.186188
335.501709
335.867981
335.795441
335.976624
336.087158
336.040344
336.071747
336.252747
335.778809
335.313538
335.224976
334.222076
333.838654
333.255280
331.835388
331.042114
330.216766
329.086121
327.505493
325.704559
324.579987
322.308197
320.443268
317.825500
315.656158
313.219238
310.712616
307.906860
304.620056
301.938019
298.786285
295.471619
291.982361
287.952271
284.380310
280.556824
276.612091
272.768921
268.356445
264.211334
260.029785
255.911591
251.399826
247.413116
243.296875
238.728851
234.981491
230.681274
226.565292
222.944626
219.146942
215.310684
211.790802
208.175461
205.418457
202.157227
199.643402
196.883972
194.778244
192.496658
190.658737
189.415863
187.949249
186.929916
186.284363
186.097549
185.681244

221.893234
185.362518
185.521179
186.454163
187.470886
188.612732
190.053268
191.598221
193.968979
196.066742
198.560867
201.106567
203.766327
207.033539
210.191330
213.612350
216.861099
220.353653
224.253860
227.953918
231.905685
235.845322
239.887955
243.872864
247.804504
252.044525
256.209351
260.074860
264.218903
268.193451
272.118073
275.600494
279.209930
282.663300
286.085754
289.267456
292.879089
296.093933
298.841095
301.766510
304.101440
306.355286
308.801300
311.029480
313.180023
314.765533
316.540436
318.101379
319.200592
320.950409
321.654449
322.954620
323.530792
324.323425
325.605560
325.969543
325.796661
326.926544
326.785187
327.213013
327.048615
327.299164
326.886108
326.842926
326.671082
326.625000
326.791138
326.133392
325.937897
325.733826
325.130096
324.652985
324.865723
324.056427
324.012756
323.724731
323.123322
323.159119
322.927521
322.290192
322.470856
321.893158
321.869446
321.473969
321.333191
320.817139
321.160919
321.005005
320.705261
320.807373
320.486420
320.743195
321.264740
321.442352
321.169220
321.506439
321.679565
321.852844
322.182495
322.440704
322.573303
323.073822
323.635773
323.011902
324.003723
324.203186
324.565552
324.548157
325.468658
325.106293
325.436981
326.343597
325.344299
326.177490
326.477478
326.984741
326.806580
327.220825
327.527588
327.545990
327.778778
327.711212
327.945068
327.602203
327.754486
327.962463
327.836578
327.876984
328.112518
327.712952
327.765778
327.580109
327.312683
327.380676
327.089417
326.822815
327.024658
326.303497
326.443329
326.340424
325.504517
324.766357
325.198212
324.562805
324.589508
323.865112
323.511078
322.992004
323.177765
322.089905
322.475311
322.111389
321.842285
321.365448
321.220764
320.934937
320.831573
320.148315
320.075653
320.015167
319.872223
320.159729
319.280426
319.308807
318.990906
319.147156
319.440735
319.034485
319.227325
318.777283
319.430908
318.945740
319.229187
319.694702
319.562164
319.764038
320.412140
320.012238
320.564270
320.279846
320.538208
321.006073
321.518494
321.213562
321.737000
321.791748
322.616455
322.350464
322.867859
323.411713
323.772278
323.968536
324.166412
324.618652
324.775635
325.013855
325.488892
326.102417
325.828308
326.109009
326.253540
326.287415
326.891022
326.739960
326.690125
326.941803
327.242126
327.061737
327.301544
327.466034
327.384338
327.167755
327.393433
327.097443
326.726196
326.934875
326.924408
326.890350
326.057678
326.496368
326.025818
326.164001
325.588806
325.258942
325.030640
325.071289
324.576385
324.350708
323.890289
323.751251
323.473999
322.954987
322.480164
322.562653
322.181549
322.006714
321.466583
321.244385
321.035126
320.418854
320.279907
319.827881
319.822266
319.433502
319.633118
318.928101
318.943573
318.842316
318.570801
318.280365
318.406464
318.494446
318.161682
318.252991
318.131653
318.287201
318.332336
318.220459
318.166046
318.197784
318.599579
318.454102
319.089569
319.050476
319.376892
319.108215
319.729797
320.018280
319.956787
320.218933
320.750427
320.706848
320.891724
321.354034
321.459717
321.491241
322.128174
322.524048
322.749969
322.917511
323.379669
323.441711
323.839508
324.276855
324.679596
324.411499
324.836823
325.611877
325.401917
325.728516
325.480774
325.534882
326.235565
326.429230
325.830444
326.072540
326.200165
326.298462
326.419708
326.278198
326.263611
326.100220
325.965179
326.165161
325.926666
325.951599
325.778412
325.627411
325.495667
325.170959
325.152863
324.995544
324.938232
324.856049
324.427460
324.166504
324.092712
324.083527
323.364777
323.525146
323.304565
322.825745
323.014526
322.409241
322.024872
322.141022
322.470184
321.992340
321.755768
321.622375
321.493958
320.996582
321.062164
321.004028
321.368011
321.064392
320.996063
320.833954
320.945831
321.111481
321.206299
321.557892
321.632416
321.427216
321.039185
321.534668
321.634338
322.110840
321.905029
322.112823
322.226715
322.904510
323.150665
323.272247
323.368347
323.550995
323.429260
324.042267
324.332703
324.599915
324.758362
325.394684
325.209778
325.482025
326.135162
326.512329
326.297791
326.921112
327.131531
327.054504
327.653015
328.028534
327.727966
328.360901
328.282318
328.507965
328.700928
329.147614
328.915039
329.049103
329.618164
329.112061
329.613831
329.342163
329.695801
329.258423
329.380005
329.765289
329.603912
328.979034
329.303680
329.054230
328.543640
328.385345
328.424988
328.760834
327.572296
327.891693
327.824707
327.711823
327.229889
326.910553
327.010559
326.579865
326.664917
326.412231
326.076599
325.835785
325.493256
325.368774
324.922974
324.924957
324.897888
324.821320
324.167175
324.155853
324.278595
324.102478
323.357208
323.767548
323.465057
323.367493
323.156189
322.994629
323.434357
323.204712
323.536774
323.387421
323.416229
322.994873
323.588989
323.412811
323.601044
323.622345
324.174774
324.064484
324.383301
324.348480
324.375824
324.371613
324.750519
325.118134
325.282593
325.649109
325.681488
326.466003
326.540894
326.658813
326.850006
327.066040
327.198608
327.491974
327.947418
328.036041
328.294952
328.890869
328.977112
329.289886
329.954041
329.939331
329.845337
330.323639
330.120575
330.340668
330.685883
330.641663
330.488556
330.968536
330.914490
330.943573
331.447876
330.947266
331.442078
331.139313
331.049469
331.125641
331.169861
330.985291
331.122711
330.859222
330.573212
330.583221
330.345673
330.650757
330.343994
329.813477
329.944427
329.513733
329.693207
329.159393
329.037262
329.192413
328.746155
328.862000
328.319702
328.584412
328.168030
327.938782
327.514130
327.522247
327.254578
327.621552
327.456329
326.966797
327.316193
327.043976
327.139679
326.826843
326.736847
326.876587
326.884369
326.890320
327.170258
326.583862
327.477692
327.398499
327.373352
327.362946
327.617859
328.397369
328.381683
328.284546
328.473907
328.498871
328.764832
329.402679
329.611023
330.066864
329.941925
330.178436
329.942139
331.063324
331.252686
331.866211
331.924835
332.470673
333.080872
332.923767
333.199890
333.753937
333.947174
334.196777
334.559845
334.842285
335.203064
335.278168
335.794769
336.070221
336.340698
336.244629
336.532532
336.501343
336.591217
336.834229
337.077484
337.083405
337.285370
337.279877
337.074310
337.123779
336.986084
337.078308
337.024628
336.680725
337.056763
336.837891
336.586945
336.730621
336.417572
336.260956
336.229126
336.242981
335.305908
335.219238
334.779907
335.051025
334.461609
334.208160
334.327667
333.895691
333.571991
333.959045
332.973297
333.103333
332.798553
332.705017
332.452454
332.066010
331.847992
331.801025
331.424469
331.634979
331.564240
331.071930
331.205292
331.061188
331.100922
331.511536
330.812927
331.157227
330.990265
331.106232
331.027344
331.423950
331.495911
331.719757
332.042877
331.713654
332.077393
332.622742
332.148956
332.353790
332.892548
332.915558
333.322998
333.365631
334.190491
334.372009
334.649597
334.858948
335.245850
335.684479
335.792908
336.638428
336.534302
337.093567
337.389221
337.849518
338.087311
338.387054
338.431549
339.445679
338.992523
339.406006
339.726135
339.920135
340.109863
340.595367
340.769135
340.893372
340.786194
340.829437
341.173676
341.529144
341.312805
341.503143
341.172394
341.515503
341.411469
341.067017
341.472900
340.913391
340.869751
340.908051
341.194794
340.508545
340.615356
340.095581
340.013000
339.815369
339.424713
339.793762
338.768097
338.390198
338.011505
338.471680
337.925903
337.456360
337.538483
337.358673
336.791290
336.285645
336.044098
335.828583
335.657135
335.194641
334.591370
334.558167
334.408752
334.419922
334.093964
334.042725
333.446594
333.583923
333.504944
333.059784
332.915527
332.811249
333.279724
332.788971
333.185547
332.940918
332.630585
332.720215
333.024292
332.778320
332.956635
333.480896
333.691437
333.119720
333.707214
333.801605
334.055603
334.464722
334.472595
334.461273
334.795410
335.235138
335.443329
335.420471
335.379181
336.214355
336.387085
336.286102
337.059631
337.553619
337.528015
337.813965
337.613434
338.331146
338.572998
338.634003
339.117310
339.192291
339.365479
339.741089
339.450714
339.440460
339.408539
339.928375
339.890198
340.007782
340.257904
340.640350
340.163391
339.866028
339.995911
340.004883
340.202454
339.909088
339.402130
340.028534
339.745972
338.805145
339.189423
339.275513
339.156342
338.902893
338.560608
338.652710
338.048523
337.776459
337.624542
337.207825
337.059845
336.920776
336.568146
336.364807
335.956940
335.911652
336.145386
335.451660
334.772034
334.684692
334.989807
334.526031
334.513702
334.316315
333.918091
334.205627
334.269562
333.730804
333.697906
334.180115
333.677216
333.539612
333.223480
333.354095
333.465240
333.213409
334.083191
333.747131
333.737976
333.945679
333.838867
334.041565
333.922729
334.107544
334.686249
334.503326
335.145569
335.343658
335.475403
335.375641
335.994202
335.956055
336.037201
336.239166
336.506744
336.609863
336.844849
337.038910
337.026489
337.228027
337.619781
337.258301
337.543762
337.926514
337.945282
337.956604
338.104034
338.521484
338.555542
338.429565
338.221710
338.424957
337.945221
338.040710
338.634705
337.669403
338.153656
338.079681
337.948547
337.660950
337.595276
337.699005
337.088806
336.838318
336.699738
336.511749
336.703064
336.393250
336.104675
335.569641
335.779297
335.660553
334.969757
335.156219
334.572906
334.203796
334.491699
333.391663
333.848816
333.522491
333.281128
332.950531
332.910278
332.275024
332.063568
331.981171
331.794556
331.962982
331.734955
331.689270
331.096375
331.173279
330.892365
330.942841
331.257019
331.040741
331.301270
331.298462
331.699860
331.601074
331.150055
331.559448
331.284973
331.716553
331.814270
332.123962
331.659241
332.099579
332.222748
332.706451
332.894409
333.335815
332.963043
333.526550
333.698608
334.003357
334.129852
334.249512
334.684235
334.769012
334.308044
334.769775
335.573456
335.632416
335.684296
335.111237
335.583282
335.542023
335.669464
335.988953
335.769897
335.785126
335.824585
335.753265
335.449158
335.839417
335.536957
335.410950
335.406494
335.478058
334.705902
334.884644
334.838287
334.729523
334.189392
333.742554
333.966248
333.684387
332.989655
333.104675
332.527802
332.343689
332.114746
331.479004
331.459961
331.192322
330.728943
330.652344
330.391449
330.265533
329.958038
330.060669
329.508514
329.139191
329.081909
329.212494
328.956146
329.143555
329.268066
329.133392
328.832825
328.653076
329.007416
329.394348
329.196259
329.409607
329.956970
330.039764
330.194458
330.453430
330.900513
331.105499
331.324219
331.628815
332.342072
332.702850
332.905151
333.066223
333.496338
333.596558
334.151001
334.464966
335.033813
335.196045
335.498810
335.888977
335.796448
335.959167
336.078552
336.045135
336.066711
336.252991
335.769257
335.286438
335.227814
334.231140
333.823547
333.254822
331.815216
331.006683
330.181427
329.077515
327.484772
325.669189
324.544373
322.261688
320.436066
317.806732
315.615540
313.183502
310.680420
307.873230
304.578339
301.895294
298.731079
295.437988
291.940033
287.910553
284.355835
280.519348
276.586639
272.717346
268.316620
264.165833
259.993927
255.847168
251.331833
247.359848
243.242783
238.674850
234.912842
230.626282
226.488434
222.888519
219.089722
215.270111
211.731186
208.116562
205.370758
202.106354
199.591446
196.829376
194.709961
192.444641
190.608322
189.344101
187.875137
186.869675
186.199295
186.053345
185.638733

