320.097351
172.827255
173.299316
174.016632
174.992538
176.162796
177.504288
179.010818
180.837662
183.044067
185.201462
187.719604
190.234879
193.062698
196.067322
199.423462
202.368011
205.832794
209.131714
213.171295
216.602707
220.133057
224.115356
227.584610
231.305283
234.998688
238.977768
242.721222
246.514496
250.144241
253.706329
257.637085
260.617676
264.231232
267.052795
270.374329
273.159119
276.418243
278.909271
281.687195
284.260681
286.395233
288.756866
290.543304
292.777710
293.885773
296.115204
297.602875
298.779175
299.806488
301.464172
302.167938
303.432678
303.554626
304.847961
305.030212
306.062622
305.916626
306.214874
306.733093
306.569397
306.681732
306.362549
306.990814
306.846924
306.822449
306.263916
306.036682
306.260529
305.724213
305.594788
305.527649
305.337097
304.842407
304.665741
304.491180
304.077789
303.913940
303.566254
303.893768
303.344574
303.254852
302.955780
302.949768
303.216644
302.978973
302.560486
302.673096
303.115753
302.739746
303.411285
302.985077
303.099701
303.536743
303.941589
303.935028
304.312439
304.223602
304.981049
305.262939
305.842438
305.662537
306.146851
306.415680
306.578064
307.126068
307.351135
307.814423
308.430267
308.737671
309.072388
309.384003
309.700500
310.212097
310.712372
310.377686
311.013641
310.824738
311.327484
311.419128
312.079010
312.269592
312.084259
312.283997
313.023499
312.875732
312.816711
312.666779
313.075958
312.570190
313.050171
312.756470
312.608582
312.457245
312.459808
312.519379
312.412140
311.845703
312.240906
311.850647
311.604736
311.192810
311.401947
311.022034
310.604858
310.476746
310.477997
310.003845
309.923615
309.695526
308.901093
308.843628
308.821198
308.628296
308.620331
308.188721
307.986023
307.948853
307.743744
307.746124
307.285645
307.741486
307.506866
307.426483
307.559723
307.574249
307.567841
307.589111
307.526337
307.984406
307.674377
307.994141
308.332306
308.324524
308.237152
308.450226
308.766876
309.138336
309.514771
309.536346
310.045593
309.902374
310.821320
311.332642
311.313599
311.950409
312.138580
312.218231
312.668823
313.271729
313.579681
313.618835
314.047089
314.647919
315.213806
315.139862
315.241760
315.751709
316.529114
316.364807
316.743774
317.213898
317.298035
317.464844
317.386475
317.812561
317.744354
317.872742
317.973846
318.255615
318.058685
318.112732
317.984924
318.309998
318.254669
318.038910
318.330841
317.858063
318.166016
318.054718
317.758392
317.203278
316.991180
317.338867
316.680664
316.570618
316.291443
315.931702
316.082153
316.208771
315.547211
315.306976
315.156067
315.000092
314.827240
314.494415
314.134766
314.040009
313.442841
313.335938
313.144379
313.510315
312.734070
312.361664
312.630981
312.258209
312.578278
312.335663
312.034302
312.219849
312.396240
312.022614
312.203552
311.763214
312.246582
312.020813
312.204285
311.939148
312.610138
312.196228
312.533264
312.638641
313.129089
313.161469
313.274231
313.455170
313.673767
313.999054
314.195129
314.549225
314.884644
315.249481
315.572113
315.694824
315.946747
316.236053
316.438812
317.053131
317.007416
317.548126
318.090729
318.064026
318.441071
318.804688
319.208344
319.453522
319.746765
320.063232
319.846405
320.293579
320.461182
320.519806
320.769714
320.861511
320.924438
321.025299
321.388824
321.056763
321.410461
321.423737
321.202240
321.278259
321.248230
320.843384
321.065216
321.219269
321.095886
320.507385
320.320221
320.600769
320.141754
320.303223
319.916199
320.250336
319.947174
319.662567
319.359955
318.951385
318.776306
318.930298
318.330048
318.534302
317.894287
318.040131
317.724701
317.757416
317.640381
317.507996
317.139099
317.436310
317.022858
317.115753
316.876740
316.692871
316.349487
316.746674
316.392120
316.526337
316.603119
316.401337
316.485748
316.763763
316.730408
317.099030
316.936676
317.171082
317.661957
317.190674
317.804565
317.568176
317.832397
318.365143
318.755707
318.780334
319.229797
319.408386
319.480682
319.706146
319.974823
320.829468
321.041382
320.925903
321.317352
321.485474
321.894440
321.924072
322.159241
322.646088
323.013184
323.026611
323.614441
323.850616
323.999451
324.184631
324.386993
324.331787
324.963470
325.472900
325.371033
325.035828
325.338287
325.742706
325.669861
325.925110
325.936157
325.789459
325.763306
325.960632
325.805328
325.532654
325.589050
325.414001
325.252228
325.706665
325.084320
325.272949
325.126740
324.373322
325.017456
324.321259
323.763062
323.985992
324.014343
323.609863
323.435577
323.466400
323.261597
323.339050
322.569733
322.368195
321.870758
322.189850
321.599518
321.585999
321.687958
321.648346
321.354431
321.278351
321.605469
320.637268
321.338043
321.079926
321.313416
320.426392
320.561218
320.500153
320.797363
321.101074
321.222778
320.799469
321.046143
321.095093
321.325500
321.555725
321.283051
321.542236
321.843811
322.242645
322.289642
322.312134
322.778198
322.884613
323.248566
323.559387
323.621338
323.974976
324.065430
324.732513
324.786743
324.949249
325.731812
325.898834
325.852081
326.312103
326.779572
326.800262
326.887634
327.050201
327.359894
327.584961
328.089905
328.153778
328.411682
328.415161
328.612183
328.483582
328.599701
328.352234
328.757141
329.133942
328.934113
328.688446
328.883789
329.167603
329.108765
328.680573
329.045654
328.755920
328.772797
328.582214
328.650452
328.453339
328.734741
328.665009
328.491333
328.016052
327.820007
327.827148
327.503876
327.249908
327.004364
326.984009
326.774109
326.527771
326.124817
326.039948
326.081665
325.903503
326.182007
325.443115
325.228851
325.042969
325.071686
325.298187
325.290222
324.716766
325.197876
325.239929
325.407440
325.048981
325.279236
324.984253
325.201813
325.320892
325.245270
325.534454
325.895294
325.874237
326.290710
325.925903
326.211823
326.401886
326.791412
327.219452
327.439148
327.806519
327.788727
328.441101
328.546204
329.007874
329.589630
329.277802
330.245819
330.279419
330.639130
330.906891
331.267609
331.482086
332.009644
332.130890
332.966614
332.766754
333.305420
333.904816
333.626160
333.912628
334.618896
335.339844
335.239258
335.264313
335.595398
335.827698
336.235077
335.950195
336.669342
336.487061
336.633209
336.634888
336.583740
336.807465
336.850311
337.046417
336.848328
336.778137
336.770721
336.695740
336.475555
336.554810
336.597321
336.667358
336.024200
335.990356
336.220032
335.308319
335.834290
335.396362
334.497437
335.023651
334.626953
334.893829
334.673401
334.469818
334.070374
333.729034
333.385956
333.437164
333.308655
333.713501
333.306030
333.285248
333.079529
333.151459
333.376343
332.729614
332.848114
332.823059
332.931519
332.453918
332.572296
332.574127
333.010345
332.961365
333.272552
333.292236
333.314636
333.456207
333.748596
334.327728
334.279572
334.533630
334.839722
335.067505
335.028107
335.946655
335.854553
336.787506
336.515259
337.137177
337.475281
337.602264
338.540009
338.386566
339.154480
339.435486
339.990692
340.520782
340.478027
340.976227
341.502289
341.894165
342.161499
342.769073
343.515594
342.757812
343.426697
343.880707
344.193634
344.265015
344.403961
344.481628
345.495392
344.992676
345.388245
345.648621
345.952637
345.656952
346.251373
345.606110
346.315247
345.981537
345.983643
345.708008
346.050903
345.743317
345.718384
345.901855
345.934052
345.214844
345.576477
345.340607
344.892059
344.941071
344.129456
344.098145
344.089233
344.402679
343.714447
343.087128
342.890961
343.135437
342.569489
342.115662
341.824554
341.896301
341.418854
341.288513
340.845673
340.772003
340.584747
340.382965
340.096283
339.700287
339.943359
340.037048
339.669037
340.051117
339.764801
339.954742
339.748016
339.112183
339.594116
340.168549
339.561798
339.941559
340.046783
339.991974
340.214874
340.820312
340.740265
340.727600
341.018982
341.165070
341.459412
341.475006
341.895996
342.431000
342.266235
343.083893
343.122681
343.027496
344.159912
344.099274
344.425293
345.074829
345.199493
345.174469
345.494904
345.384125
345.960510
346.754578
346.996094
346.746826
347.243622
347.658417
347.997986
348.020844
348.366791
348.291077
348.307007
348.611816
348.580994
348.951569
349.336548
348.685669
349.301544
348.964783
349.253387
348.930481
349.336914
348.494415
349.434906
349.008087
348.656891
348.819885
348.629272
348.809357
348.339844
348.219543
348.027893
347.530670
347.673218
347.624023
347.632751
346.988739
346.679993
346.290222
346.250854
346.497986
346.067047
345.811493
345.637695
345.676666
345.534180
345.087341
345.025665
345.021149
344.896851
344.731354
345.149841
344.577362
344.492371
344.944824
344.270416
344.366821
343.842651
343.928436
344.178223
344.066223
343.838684
344.300568
344.172150
344.462646
344.793488
344.845978
344.857574
345.311432
345.016968
345.481659
345.830170
345.927460
346.077728
346.684814
346.825592
346.542847
347.076294
347.193329
347.867737
347.911926
347.756775
348.111816
348.293823
348.309296
349.024841
349.387665
349.646515
349.296478
349.639069
350.054352
349.918243
350.758118
350.287079
350.268799
350.375916
350.418976
350.819916
350.862732
350.822418
351.315826
350.645508
350.715698
351.204468
350.580658
350.944366
350.305176
350.666534
350.730164
350.068359
350.089966
349.783783
349.919281
349.592377
349.512299
348.977966
348.963531
349.052246
348.803986
348.699463
348.152527
348.012451
347.385223
347.299500
347.472473
346.989441
346.948608
346.875671
346.400482
346.159210
346.052246
345.609070
345.586426
345.821167
345.388733
345.853699
345.730560
345.131653
345.310547
345.060822
345.178101
345.322113
345.293579
345.041229
345.223633
345.365295
345.905457
345.635315
345.850739
345.875580
345.711517
345.912689
346.224670
346.957397
346.966705
346.679718
347.686249
347.213745
347.980194
347.970001
348.464844
348.284882
348.740509
349.200104
349.294403
349.496216
349.612518
349.973816
350.327118
350.260071
350.007629
350.749207
350.748962
350.619568
351.185608
351.566223
351.108032
351.418823
350.990479
351.621613
351.631439
351.643738
350.894135
351.187927
351.327789
351.053528
351.061127
351.065552
351.096466
350.614380
350.693848
349.824158
349.770813
349.424744
349.463654
349.078888
348.613617
348.800537
347.839935
348.135071
347.581573
347.447601
347.084686
346.831482
346.937958
346.406738
346.007538
346.105713
345.460602
345.652252
345.466980
345.192413
345.433624
345.030914
345.144165
345.116669
344.863312
344.893890
345.232544
344.855438
345.493073
345.456207
345.870239
346.055420
346.455719
346.983734
347.090088
347.458618
347.713318
348.266479
348.425629
348.827576
349.199615
349.669556
350.324738
350.932220
351.355225
351.082794
351.717560
352.036682
352.273346
352.452423
353.121155
353.735352
353.410583
353.417236
353.497192
353.906128
353.305298
352.992126
352.652344
352.520752
351.593262
351.423889
350.695557
349.896179
348.754059
347.822815
346.322845
344.424225
343.004242
341.464142
339.409088
337.626862
335.149109
332.622772
330.390778
327.552979
323.775818
321.528656
317.813812
314.458923
310.930359
307.110046
303.448212
299.418488
295.028717
291.119751
287.157959
282.737030
278.430176
273.947479
269.395416
264.882965
260.481079
256.218750
251.535370
246.897675
242.969101
238.519348
234.322662
230.461227
226.614365
222.761169
219.355331
216.038147
213.160629
210.100693
207.440430
204.672562
202.750320
200.927902
198.731964
197.559464
196.948685
196.014160
195.831757
195.521072

314.104218
172.927460
173.374481
174.100662
175.094421
176.247803
177.614792
179.117935
180.951843
183.144852
185.320633
187.845718
190.367279
193.217880
196.208191
199.594162
202.551163
206.011902
209.340271
213.382980
216.831451
220.365784
224.374146
227.847656
231.593674
235.302841
239.292404
243.049606
246.841614
250.509857
254.082901
258.034546
260.989777
264.645905
267.506714
270.863556
273.627716
276.900299
279.438812
282.200043
284.825775
286.947815
289.325409
291.146240
293.401855
294.556396
296.798798
298.320038
299.490509
300.520020
302.166473
302.900482
304.194550
304.347290
305.659760
305.809967
306.845245
306.737244
307.102692
307.597107
307.439789
307.554840
307.230225
307.869202
307.781769
307.723175
307.189728
306.967896
307.186737
306.660461
306.549561
306.493286
306.320618
305.803375
305.657135
305.465546
305.021576
304.879089
304.538239
304.842041
304.302246
304.192810
303.913544
303.849762
304.183777
303.927643
303.518188
303.587433
304.035950
303.663818
304.307190
303.888702
303.963898
304.391785
304.815338
304.777710
305.142365
305.042786
305.772888
306.047180
306.618225
306.408264
306.860199
307.114929
307.266876
307.806488
307.990662
308.472931
309.052643
309.345734
309.638519
309.931030
310.218353
310.733124
311.209167
310.868195
311.472290
311.253326
311.736176
311.815369
312.438141
312.576385
312.384796
312.573151
313.288727
313.099091
313.040527
312.854858
313.236023
312.717224
313.187164
312.842255
312.679688
312.500336
312.505585
312.542053
312.402710
311.829987
312.183380
311.796326
311.507629
311.076874
311.255493
310.900146
310.443054
310.320404
310.274017
309.804474
309.689056
309.450775
308.649475
308.548096
308.548462
308.346954
308.296143
307.861847
307.639801
307.586487
307.399353
307.392975
306.906342
307.372284
307.113159
307.038361
307.167175
307.169556
307.185547
307.155823
307.117188
307.556946
307.251801
307.593170
307.896729
307.883209
307.828949
308.005951
308.339264
308.699341
309.072357
309.089233
309.622070
309.481323
310.370819
310.913757
310.891846
311.523041
311.766113
311.813141
312.276764
312.879120
313.175171
313.264526
313.685516
314.298767
314.883850
314.810089
314.900696
315.385132
316.233521
316.063507
316.458069
316.951019
317.013702
317.188904
317.153381
317.579498
317.519653
317.660919
317.778290
318.062012
317.887939
317.949371
317.813904
318.159912
318.159576
317.900269
318.206482
317.774750
318.089508
317.977600
317.688660
317.163239
316.959442
317.290222
316.643005
316.567963
316.281555
315.952240
316.093048
316.254974
315.610016
315.357697
315.215088
315.079468
314.924896
314.619354
314.288055
314.174408
313.576111
313.487915
313.332306
313.673157
312.932678
312.543793
312.851440
312.490479
312.805054
312.556580
312.260956
312.519379
312.683624
312.296265
312.489594
312.075439
312.580078
312.367523
312.550964
312.304565
312.973419
312.559052
312.908813
313.032715
313.508179
313.548248
313.640472
313.888794
314.115204
314.427521
314.655243
315.007385
315.357819
315.760864
316.063293
316.208221
316.473633
316.786591
316.970001
317.633911
317.570099
318.122498
318.683838
318.652557
319.046326
319.440277
319.819794
320.120087
320.440216
320.735382
320.513062
320.991608
321.165955
321.239563
321.498840
321.628357
321.683502
321.779083
322.182220
321.857788
322.232452
322.284210
322.044769
322.165375
322.138702
321.744843
321.965332
322.131989
322.004883
321.443665
321.259125
321.556458
321.138855
321.291656
320.937988
321.264587
320.943970
320.704590
320.447998
320.022339
319.826538
320.018524
319.427948
319.663147
319.044342
319.129761
318.887970
318.904694
318.810883
318.667236
318.344757
318.636230
318.258453
318.337616
318.111755
317.940002
317.640137
318.000519
317.681519
317.805603
317.886597
317.716187
317.804443
318.060791
318.042694
318.396667
318.317413
318.477142
318.921234
318.559418
319.140259
318.882111
319.190094
319.733551
320.124176
320.120392
320.566864
320.727020
320.804779
321.029144
321.299072
322.144196
322.386841
322.222504
322.588959
322.744904
323.154724
323.209229
323.441559
323.928772
324.258728
324.319885
324.868927
325.072601
325.222717
325.389130
325.581818
325.505035
326.111908
326.623474
326.508301
326.189972
326.507141
326.849701
326.834442
327.006348
326.979340
326.897217
326.763855
326.941711
326.809570
326.524475
326.583374
326.322662
326.152466
326.623688
325.975037
326.153320
325.965271
325.251495
325.822388
325.113098
324.541962
324.729370
324.702087
324.363770
324.137787
324.133057
323.923218
323.961029
323.160217
322.994843
322.463654
322.766510
322.105286
322.077148
322.201965
322.150604
321.857391
321.725220
322.061493
321.090240
321.718292
321.429291
321.643677
320.785767
320.854950
320.811951
321.063171
321.406860
321.461761
321.072693
321.253510
321.306793
321.519012
321.739105
321.437988
321.670593
322.012451
322.399200
322.375244
322.415039
322.829254
322.977386
323.363556
323.611694
323.681488
323.997345
324.140381
324.781281
324.791718
324.925079
325.774139
325.875610
325.849335
326.273041
326.717102
326.740295
326.849609
326.974487
327.284576
327.508026
328.041718
328.060913
328.278107
328.366302
328.522064
328.376068
328.495972
328.249664
328.661591
329.036896
328.854950
328.591339
328.747650
329.105713
328.997833
328.554749
328.969513
328.707275
328.639160
328.478760
328.552979
328.341736
328.681671
328.576447
328.433990
327.920990
327.729309
327.743256
327.414276
327.204498
326.948761
326.897919
326.766998
326.454559
326.081177
325.994598
326.034485
325.877258
326.136658
325.403992
325.178040
325.035065
325.038910
325.290649
325.278870
324.715515
325.176453
325.263611
325.380859
325.015839
325.309540
324.985046
325.090973
325.314972
325.247559
325.559906
325.931458
325.892792
326.288757
325.926514
326.214691
326.413239
326.808136
327.254242
327.441833
327.832153
327.822418
328.456818
328.574310
329.033600
329.590332
329.305084
330.253479
330.299286
330.631744
330.929932
331.280029
331.495361
332.019043
332.154358
333.007111
332.771179
333.303986
333.904266
333.631287
333.888519
334.617889
335.346619
335.243469
335.238983
335.592407
335.811890
336.219025
335.917419
336.663208
336.460999
336.594482
336.605011
336.569519
336.802032
336.827240
337.028717
336.789764
336.727570
336.719421
336.650726
336.426208
336.520081
336.532867
336.621338
335.939026
335.905762
336.154846
335.250458
335.758942
335.300049
334.417999
334.969116
334.562744
334.803650
334.588043
334.375824
333.989410
333.652893
333.330963
333.321259
333.218109
333.596558
333.203888
333.217468
332.973572
333.050140
333.265900
332.646942
332.767914
332.688354
332.807190
332.340088
332.500092
332.460205
332.883667
332.874878
333.169464
333.187683
333.232208
333.344055
333.627411
334.238098
334.201996
334.436432
334.726227
334.988861
334.907013
335.845337
335.733093
336.685852
336.388489
337.018188
337.376587
337.529785
338.422241
338.306915
339.041840
339.378967
339.915680
340.462799
340.382233
340.860870
341.413910
341.819031
342.045990
342.675232
343.406982
342.631744
343.325500
343.802399
344.120270
344.177429
344.333588
344.393921
345.407135
344.911621
345.262756
345.598328
345.872711
345.576172
346.157257
345.535187
346.211853
345.908142
345.924622
345.583496
345.937897
345.638824
345.663452
345.848846
345.811707
345.146820
345.495239
345.232605
344.808014
344.872559
344.039093
344.033142
343.987823
344.336578
343.601837
342.983521
342.796326
343.025330
342.481934
342.046356
341.751465
341.792755
341.305023
341.190643
340.741791
340.684326
340.492310
340.251312
340.011841
339.608093
339.877869
339.926666
339.599670
339.952606
339.671600
339.826233
339.655212
339.042542
339.507446
340.099487
339.472137
339.859375
339.918976
339.882324
340.116821
340.785370
340.633820
340.668549
340.911713
341.077667
341.361481
341.408844
341.795441
342.314789
342.205872
342.988312
343.010834
342.968628
344.055786
343.995819
344.367279
344.993164
345.165649
345.088074
345.394135
345.310516
345.904755
346.711060
346.925690
346.713104
347.181335
347.582947
347.961456
347.995941
348.304962
348.199738
348.260742
348.563568
348.540375
348.949158
349.321289
348.626617
349.252808
348.977753
349.257141
348.930115
349.321136
348.497864
349.408722
349.017090
348.671753
348.801392
348.634064
348.816376
348.314575
348.213531
348.007660
347.579102
347.703247
347.690948
347.650787
347.038574
346.721161
346.378876
346.307159
346.558014
346.152679
345.863708
345.699219
345.749939
345.602478
345.167358
345.088348
345.043762
344.960938
344.815277
345.162079
344.693359
344.595276
345.054871
344.392273
344.469391
343.939056
344.065826
344.299652
344.174103
343.944885
344.433014
344.309906
344.613251
344.909119
344.975067
344.997314
345.467316
345.146606
345.639221
345.983398
346.058167
346.215820
346.814392
346.971649
346.668365
347.217346
347.328217
347.993866
348.059692
347.904541
348.252258
348.459473
348.466919
349.213959
349.559784
349.805328
349.445648
349.753662
350.192017
350.064209
350.876648
350.433807
350.394867
350.519562
350.552368
350.952606
350.957977
350.931641
351.439972
350.817017
350.850708
351.316315
350.702087
351.056030
350.449585
350.764008
350.827087
350.164795
350.185211
349.855286
350.012024
349.714874
349.593079
349.066406
349.042267
349.115692
348.869415
348.739777
348.210327
348.074066
347.437164
347.344574
347.536072
347.008331
346.976929
346.917542
346.438110
346.200043
346.062012
345.632996
345.578400
345.826172
345.386017
345.868378
345.711945
345.111938
345.284332
345.022919
345.160492
345.303833
345.240540
344.986389
345.166077
345.320709
345.842468
345.590607
345.785858
345.796112
345.667572
345.837341
346.150299
346.889038
346.875519
346.577759
347.621216
347.107605
347.883087
347.899475
348.379303
348.182617
348.652313
349.065613
349.195709
349.381653
349.493835
349.866394
350.228180
350.137573
349.905121
350.663269
350.624176
350.495819
351.068359
351.468201
350.999695
351.289642
350.907715
351.493683
351.517609
351.545532
350.774750
351.116089
351.243591
350.967255
350.955536
350.995697
350.996124
350.527466
350.601288
349.742432
349.694366
349.367371
349.390778
349.028137
348.572784
348.729462
347.793640
348.088776
347.566833
347.411346
347.062561
346.827637
346.947388
346.447052
346.009155
346.139526
345.480865
345.677795
345.489197
345.207336
345.492920
345.107239
345.197449
345.207764
344.933350
344.998718
345.343903
344.992584
345.617706
345.595093
346.026245
346.202271
346.612091
347.175964
347.281158
347.657257
347.944763
348.458771
348.703125
349.095978
349.515106
349.939545
350.603455
351.254700
351.657837
351.425842
352.061188
352.393799
352.638733
352.823364
353.492584
354.138275
353.822876
353.828491
353.939087
354.305542
353.778259
353.455322
353.156097
353.028625
352.096008
351.960449
351.239258
350.409363
349.314728
348.402588
346.898499
345.009552
343.633209
342.083435
340.041718
338.266083
335.812805
333.285614
331.073090
328.257507
324.490479
322.252258
318.535156
315.176575
311.651825
307.858734
304.215271
300.175018
295.827423
291.931122
287.963684
283.537842
279.231750
274.771332
270.281708
265.683289
261.315491
257.081818
252.391846
247.752701
243.856155
239.414047
235.198730
231.338608
227.504700
223.648697
220.290298
216.981476
214.065628
210.997421
208.338989
205.588470
203.689651
201.831635
199.651947
198.477600
197.881729
196.958847
196.787308
196.808960

223.415833
182.698944
183.013107
183.857483
184.867371
186.150940
187.466064
189.338928
191.421539
193.481598
195.624878
198.441681
201.281052
204.285568
207.304688
210.798096
213.869308
217.466385
221.256012
225.011230
229.098190
233.074341
236.781754
240.640137
244.825119
248.995102
252.963211
256.942535
260.588379
264.488892
268.438049
271.944550
275.520660
279.153839
282.198853
285.574646
288.923737
292.038757
295.084961
297.646881
300.333466
302.500702
305.104919
307.324707
309.237732
310.948090
312.463501
314.408173
315.708923
316.988251
318.155579
319.079315
319.651581
320.799988
321.161407
321.411652
322.380463
322.443512
323.011658
322.947174
323.244415
323.226593
323.247925
323.065887
322.845978
322.985901
322.810822
321.913055
321.830292
321.536865
321.217712
320.885590
320.974365
320.920258
320.527283
319.985260
320.091217
319.409760
319.056213
319.411469
318.814911
318.232910
318.108551
317.990021
317.996643
317.509369
317.228119
317.600586
317.680359
317.551849
318.000244
317.574554
317.912323
318.023132
318.504974
318.225494
318.772369
318.623474
318.825439
319.255920
319.826141
319.493103
319.866669
320.666840
321.009399
321.145264
321.568512
321.667755
322.249329
322.656250
322.800842
322.586639
323.136078
323.746552
323.935272
323.953064
324.120148
324.887390
324.737701
325.010010
325.539551
325.325867
325.267426
325.698853
325.561462
325.546265
325.560638
325.521790
326.053864
325.747192
325.668427
325.303894
324.719482
325.528595
325.404175
324.827881
324.639557
324.768890
324.223541
323.998474
323.670471
323.177185
323.089935
323.089020
322.957001
322.768524
322.024872
322.046722
322.098206
321.443054
321.194122
320.949158
320.355347
319.786194
319.425293
319.253784
319.092468
319.019836
319.142975
318.700500
318.622192
318.736420
318.666962
318.105896
318.343079
318.426270
317.886047
318.580994
318.376343
318.203888
318.364929
318.583038
318.094513
318.475708
318.853912
318.950897
318.575256
319.270203
319.609100
319.813141
320.645294
321.122070
321.528259
321.359436
321.314880
321.586761
321.868896
322.488037
322.470856
323.056976
322.979126
323.616913
323.876709
324.201233
324.539520
324.748871
325.306152
325.575897
325.324799
326.134674
326.382050
326.736389
326.787384
326.768066
326.702911
327.148590
327.510376
327.713959
327.519958
327.403198
327.240692
327.331604
327.234222
327.206818
327.072083
327.141449
326.922516
327.281464
326.517303
326.556580
326.373230
326.180023
325.529877
325.498230
324.984589
325.189575
325.220001
324.472443
323.943207
323.761505
323.800476
323.603149
323.329315
322.923370
322.638763
322.111420
321.783508
321.212128
321.246674
320.890808
320.895081
320.642853
320.722443
320.040436
319.722961
319.976410
319.817078
319.886932
319.303986
319.723938
319.083588
319.622986
319.190918
319.323334
319.543793
319.085083
319.143524
319.209564
319.551971
319.221344
319.592468
319.800659
319.573120
320.005981
320.110535
319.775146
320.765533
320.654205
321.070129
321.908875
322.000397
322.123566
322.143616
322.199738
322.621979
323.426239
323.145142
323.735168
324.181152
324.087067
323.764252
324.755035
325.341553
325.029022
325.173065
325.700256
325.759583
326.089050
326.705994
326.380096
326.670105
326.879822
327.076019
326.828003
326.902863
326.607391
326.604736
327.431854
326.895264
327.235596
326.624054
327.151459
326.644897
327.022522
326.727875
326.185181
326.446686
326.856750
326.291229
326.187836
325.676605
325.264587
325.755951
325.274963
325.001190
324.743378
324.454590
324.437714
323.938141
323.704620
323.682190
323.712585
323.003754
322.843536
323.269257
322.578613
322.543701
322.062256
321.985138
321.989532
321.426453
321.702209
321.945190
321.581635
321.472473
321.497162
321.094421
321.115753
321.208710
321.410675
321.247009
321.472534
321.300232
321.098175
321.060608
321.914490
321.641846
321.707092
321.862396
322.069275
322.401917
322.433624
322.289917
322.795105
322.794342
323.487122
323.076904
323.440765
324.169434
324.436249
324.801544
325.335754
325.485748
325.859436
326.545898
325.966492
326.342346
326.613739
326.872772
326.718475
327.319550
327.515503
327.691772
327.675812
327.953186
328.302185
328.994232
328.877777
328.912140
328.960388
328.922668
328.730957
329.139282
329.619934
329.236755
329.057587
329.177490
329.155548
329.280884
328.970581
329.061066
329.323486
328.718506
328.211639
328.428772
328.663239
328.050629
327.857849
327.537537
327.305328
327.387115
326.985718
326.934204
326.543060
326.942963
326.086731
325.862885
325.854248
325.695709
325.709900
325.556854
324.823578
324.954803
324.991333
324.514008
324.498108
323.770752
324.082977
323.703003
323.879639
323.661652
323.283173
323.291077
323.351624
323.191620
323.116058
323.629425
322.861481
323.130035
323.432037
323.171997
323.613037
323.772095
323.653839
323.541321
324.020691
324.189423
324.078796
324.459137
324.507141
325.253418
325.062012
325.578522
325.705444
326.207336
325.974335
326.435944
326.804596
326.914398
327.406189
327.505432
328.119843
328.121460
328.150696
328.510406
328.790924
328.663330
328.972107
329.298645
329.260468
329.571899
329.830353
330.295166
330.617493
330.754425
330.873352
330.943237
330.902435
331.415405
330.471802
330.812073
330.551544
330.726654
330.665649
330.602173
330.974121
330.503754
330.893158
330.712097
330.409241
330.384308
330.023010
330.243744
330.113342
329.793030
329.603302
329.398346
329.549988
328.717072
328.163757
328.695740
328.216919
328.005219
327.563660
327.727509
327.441803
326.864258
326.826141
326.961304
327.038849
326.567932
326.274139
326.490662
325.966797
325.979553
326.139679
325.722260
325.683289
325.464142
325.749603
325.908508
325.962189
326.569824
325.825592
325.870361
326.404785
326.221283
326.525177
326.312408
326.553925
326.733795
326.840149
327.244965
327.466370
327.670837
328.084839
328.118103
328.167206
328.534668
329.160431
329.454254
330.081055
329.875488
329.961029
330.615784
331.207672
331.403687
331.408081
331.755035
331.870148
332.221558
332.745392
332.850983
333.066803
333.427246
333.742126
333.677612
334.197205
334.349945
334.992981
334.892670
335.274261
335.215332
335.168457
335.115051
335.314148
335.666351
334.948120
335.374817
335.595062
335.368744
335.155914
335.482544
335.293060
335.438934
335.358765
335.217255
334.922455
334.890656
334.429596
334.118073
334.034760
333.648865
333.190613
333.018127
333.365723
332.942078
332.871765
332.301270
332.209229
331.951202
331.876495
331.588318
332.103943
331.195282
331.140747
330.746155
330.645630
329.993011
329.500854
329.583923
329.438629
329.508026
329.443176
329.312164
329.268036
329.332428
329.177277
329.564545
329.693604
329.030823
329.377991
329.366058
329.375427
329.839783
329.717072
329.639587
329.757385
330.134644
330.363617
330.708557
330.513092
330.856079
331.289673
331.463654
331.760864
332.051025
332.631165
332.612885
332.921265
333.448181
333.851868
333.949860
334.853851
334.744385
335.323486
335.850311
335.241791
336.126373
336.851624
336.723328
337.088654
337.218414
337.551849
337.527832
337.940918
338.438324
338.527924
338.292267
338.721649
339.157379
339.365295
339.287567
339.456024
339.576904
338.919250
339.037750
339.299255
339.382111
339.329193
339.237000
339.280914
339.027130
339.211029
339.147186
338.879852
338.377563
338.324951
337.434570
337.570618
336.896393
336.710693
336.444000
336.207855
335.924438
335.872589
335.534271
335.414276
335.145050
334.885895
334.530884
334.180969
334.146423
333.525665
334.044617
333.074310
333.070709
332.848602
332.322601
332.152557
332.238525
331.056213
331.077942
331.513885
331.045166
330.904297
330.893524
331.106262
330.890228
331.083557
330.654938
330.542297
330.676514
330.664093
330.783112
331.218781
330.555786
330.856049
331.082489
331.844421
331.451874
331.405121
331.600342
331.823669
332.045319
332.052795
332.690033
332.886597
333.286194
333.699860
333.505463
333.521545
334.108612
333.761108
334.174011
334.686066
334.957794
335.208344
335.491791
336.122498
335.949493
336.227905
336.253815
336.169586
336.920990
336.840363
337.432831
337.213623
337.436737
337.533203
337.446350
338.022339
337.697327
338.035675
337.965118
337.906097
337.786865
338.016205
337.585938
337.584503
337.596252
337.048615
336.881836
336.661682
336.960327
336.363983
336.162811
336.552887
335.775177
335.678467
335.940521
335.430878
335.013611
334.626862
334.553802
334.636505
334.231018
333.804382
333.804138
333.309570
333.365967
332.794861
332.766968
332.333405
332.234985
331.931122
332.247040
331.690002
332.130798
331.105530
331.548767
331.102020
331.683289
330.621521
331.272675
331.086884
331.177551
330.995728
331.127960
331.529358
331.131683
331.212341
331.046265
331.326721
331.265808
331.751007
331.977692
332.309692
332.275879
332.077576
332.643890
333.156311
332.402313
332.573334
333.181702
333.185272
333.991547
334.191284
333.604156
333.972382
334.076294
334.518127
334.871429
334.677307
334.643829
335.249878
335.692352
335.762207
335.997345
335.592499
335.609192
335.811951
335.648621
335.902161
335.976318
336.266632
336.487152
336.605011
336.678894
336.695801
335.771759
335.736938
335.755157
335.594727
335.681671
335.774841
335.368805
334.768921
335.244354
334.836090
335.123047
334.184113
334.588379
334.096924
333.789642
333.769196
333.495758
332.615570
332.581665
332.881989
332.699707
331.971436
332.264374
332.301849
331.575287
331.352814
331.129913
330.863495
330.367798
330.834076
330.717529
330.045654
330.207672
329.815918
330.006439
329.914520
329.909821
329.801300
330.131622
329.692017
330.455292
330.130249
329.772827
330.443695
329.963104
330.285919
330.114288
330.810913
330.725647
331.001312
330.605957
331.044342
331.290985
331.436249
331.690826
331.712524
331.761078
332.193604
332.389587
332.533142
332.877106
333.213776
333.535461
333.623169
334.013245
334.142548
334.112793
334.421539
334.616547
334.800293
334.512787
334.529053
334.546051
335.017181
334.834229
334.638062
335.487823
335.287903
334.871338
334.833954
335.483185
334.574677
335.219666
334.412476
334.475342
334.236694
334.119385
334.189911
334.213074
333.358459
333.654846
332.766876
332.702057
332.512573
332.376953
331.765289
331.689514
331.175842
331.119720
330.649170
330.751465
330.091797
329.612762
329.996979
329.327057
329.292480
329.706390
329.120209
329.258026
329.145660
328.993530
328.752014
328.371704
328.579071
328.820129
328.822479
328.988373
329.396454
329.435730
329.392059
329.611847
330.393463
330.732117
330.757172
331.400177
331.424896
331.594604
332.265045
332.404266
332.891693
332.962677
332.913177
333.893799
334.480103
335.092041
335.150757
335.052002
335.864075
335.713562
336.537628
336.833649
336.282959
336.504974
336.506378
336.063904
336.353363
335.967987
335.927551
335.713440
334.935303
334.342316
333.535950
333.052551
331.760101
330.612091
329.002197
328.357788
326.546204
324.689301
322.840424
320.618835
318.730927
316.430054
314.014069
311.279266
308.417694
305.910492
302.637421
299.521240
295.808929
292.435486
289.506836
285.253906
281.569397
277.206116
273.053253
269.119812
264.935089
260.915405
256.604065
252.238571
248.171265
243.644165
239.711304
235.572632
231.609100
227.528519
223.630524
219.522461
215.963303
212.159149
208.832993
206.030838
203.113022
200.269135
197.521057
195.345261
193.210327
191.448898
189.946808
188.347275
187.602615
186.876083
186.632080
186.319809

227.293793
183.247818
183.558731
184.412994
185.433792
186.702560
188.040955
189.896851
191.982681
194.054962
196.191177
199.013641
201.872330
204.877914
207.893158
211.396790
214.470520
218.076035
221.884277
225.622925
229.722519
233.719757
237.442383
241.312576
245.497040
249.698853
253.647171
257.668884
261.321686
265.239380
269.174194
272.716095
276.310120
279.935272
283.006042
286.379547
289.740784
292.901337
295.928162
298.509430
301.205597
303.398682
305.990997
308.222107
310.134033
311.869293
313.367096
315.376190
316.657318
317.967377
319.141357
320.067749
320.670990
321.785980
322.210144
322.466644
323.440063
323.476257
324.081635
324.067444
324.349609
324.317078
324.358765
324.180908
323.945160
324.124390
323.954254
323.077881
322.987518
322.723297
322.391235
322.104431
322.161255
322.072937
321.701935
321.151855
321.257782
320.619965
320.225281
320.601227
320.002686
319.421570
319.315704
319.218201
319.133240
318.712097
318.407898
318.734283
318.888550
318.717316
319.197723
318.693573
319.069092
319.177826
319.616180
319.354401
319.852692
319.736023
319.953033
320.368774
320.896149
320.563690
320.964691
321.725677
322.075836
322.227051
322.584137
322.711975
323.291962
323.671173
323.838715
323.553436
324.107178
324.729858
324.908813
324.893707
325.040466
325.808929
325.643768
325.915100
326.516876
326.211548
326.183502
326.589203
326.427063
326.429260
326.411896
326.358856
326.853088
326.556519
326.460114
326.083832
325.492950
326.299561
326.111816
325.543671
325.356964
325.488892
324.894684
324.692810
324.343689
323.834229
323.740662
323.737152
323.583649
323.364716
322.648254
322.658295
322.730713
322.018188
321.741943
321.555725
320.952515
320.327881
319.977844
319.785522
319.632263
319.543182
319.661804
319.205322
319.115448
319.190399
319.129486
318.601837
318.822662
318.898865
318.350922
319.008362
318.801056
318.658752
318.790192
318.990753
318.537415
318.945221
319.262207
319.371918
318.946320
319.685059
319.990723
320.186584
321.033661
321.507538
321.916779
321.725891
321.673431
321.949493
322.195465
322.860352
322.839264
323.395203
323.313141
323.940430
324.182434
324.493561
324.841858
325.033936
325.567383
325.866486
325.630676
326.428925
326.684692
327.037323
327.069122
327.040710
326.945282
327.434784
327.772705
327.953186
327.748749
327.616974
327.454590
327.556030
327.441223
327.424103
327.242767
327.321808
327.106110
327.459351
326.717621
326.709473
326.523163
326.332214
325.672760
325.638306
325.097443
325.289551
325.333496
324.589264
324.046143
323.853363
323.885986
323.675232
323.396637
323.006805
322.698944
322.172424
321.831207
321.265808
321.271240
320.910187
320.917145
320.639954
320.724670
320.050629
319.739960
319.970093
319.802277
319.880646
319.293884
319.692322
319.050903
319.592957
319.164001
319.269928
319.515411
319.036987
319.104156
319.169952
319.506042
319.167358
319.545105
319.747528
319.511078
319.952972
320.046997
319.753815
320.692200
320.616913
321.029541
321.868683
321.973114
322.105469
322.096741
322.186768
322.602600
323.408447
323.136444
323.735779
324.177246
324.087463
323.781342
324.786713
325.380341
325.096771
325.230835
325.743164
325.831116
326.145111
326.792053
326.502258
326.776978
327.013031
327.237213
326.996552
327.096954
326.800629
326.816711
327.622406
327.115143
327.490509
326.852905
327.430634
326.919983
327.337311
327.045532
326.498993
326.812103
327.218048
326.651764
326.555511
326.059082
325.671844
326.201660
325.745880
325.476868
325.215698
324.961334
324.959106
324.478424
324.279327
324.247620
324.301605
323.622406
323.432831
323.913727
323.227692
323.197144
322.704926
322.657623
322.685455
322.133240
322.437286
322.691071
322.332092
322.221649
322.250427
321.863281
321.898407
321.994141
322.204468
322.082733
322.286469
322.136810
321.922699
321.869720
322.739502
322.480133
322.541443
322.717926
322.920258
323.282471
323.300323
323.145020
323.635986
323.657654
324.336456
323.895203
324.302155
325.046539
325.302246
325.628693
326.163147
326.304779
326.686615
327.372589
326.800629
327.147827
327.416290
327.682617
327.452423
328.095673
328.289368
328.442688
328.388580
328.681793
328.988525
329.709961
329.569153
329.583527
329.621155
329.570465
329.348206
329.773315
330.211426
329.799103
329.637177
329.717957
329.682892
329.796173
329.444031
329.550873
329.796082
329.137146
328.634613
328.839081
329.044525
328.432587
328.193939
327.868011
327.611206
327.681610
327.251160
327.205292
326.804169
327.177277
326.278564
326.030792
326.015594
325.824707
325.844757
325.683899
324.919952
325.010254
325.052155
324.542664
324.514740
323.777679
324.068420
323.685638
323.835052
323.590942
323.182800
323.193970
323.229584
323.063934
323.007355
323.484314
322.694000
322.961395
323.239990
322.991882
323.423157
323.556549
323.418518
323.313446
323.816528
323.953247
323.822449
324.226837
324.251404
324.996674
324.795135
325.306549
325.428894
325.928680
325.698334
326.141663
326.519928
326.606964
327.104187
327.191559
327.839783
327.830597
327.847534
328.221100
328.494324
328.371796
328.666901
329.015228
328.965698
329.285431
329.538910
330.038391
330.370209
330.498199
330.632202
330.678406
330.667847
331.204742
330.248627
330.614563
330.338684
330.527588
330.496490
330.428436
330.793060
330.331818
330.722565
330.569946
330.278290
330.262329
329.890015
330.137360
330.018982
329.694977
329.536865
329.352753
329.521973
328.662415
328.123444
328.660065
328.196014
328.011810
327.590820
327.773132
327.452789
326.924316
326.902802
327.018555
327.112305
326.644012
326.333160
326.568024
326.079956
326.098785
326.274231
325.878021
325.793793
325.601532
325.913849
326.096893
326.147888
326.309631
326.030579
326.076385
326.603088
326.403107
326.757294
326.484436
326.784760
326.929626
327.062714
327.480499
327.697174
327.923096
328.339294
328.378906
328.418579
328.776001
329.389374
329.713959
330.317688
330.128265
330.244659
330.870239
331.484619
331.669464
331.667206
331.991058
332.155579
332.492828
333.009125
333.116577
333.355682
333.714020
333.999268
333.925323
334.500488
334.600891
335.231659
335.142151
335.521423
335.465363
335.401337
335.358459
335.544739
335.868622
335.171906
335.594177
335.810394
335.576233
335.373352
335.672363
335.484558
335.628998
335.540344
335.381683
335.071411
335.059113
334.604645
334.281769
334.186707
333.778931
333.339172
333.131531
333.503937
333.065399
332.966370
332.400909
332.273804
332.038940
331.960785
331.652100
332.170746
331.241364
331.199371
330.809204
330.679199
330.020691
329.529877
329.623901
329.457672
329.517761
329.448151
329.309296
329.248779
329.338470
329.158325
329.519867
329.667480
328.963348
329.340790
329.296082
329.310150
329.778992
329.610840
329.524994
329.651367
330.027893
330.239624
330.571442
330.383301
330.737305
331.131165
331.319550
331.618225
331.892181
332.460541
332.449158
332.741211
333.252441
333.648346
333.742249
334.658844
334.523499
335.108643
335.608765
335.020264
335.884705
336.605469
336.472565
336.842133
336.946381
337.287628
337.259094
337.643311
338.135468
338.228058
338.000031
338.395233
338.826477
339.049011
338.957794
339.105896
339.228363
338.551697
338.685394
338.947113
339.014252
338.939087
338.850647
338.905334
338.644867
338.838959
338.751312
338.492493
337.978302
337.912598
336.992065
337.163269
336.485168
336.265472
335.972748
335.765228
335.489136
335.403107
335.072845
334.945465
334.685547
334.424866
334.052979
333.718353
333.681030
333.056885
333.566864
332.586182
332.566376
332.372467
331.841034
331.660950
331.720917
330.568695
330.576782
331.023041
330.556213
330.380188
330.407135
330.595856
330.397675
330.579193
330.145325
330.058167
330.154572
330.140106
330.296051
330.680695
330.065033
330.351257
330.586060
331.347321
330.962524
330.904633
331.108398
331.335144
331.563049
331.570862
332.192078
332.418030
332.818207
333.241852
333.007355
333.045898
333.622284
333.333160
333.705963
334.251007
334.529175
334.781677
335.076385
335.709778
335.538086
335.835785
335.861542
335.813019
336.519836
336.481140
337.068817
336.824585
337.067871
337.189362
337.105957
337.697998
337.340729
337.707703
337.629974
337.551575
337.525574
337.723755
337.293365
337.309906
337.319336
336.827301
336.622620
336.452179
336.711121
336.128296
335.986298
336.337524
335.572998
335.474579
335.781860
335.271210
334.823517
334.467773
334.398285
334.485779
334.103149
333.688171
333.672058
333.197998
333.263397
332.702728
332.697327
332.243622
332.187927
331.862213
332.204651
331.627258
331.931763
331.053070
331.558777
331.080475
331.660370
330.635223
331.293091
331.121521
331.195587
331.042206
331.171661
331.565033
331.175293
331.248871
331.129059
331.368469
331.319092
331.844299
332.044830
332.392883
332.375000
332.146912
332.732544
333.242737
332.458862
332.711578
333.285431
333.309937
334.095123
334.317535
333.739624
334.105438
334.213409
334.649323
335.028351
334.827881
334.783051
335.400482
335.853333
335.889221
336.140442
335.739868
335.753876
335.943542
335.818268
336.066132
336.135437
336.440369
336.646667
336.736938
336.835571
336.835114
335.939484
335.890045
335.922028
335.738617
335.828400
335.910522
335.505737
334.912079
335.410553
334.987762
335.258942
334.317200
334.753784
334.216309
333.915009
333.922363
333.611053
332.740326
332.729279
333.015228
332.851349
332.121094
332.390106
332.451233
331.694855
331.458588
331.265900
330.988983
330.494141
330.975800
330.840027
330.169220
330.334229
329.924194
330.109802
330.023804
330.033112
329.881897
330.242523
329.806641
330.555511
330.254059
329.871887
330.527924
330.057190
330.389404
330.228882
330.920837
330.836304
331.104126
330.681488
331.136230
331.369293
331.505798
331.772186
331.798553
331.836731
332.269257
332.484955
332.612671
332.939850
333.282562
333.601196
333.692841
334.095306
334.205841
334.188904
334.491669
334.697693
334.896118
334.596710
334.588287
334.593597
335.068787
334.913422
334.709869
335.523224
335.330627
334.927734
334.897247
335.516296
334.629486
335.290680
334.467285
334.524811
334.299530
334.160706
334.256317
334.278809
333.411255
333.707062
332.827301
332.747101
332.562073
332.423767
331.825897
331.732147
331.203613
331.158112
330.697937
330.801758
330.116150
329.649719
330.049652
329.357941
329.314484
329.763519
329.169373
329.300781
329.150208
329.026123
328.792328
328.405060
328.626801
328.854492
328.859833
329.015320
329.425446
329.473907
329.420410
329.637787
330.419189
330.761139
330.778534
331.429047
331.461517
331.606079
332.298248
332.389771
332.906738
332.953156
332.920105
333.893341
334.474640
335.102631
335.141266
335.078003
335.882538
335.700897
336.517517
336.830078
336.265656
336.504974
336.495789
336.052795
336.356171
335.945129
335.907745
335.701569
334.927216
334.343597
333.547394
333.031067
331.724701
330.601410
328.964630
328.340881
326.544830
324.658966
322.811401
320.618073
318.723389
316.404480
313.972595
311.238770
308.367065
305.867493
302.572235
299.478729
295.744019
292.371490
289.473267
285.195587
281.501770
277.180298
272.993561
269.070740
264.869110
260.842865
256.531555
252.174164
248.113556
243.606766
239.671097
235.525589
231.568329
227.471191
223.561386
219.458191
215.896576
212.088303
208.766403
205.966537
203.029953
200.212280
197.452377
195.264252
193.149200
191.379227
189.869141
188.281876
187.530823
186.791245
186.576797
186.265900

