320.984528
173.142944
173.421814
174.270676
174.906403
176.013855
177.655823
179.142212
181.020813
183.042709
185.453506
187.499039
190.384094
193.135254
196.177612
199.191055
202.363556
206.013641
209.656830
213.069031
216.744751
220.513840
224.046463
227.864182
231.865738
234.976410
239.142807
242.965973
246.688126
250.086609
253.709091
257.343018
260.830536
263.979828
267.452423
270.210297
273.523315
276.134064
278.846954
281.528473
283.848755
286.162781
288.359436
290.590576
292.398010
293.864319
296.380157
297.348755
298.403442
299.924377
301.221924
301.961609
303.135345
303.849945
304.493195
305.055847
305.460327
306.004944
306.662140
306.622986
306.687164
306.421112
306.381592
306.512939
306.366852
306.389862
305.991119
306.302155
306.167969
305.642334
305.354218
305.321472
304.876282
304.539368
304.564270
304.258148
304.145538
303.893860
303.660370
303.292480
303.037384
303.287567
302.598999
302.815033
302.824677
302.697296
302.755157
302.693390
302.431396
302.706635
302.771362
303.050446
302.762299
302.942810
303.425232
303.639862
303.513123
304.040070
304.652252
304.605316
305.026459
305.195801
305.800812
306.178436
306.359802
306.715912
307.201965
307.273193
307.884949
308.368652
308.385651
308.873291
309.540771
308.932434
309.555084
310.101959
310.105408
310.843262
310.743805
310.940521
311.374115
311.676758
311.532074
311.663910
312.053619
311.948486
312.204651
312.067017
311.892242
312.294861
312.359406
311.869781
312.136810
311.846405
312.119110
311.804443
311.463684
311.603485
311.067230
311.182739
310.765503
310.512970
310.598511
310.340118
310.004517
309.783630
309.631866
308.935944
309.020142
308.769806
307.894714
308.475586
308.184265
307.623627
307.753357
307.702057
307.279724
307.509155
307.380127
306.619568
307.163361
306.545837
306.827637
306.293152
306.148010
306.292786
306.384491
306.371368
306.466125
306.552734
306.912964
306.936249
306.978943
307.042084
307.019196
307.858521
307.706573
307.982056
308.262756
308.833160
308.766449
309.246796
309.441406
309.675598
310.370667
310.533905
311.007141
311.017639
311.586884
312.156250
312.422241
313.002594
313.010071
313.024445
313.657898
313.556671
314.184296
314.413086
314.946350
315.511017
315.349670
315.795227
315.157074
315.963806
316.080505
316.560699
316.352875
316.475586
316.644989
316.604218
317.302704
316.786072
316.854279
317.098907
316.866791
316.936401
316.754333
316.844025
316.848785
316.555481
316.235657
316.145782
315.876221
315.670959
315.528931
315.375702
315.252655
314.681610
314.296722
314.790283
313.988129
313.679688
313.364227
313.603973
313.456726
312.681580
312.623901
312.342865
312.377136
312.159637
311.984314
311.757538
311.597900
311.306427
311.412994
311.161011
310.944031
310.929504
310.559814
310.615814
310.799835
310.488739
310.698578
310.822815
310.573944
310.580139
310.849213
311.129578
310.702942
311.192566
311.311493
311.738434
311.020325
311.736450
311.748169
311.956238
312.531250
312.887695
312.613892
312.943512
313.556885
313.707672
313.908539
314.048218
314.584625
315.249817
315.203064
315.751282
315.999573
316.406799
316.408386
316.688049
317.116577
316.976715
317.917603
317.908966
318.018127
318.266388
318.622742
318.394897
319.310089
319.227722
319.124695
319.710419
319.731903
319.731934
319.773773
319.659424
319.807800
319.938934
319.916443
319.829834
319.946472
320.292816
320.073364
319.977173
319.784180
319.389557
319.256226
319.317322
319.162628
318.892517
318.778442
318.557526
318.362885
317.997284
318.351318
317.772156
318.171722
317.105591
316.902283
316.913574
316.695496
316.943146
316.764465
316.331299
316.239868
316.345490
315.998779
316.077728
315.945953
316.083923
315.454651
315.673187
315.447876
315.479706
315.734222
315.462311
315.421875
315.299866
315.431976
315.510986
315.819855
316.388062
316.084198
316.222290
316.466705
316.877350
316.804688
316.902893
317.009216
317.007782
317.517548
317.844360
317.905304
318.427246
318.666046
318.994324
318.892120
319.677338
319.556366
319.984192
320.469452
320.892426
321.310150
321.920746
321.879303
322.069092
322.661224
322.572296
322.894318
323.282806
323.570557
323.201904
323.795044
323.951752
324.050781
324.315887
324.427643
324.965668
324.722046
325.218781
325.177094
325.083344
325.507019
325.737061
325.337677
324.997345
324.965454
325.031433
324.945190
324.855042
324.921204
325.065033
324.443054
324.588501
324.356598
324.692780
324.550812
324.179199
324.172943
323.595612
323.589264
323.389954
323.070251
323.498962
322.930695
322.913452
322.125732
322.360413
322.395599
321.857513
321.582916
321.667877
321.685791
321.264099
321.294434
320.692871
321.063538
320.718658
320.932465
320.623718
320.731781
320.597290
320.573059
321.016418
320.631073
321.211243
320.623444
321.033417
321.307159
321.504578
321.139832
321.236969
321.651154
321.797668
322.273834
322.328094
322.267059
322.252991
322.847931
323.324982
323.199463
323.720856
324.024048
323.984161
324.923737
324.841217
325.076233
325.240204
325.754181
325.971771
326.198883
326.448914
326.650482
327.079102
327.891083
327.764526
328.096100
328.246063
328.293823
328.662201
329.013794
329.259491
329.181885
328.892700
329.471619
329.565063
329.592255
330.006531
330.151672
329.910797
329.650299
329.933594
329.822632
329.811646
329.815216
329.656952
329.542908
329.809357
329.388031
329.620941
329.453857
329.160156
328.874756
329.353058
329.001801
328.155273
328.583862
327.836212
328.159210
327.691589
327.831421
327.755798
327.706299
327.597839
327.092133
326.951843
327.397278
326.742706
326.576965
326.657501
326.410431
326.310242
326.462738
326.118347
326.551208
326.201233
326.717163
326.313599
326.532623
326.528198
326.161469
326.722504
326.339905
326.738770
326.936676
327.184357
327.211700
327.602203
327.926971
327.763794
328.320282
328.374756
328.931763
328.871246
329.538422
330.288361
329.968170
330.319061
331.001831
331.461365
331.096222
332.169342
332.135010
332.720978
332.903076
333.851868
333.161621
333.604004
334.350677
334.290344
334.979858
335.425903
335.798950
336.138123
336.266937
336.990692
337.160797
336.813843
337.222137
337.617157
337.929810
337.865448
338.532471
338.015564
338.374878
338.625793
338.638123
338.485260
338.826355
338.540283
338.636780
338.602783
338.700867
338.422516
338.210388
338.374451
338.601593
338.453186
337.818207
337.892090
337.616699
337.589355
337.361542
336.957642
337.024963
336.963806
336.479828
336.667877
336.484772
336.157104
335.937988
335.336914
335.753265
335.132812
335.529419
334.714661
335.370667
334.501312
334.624542
334.607849
334.246246
334.654938
334.683228
334.856171
334.747925
334.434357
334.284454
334.538605
334.482971
334.352112
334.695160
334.861908
335.403168
335.299927
336.068176
335.836151
336.054657
336.317047
336.257202
336.688049
336.783722
337.499542
337.727570
338.205170
338.390106
338.681702
338.866394
339.461853
339.805817
340.122437
340.906097
341.372131
341.424896
341.564941
342.440979
342.192291
342.719574
343.396393
343.653076
344.074951
343.947388
344.856995
344.703583
345.541046
345.614838
346.231537
345.927521
346.817719
346.445984
346.821747
347.089722
346.769104
347.232513
347.625946
347.494324
347.440887
347.255646
347.258026
347.504272
347.558960
346.994629
347.002319
346.864288
346.832886
346.815857
346.944122
346.656342
346.444458
346.197968
345.854431
345.292145
345.438599
345.294464
344.801849
344.720856
344.705475
343.847443
343.693604
343.621887
343.519012
342.756348
342.619537
342.866425
342.435120
342.266357
342.268372
341.838196
341.457001
341.531799
341.238464
341.456757
340.813507
341.035858
340.720764
340.787903
340.515076
340.623566
341.100555
340.534760
340.401215
340.550171
341.120331
340.753510
341.168182
341.547455
341.534149
341.452148
341.714325
341.477966
341.725586
342.152069
342.638733
342.559204
342.765808
343.122528
343.567413
343.862671
343.726074
344.417114
344.718658
344.405609
345.410248
345.405701
346.000885
345.949615
346.378418
346.762543
346.829041
347.130371
347.661713
348.195435
347.885376
348.261017
348.465637
348.513214
348.898407
348.913422
348.882812
349.111267
349.458740
349.683136
349.302399
349.496643
349.436584
349.812378
349.737854
349.255127
349.425751
349.425232
349.094360
349.106903
349.196716
349.036041
349.209808
348.445404
348.566040
347.895874
348.089417
347.621582
347.734161
347.541443
347.331573
346.904877
346.332855
346.822083
346.544586
346.310059
346.076050
345.795868
346.188538
345.605072
345.148987
344.855011
344.918915
344.680664
345.111450
345.111389
344.967224
344.009308
344.477936
344.377747
344.611176
344.195526
344.036499
344.538025
344.209137
344.445709
344.026550
344.097778
344.129761
344.930359
344.447632
344.922638
344.931824
345.107208
345.030457
345.180328
345.754852
345.617920
345.495972
345.887848
346.870697
347.127106
346.665588
346.889984
347.812439
347.790100
348.039490
348.515625
348.688538
348.430939
348.863129
349.015991
349.006592
349.258911
349.617554
349.407562
349.667236
350.055267
350.154938
349.454834
350.353455
350.025848
350.205780
350.375214
350.553253
350.194061
350.010651
350.248077
350.106995
350.299835
349.955292
349.882233
349.802734
349.582642
349.731171
348.902313
349.297668
348.386505
349.387878
348.223877
348.209351
347.922729
347.817566
347.754883
347.165833
347.124603
347.146362
346.259003
346.537354
346.047485
345.662079
345.495148
345.426819
345.313080
345.292328
344.886932
344.834717
344.780060
344.542358
344.484161
344.268768
344.530945
344.420319
344.006805
344.413208
343.948792
343.805176
343.750610
343.879913
344.113312
344.457428
344.405212
344.255035
344.747833
344.872528
344.915131
344.826263
345.481628
345.347534
345.513702
346.129120
345.984497
346.546844
346.543091
346.532928
347.183014
347.366302
347.558044
347.973572
348.366150
348.536377
348.220642
348.911926
348.519379
348.794373
349.113922
349.269043
349.080170
349.686646
349.775757
349.551605
349.621887
349.620087
349.609863
349.804626
349.823517
349.700806
349.907623
349.931824
349.381866
349.535980
348.912598
349.042236
348.942841
348.904327
348.438538
347.979523
347.899170
348.057129
347.560913
347.558807
346.753143
346.400726
345.758484
346.304718
345.726562
345.612549
345.135651
345.275482
344.915924
344.637848
344.203033
344.297729
344.184937
343.806702
343.590820
343.557190
343.013580
343.827332
343.462433
343.460510
343.491821
343.852051
343.321350
343.743164
343.688873
344.607758
344.309235
344.589600
345.368073
345.625153
345.455414
346.227875
346.430786
347.043243
347.517151
348.013245
348.040955
348.589722
348.753662
349.207855
350.070007
350.109863
350.633789
351.072845
350.989349
351.019745
351.808838
351.788422
352.253693
351.996033
351.560150
351.872833
351.538788
350.920898
351.075287
350.053589
349.749146
348.888855
348.096069
347.352966
345.997131
344.669159
343.427429
341.811340
339.752808
338.056122
336.096161
333.306030
331.160126
328.285706
326.066437
323.029968
319.576447
316.674133
313.146118
309.527557
306.376923
302.256348
298.353699
294.361847
289.892639
285.964081
281.501984
277.319550
272.863281
268.715973
264.083252
259.622131
254.841476
250.884003
246.193573
241.955978
237.955185
233.778595
229.605530
226.070251
222.045258
218.709869
215.335678
212.208389
209.296326
206.783768
204.489273
202.391098
200.203018
198.643402
197.224777
196.297943
195.374832
195.072983
195.227829

317.116486
173.071075
173.346344
174.212769
174.851776
175.977585
177.620651
179.112305
180.993027
183.027328
185.442993
187.487106
190.412079
193.170578
196.218674
199.263474
202.433655
206.115677
209.758102
213.210281
216.900375
220.674576
224.224930
228.061203
232.082916
235.214630
239.426300
243.228485
247.024078
250.448288
254.098038
257.721497
261.249695
264.407135
267.929260
270.702759
274.055634
276.686768
279.446472
282.151489
284.483398
286.825745
289.059418
291.346527
293.161072
294.639496
297.178864
298.199829
299.268372
300.811066
302.118652
302.906525
304.113403
304.868347
305.516479
306.114288
306.561066
307.118164
307.791901
307.795990
307.869446
307.616974
307.626282
307.721863
307.623474
307.668518
307.310608
307.613953
307.537079
306.992798
306.730316
306.713867
306.273285
305.951477
306.003540
305.688263
305.608368
305.320892
305.138947
304.760498
304.516815
304.727966
304.085754
304.314789
304.300018
304.224243
304.261536
304.182770
303.900482
304.195282
304.244446
304.541351
304.228180
304.378754
304.877289
305.042847
304.929657
305.444977
306.043579
305.998871
306.372864
306.556702
307.140686
307.503479
307.658936
307.960419
308.502625
308.542084
309.080841
309.563385
309.586334
310.026062
310.676941
310.026520
310.656799
311.170715
311.152008
311.851501
311.708618
311.863617
312.285034
312.560974
312.386902
312.523529
312.859375
312.723724
312.930756
312.794189
312.586212
312.940063
312.965271
312.467621
312.682831
312.380615
312.606689
312.291260
311.912903
312.030243
311.463348
311.548431
311.106537
310.822327
310.852112
310.578369
310.214142
309.980103
309.810303
309.082855
309.133240
308.855865
307.966095
308.511047
308.192963
307.647614
307.716248
307.646545
307.203888
307.426727
307.268768
306.476318
307.017883
306.377075
306.647522
306.081421
305.933319
306.042206
306.113312
306.076599
306.186188
306.270905
306.637695
306.615173
306.645172
306.703888
306.655212
307.477325
307.331848
307.609985
307.893982
308.439178
308.374512
308.853546
309.035431
309.294403
309.950714
310.140839
310.584137
310.572052
311.180634
311.752899
312.026276
312.609619
312.628540
312.635437
313.275665
313.163696
313.786407
314.046204
314.604065
315.149780
315.020538
315.447083
314.817139
315.623474
315.795471
316.250183
316.031403
316.157593
316.351257
316.356689
317.037384
316.538269
316.613525
316.885132
316.665985
316.752197
316.563660
316.700684
316.706146
316.430725
316.129639
316.059418
315.786560
315.634094
315.481079
315.375824
315.250427
314.682373
314.327911
314.793610
314.031311
313.776215
313.451477
313.735596
313.597595
312.818024
312.806091
312.523834
312.613556
312.381195
312.216217
312.018127
311.890808
311.640839
311.703644
311.520203
311.318665
311.311401
310.977814
311.029633
311.284607
310.980743
311.170441
311.349396
311.142029
311.148315
311.437439
311.756439
311.318298
311.822388
311.949860
312.398346
311.714386
312.464874
312.526733
312.766174
313.354645
313.696930
313.470856
313.807007
314.454437
314.630920
314.833954
315.012421
315.550751
316.256653
316.215363
316.810455
317.079254
317.519257
317.529266
317.807495
318.269257
318.180237
319.098724
319.117676
319.259033
319.535187
319.885376
319.726379
320.644073
320.585785
320.490143
321.112946
321.159180
321.180725
321.250336
321.150543
321.281921
321.476196
321.467102
321.370605
321.566254
321.896729
321.717407
321.650177
321.478333
321.075928
320.923462
321.046814
320.940063
320.662628
320.587555
320.354523
320.159790
319.858246
320.219696
319.638550
320.001678
318.948761
318.829681
318.829651
318.603302
318.884155
318.748627
318.297699
318.237671
318.330963
318.032379
318.047333
317.970825
318.099396
317.503387
317.697662
317.484314
317.544495
317.792084
317.547241
317.471405
317.351471
317.535217
317.576630
317.941956
318.521454
318.159363
318.290314
318.488617
318.956451
318.889496
318.972229
319.057770
319.061005
319.579559
319.856323
319.893005
320.421265
320.700836
320.958038
320.893188
321.639526
321.558929
321.915375
322.467102
322.799866
323.198883
323.809326
323.807922
323.960510
324.527863
324.357635
324.694031
325.096924
325.304108
324.951355
325.551575
325.686584
325.745148
325.977356
326.093231
326.620453
326.358917
326.797424
326.763672
326.661682
327.036926
327.239502
326.765503
326.434082
326.384003
326.419464
326.308746
326.148254
326.193481
326.357422
325.681519
325.759125
325.586578
325.888977
325.678375
325.308319
325.232483
324.650391
324.638306
324.362305
324.046631
324.407593
323.859375
323.804565
322.982605
323.155609
323.197418
322.643066
322.325012
322.398834
322.396423
321.964569
321.988525
321.323883
321.661926
321.245544
321.509247
321.147827
321.200500
321.018982
320.997498
321.439697
321.034729
321.619293
320.969940
321.368744
321.576141
321.800720
321.372803
321.471039
321.877899
322.016327
322.448059
322.494659
322.393829
322.388000
322.952148
323.449677
323.261719
323.778534
324.100250
324.015076
324.946136
324.840454
325.068420
325.235687
325.704224
325.933380
326.164307
326.404694
326.601837
327.004639
327.803345
327.669434
327.990540
328.139832
328.197998
328.557770
328.912994
329.139252
329.041626
328.784058
329.362610
329.415771
329.465820
329.869568
330.013855
329.786438
329.547577
329.772919
329.682404
329.652771
329.683685
329.520294
329.387238
329.633179
329.250946
329.484100
329.301544
329.017395
328.776855
329.210968
328.848175
328.003448
328.450409
327.722260
328.064972
327.567017
327.719147
327.634827
327.599640
327.509125
326.991699
326.836426
327.299286
326.627075
326.487274
326.547882
326.324036
326.207794
326.383514
325.996918
326.484863
326.094543
326.632812
326.251526
326.446686
326.447083
326.078583
326.677856
326.267365
326.702087
326.866852
327.097534
327.160095
327.526154
327.854065
327.707764
328.253632
328.298615
328.870636
328.801666
329.464539
330.195801
329.892639
330.261230
330.921814
331.351440
331.008301
332.070435
332.064270
332.623138
332.818054
333.746246
333.074280
333.505615
334.256775
334.154724
334.876312
335.289703
335.664337
335.991577
336.098969
336.840332
337.016998
336.654999
337.063324
337.455597
337.770050
337.703613
338.373810
337.811096
338.171173
338.440125
338.425781
338.278290
338.636505
338.341248
338.396698
338.372620
338.474518
338.186096
337.987396
338.137970
338.305481
338.227448
337.546936
337.643433
337.329224
337.296082
337.074615
336.672729
336.742432
336.691101
336.171051
336.352875
336.162537
335.845490
335.634369
334.996735
335.415955
334.817688
335.192108
334.381775
335.032806
334.153687
334.300751
334.251801
333.906097
334.313385
334.346832
334.483704
334.384186
334.074707
333.940063
334.184326
334.121307
333.995361
334.320099
334.524628
335.055634
334.949310
335.701202
335.470306
335.702454
335.984039
335.913605
336.346283
336.430328
337.138214
337.370453
337.895813
338.051147
338.344147
338.530029
339.142120
339.480133
339.806213
340.598969
341.056732
341.129791
341.249176
342.156128
341.916321
342.434235
343.105225
343.379974
343.780121
343.678772
344.595276
344.464813
345.286682
345.363098
345.986115
345.700592
346.596924
346.229828
346.608124
346.895081
346.565125
347.050507
347.430267
347.295532
347.226807
347.106445
347.093353
347.333099
347.386810
346.843689
346.836609
346.736328
346.706940
346.666840
346.813416
346.517059
346.342163
346.086975
345.763824
345.201019
345.347961
345.217712
344.708405
344.631683
344.639557
343.748718
343.665375
343.566864
343.470520
342.686768
342.563660
342.853882
342.410797
342.223602
342.250244
341.805206
341.441101
341.516602
341.207031
341.503693
340.813416
341.039032
340.702820
340.796204
340.556030
340.630829
341.134857
340.569092
340.422485
340.592560
341.121887
340.775635
341.225067
341.553619
341.571411
341.506897
341.778290
341.499298
341.766541
342.182495
342.718689
342.618500
342.814026
343.192474
343.632050
343.904816
343.784302
344.469025
344.798645
344.497772
345.527924
345.495087
346.068268
345.994812
346.435120
346.823975
346.901337
347.194275
347.731445
348.234222
347.980164
348.347168
348.525879
348.586792
348.976471
348.978271
348.959076
349.149933
349.544495
349.756439
349.378052
349.559021
349.485077
349.870667
349.806000
349.296417
349.492798
349.524841
349.155396
349.184235
349.252625
349.085693
349.301056
348.496155
348.635986
347.967865
348.151581
347.651550
347.799805
347.600220
347.376953
346.944794
346.399628
346.875946
346.580078
346.367310
346.117767
345.838501
346.253021
345.643066
345.172882
344.900116
344.940887
344.719116
345.121246
345.186615
344.997192
344.012939
344.492950
344.384949
344.615845
344.218719
344.030090
344.537994
344.258331
344.466553
344.052521
344.133179
344.150238
344.942047
344.440460
344.912628
344.913696
345.078979
345.024628
345.158600
345.761475
345.587677
345.533051
345.864960
346.871185
347.131927
346.635010
346.891571
347.816620
347.776520
347.992096
348.479218
348.683594
348.424744
348.865326
348.997864
348.967682
349.225586
349.577057
349.380035
349.627594
350.020691
350.116974
349.434906
350.320648
350.011841
350.152710
350.331909
350.529541
350.147827
349.955444
350.205017
350.052887
350.250977
349.890411
349.839417
349.765625
349.562744
349.685181
348.881104
349.236420
348.368317
349.377289
348.183807
348.138092
347.883514
347.782104
347.736755
347.102936
347.079071
347.108734
346.209290
346.520630
346.001526
345.604736
345.478485
345.379608
345.285828
345.258850
344.851349
344.758881
344.771484
344.540527
344.485748
344.265717
344.518250
344.389313
343.963013
344.384277
343.922577
343.795990
343.724792
343.858002
344.109833
344.412903
344.410919
344.249115
344.729401
344.850220
344.883698
344.792572
345.466248
345.341217
345.516754
346.098236
345.953003
346.559265
346.569916
346.502136
347.177765
347.394196
347.528442
347.961212
348.395691
348.537750
348.190399
348.934784
348.533661
348.787140
349.115570
349.265381
349.114746
349.699799
349.796936
349.574585
349.632996
349.635345
349.645050
349.820221
349.853546
349.747711
349.923401
349.917328
349.382172
349.531250
348.914642
349.078217
348.958130
348.915619
348.461273
348.013153
347.888123
348.064087
347.562195
347.579956
346.787689
346.355743
345.771362
346.311523
345.723297
345.647461
345.165009
345.291016
344.919739
344.656097
344.193390
344.306274
344.184570
343.807739
343.575439
343.569397
343.008942
343.840424
343.460907
343.482574
343.494019
343.824524
343.354675
343.749603
343.709320
344.596313
344.303680
344.621460
345.353668
345.619843
345.438812
346.196106
346.433502
347.028809
347.510315
348.001984
348.054718
348.572144
348.761993
349.187714
350.038086
350.089233
350.618073
351.059387
350.987335
351.042328
351.784271
351.788116
352.240417
351.988098
351.549774
351.846130
351.511536
350.906708
351.057953
350.029663
349.719727
348.894928
348.075256
347.330444
345.951111
344.636444
343.400757
341.761871
339.722565
338.017548
336.074860
333.281433
331.132141
328.244171
326.027771
323.024017
319.539795
316.652679
313.102356
309.511261
306.322601
302.233215
298.325378
294.334381
289.869232
285.912170
281.461121
277.292053
272.816620
268.680054
264.055023
259.592468
254.816208
250.836349
246.142349
241.934464
237.911743
233.742752
229.572311
226.055008
221.997849
218.670090
215.282211
212.172028
209.256256
206.769669
204.448563
202.362686
200.173141
198.602737
197.179596
196.250092
195.337280
195.032623
195.202042

228.032181
185.313492
185.518799
186.294937
187.310883
188.974411
190.110168
191.945663
193.718201
195.969650
198.404190
201.143478
203.769150
207.054916
210.194687
213.156647
217.157822
220.574738
224.477158
228.203934
232.186264
235.655701
240.011765
243.752670
248.126801
252.159698
256.092529
260.253754
264.102509
267.792938
271.908997
275.667358
279.273376
282.628937
286.051178
289.906128
292.673523
295.715363
298.831970
301.678955
304.079865
306.743469
308.625000
311.007690
313.213623
314.477081
316.603943
318.366852
319.613342
321.233948
321.839203
323.096466
323.857361
324.821106
325.645752
326.033905
326.359711
326.448273
326.650757
326.915405
327.170868
327.269073
327.301300
326.858368
326.877258
326.782562
326.513947
326.273346
326.084442
325.521332
325.488403
324.966797
324.674927
324.471436
324.255585
323.609619
322.878448
323.050201
322.555176
322.613312
322.407745
322.064941
321.824554
321.494446
321.463593
321.096497
321.210663
320.951874
320.908020
321.055969
321.337463
321.414673
321.743469
321.340210
321.558685
321.653748
321.696259
322.427826
322.617004
322.636414
323.312775
323.583527
323.006042
323.441193
323.820435
324.789520
324.703888
324.738770
325.510925
325.556885
325.875458
326.591675
326.494110
326.284027
326.846283
327.070068
327.701263
327.861115
327.848999
328.179962
328.275726
328.223816
328.638763
328.819336
328.851654
328.777588
328.731995
328.583801
328.635712
329.171722
328.475555
328.302124
328.575928
328.338867
328.194275
327.674683
327.863831
327.605804
327.009735
327.138550
326.901978
326.316681
325.748810
325.658539
325.542847
325.074524
325.065369
324.234711
324.147491
324.006683
323.742004
323.565430
322.816040
322.791412
322.165680
321.837097
321.782532
321.842407
321.573761
321.691254
321.551605
321.231445
320.764618
320.906952
320.834839
320.825806
320.774628
320.729431
320.728119
321.149780
320.865631
320.980133
320.564667
321.465790
321.774933
321.463135
321.862396
321.660553
321.980377
322.349518
322.674377
323.227325
323.271942
323.363464
324.189789
324.137329
324.468079
324.674469
324.713623
325.424835
325.148041
325.840820
326.659515
326.868073
326.946014
327.332275
327.773682
327.806610
328.173157
328.052155
328.444366
328.897125
328.674011
328.913788
329.060089
328.937927
329.701813
329.337738
329.883972
329.660522
329.493683
329.461792
329.712891
329.280609
329.117065
329.150146
329.045288
328.709320
328.922424
328.408966
328.119507
328.393982
327.909698
327.822906
327.219727
326.956909
326.395050
326.153229
326.141266
325.900055
325.773132
325.625244
325.427490
325.084351
323.792755
324.252502
323.611267
323.806702
323.427155
323.164642
322.682739
322.566193
322.459717
321.974884
322.022186
321.662842
321.826294
321.419861
321.030579
320.843750
320.737610
320.318695
320.858582
320.888458
320.387848
320.654602
321.158234
320.931335
321.201294
320.747498
321.123260
321.208801
321.407684
321.327698
322.033905
321.851166
322.136292
322.170135
322.445099
323.047119
322.683838
323.319550
323.685974
324.237000
324.354309
324.467682
324.930725
325.098480
325.226105
325.075409
325.979950
325.721375
326.340332
326.643372
327.016357
327.050110
326.957886
327.279541
327.520966
327.661285
327.799194
328.377686
328.159149
327.993805
328.577728
328.569916
328.123627
328.521027
328.964569
328.547058
328.728790
328.321320
328.488312
328.034363
328.035248
328.088928
327.867981
327.382477
327.762268
327.204315
327.445465
327.022980
326.684021
326.424347
326.349152
325.968079
325.594849
325.757751
325.585144
325.257843
325.242981
324.818481
324.630890
324.168335
324.567413
324.197723
323.386383
323.360962
323.575439
323.117096
323.148315
322.861481
322.666443
322.841522
322.876282
322.607941
322.564850
322.349030
322.540924
322.576599
322.096222
322.639618
322.631348
322.841064
322.537781
322.716827
323.153778
323.370544
323.731232
323.526703
323.814453
323.563629
324.193665
324.289185
324.690887
324.572601
325.208496
325.335693
325.383759
325.755920
326.193542
326.371582
326.677643
327.018127
327.658264
327.653473
328.223541
328.184906
328.670349
329.312469
329.232086
329.413269
329.475647
329.685547
330.060303
330.097260
330.184296
330.478485
330.602173
330.671204
331.110016
330.584320
330.774170
330.921692
331.080353
330.687653
331.388153
331.045532
331.141693
330.882690
330.948792
330.986755
330.568604
330.316986
330.200348
330.158325
330.030548
330.230316
329.719391
329.592560
329.182007
328.915192
328.850098
328.368866
328.433380
328.183228
327.902130
327.735077
327.077301
327.473175
327.181610
326.833923
326.779205
326.678619
326.906860
326.336700
325.997070
326.003906
325.691772
325.859192
325.463470
325.602142
325.414764
325.846008
325.653442
325.437012
325.664062
325.982605
325.930573
326.014618
325.440613
325.843628
326.093689
325.731537
325.973267
325.966431
326.234894
326.637451
326.704102
327.170074
327.444397
327.656525
327.993622
328.234436
328.471344
328.989594
329.026642
329.087585
329.540833
329.733063
329.972046
330.079926
330.805969
330.737122
330.853577
331.399750
331.825317
331.449554
331.397552
331.986053
332.161194
332.303497
332.602203
333.125671
332.749512
333.290527
333.449829
333.191620
333.561157
333.843079
333.327911
333.659668
333.697601
333.698944
333.795593
333.818268
333.440765
333.462372
333.033447
333.678101
333.059845
333.144470
333.060608
332.759247
332.198090
332.333923
331.827240
331.872467
331.720367
331.720215
331.526367
331.485474
331.255676
330.492706
330.688080
330.484802
330.323669
329.898254
330.096375
329.863159
329.886169
329.936798
329.297638
329.289001
329.261444
329.109192
329.469635
329.444885
328.497986
329.211609
329.367401
329.393555
329.887177
329.365601
328.822510
329.440369
329.637970
330.005920
330.021454
330.257843
330.424713
330.529144
330.718109
331.022980
331.185181
331.911163
332.196991
332.148987
331.981049
332.861572
333.212830
333.660614
333.488983
333.879242
333.998383
334.359711
334.745758
334.860748
335.638763
336.139893
336.237030
336.540375
336.335419
337.002197
337.687378
337.577148
337.912323
337.942993
338.793060
338.782959
338.631317
339.038849
339.130859
338.909851
339.383087
339.190094
339.501678
339.550476
339.941193
339.580444
339.503387
339.314850
339.709076
339.045319
339.724457
339.228882
339.602844
339.188110
338.872864
338.658600
338.500610
338.440063
338.560394
338.060577
337.814911
337.763275
337.459686
336.756287
336.865295
336.547241
335.771484
335.960938
335.807709
335.627747
335.318390
334.930450
334.606415
334.925568
334.442841
334.316010
334.559448
334.075531
334.157593
334.088562
333.589233
333.455048
333.627869
333.896820
333.953949
333.653992
333.698273
333.700409
333.506439
333.784393
333.515656
334.293884
334.472778
334.108276
334.827362
335.329773
335.009766
335.266907
335.479889
335.443939
336.047943
335.862579
336.560303
337.117310
337.242004
337.755524
338.221802
338.279724
338.436188
339.453766
339.211273
339.772888
339.903351
340.510956
340.614410
340.655579
341.260590
341.238434
341.783966
341.730011
342.549774
342.816437
342.458496
343.181427
342.917725
343.174713
343.409790
343.796997
343.528900
343.733398
343.921417
343.719513
343.697693
343.826660
343.616760
343.479919
344.261963
343.653687
343.538605
343.513550
343.350983
343.077972
342.743774
342.633606
342.309967
342.175812
342.385559
341.974274
341.473236
341.087585
340.377594
340.685547
340.352692
339.714722
339.791351
339.445190
338.579590
338.203827
338.515778
338.311584
337.923035
337.902008
336.907928
336.791626
336.388306
336.447174
336.178955
335.972229
335.658295
335.923981
335.397186
335.462830
335.278046
335.445892
335.233429
334.673218
335.267700
335.172424
335.335663
334.757202
335.025848
335.157288
335.238831
335.618622
335.241882
335.619324
335.527802
335.712494
335.957703
336.214905
336.436035
336.337799
336.897644
337.187775
337.243408
337.956055
337.722290
337.605835
337.796814
338.395630
339.083099
338.891541
339.345367
339.577484
339.706879
339.909729
340.290771
339.893951
340.997986
340.518463
340.843658
341.019562
341.105927
340.902283
341.504181
341.123199
341.342560
341.431824
341.848022
341.737091
341.561310
341.726746
341.768890
341.241119
341.209991
341.190063
341.295319
341.289581
341.111969
340.799774
340.802551
340.506470
340.209900
339.988525
339.408234
339.455719
339.501129
339.327667
339.029266
338.949341
338.149506
338.095825
337.825348
336.940979
337.504486
336.723358
336.865173
336.406219
336.302429
335.820801
336.072815
335.758575
335.273315
335.350128
335.072418
334.984894
334.774200
334.886749
334.732147
334.520203
334.074280
334.654755
334.299377
334.205597
334.649811
333.780273
334.277252
334.383514
334.857025
334.274963
334.275208
334.883301
334.749207
335.278198
334.926544
334.953339
335.111816
335.722382
335.859375
335.912933
336.304565
336.302338
336.548798
336.510101
337.000702
336.925385
337.259003
337.184174
337.739227
337.814667
337.947845
337.925110
337.977081
338.307281
338.661957
338.297577
338.556976
337.911774
338.600922
338.548798
339.012543
338.497131
338.937347
338.869720
338.979950
338.972595
338.777954
338.405884
338.258423
338.538361
338.171661
337.750916
337.861450
337.654572
337.541382
337.177460
337.067535
337.050507
336.735382
336.477997
336.537109
335.917938
335.082550
335.318817
334.478119
334.339478
334.262146
334.363770
334.243561
333.400055
333.219818
333.285522
333.345093
333.192719
332.869873
332.695068
332.560974
331.808960
332.362640
331.919678
332.720581
331.931824
331.332214
331.850250
331.485779
331.736450
331.560699
331.302307
332.043945
331.776398
331.729248
331.850861
332.089813
332.172699
332.477386
332.390106
332.597198
332.870514
332.628174
333.118225
333.359009
333.494873
333.686676
333.863586
334.801910
334.001282
334.702301
334.794342
335.087830
335.244202
335.657623
335.672729
335.788513
335.635864
335.883484
336.151886
336.108734
336.227875
336.310394
336.591064
336.586212
336.219757
336.471771
336.821655
336.062256
336.237274
336.254303
336.549744
336.020844
335.990265
335.670166
335.958771
335.517334
335.522034
334.907104
334.914215
334.198334
334.072723
334.029968
333.880981
333.454254
333.389008
332.604218
333.023346
332.547607
332.166870
331.679260
331.363922
331.222504
331.054749
331.129791
330.882782
330.390015
330.327972
330.388824
330.360870
329.875427
329.963348
330.279327
330.096161
330.061249
329.501434
330.253204
329.932281
330.348694
330.449615
330.771088
330.712067
331.533936
331.950562
331.945068
332.280304
332.631226
332.964203
333.132080
333.521057
333.929565
334.490234
334.525604
335.457153
335.415192
335.596069
336.399841
336.456329
337.257019
336.905273
337.680817
338.014832
337.275177
337.946686
337.589813
337.335876
336.884766
336.877350
336.273102
336.011292
335.508057
333.937592
333.404449
332.925446
331.701324
330.537659
328.999390
327.676910
325.630554
323.753479
322.432709
319.585541
317.513092
314.817291
312.219452
309.760529
306.429199
303.440765
299.983795
297.030701
292.991943
289.631866
285.982239
282.278687
277.885925
273.724762
269.875977
265.606995
261.671570
256.979462
252.864044
248.831940
244.438431
239.980560
236.211105
232.070663
227.874802
224.280899
220.294647
216.605560
213.102371
209.705139
206.614349
203.299423
200.615051
198.206238
196.016556
193.919403
191.930496
190.604813
189.213394
188.198959
187.656891
187.037048
186.987366

230.145218
185.550690
185.740692
186.515610
187.537033
189.201294
190.362579
192.171661
193.964844
196.207947
198.654175
201.383301
204.019043
207.313232
210.468475
213.444305
217.416412
220.840576
224.760513
228.507904
232.478439
235.981033
240.327148
244.089615
248.454453
252.516754
256.448486
260.612610
264.464478
268.173126
272.291321
276.053375
279.667023
283.058929
286.486481
290.362427
293.120453
296.208160
299.305939
302.182983
304.565460
307.256256
309.149719
311.536163
313.774323
315.040161
317.155151
318.939758
320.203979
321.827545
322.419617
323.690979
324.493317
325.478241
326.276672
326.680176
327.036011
327.094269
327.322998
327.606598
327.872772
327.986633
328.022980
327.600342
327.574127
327.516022
327.205566
327.019775
326.849457
326.287628
326.218475
325.724426
325.422760
325.219543
325.012695
324.346680
323.647461
323.845184
323.322937
323.411682
323.123291
322.864685
322.585754
322.259430
322.213837
321.846893
321.960358
321.723724
321.675232
321.819702
322.095001
322.174561
322.480743
322.092468
322.330109
322.420227
322.425751
323.145721
323.311462
323.387848
324.036682
324.256470
323.732178
324.164490
324.491455
325.451630
325.391357
325.399689
326.167999
326.216400
326.523315
327.215698
327.145447
326.917755
327.465454
327.706055
328.298920
328.451172
328.453430
328.766724
328.875885
328.803162
329.181091
329.387848
329.422180
329.320068
329.290497
329.111115
329.115967
329.697052
328.974670
328.811737
329.034119
328.824310
328.692505
328.171936
328.361481
328.066833
327.446991
327.619781
327.398865
326.742828
326.178101
326.078400
325.987885
325.502655
325.481018
324.673676
324.612976
324.437958
324.172394
323.991119
323.252655
323.219910
322.536469
322.289093
322.194855
322.282379
321.997192
322.139801
321.945312
321.649506
321.181427
321.316193
321.268188
321.241028
321.207611
321.161133
321.132599
321.591492
321.299011
321.409668
320.985352
321.892700
322.209900
321.905548
322.318176
322.081635
322.457886
322.775238
323.147644
323.677856
323.716461
323.813049
324.665192
324.569397
324.924377
325.141266
325.177307
325.886383
325.611542
326.283783
327.123566
327.301575
327.427521
327.787018
328.248779
328.271179
328.644165
328.495758
328.909210
329.359558
329.136414
329.348694
329.525238
329.392059
330.152618
329.803925
330.338135
330.118225
329.948975
329.897095
330.124603
329.730957
329.557587
329.577301
329.447205
329.127777
329.329193
328.836151
328.503967
328.793579
328.321259
328.183655
327.586365
327.326263
326.754059
326.509552
326.499786
326.238617
326.101959
325.935822
325.737183
325.386719
324.094238
324.528381
323.890961
324.100586
323.684021
323.438232
322.941864
322.813690
322.679077
322.198212
322.222473
321.883942
322.034882
321.606689
321.214783
321.033142
320.885284
320.491302
321.039429
321.044220
320.529816
320.799042
321.171509
321.053040
321.326477
320.864532
321.233673
321.298859
321.515198
321.416901
322.126678
321.941284
322.213074
322.227631
322.533173
323.133392
322.750946
323.370087
323.749146
324.287659
324.408752
324.524078
324.975739
325.141418
325.273468
325.122162
326.026123
325.775146
326.409790
326.703186
327.080048
327.132782
327.023590
327.332306
327.592468
327.755585
327.891937
328.470032
328.253571
328.078552
328.695312
328.666992
328.249939
328.631073
329.093842
328.661438
328.876129
328.450409
328.656982
328.198090
328.190826
328.264984
328.032104
327.555206
327.958771
327.409027
327.656433
327.248535
326.921326
326.662506
326.571198
326.217773
325.839294
326.018402
325.864441
325.534912
325.545959
325.088409
324.945526
324.487518
324.892731
324.548004
323.725555
323.725677
323.937592
323.483398
323.538391
323.254181
323.047821
323.201233
323.275055
322.993408
322.975342
322.750336
322.944458
322.991638
322.505615
323.049469
323.046417
323.268768
322.932770
323.130280
323.573944
323.814728
324.153046
323.967804
324.248352
323.951141
324.646790
324.706268
325.096344
324.985321
325.638824
325.773102
325.824677
326.170746
326.580505
326.766815
327.036774
327.412262
328.042542
328.021820
328.576050
328.512909
328.993744
329.642120
329.538940
329.740540
329.780396
329.992462
330.336060
330.360748
330.427612
330.723083
330.828552
330.884735
331.276306
330.762939
330.960571
331.124298
331.234894
330.817017
331.525940
331.156219
331.235138
330.967072
331.000305
331.034454
330.577667
330.336670
330.195618
330.164337
330.020325
330.205017
329.667145
329.516968
329.102753
328.791138
328.729767
328.233856
328.273773
328.005157
327.709717
327.529144
326.863190
327.250854
326.947144
326.575958
326.532166
326.379364
326.617432
326.038849
325.679260
325.673279
325.365692
325.537384
325.106720
325.238037
325.048828
325.460114
325.249268
325.037109
325.246796
325.562866
325.494202
325.585663
325.005219
325.405365
325.647980
325.269775
325.526001
325.506866
325.784607
326.165161
326.231201
326.704651
326.977936
327.183655
327.540527
327.775757
328.039368
328.528931
328.536865
328.620453
329.064209
329.291748
329.535889
329.638489
330.360229
330.299164
330.402222
330.942596
331.385559
331.025146
330.986664
331.547791
331.749329
331.888367
332.218231
332.723450
332.365326
332.941711
333.088287
332.840668
333.214355
333.500397
332.979095
333.336517
333.363373
333.437622
333.526581
333.526642
333.199677
333.218384
332.775330
333.452789
332.860413
332.912750
332.870697
332.574707
332.054474
332.149414
331.676514
331.727142
331.588806
331.624115
331.428925
331.359222
331.160583
330.435303
330.614716
330.459259
330.260529
329.859528
330.061249
329.814056
329.860657
329.922424
329.300629
329.256226
329.243561
329.105927
329.490265
329.459351
328.530426
329.276947
329.427246
329.444031
329.316833
329.409546
328.926300
329.486603
329.673004
330.090363
330.075836
330.337921
330.509888
330.623108
330.786011
331.121033
331.277863
331.961060
332.242157
332.207581
332.029175
332.926819
333.287842
333.749237
333.561371
333.932709
334.068176
334.430298
334.823639
334.921692
335.692474
336.181641
336.302185
336.587463
336.384399
337.039337
337.734589
337.589294
337.920410
337.977448
338.805511
338.763397
338.611908
339.012817
339.117889
338.854889
339.337646
339.126190
339.443329
339.477051
339.860992
339.505707
339.429260
339.226654
339.609863
338.948975
339.617523
339.066772
339.459930
339.036499
338.713531
338.500061
338.346649
338.269196
338.347809
337.870728
337.614410
337.519073
337.232941
336.509369
336.628326
336.275238
335.483398
335.693359
335.536285
335.347748
335.032684
334.591583
334.289642
334.573517
334.070465
333.983734
334.202667
333.706970
333.784729
333.732117
333.216400
333.076324
333.253204
333.465363
333.535126
333.233917
333.256317
333.269226
333.087616
333.354187
333.058197
333.801483
334.028015
333.631012
334.343781
334.839783
334.504272
334.759064
334.968811
334.929077
335.539856
335.330780
336.024261
336.582306
336.711334
337.222382
337.673706
337.712555
337.860077
338.899261
338.641815
339.180328
339.302094
339.951233
340.017944
340.060455
340.661316
340.667847
341.164978
341.121185
341.956360
342.188538
341.842712
342.544586
342.289368
342.567291
342.801788
343.158295
342.909790
343.109558
343.295502
343.088593
343.042908
343.207306
342.969910
342.842529
343.618958
342.979767
342.904388
342.860168
342.693237
342.439056
342.074463
341.963715
341.636261
341.513245
341.700073
341.314423
340.834656
340.444122
339.735657
340.032928
339.710724
339.049408
339.111694
338.784668
337.919342
337.568573
337.880493
337.672974
337.274963
337.275513
336.249908
336.164734
335.768158
335.834839
335.530884
335.318481
335.051208
335.307037
334.792450
334.841309
334.665344
334.846893
334.644775
334.081116
334.689606
334.607086
334.765594
334.177246
334.498413
334.622223
334.689575
335.094482
334.703583
335.092621
334.978302
335.183105
335.467804
335.723938
335.987152
335.881165
336.446136
336.727386
336.809845
337.528595
337.292480
337.184601
337.402496
337.990021
338.654388
338.521790
338.941223
339.167267
339.352478
339.553253
339.965759
339.551788
340.676849
340.167358
340.554047
340.711212
340.830414
340.626526
341.273560
340.876221
341.129395
341.184998
341.668915
341.523407
341.338287
341.552338
341.573914
341.079315
341.044312
341.059814
341.141602
341.175385
341.024384
340.703949
340.702820
340.386414
340.111328
339.958496
339.335541
339.452087
339.496918
339.311829
339.031921
338.943542
338.147949
338.117798
337.839478
336.992035
337.564392
336.802948
336.941895
336.460663
336.429962
335.925018
336.192810
335.891418
335.443024
335.464691
334.973877
335.132904
334.927368
335.031952
334.932190
334.697083
334.285736
334.892334
334.485779
334.395172
334.837067
333.986816
334.509583
334.580719
335.073944
334.521027
334.513611
335.138458
335.001160
335.530701
335.193481
335.190430
335.338196
335.961487
336.138031
336.158356
336.570312
336.596252
336.802704
336.785248
337.254150
337.213501
337.532288
337.476318
338.025024
338.083771
338.256195
338.204590
338.263062
338.579895
338.947998
338.550903
338.810547
338.161621
338.882935
338.792908
339.292969
338.799561
339.214264
339.149658
339.218658
339.233704
339.045227
338.676819
338.489685
338.792053
338.410461
338.007568
338.106598
337.874359
337.784729
337.417267
337.300934
337.293488
336.953613
336.702240
336.751801
336.158264
335.298767
335.515411
334.696533
334.555267
334.462799
334.566132
334.433563
333.596039
333.414124
333.482758
333.550171
333.386078
333.062408
332.883636
332.744995
332.008301
332.525787
332.093353
332.882385
332.082947
331.479553
331.986115
331.641602
331.885529
331.724609
331.450653
332.187805
331.944183
331.854095
331.989868
332.215729
332.310364
332.637146
332.540741
332.716919
332.990509
332.774323
333.238831
333.495300
333.609558
333.791565
333.999817
334.948456
334.120514
334.804688
334.885437
335.207184
335.358582
335.775909
335.780151
335.918488
335.761230
335.989990
336.268188
336.200775
336.360748
336.394714
336.697266
336.690308
336.344452
336.558014
336.915314
336.151672
336.323669
336.372375
336.664795
336.100800
336.091492
335.788269
336.057373
335.599335
335.605286
334.991669
335.000061
334.260345
334.158386
334.136475
333.993073
333.543732
333.459473
332.696655
333.124756
332.626282
332.221954
331.765808
331.433533
331.299835
331.145416
331.197296
330.951202
330.470917
330.412689
330.471313
330.460754
329.963226
330.050140
330.339966
330.176208
330.110687
329.567596
330.337158
329.993744
330.411224
330.515991
330.826050
330.772400
331.571045
332.017212
332.005798
332.328796
332.687927
333.028320
333.163788
333.558990
333.995361
334.573700
334.543732
335.502960
335.473206
335.659668
336.439758
336.532867
337.290527
336.934296
337.736420
338.017853
337.307953
337.988800
337.599945
337.358582
336.908722
336.891937
336.281952
336.038971
335.530212
333.955994
333.417847
332.944824
331.705627
330.511139
329.023315
327.688263
325.647583
323.780518
322.407318
319.563721
317.473633
314.813843
312.208832
309.721985
306.399719
303.439728
299.950836
297.007874
292.982544
289.613068
285.970764
282.260529
277.848206
273.707703
269.865753
265.564362
261.629242
256.954132
252.823547
248.805695
244.405685
239.946991
236.164474
232.024780
227.829086
224.249680
220.255554
216.550095
213.060318
209.667801
206.574402
203.259979
200.571075
198.146591
195.958206
193.876160
191.871307
190.560852
189.168564
188.153793
187.588120
187.005905
186.946060

