289.945374
173.636551
174.036636
174.754166
175.680054
176.340408
177.943604
179.651855
181.631424
183.773193
185.663162
188.527786
191.117310
193.950470
196.693848
200.064865
203.185715
206.862320
210.254501
213.670547
217.473419
220.985764
225.111496
228.885452
232.558823
236.143524
240.167130
243.719910
247.375427
251.135513
254.887787
258.253662
261.762573
264.948029
268.444519
271.440521
274.374268
277.604095
280.094971
282.802826
285.200165
287.498566
289.714813
292.124084
293.479858
295.772064
297.350006
298.958191
300.371429
300.985687
302.651093
303.613678
304.418396
305.149872
306.207672
306.619598
307.076569
307.040009
307.876495
307.895569
308.160004
308.136444
308.190002
307.881195
307.595306
307.686157
307.817657
307.733246
307.291870
306.907410
306.960266
306.782928
306.479492
305.962524
305.675659
305.457336
305.353760
305.215240
304.993652
304.632965
304.997162
304.428528
304.410950
304.069275
303.849030
303.953583
303.928711
304.140350
303.760162
304.216095
304.414978
304.390381
304.319275
304.464020
304.600616
305.377228
305.527679
306.086823
305.823120
306.068329
306.533173
306.595032
307.412048
307.400848
307.932220
308.423828
308.582550
309.007935
309.136902
309.546570
309.781097
309.854340
310.896210
310.973785
311.184723
311.521332
311.657440
311.771301
312.422089
312.489838
312.690094
313.551636
313.256409
313.659729
313.297760
313.275146
313.820312
313.316345
313.651337
313.733826
313.134705
313.421997
313.356079
313.420563
313.263245
313.143860
313.050690
312.519012
312.633331
312.414886
312.245941
311.685394
311.924622
311.435852
311.110229
311.354553
310.498444
310.548492
310.154205
310.162964
309.973572
309.443756
309.262909
308.694733
308.909912
308.632172
308.537323
308.000336
307.904572
308.098175
307.804871
307.376617
307.718567
308.000458
307.781677
307.714417
307.840302
307.546539
308.176147
307.688385
308.018524
308.066742
308.449036
308.652466
308.568237
308.877869
309.152954
309.136963
309.406372
310.060242
310.135345
310.281769
310.572235
310.799622
311.156403
312.016968
312.040863
312.207581
312.854309
313.298401
313.859070
313.672028
313.989929
314.497711
314.858826
314.945221
315.282532
315.922424
315.488251
316.024872
316.272919
316.795746
316.645111
317.233490
317.414703
317.193115
317.513794
317.931000
317.800110
317.981415
317.735199
317.958191
317.701019
318.042145
318.044800
317.495422
317.375702
317.601257
317.222015
317.171753
317.233521
317.038879
316.998108
316.486176
316.185272
316.240753
315.601990
315.367798
315.358765
315.442230
315.199615
314.670319
314.277039
314.186707
313.600433
313.422638
313.300446
312.966736
312.435913
312.652466
312.420319
311.898041
312.056671
312.023651
311.775696
311.442474
311.422546
311.483215
310.777771
311.310822
311.090942
310.581512
310.922791
311.102051
311.038300
311.013275
310.940308
311.224274
311.138458
311.640442
311.492615
311.557404
311.923950
312.014557
312.063782
312.313843
312.722626
312.685120
312.858459
313.287628
313.447418
313.910126
314.463379
314.500305
314.925690
315.363159
315.523285
315.982300
315.215271
316.218231
316.396881
316.445618
317.559052
317.164795
317.626495
317.799225
318.266144
318.159454
318.480286
318.485077
318.767700
318.889740
319.059418
318.523010
319.165558
319.485474
319.426025
319.298462
319.324249
319.468262
319.561737
319.799927
319.461304
319.358337
319.287537
319.059753
318.964508
318.879211
318.329865
318.549194
318.665131
318.085785
318.090973
318.002228
317.838867
317.503998
317.394318
316.966064
316.655457
316.688324
316.354126
316.687866
316.167786
315.921387
315.504852
315.252716
315.352570
314.899475
315.003235
315.040710
314.812378
314.922455
314.620697
314.558868
314.153503
314.416595
314.368530
314.495361
314.615570
314.370392
314.309875
314.538727
314.760498
314.701202
314.907288
314.710083
315.107147
315.038544
315.186798
315.407898
315.620300
316.053741
316.005737
316.480042
316.220367
316.779968
317.563232
317.372406
317.636719
318.083862
318.393829
318.548584
318.975281
319.143524
318.932556
319.866760
320.001709
320.693787
320.077850
320.865662
320.915436
321.336670
321.263977
321.450958
322.099243
322.125763
321.976410
322.400482
322.186218
322.843292
323.051208
322.973877
322.803009
323.049774
323.326263
323.226074
323.579346
323.056061
323.032166
323.333923
323.050201
323.223724
323.006226
322.369171
322.929474
322.691956
322.369995
322.218109
322.256317
321.754242
321.068085
321.613251
321.446899
321.131470
320.552856
320.851013
320.498810
320.385101
319.953369
319.791870
320.229004
319.284210
319.195465
318.825989
319.071136
318.799103
318.757965
318.553650
318.147278
318.094299
318.305908
318.459625
318.335449
317.954010
318.105011
318.154785
318.471344
318.679504
318.321655
318.409851
318.582672
318.813080
318.400909
319.131470
319.279785
319.300476
319.274597
319.572845
320.099457
319.727264
320.297882
320.835175
320.911011
320.922638
321.261932
321.369110
322.031830
321.901428
322.538544
322.458008
322.469604
322.802429
323.201965
323.814941
324.126892
324.051147
324.416595
324.509857
324.675232
325.306763
325.355988
325.650574
325.857391
326.310852
326.336700
326.425537
326.081329
326.662598
326.391174
326.984039
326.603821
327.005432
326.692566
326.779175
327.060455
326.935547
326.737701
326.720734
326.661285
327.140961
326.872528
326.405212
326.024139
325.919159
326.153442
325.907227
325.601074
325.900330
325.469849
325.304382
325.392426
324.994232
324.607239
324.834656
324.829132
324.504730
324.575897
324.163330
324.057800
324.073303
323.758789
323.637878
323.905609
323.376831
323.746674
324.031250
323.525024
323.698212
323.771057
323.613403
323.563141
323.450592
323.988281
324.035858
324.672943
323.977661
324.191376
324.403625
325.118774
324.863953
325.058655
325.515259
325.418365
326.436768
326.032135
326.578552
326.943237
327.100403
327.699646
327.894348
327.991272
328.584167
329.078674
329.416016
329.731049
330.612305
330.421722
331.067688
331.326202
331.835297
332.001282
332.506744
332.601929
332.984283
333.284180
333.823303
334.287262
334.169556
334.660156
334.664551
335.375793
335.532410
335.733032
335.627472
336.130615
335.624969
336.387634
336.180847
336.304413
336.448944
336.459076
336.229828
336.632568
336.916046
336.963867
336.330688
336.807922
336.438141
336.334900
336.541687
336.108734
335.515900
336.025879
335.775360
335.946838
335.252411
335.399170
335.766205
334.792053
334.845520
334.326569
334.184692
334.393097
334.336975
334.111267
333.882812
333.634460
333.866547
333.595459
333.584686
333.354889
333.271027
333.251617
333.023987
333.308929
333.150085
332.993622
333.341339
333.382965
333.494598
333.358948
333.395203
333.862885
333.519562
333.972839
334.340179
334.297211
334.508057
334.640900
335.329742
335.578613
335.769653
335.775940
336.348053
336.804871
336.886810
337.559143
338.341125
338.239746
338.560211
339.067596
339.750519
340.150482
340.604523
340.959808
341.127106
341.998383
342.542084
342.499939
342.958374
343.228851
343.516998
343.802826
344.712280
345.035645
344.816193
345.111053
345.421661
346.082184
346.058746
346.612213
346.633392
347.115631
346.521881
347.164856
347.257538
347.122223
346.940338
347.139465
347.356384
347.112976
347.463776
347.330231
347.411285
347.526245
346.823395
346.746216
346.987518
346.760681
346.385712
346.386658
346.249756
345.658936
345.826263
345.429932
345.376434
345.018799
345.249817
344.277893
344.629150
344.166779
343.686768
343.399139
342.994690
343.222992
342.470551
342.829193
342.573608
342.356720
342.170197
342.314728
341.853546
341.638702
341.638031
341.415100
341.529388
341.729706
341.236420
341.073395
341.163452
341.385132
341.577240
341.659943
342.165924
341.576721
341.565948
342.101562
342.325531
342.349396
342.648682
342.832733
343.361908
343.044647
343.504852
344.060791
344.304932
344.443726
344.998657
345.369415
345.424896
345.711975
346.418518
345.915344
346.771149
347.309692
347.430420
347.810913
348.059479
348.544006
348.776825
349.256744
349.250153
349.775940
349.737061
350.464417
350.486053
350.619080
350.641296
351.063507
351.076904
351.191986
351.242035
350.981659
351.237762
351.423584
351.098633
351.460541
351.290375
351.476929
351.347931
351.627991
351.661926
351.422638
351.202545
350.879547
351.074524
350.815704
350.901398
350.412384
350.156555
349.869049
349.596802
349.428009
349.500946
348.978302
348.789001
349.132263
348.769135
348.588684
348.157166
347.789642
347.900208
347.463348
347.423248
346.789886
347.110321
346.978485
347.206360
347.070190
347.100555
346.939178
346.535553
346.590057
346.553101
346.560974
346.852173
346.572418
346.797913
346.742249
346.353607
346.582703
346.910461
346.830872
347.039185
347.495422
347.278961
347.351532
347.451996
348.024841
348.107330
348.400452
348.695709
348.806854
349.283051
349.266357
349.715729
349.078552
349.706940
350.059692
350.747284
351.088013
350.811066
351.277222
351.717041
351.739075
351.952332
352.059387
352.491241
352.412323
352.053802
352.695587
352.343384
352.696167
353.117035
353.085083
352.711334
352.814728
353.085785
353.184967
353.234528
353.059357
352.916656
352.646179
352.798187
352.366547
352.290955
352.244629
352.079437
351.985107
351.750000
351.364838
351.157562
351.134369
350.786072
350.577942
350.731354
349.929047
350.276611
349.681580
349.380432
348.915497
348.922241
349.086517
348.681000
348.356415
347.882568
348.123962
347.131470
347.516998
347.452057
347.227814
346.932404
347.065796
346.736633
347.138580
347.184662
346.870789
346.783020
346.633423
346.812714
346.406769
346.605469
346.757416
346.490051
347.038940
347.011658
347.300385
347.212860
347.231506
347.198975
347.832214
347.990234
348.440735
348.327637
348.372528
348.653107
349.520294
349.406097
349.523987
349.540894
350.152161
350.443268
350.878479
350.672546
350.904633
351.006165
351.206604
351.277344
351.515076
351.896667
351.627899
351.278778
352.357391
351.856232
351.988800
351.971161
352.035217
352.160858
351.908081
352.004913
351.994995
351.915161
351.407227
351.305054
351.538757
351.226318
351.026337
350.794556
350.311432
350.341858
350.427155
349.729553
349.653381
349.083832
349.155914
348.580048
348.566956
348.342743
348.046021
347.725922
347.259857
346.891937
346.459564
346.608673
346.377014
345.831268
345.792206
345.783752
345.918945
345.334076
345.204468
345.550629
345.339569
345.434631
345.230774
345.413269
345.663177
345.399811
346.080566
345.839630
346.293732
345.985199
346.078156
346.923004
346.966797
347.799072
348.095032
348.514648
348.761383
349.171265
349.408356
349.801666
350.451660
350.832275
351.198669
351.289612
351.329041
352.293060
352.297302
352.685913
353.328217
352.924377
353.007202
353.157013
352.870819
352.868774
352.390381
352.643005
352.107086
351.434998
350.873260
349.938660
349.117920
348.388153
347.000183
345.341675
344.465454
342.494873
340.506073
338.810913
336.753845
334.216400
332.128143
329.461761
326.212830
323.404388
320.300262
317.338837
313.682404
310.438934
306.595062
302.917114
298.680389
294.535980
290.530579
286.479279
282.250916
277.727417
272.951050
268.557892
264.364136
259.610748
255.061890
250.968948
246.400040
241.844589
237.887100
233.529480
229.674911
225.908234
222.163589
218.611282
215.573700
211.991837
209.280426
206.663483
204.381470
201.989365
199.857162
198.545364
197.028748
195.916565
195.338959
194.846283
195.505600

284.863861
173.756729
174.157410
174.879105
175.803024
176.449081
178.075272
179.785110
181.766800
183.901031
185.793045
188.666016
191.281128
194.127258
196.882721
200.265747
203.383820
207.075394
210.474655
213.917938
217.730453
221.247116
225.397110
229.172638
232.872864
236.453400
240.532181
244.087418
247.754730
251.509048
255.270813
258.692108
262.203033
265.415466
268.929749
271.943268
274.909180
278.130615
280.664520
283.392273
285.780243
288.099091
290.358856
292.779480
294.145752
296.466003
298.069977
299.666534
301.105225
301.781586
303.401703
304.394867
305.217865
305.999146
307.041565
307.487732
307.963959
307.969543
308.783417
308.823456
309.083405
309.091644
309.157043
308.814056
308.566742
308.650970
308.804871
308.772095
308.321136
307.914093
307.980682
307.825409
307.528046
307.012817
306.694122
306.498322
306.376984
306.254150
306.039093
305.680847
306.039185
305.463196
305.397278
305.104889
304.869354
304.976990
304.934875
305.155548
304.745300
305.178497
305.371857
305.364380
305.270844
305.406921
305.532135
306.322876
306.434753
306.992950
306.680054
306.931458
307.375824
307.423889
308.222626
308.188812
308.700867
309.174103
309.310791
309.714233
309.824249
310.223938
310.415009
310.479309
311.509430
311.527740
311.757294
312.045410
312.169464
312.255188
312.866333
312.932465
313.122803
313.945343
313.623260
314.005188
313.605988
313.563110
314.082520
313.561615
313.889954
313.937134
313.311035
313.581512
313.488708
313.536865
313.361145
313.209808
313.097382
312.544342
312.657623
312.438934
312.242584
311.632996
311.842255
311.354736
311.013733
311.224335
310.356018
310.393066
309.990051
309.969849
309.775452
309.228546
309.037048
308.428406
308.661774
308.376862
308.241577
307.681061
307.616180
307.783142
307.494995
307.069122
307.396729
307.637939
307.437225
307.355408
307.454468
307.164917
307.798035
307.316284
307.613831
307.676819
308.064056
308.277100
308.182861
308.476349
308.791016
308.750977
308.999115
309.692078
309.759888
309.943237
310.177673
310.412384
310.819397
311.633728
311.684204
311.834442
312.542755
312.962952
313.546783
313.363708
313.684875
314.176819
314.553619
314.667480
315.003571
315.650757
315.206970
315.737305
316.040466
316.567383
316.434906
317.025574
317.186981
317.009705
317.317657
317.762543
317.631958
317.817047
317.628510
317.837433
317.599762
317.972290
317.975311
317.415680
317.331268
317.546478
317.197021
317.141754
317.213379
317.047913
316.994324
316.521973
316.211426
316.295441
315.657074
315.449799
315.457550
315.544464
315.346710
314.769592
314.390045
314.323761
313.749023
313.620453
313.478729
313.160950
312.633362
312.826965
312.668488
312.124878
312.282257
312.259949
312.054779
311.735748
311.703552
311.769958
311.076996
311.684540
311.436157
310.903809
311.283722
311.473114
311.378479
311.396027
311.336121
311.621582
311.559479
312.072418
311.908539
312.037567
312.391418
312.451477
312.524078
312.798737
313.216827
313.178162
313.362549
313.815521
313.971405
314.443542
314.995239
315.055786
315.502594
315.949860
316.120789
316.581116
315.837280
316.824188
317.050171
317.067963
318.222870
317.854340
318.325165
318.496521
318.966583
318.871002
319.240051
319.227234
319.500366
319.645996
319.817108
319.302490
319.954071
320.276001
320.266632
320.157410
320.211884
320.336731
320.418213
320.674164
320.347656
320.297882
320.158142
320.024536
319.936554
319.869354
319.332520
319.519958
319.717926
319.120148
319.156464
319.069183
318.891876
318.550385
318.500366
318.071838
317.754608
317.849213
317.501465
317.872223
317.300507
317.118378
316.714417
316.482147
316.571106
316.126099
316.282806
316.302795
316.091309
316.177612
315.860535
315.879791
315.462921
315.714905
315.711487
315.807007
315.938293
315.684235
315.740051
315.899780
316.131836
316.044098
316.254700
316.044312
316.521210
316.388733
316.554535
316.845856
317.003387
317.471619
317.458588
317.884979
317.611572
318.223816
318.974823
318.809021
319.023834
319.460144
319.791290
319.894440
320.361511
320.534698
320.293060
321.250549
321.346619
322.038330
321.474274
322.223694
322.264099
322.687683
322.596893
322.796783
323.390350
323.450348
323.258759
323.656219
323.526703
324.109589
324.248199
324.221436
324.051819
324.289917
324.500427
324.408081
324.723816
324.276520
324.168304
324.476532
324.100677
324.307251
324.072021
323.365082
323.982117
323.680237
323.385345
323.196472
323.227264
322.710510
322.039551
322.557251
322.384003
321.990051
321.427063
321.727203
321.357666
321.247742
320.770752
320.621948
320.993042
320.042786
319.913513
319.547150
319.737518
319.489502
319.427460
319.171265
318.781494
318.696228
318.897552
319.023529
318.859802
318.497101
318.610443
318.633179
318.969208
319.121735
318.768951
318.859650
319.001923
319.257416
318.797577
319.481506
319.655365
319.665649
319.598999
319.917358
320.391815
320.030243
320.573303
321.066010
321.154938
321.175018
321.507355
321.593140
322.247955
322.089661
322.703094
322.620636
322.586792
322.949921
323.331940
323.979767
324.244354
324.186432
324.532288
324.649048
324.785309
325.435089
325.465210
325.747925
325.930511
326.386688
326.435425
326.518036
326.152466
326.710358
326.500061
327.093292
326.687866
327.071503
326.720520
326.827423
327.115875
327.024078
326.784698
326.769745
326.721741
327.197357
326.909637
326.447144
326.055359
325.970978
326.207520
325.963043
325.635529
325.918427
325.531891
325.338745
325.441498
325.040100
324.664032
324.867950
324.864075
324.561615
324.622986
324.228577
324.081146
324.102600
323.790924
323.688385
323.972900
323.410034
323.785309
324.044189
323.564697
323.747803
323.822601
323.651764
323.593842
323.468689
323.948029
324.077942
324.717072
324.008148
324.201447
324.437103
325.152954
324.877655
325.086456
325.539124
325.429993
326.444122
326.035400
326.577576
326.951385
327.114624
327.704437
327.883759
328.015198
328.565033
329.080841
329.407776
329.726196
330.591400
330.410675
331.045013
331.289062
331.785461
331.959106
332.476501
332.563843
332.970001
333.252106
333.766815
334.227814
334.131378
334.603882
334.597839
335.295990
335.458557
335.670685
335.558716
336.053345
335.532074
336.336884
336.095673
336.206970
336.360901
336.372711
336.167969
336.540649
336.815399
336.867554
336.253693
336.704346
336.324127
336.240570
336.416779
336.008606
335.418823
335.915802
335.666260
335.814728
335.144958
335.270508
335.638763
334.666870
334.695221
334.182922
334.051910
334.262146
334.213287
333.983551
333.752319
333.546875
333.746979
333.474182
333.479187
333.258057
333.174683
333.155853
332.934448
333.215576
333.049805
332.901764
333.267273
333.292755
333.430481
333.264465
333.322601
333.790466
333.459625
333.902679
334.276642
334.227081
334.467438
334.612854
335.278198
335.521973
335.728546
335.738678
336.302185
336.779022
336.871918
337.579224
338.330933
338.211182
338.564026
339.095612
339.745819
340.148590
340.645905
341.011566
341.177277
341.999512
342.575684
342.537445
343.060669
343.282715
343.567017
343.868378
344.813538
345.073425
344.916260
345.244507
345.564941
346.206024
346.189972
346.754944
346.748596
347.247681
346.673615
347.318054
347.414429
347.278259
347.122620
347.290863
347.493439
347.282806
347.667114
347.518005
347.596436
347.754364
347.036133
346.971924
347.161346
346.990051
346.598480
346.584686
346.471619
345.861633
346.061249
345.685455
345.667328
345.264252
345.494873
344.529907
344.882507
344.411652
343.953979
343.665985
343.247192
343.515839
342.718964
343.089783
342.824860
342.632050
342.426483
342.574890
342.181702
341.883331
341.915527
341.685730
341.823792
342.021179
341.524750
341.350769
341.453339
341.708923
341.904785
341.942810
342.449402
341.856201
341.841278
342.386200
342.563812
342.613281
342.932373
343.123718
343.633942
343.347473
343.778839
344.320374
344.568146
344.717163
345.280579
345.596405
345.737030
345.939178
346.666656
346.183105
347.056427
347.539429
347.677795
348.088287
348.313019
348.782471
349.027435
349.506104
349.506409
350.029602
350.009949
350.723175
350.724396
350.850555
350.923462
351.325378
351.292786
351.437592
351.513123
351.244781
351.460358
351.671021
351.345581
351.652344
351.505981
351.694611
351.621246
351.846436
351.847870
351.682678
351.427277
351.093658
351.358856
351.022888
351.115021
350.669342
350.346375
350.065735
349.804901
349.641754
349.726044
349.167114
349.005219
349.381073
349.041534
348.778503
348.364105
347.972748
348.109802
347.653656
347.641937
347.005432
347.315430
347.178955
347.371429
347.210052
347.307770
347.126282
346.747375
346.780518
346.732208
346.764893
347.034485
346.731934
346.946564
346.857758
346.509796
346.718628
347.098724
347.015442
347.163300
347.620239
347.406097
347.477356
347.618317
348.165405
348.223663
348.511597
348.841705
348.926575
349.369385
349.393066
349.812439
349.205902
349.803955
350.197235
350.857086
351.183472
350.920898
351.373138
351.796753
351.820648
352.022766
352.105865
352.573517
352.478607
352.110443
352.750366
352.382690
352.735901
353.170197
353.139862
352.770752
352.868744
353.102844
353.212646
353.243866
353.066162
352.918701
352.675323
352.833832
352.358002
352.299652
352.216064
352.060822
351.987427
351.712646
351.353363
351.131561
351.121216
350.757782
350.551910
350.685059
349.912842
350.242920
349.622253
349.320435
348.833099
348.856689
349.019684
348.590729
348.262115
347.791046
348.037628
347.041321
347.440033
347.362213
347.120972
346.837677
346.951904
346.615875
347.023987
347.071594
346.744720
346.669189
346.503265
346.691650
346.266693
346.463867
346.609741
346.341583
346.895294
346.872864
347.142883
347.061890
347.085083
347.023834
347.704071
347.804901
348.271454
348.177155
348.219574
348.473450
349.359924
349.202515
349.320831
349.392914
349.942871
350.268616
350.708527
350.485352
350.732727
350.864349
351.053009
351.129913
351.367889
351.719299
351.475922
351.100677
352.191864
351.699036
351.813660
351.842865
351.877075
352.011963
351.742554
351.853516
351.869171
351.786652
351.259949
351.172546
351.400085
351.086060
350.884369
350.672729
350.180664
350.227905
350.287231
349.627350
349.532471
348.980194
349.075287
348.497681
348.468536
348.282318
347.989197
347.640747
347.209991
346.852295
346.416687
346.563873
346.356110
345.809204
345.780060
345.760895
345.924835
345.338501
345.214813
345.561981
345.368164
345.454742
345.262543
345.454285
345.701050
345.476288
346.143250
345.913177
346.383514
346.080658
346.186310
347.010590
347.074982
347.898132
348.241791
348.685028
348.913300
349.335266
349.593231
350.018219
350.664124
351.023468
351.415985
351.529083
351.572540
352.554871
352.581879
352.984894
353.610870
353.224518
353.333466
353.433411
353.216400
353.181915
352.751953
353.039459
352.475250
351.817230
351.268433
350.337067
349.514069
348.816742
347.416809
345.768280
344.902100
342.937378
340.970001
339.294861
337.234009
334.694885
332.638580
329.993317
326.696106
323.912964
320.849243
317.915253
314.247803
310.985840
307.171509
303.466431
299.279572
295.126526
291.131989
287.095978
282.863098
278.344513
273.592560
269.177002
264.995850
260.272675
255.702850
251.633804
247.058533
242.509827
238.575638
234.192261
230.350693
226.576218
222.876434
219.319321
216.257034
212.656677
209.977966
207.378357
205.098785
202.679230
200.568542
199.230606
197.738464
196.620880
196.052231
195.553329
196.440063

216.703827
185.435333
185.854004
186.751617
187.555573
188.956711
190.324341
192.144440
194.015060
196.154327
198.783859
201.524536
204.139999
207.256821
210.424408
213.932251
217.493240
220.942398
224.522873
228.605576
232.724014
236.587433
240.196228
244.437912
248.513763
252.599915
256.557251
260.672302
264.874969
268.255798
272.235016
276.231995
279.767700
283.433258
287.043549
290.295746
293.026001
296.421967
299.182129
301.611542
304.705353
307.091492
309.728668
311.613251
313.941986
315.444061
317.434509
318.800812
320.341675
321.496796
322.578094
323.774292
324.729614
325.543427
325.826019
327.003265
326.868500
328.101929
327.859589
327.650116
327.578888
328.205536
327.856659
327.668701
327.788177
327.681519
327.463501
327.260254
327.265411
326.449982
325.988007
325.912506
325.268402
325.152283
324.824005
324.336792
324.434357
323.680786
323.587341
323.387329
322.952911
323.303497
322.708282
322.627045
322.060272
322.556732
322.233154
321.998047
321.814911
322.122040
322.255676
322.110199
322.370270
322.505768
322.466827
322.596680
322.943909
323.312469
323.303192
323.463196
323.788483
324.283264
324.697571
324.819244
324.983856
325.594208
325.634857
325.934631
326.435089
326.808807
326.676239
327.293915
327.351379
327.914886
328.121094
328.418396
328.580902
328.890350
329.133240
329.348083
328.994263
329.593201
329.794525
329.687012
329.838593
329.807556
329.975342
329.950958
329.789948
329.528320
330.118347
329.351501
329.516876
329.261475
328.813812
328.949829
328.928406
328.239563
328.136139
327.772034
327.868103
327.201172
326.963898
326.694733
326.463165
326.465973
326.867950
325.556702
325.228821
325.177246
324.912720
324.382904
323.906494
323.654419
323.467499
323.466766
323.018219
322.887268
322.574860
322.190216
322.051727
322.144806
321.885498
321.961212
321.726074
321.744843
321.316040
321.601349
321.572266
321.719818
321.909119
322.124054
322.195709
322.184235
322.574371
322.476471
322.554199
323.077209
323.203461
323.436584
323.395081
323.734131
324.273132
324.700287
324.688568
325.036377
325.404205
325.692230
326.140381
326.582581
327.203583
326.975922
326.870148
327.936676
327.977112
327.965637
328.470459
328.795013
329.149597
329.429901
329.448608
329.726532
330.200592
329.908020
330.475922
330.462921
330.383301
330.412262
330.839478
330.741028
330.834900
330.878082
330.332520
330.353821
330.428802
330.678772
330.026031
330.101715
329.984100
329.822601
329.273499
329.368286
329.160736
328.797180
328.684692
328.376770
327.569336
327.803436
327.114807
326.909241
326.278046
326.351135
325.940643
325.742737
325.418060
325.221954
324.812195
324.611694
324.671021
323.875000
323.898590
324.045898
323.184265
323.299622
322.809784
322.495209
322.628448
322.045776
322.095703
321.999146
322.158844
321.909576
321.956177
321.749481
321.449432
321.620209
322.088806
321.960327
321.994507
321.949310
322.069061
322.211578
322.661804
322.684082
322.726501
322.892731
322.946198
323.574493
323.569305
323.803711
323.927948
324.355255
324.527527
324.956055
324.791779
325.454437
325.037323
325.699127
326.239929
326.178009
326.525360
327.289429
327.070374
327.171204
327.527710
327.871155
328.269379
328.034332
328.418579
328.846191
329.112976
328.932800
329.064453
329.176575
329.060883
329.069244
328.903717
328.725922
329.028961
329.121185
329.078888
329.533875
328.917145
329.129181
328.660889
329.040894
328.667786
328.060303
327.965576
328.230957
327.582275
327.368744
327.354340
327.124023
326.514954
326.979370
326.647705
326.131042
325.753601
325.810059
325.559113
325.035400
325.355133
324.756775
323.920105
323.828674
324.123932
323.999268
323.791351
323.866638
323.571594
323.122833
323.350250
322.915527
322.938110
322.984741
322.964447
323.116058
323.025391
322.536957
322.577576
322.486969
322.595245
323.022583
322.612488
322.792358
323.360413
322.952576
323.147034
324.089905
323.915710
323.779846
324.058014
324.288116
324.653931
325.313873
324.849304
325.330963
325.694153
325.795197
326.014954
326.462097
326.826813
327.127930
326.970276
327.303162
327.584991
328.144775
328.287842
328.711823
328.808258
328.974396
329.205261
329.023224
328.877258
329.743073
329.858704
330.215820
330.089111
329.924347
330.336700
330.077454
330.050720
330.410797
330.457367
330.323761
330.739746
330.284851
330.572754
330.370117
330.183868
329.894623
329.760651
329.851288
329.682526
329.111389
329.184387
328.868347
329.061798
328.994232
328.485596
328.673431
328.150970
327.092499
327.344452
327.467285
327.200287
326.881836
327.092896
326.284760
326.499390
326.050323
325.723297
325.748138
325.861755
325.166321
325.516144
325.087921
324.991669
324.393219
324.979858
324.908478
324.845276
324.339966
324.141205
324.644379
324.477631
324.309052
324.326843
324.323822
324.475494
324.740784
324.479584
324.915680
325.149353
325.359802
325.790741
325.698700
325.869751
325.874237
326.258148
326.427917
326.641632
326.794128
327.147095
327.402863
327.221497
327.674011
327.950195
328.379944
328.946198
329.213074
329.119293
329.459076
329.735229
330.222870
330.114075
330.295502
330.268616
331.197144
330.528229
330.654755
331.094269
331.425232
331.875153
331.535553
331.696838
331.928711
332.169708
331.850281
331.952606
331.864075
331.741394
332.198914
331.815552
331.809326
332.050903
332.152435
331.575867
331.425598
331.372925
331.253784
331.341858
331.614563
330.663025
330.694641
330.178284
330.448090
330.083008
329.895538
329.578094
329.558441
329.811035
329.326324
328.518372
328.804688
328.273712
328.260834
328.099396
327.958496
327.616364
327.549744
327.388214
327.461151
327.088715
327.593231
326.939972
327.090546
327.115112
327.060852
327.034393
326.958282
327.779724
327.555542
327.454285
326.939819
327.631897
327.469482
327.851501
327.907959
328.015930
328.174072
328.333588
328.583008
328.888367
329.139282
329.447174
330.010559
330.117828
330.721863
330.747711
330.794281
331.610138
332.131378
332.140778
331.922363
332.911560
333.055542
333.401611
333.687561
333.796661
333.815491
334.512329
334.765991
335.152161
335.218536
335.746490
335.446747
336.250977
336.110962
336.558777
336.902710
336.184052
336.633606
336.804901
337.056580
337.449768
337.001099
336.896698
337.055206
337.404999
336.880432
337.405243
336.868439
336.743988
336.937012
336.826263
336.124939
336.083282
336.197968
336.116608
335.884705
335.514832
335.229370
335.101379
334.887817
334.621704
334.121399
333.973633
333.830444
333.613037
333.178650
332.819183
332.778839
332.487213
332.801666
332.638855
332.090790
331.943726
332.084045
331.528961
331.366486
331.337463
331.546692
331.467712
331.221832
330.897827
330.899292
331.409241
331.109894
331.354645
331.383575
331.299835
331.404785
331.337830
331.479828
331.425995
331.870514
331.955688
332.267609
332.302429
332.767639
333.175568
333.584595
333.891937
333.733887
334.229370
334.283142
334.920654
334.885254
335.077759
335.626343
336.045288
336.782501
337.036743
336.991669
337.445648
337.839294
338.185150
338.209045
338.340790
339.267334
339.411102
339.372131
340.520325
340.260559
340.174469
340.334137
340.536743
341.001892
341.439178
341.322845
341.062988
341.511444
341.708435
341.596008
341.621216
341.536987
341.902191
341.703003
341.701477
341.532440
341.242218
341.075531
341.486694
341.272217
341.044678
340.563995
340.527863
340.219238
339.984802
339.360016
339.553741
339.193726
339.212891
338.436951
338.197510
338.181396
337.406250
337.339508
337.364655
336.567932
336.625916
336.377991
336.237762
335.779816
335.373230
335.262939
334.940857
335.016510
334.912140
333.973419
334.370270
334.329102
334.401642
333.970825
333.947754
333.555817
333.446167
333.740753
333.220825
333.872864
333.933105
333.801544
333.875366
333.776184
333.979797
334.630066
334.193237
334.439880
334.618317
335.194824
335.467560
335.006317
335.650696
335.683777
335.924561
336.292480
336.561096
336.741028
337.001648
337.333160
337.354126
337.955933
338.273895
338.292419
338.535919
338.842285
339.424316
339.516541
339.924774
340.133118
340.288025
340.483276
340.567078
340.766541
340.577423
340.780029
341.055115
341.325195
341.420441
341.447144
341.464539
341.183929
341.124878
341.142242
341.397003
341.950989
341.643311
341.649109
341.663971
340.995026
340.982422
340.937469
340.605804
340.468719
340.513916
340.389618
340.170471
339.766815
339.633972
339.685425
339.093353
339.099060
338.771881
338.608582
338.406586
338.537750
337.570557
337.766785
337.107330
336.968842
336.842957
336.450928
336.429657
336.512451
336.229797
336.131409
335.663666
335.882690
335.624542
335.887451
335.907837
335.673889
335.507019
335.440308
335.627350
335.102020
335.654846
335.345734
335.770081
335.529388
335.449554
335.779266
336.043304
335.603241
336.187744
336.748840
336.557251
336.926544
337.248108
336.942932
337.412903
337.086761
337.519897
337.872253
338.661713
338.285370
338.399048
338.901154
338.562012
339.214233
339.362610
339.347076
339.999939
339.953186
340.077087
340.322083
340.402283
340.369324
340.950226
340.175629
340.951324
340.689514
341.017761
341.134094
340.847382
340.752167
340.590179
340.937256
340.406433
340.496216
340.490051
340.466583
339.961365
339.802032
340.577789
339.724426
339.746338
339.599762
339.561646
339.187927
338.393555
338.169647
338.127960
337.831482
337.655029
337.531952
337.834778
337.368652
336.482330
336.914551
336.090057
336.103333
335.512115
335.678467
335.771637
335.489288
334.910461
335.113220
334.558960
334.714661
334.940582
334.856628
334.112976
334.369690
334.173584
334.043671
334.338867
333.751312
333.940155
333.951202
334.347351
333.981232
334.175140
334.490570
334.362946
334.526489
334.555054
334.416748
335.185791
335.314850
335.522888
335.545715
335.351227
336.094849
336.197906
336.401642
336.378784
337.033264
336.883209
337.010834
337.705933
337.474304
338.120178
338.109650
338.004364
337.598236
338.330933
338.894196
338.648865
338.459290
338.711212
339.242218
338.817627
339.026215
338.663544
338.761597
339.200043
338.878265
338.563599
338.754059
338.493469
338.022400
338.332855
338.078278
337.257446
337.128021
337.172211
336.775238
336.511444
336.077362
336.135437
336.184723
335.894287
335.147949
335.250092
334.426636
334.436584
333.766113
333.495422
333.527100
333.321808
332.494354
332.857086
332.438171
332.625397
332.329254
332.455902
332.087738
332.191071
331.834381
332.031128
331.982452
332.030640
331.863159
332.093048
331.972168
331.855743
332.512390
332.829010
332.581635
333.219635
333.317200
333.729553
333.934479
334.540680
334.808167
335.180389
335.537079
335.626648
336.314240
336.682037
336.865906
337.354736
338.113434
337.912231
338.504669
338.771484
338.578369
339.231201
339.509979
338.818329
339.165771
339.006500
339.016327
338.620117
338.429016
338.075195
337.713318
336.949738
336.378418
335.403168
334.640839
332.981110
332.155731
330.509399
328.795990
326.898193
324.958344
323.375214
320.825012
318.767487
316.285034
313.848114
310.784821
307.831696
304.793335
301.540588
298.235229
294.612274
290.877045
286.970978
283.325928
279.131165
275.017273
270.770905
266.682800
262.139618
257.985809
253.869064
249.589951
245.542511
241.081207
237.004288
232.822922
228.339096
224.718323
221.019196
217.353149
213.761642
210.231445
207.297440
204.467957
201.259369
198.859161
196.546341
194.498978
192.634506
191.031219
189.855316
188.671021
188.067810
187.403610
187.232651

218.455383
185.555527
185.967804
186.858582
187.693314
189.074173
190.444397
192.287964
194.143906
196.284424
198.909378
201.645599
204.274643
207.381989
210.573471
214.064453
217.629974
221.090134
224.686020
228.780487
232.900864
236.762177
240.391373
244.623062
248.717865
252.812576
256.752289
260.885956
265.073151
268.482574
272.464966
276.501190
280.022369
283.674286
287.283234
290.568848
293.313873
296.718597
299.465210
301.912628
305.024658
307.418427
310.013702
311.927216
314.271698
315.763031
317.788452
319.139465
320.709167
321.862732
322.963898
324.170776
325.133026
325.950897
326.207153
327.410767
327.287842
328.536133
328.252563
328.079834
328.008789
328.625244
328.307922
328.154572
328.239441
328.125244
327.912506
327.724365
327.683899
326.873810
326.413452
326.358368
325.721069
325.590454
325.311340
324.762482
324.839111
324.144867
324.040802
323.825836
323.422028
323.751678
323.107208
323.065582
322.513092
322.962616
322.671600
322.421509
322.235504
322.550598
322.690460
322.498871
322.730164
322.884613
322.853149
322.931458
323.320953
323.669586
323.678711
323.798492
324.127991
324.630096
325.047546
325.158752
325.297638
325.906342
325.934296
326.245331
326.731293
327.089233
326.953217
327.591919
327.621490
328.191925
328.416260
328.664337
328.797363
329.127716
329.365417
329.589417
329.221710
329.820038
330.007935
329.879944
330.027588
329.986206
330.197632
330.133179
329.976288
329.684906
330.329529
329.558594
329.698212
329.428955
328.970795
329.118927
329.092316
328.433167
328.276642
327.960144
328.059814
327.338684
327.120300
326.875793
326.622345
326.611053
327.000519
325.720825
325.418610
325.298523
325.067383
324.551422
324.098999
323.834290
323.650696
323.675232
323.203644
323.114258
322.795990
322.415375
322.262360
322.366974
322.114929
322.195129
321.938263
321.985138
321.553436
321.872498
321.820160
322.006409
322.203186
322.428619
322.516479
322.470886
322.861847
322.794800
322.863464
323.385284
323.523712
323.773499
323.740509
324.109558
324.589386
325.070648
325.076294
325.409760
325.806732
326.076691
326.545898
326.967529
327.602905
327.416412
327.273987
328.357880
328.404022
328.409424
328.934113
329.217865
329.630951
329.890625
329.920715
330.193298
330.661743
330.377991
330.912292
330.940643
330.856049
330.888763
331.314545
331.209290
331.312592
331.362640
330.774658
330.803436
330.909607
331.135986
330.486969
330.568817
330.443329
330.311005
329.728973
329.847168
329.609802
329.245026
329.145203
328.811401
328.001831
328.222748
327.520874
327.311218
326.674377
326.767609
326.320831
326.115479
325.797485
325.610657
325.183838
324.979309
325.031128
324.207977
324.246979
324.374725
323.515015
323.612000
323.132629
322.806885
322.926605
322.345917
322.375641
322.270325
322.395203
322.142792
322.203949
321.990387
321.679230
321.844940
322.221893
322.170410
322.168427
322.129608
322.245056
322.383301
322.833954
322.839355
322.879578
323.033997
323.079590
323.687073
323.686096
323.932556
324.040649
324.461823
324.629303
325.048981
324.884644
325.550293
325.117920
325.768127
326.321960
326.254303
326.579376
327.357178
327.120819
327.229980
327.594482
327.934479
328.327454
328.082703
328.479980
328.908325
329.168762
328.992950
329.133392
329.225677
329.133148
329.135315
328.990540
328.789886
329.097473
329.191742
329.170837
329.636139
328.999847
329.223297
328.770691
329.134521
328.796539
328.163818
328.086090
328.333557
327.702209
327.503723
327.514404
327.269592
326.669708
327.143250
326.829681
326.301239
325.938751
325.994171
325.713776
325.197235
325.554565
324.954681
324.124969
324.017670
324.350647
324.214020
324.012726
324.129791
323.819092
323.381226
323.610474
323.173889
323.188141
323.247894
323.224823
323.385437
323.300903
322.818481
322.858887
322.757019
322.869690
323.313019
322.907501
323.087158
323.670746
323.226654
323.447235
324.365906
324.206604
324.080292
324.326141
324.595825
324.947021
325.630524
325.158966
325.597351
325.982574
326.072296
326.298706
326.760803
327.087952
327.401794
327.245850
327.544220
327.860107
328.376190
328.552979
328.937347
329.060059
329.180206
329.419037
329.218384
329.072327
329.911469
330.060852
330.383575
330.271423
330.065521
330.475311
330.196106
330.163666
330.539520
330.544403
330.424164
330.804993
330.371124
330.628204
330.395721
330.250977
329.899139
329.763245
329.851013
329.689453
329.104614
329.147278
328.857269
329.018860
328.946320
328.383759
328.615479
328.052795
327.004028
327.217651
327.337158
327.065094
326.741791
326.970245
326.138397
326.340729
325.895691
325.569214
325.580811
325.679657
324.947968
325.317871
324.901764
324.771149
324.143311
324.741394
324.678040
324.591492
324.091522
323.909302
324.406311
324.232452
324.059052
324.056335
324.053040
324.226624
324.477661
324.237762
324.635223
324.882782
325.096252
325.509430
325.440094
325.628510
325.611511
326.016174
326.173462
326.399597
326.561279
326.919739
327.165985
327.000427
327.479797
327.728790
328.148102
328.727875
329.018158
328.932251
329.272125
329.545166
330.055908
329.964264
330.131592
330.114868
331.057373
330.412811
330.505951
330.960754
331.346161
331.789886
331.494934
331.633728
331.881775
332.141663
331.849548
331.911072
331.863770
331.735535
332.233734
331.847839
331.844269
332.069763
332.179474
331.645844
331.504822
331.421722
331.372650
331.451599
331.729340
330.790802
330.827820
330.351471
330.599854
330.232147
330.076324
329.764862
329.788788
330.031189
329.524963
328.738556
329.006378
328.517242
328.513031
328.371979
328.233856
327.888519
327.847168
327.647095
327.778503
327.356995
327.914886
327.229950
327.386017
327.388489
327.385223
327.347107
327.299347
327.493347
327.903442
327.791779
327.270782
327.950623
327.799408
328.165588
328.269379
328.340027
328.499908
328.674194
328.911469
329.207581
329.441284
329.755890
330.312744
330.420624
331.020142
331.045258
331.076050
331.882172
332.426880
332.415070
332.229004
333.190796
333.316803
333.656921
333.947144
334.012512
334.050598
334.729370
334.993652
335.369171
335.396637
335.942719
335.621216
336.410339
336.288483
336.696136
337.064545
336.312836
336.778595
336.928345
337.157562
337.541473
337.117371
336.966797
337.091309
337.470184
336.936066
337.440643
336.891479
336.742249
336.949921
336.826111
336.091736
336.052765
336.132385
336.089325
335.809387
335.452179
335.163574
335.012299
334.767731
334.517181
334.044189
333.852753
333.672668
333.470551
333.015198
332.653748
332.618561
332.295593
332.594116
332.410248
331.893646
331.752594
331.846466
331.327332
331.121063
331.114471
331.277985
331.203217
330.956757
330.619537
330.621490
331.118347
330.826233
331.054047
331.080780
330.986389
331.094269
331.015442
331.135010
331.099365
331.504242
331.629211
331.924164
331.929993
332.395935
332.815063
333.219299
333.518463
333.353760
333.873169
333.920044
334.526642
334.502869
334.676117
335.246429
335.658813
336.336121
336.649719
336.564240
337.036865
337.435425
337.784088
337.780762
337.936615
338.868835
339.022980
338.959076
340.098419
339.837769
339.749512
339.913300
340.140350
340.594238
341.035095
340.898193
340.641418
341.108551
341.296906
341.189423
341.227051
341.131744
341.474976
341.291138
341.275818
341.117401
340.842499
340.666412
341.086304
340.877197
340.657532
340.148682
340.125244
339.815948
339.584381
338.966095
339.159729
338.809692
338.824158
338.059875
337.806488
337.785492
337.050873
336.980499
336.994904
336.222534
336.248840
336.012512
335.896332
335.439911
335.054626
334.918152
334.598999
334.681519
334.569641
333.664215
334.045013
334.012451
334.079681
333.602051
333.630646
333.219360
333.171265
333.459320
332.933411
333.571533
333.659851
333.514587
333.620331
333.550659
333.699860
334.363892
333.962280
334.195007
334.413727
334.961151
335.231415
334.793121
335.450928
335.483337
335.730621
336.116486
336.367310
336.563507
336.863617
337.175171
337.199890
337.804291
338.107819
338.149353
338.408020
338.731659
339.293427
339.388214
339.805542
340.034271
340.214935
340.419189
340.511078
340.710236
340.532745
340.737854
340.990936
341.300903
341.375458
341.415405
341.413086
341.172058
341.116821
341.142761
341.400513
341.982483
341.683075
341.684235
341.696472
341.042023
341.029236
340.999298
340.656250
340.543762
340.604034
340.476105
340.234467
339.833527
339.775818
339.780823
339.235138
339.218750
338.882355
338.739258
338.539642
338.688568
337.760956
337.956238
337.308411
337.111664
337.020172
336.666321
336.651733
336.732880
336.436340
336.341736
335.682770
336.094299
335.802795
336.098145
336.158081
335.872009
335.732666
335.699280
335.899841
335.344116
335.895660
335.569977
336.017303
335.763031
335.689362
336.025665
336.334290
335.867554
336.433075
336.980621
336.860260
337.219543
337.477417
337.199158
337.702148
337.380432
337.790985
338.152527
338.920990
338.564270
338.676849
339.167969
338.801270
339.472382
339.651428
339.628754
340.271393
340.249298
340.329468
340.596588
340.695862
340.639862
341.215088
340.443848
341.237946
340.944000
341.281830
341.402222
341.112000
341.019684
340.841248
341.176147
340.667480
340.748566
340.753235
340.732849
340.220032
340.058350
340.816467
339.965942
339.966156
339.823029
339.783539
339.433105
338.640930
338.389557
338.351593
338.064667
337.879608
337.762665
338.063751
337.598846
336.730804
337.121552
336.329926
336.315491
335.725464
335.915558
335.982300
335.703979
335.123779
335.334442
334.775909
334.950928
335.153168
335.064270
334.315857
334.585266
334.378967
334.256561
334.546814
333.950989
334.180542
334.157562
334.564392
334.168762
334.380341
334.683197
334.564484
334.745148
334.762604
334.611481
335.389801
335.502228
335.743011
335.742249
335.570587
336.295410
336.388947
336.608551
336.563416
337.220612
337.087830
337.206543
337.894592
337.692261
338.330566
338.336273
338.215515
337.810944
338.535309
339.102356
338.866974
338.649902
338.911682
339.444000
339.027069
339.259064
338.888000
338.974548
339.410645
339.093689
338.784821
338.970856
338.683472
338.252991
338.545624
338.299194
337.480957
337.312744
337.380157
336.996094
336.724060
336.299194
336.363159
336.397980
336.116302
335.356903
335.444946
334.629913
334.656067
333.945312
333.699249
333.755890
333.517975
332.710938
333.062836
332.627563
332.801025
332.525726
332.632294
332.288910
332.356781
332.000610
332.198181
332.149902
332.200500
332.044464
332.267944
332.156036
332.014404
332.643677
332.997742
332.745453
333.364716
333.493195
333.889313
334.074554
334.690918
334.939819
335.297852
335.665253
335.790619
336.447449
336.807739
336.984985
337.483521
338.234711
338.030670
338.617065
338.890778
338.680878
339.333954
339.585052
338.928436
339.232056
339.111694
339.095428
338.688141
338.513306
338.143799
337.770966
337.003693
336.445862
335.464417
334.675385
333.033356
332.195282
330.545807
328.835724
326.944458
324.976990
323.416962
320.833160
318.790070
316.305939
313.843109
310.798981
307.829071
304.818207
301.538422
298.221649
294.604126
290.857422
286.962311
283.308105
279.103088
274.983429
270.767212
266.658844
262.103333
257.944366
253.837509
249.559464
245.482742
241.045288
236.954224
232.769730
228.292282
224.683060
220.965073
217.298401
213.709549
210.177399
207.233154
204.412506
201.187469
198.787704
196.488358
194.425018
192.570831
190.958313
189.785995
188.607437
188.000244
187.347580
187.175186

