320.578491
173.314453
173.507141
174.259781
175.279968
176.485611
177.683990
179.283951
181.071838
183.140991
185.593246
188.024017
190.517639
193.153595
196.470749
199.448059
202.802002
206.168243
209.698792
213.226685
216.819977
220.825333
224.322784
227.716690
231.460800
235.421890
239.234802
243.015335
246.454819
250.473785
253.756165
257.519073
261.037872
263.868317
267.232208
270.588837
273.544769
276.483704
278.934570
281.561096
284.149719
286.551697
288.854340
290.697784
292.971802
294.335114
296.083710
297.391327
298.651978
300.361420
301.033569
301.975830
303.163422
304.098511
304.587311
304.892639
305.708313
306.044708
306.143188
306.529724
306.686188
306.638580
307.022552
307.247894
306.567749
306.532043
306.290100
306.009796
306.159485
305.540497
305.333923
305.185791
305.273285
304.819031
304.486786
304.066956
304.162109
303.770874
303.676208
303.522644
302.894562
302.929779
302.999756
302.641083
302.473999
302.889252
302.687408
302.656219
302.579865
302.666504
302.619659
302.781097
303.293030
303.521606
303.023956
303.579285
304.115601
304.263000
304.447815
304.397522
304.799194
305.165894
305.544037
306.089600
306.577179
306.635071
307.052155
307.553589
307.669617
308.009216
308.251007
308.572479
309.358704
309.617249
309.500336
309.727600
310.131073
310.793701
311.083435
311.125122
311.268890
311.434174
311.803070
311.602448
311.991119
312.182709
312.511414
312.033813
312.001495
311.834991
312.011627
311.659149
312.021881
311.888153
311.970032
311.212067
311.679016
311.248871
311.290253
310.884979
310.914154
310.303101
310.226746
309.886749
309.823364
309.483215
309.346558
309.119629
308.919464
308.423218
307.949463
307.825531
307.722534
307.810822
307.368073
307.385437
306.953979
306.525055
307.096497
306.444519
306.361145
306.357361
306.082550
306.282715
306.419312
306.333801
306.007050
306.556976
306.645966
306.437042
306.558868
306.698212
307.202118
307.552277
307.045013
307.413177
307.972626
308.087494
307.788361
308.479614
308.417511
309.120209
309.388367
309.844025
309.737823
310.399323
310.821808
310.831360
311.180817
311.764954
312.148041
312.228363
312.772247
312.932220
313.469055
313.905701
314.218231
314.616791
314.612457
314.655609
314.807922
315.264496
315.733063
315.718658
316.448151
316.252167
316.757721
316.653290
316.624298
316.397308
316.992554
316.415863
316.880310
316.547424
316.824982
316.639862
316.838013
316.533997
316.519958
316.266449
316.250885
315.946198
315.956757
315.378113
315.260437
315.087402
314.716858
315.099884
314.735992
314.134186
313.777435
313.817078
313.598236
313.374298
312.795197
312.857147
312.923676
312.405975
312.335999
311.695282
312.017456
311.315247
310.986908
310.456604
310.911835
310.910004
310.461639
310.422241
310.260498
310.301849
310.240540
309.725464
309.960480
310.130432
310.104980
310.195923
310.240570
310.172363
310.957001
310.792938
310.759460
311.452454
311.312683
311.087646
311.438049
311.394165
311.804199
312.254700
312.971832
312.993683
313.078461
313.391022
313.398865
313.523895
314.663574
314.659546
315.012054
315.235321
315.264679
315.830566
316.197723
316.346863
316.728943
316.932678
317.207214
317.558380
317.887634
318.130524
318.108673
318.266907
318.503479
318.587189
318.611786
318.953156
319.054901
319.297485
319.044342
319.146149
319.374268
319.505310
319.568451
319.334595
319.163818
319.138428
319.310730
319.331848
319.409058
319.124847
318.756287
318.646271
318.563751
318.665436
318.251801
318.569183
317.867645
317.515503
317.873718
317.177277
317.155792
317.215210
316.649109
316.673981
316.295959
316.157654
315.983521
315.740540
315.991486
314.974304
315.398895
315.263855
315.331635
315.317200
315.010956
314.855713
315.126892
315.069153
315.141846
315.074219
314.952759
315.051941
315.048553
314.813019
315.298157
315.521698
315.257263
315.708588
315.691986
315.687042
315.976074
316.261780
316.425720
316.774078
317.174194
317.451385
317.691711
317.694489
317.794678
318.481445
318.497589
319.068481
319.209686
319.775177
319.854034
320.082886
320.951935
321.258728
321.340118
321.356567
321.805450
322.103516
322.060760
322.585510
322.923370
323.110352
323.182190
323.397186
323.343689
324.240601
324.192505
324.513702
324.330414
324.697845
324.418030
324.405029
324.485626
324.904449
324.643982
324.572021
324.823120
324.690308
324.787323
324.709991
324.210358
324.153412
324.129761
324.132141
324.027557
323.830292
323.736969
323.228760
323.597900
323.393219
323.011292
323.180695
322.857422
322.628998
322.207611
322.243988
321.815857
321.579102
321.481812
321.307068
321.181274
321.081085
320.756104
320.627045
320.952881
320.650360
320.214813
320.402618
320.178345
320.613525
320.124207
320.736298
320.418823
320.110413
320.028076
320.291016
320.797302
320.421936
320.675568
320.359741
321.107910
320.818481
321.225250
321.295044
321.841400
321.612396
321.760925
322.110992
322.556183
322.598877
323.072571
323.162781
323.155914
323.512604
324.103241
324.776947
324.952759
324.822327
325.166779
325.618835
325.757446
326.085724
326.217499
326.244995
327.131805
327.172699
327.831726
327.571289
328.016907
328.214050
328.306122
328.785278
329.167969
329.048523
328.657227
329.289734
329.280914
329.258636
329.369873
329.109161
329.561005
329.585846
329.560028
329.186737
329.446106
329.646301
328.760834
329.661835
329.188263
329.393066
329.155426
328.869385
328.662262
328.779846
328.464081
328.221802
328.762970
328.226288
328.027954
328.211578
327.163208
327.441620
327.278687
327.435974
327.180359
326.825165
326.356384
326.696106
326.981781
326.280212
326.348328
326.465698
326.603119
326.673126
326.054321
326.001068
325.974060
326.120728
326.420380
326.144104
326.492310
326.096832
326.408936
326.801971
327.065430
326.379639
327.346680
327.606873
327.530670
327.993683
328.495789
328.473938
328.673462
329.119446
329.532410
329.619446
330.085175
330.688873
330.949707
331.489685
331.673523
331.727966
332.285553
332.368164
332.709991
333.574738
333.597595
333.879761
334.547211
335.156860
335.332214
335.558044
335.814484
335.906250
336.313568
336.603668
336.920868
337.257324
337.194061
337.784729
337.766937
338.071838
337.832886
338.593719
338.596619
338.653961
338.291351
338.762299
338.736359
338.992645
338.576080
338.307159
338.601440
338.835510
338.160553
338.645142
338.482422
338.154999
337.941803
337.997650
338.009125
337.508789
337.337494
337.177551
337.033936
336.799255
336.534180
336.734070
336.436432
336.331451
335.832245
335.478180
335.808777
335.417755
335.117401
335.050568
335.548279
334.585175
334.826813
334.632782
334.853973
334.573456
334.533966
334.643646
334.625885
334.671661
334.395508
335.040527
334.808105
334.567719
335.337830
335.411926
335.213226
335.599060
335.780609
336.035645
336.395782
336.812469
336.924805
337.262726
337.449799
338.096405
337.576019
338.368683
338.929260
339.402954
339.631012
339.560120
339.917572
340.592987
340.405457
341.047180
342.069550
342.544159
342.780579
342.860168
343.629547
343.656525
344.472717
344.407013
344.956726
345.434753
345.917755
345.686829
345.657867
346.246429
346.787720
346.446564
347.250305
346.871613
347.101776
347.342529
347.533295
347.828247
347.796173
348.084747
348.043304
347.984436
347.713379
347.977753
347.419006
347.975555
347.836975
347.362488
347.094055
347.491943
346.959198
346.427460
346.528534
346.263885
346.347565
345.607422
346.058807
345.023346
345.000336
344.649261
344.604462
344.274353
344.247681
343.798706
343.963776
343.515900
342.741119
342.771301
342.521118
342.201324
342.111267
341.739410
341.897583
341.807159
341.433624
341.281952
341.297058
341.633362
341.339783
341.332642
341.261902
341.154419
341.027252
341.480896
341.468140
340.780090
341.075012
341.172729
341.931030
341.968018
341.959290
342.126373
342.198090
342.672180
342.787781
342.915863
343.437469
343.099121
344.037048
344.252747
344.406036
344.482666
344.813904
345.253998
345.494598
345.889984
346.190125
346.285522
346.996857
347.411072
347.149109
347.478607
347.890503
348.419800
348.559265
348.387787
349.197784
348.992767
348.899902
349.287445
349.918304
349.536896
349.745209
350.144592
350.045685
350.138733
349.899475
349.887207
350.481598
349.759979
349.935211
350.118347
349.824432
349.670868
349.486084
349.716125
349.147308
349.246155
348.925598
348.590546
348.848358
348.682312
348.484283
348.343994
347.681702
347.893341
347.382904
346.944458
347.243500
347.174255
346.876251
346.541901
346.148499
345.725677
346.064209
345.439362
345.291962
345.930481
345.432678
345.738068
345.603363
345.414856
344.816437
344.904877
344.914459
344.852295
344.467438
344.399872
344.622284
344.788879
344.191986
344.843353
344.514801
344.953583
345.020050
345.082184
345.152252
345.254669
345.511139
345.559784
345.967407
346.080444
346.231201
346.529846
346.700714
346.812714
347.274109
347.145599
347.062134
347.648743
347.736053
348.239807
348.215271
348.761597
349.151276
348.991425
349.240784
349.781342
349.841766
349.531647
349.834381
349.916443
350.262634
350.582428
350.547028
350.346924
350.335175
350.188629
351.285706
350.888794
350.508392
350.996704
350.281860
350.657410
350.434692
349.891663
350.046906
349.719269
349.883118
350.078644
349.450378
349.325195
349.122589
348.883331
348.946655
348.225830
347.855560
348.011871
348.041992
347.512512
347.005035
346.941498
347.080688
346.692535
346.103607
346.111572
345.815430
345.907501
345.328827
345.288971
345.460785
344.448914
344.292542
344.464050
344.582458
344.706726
344.446564
344.225891
344.404053
344.071869
343.826080
344.015442
344.342621
344.260773
344.474609
344.413574
344.264008
344.595825
344.793365
344.405029
344.968719
345.383972
345.361908
345.475281
346.055481
345.748352
346.030121
346.453033
346.720612
347.002136
347.297394
347.472168
347.261078
347.793182
347.912689
347.912170
348.383606
348.599030
348.835022
348.430664
349.392273
349.531677
349.007202
349.193573
349.749847
349.713898
349.625549
349.687622
349.945038
349.626343
349.487122
349.646820
349.868439
349.633118
349.465332
348.893677
349.350525
349.033478
348.855133
348.511810
348.360382
347.993164
347.860809
347.296204
347.490204
346.747314
346.415985
346.644409
345.970245
345.788452
345.791626
345.583557
345.176483
344.412170
344.606598
344.196808
344.018982
343.805817
343.886108
343.607880
343.592560
343.164124
343.357147
343.519836
343.655701
342.983276
343.039032
343.263550
343.326080
343.339325
343.808990
344.003845
344.444977
344.459473
344.626007
345.219543
345.420990
345.592194
346.276825
346.738831
346.833130
347.755951
347.395203
347.935486
349.056824
348.776947
349.495178
349.807068
350.307404
350.550873
350.579803
351.626495
351.591400
351.150238
351.962158
351.775330
351.401306
351.615631
351.436890
350.935455
350.662170
350.339355
349.652863
348.756592
347.346741
347.279877
345.902954
344.230896
342.606628
340.984283
339.793701
337.562653
335.594727
333.333435
331.231567
328.577972
325.409363
322.581543
319.490021
316.773041
312.977722
309.595093
305.490326
302.001770
298.226562
294.346741
290.162476
285.609009
281.296143
277.082123
272.648560
267.902161
263.869629
259.301819
254.806213
250.337631
246.202316
241.954483
237.621780
233.556564
229.400650
225.720169
221.823318
218.336502
214.936295
211.933472
209.255127
206.120041
204.062302
201.834579
199.975159
198.315338
196.895340
195.868958
195.404114
194.619034
195.030457

318.114563
173.263153
173.450653
174.206406
175.234818
176.425476
177.636612
179.246857
181.033768
183.132767
185.580475
188.031250
190.525940
193.188019
196.517059
199.523987
202.872086
206.255188
209.816803
213.352539
216.982483
220.998032
224.520325
227.939758
231.704956
235.679932
239.542542
243.312714
246.810913
250.831207
254.164780
257.965576
261.484589
264.339661
267.762451
271.130951
274.112732
277.079132
279.569641
282.234497
284.866394
287.285431
289.625824
291.491333
293.780975
295.199677
296.952637
298.289551
299.633728
301.333893
302.058350
303.021423
304.224762
305.184601
305.743622
306.058411
306.891937
307.232513
307.357849
307.815277
307.980743
307.947449
308.363312
308.614868
307.972015
307.945679
307.714142
307.451904
307.630096
307.050262
306.850494
306.735107
306.827362
306.375427
306.074066
305.665527
305.751556
305.407074
305.277496
305.165344
304.531586
304.584595
304.641449
304.313232
304.119293
304.538452
304.335785
304.338470
304.255402
304.335022
304.300690
304.426819
304.965332
305.184448
304.662048
305.219330
305.749817
305.893494
306.052521
305.977966
306.364685
306.721558
307.108948
307.624420
308.074280
308.119904
308.526306
309.006622
309.101929
309.445831
309.643982
309.942047
310.690399
310.934418
310.800598
311.023560
311.378693
312.042358
312.275970
312.289825
312.395386
312.548676
312.881622
312.653687
313.006470
313.201477
313.489746
312.993256
312.918427
312.720551
312.873016
312.490601
312.812408
312.646118
312.696350
311.910034
312.324432
311.893890
311.899017
311.480835
311.456421
310.813477
310.716278
310.345184
310.243134
309.863800
309.724579
309.446533
309.238342
308.672363
308.207733
308.064880
307.941620
308.004730
307.552979
307.516357
307.042114
306.608337
307.158356
306.468048
306.372467
306.336578
306.072754
306.238403
306.378082
306.255432
305.928192
306.434967
306.519226
306.276367
306.413208
306.516388
306.993042
307.348541
306.831177
307.171051
307.771790
307.831909
307.515533
308.202332
308.128815
308.834656
309.099548
309.554321
309.464386
310.090240
310.521667
310.505219
310.868408
311.441803
311.828369
311.945831
312.452972
312.617065
313.156433
313.598175
313.916199
314.301971
314.326691
314.362152
314.525269
314.970367
315.460907
315.440277
316.188202
315.989349
316.518463
316.393250
316.371948
316.162323
316.772980
316.188873
316.681915
316.356049
316.665710
316.483154
316.700775
316.403137
316.405396
316.157990
316.152283
315.865082
315.876434
315.315948
315.230988
315.072021
314.764282
315.116272
314.782684
314.184601
313.844147
313.927032
313.710052
313.470093
312.947266
313.001862
313.110168
312.623383
312.525665
311.901886
312.279480
311.557800
311.335876
310.777374
311.212036
311.267181
310.805054
310.797668
310.684570
310.745544
310.681702
310.152100
310.463074
310.667938
310.663605
310.757843
310.790588
310.771515
311.574554
311.463379
311.417389
312.129547
311.976501
311.801025
312.183533
312.159149
312.565857
313.052002
313.859863
313.851196
313.994385
314.292969
314.327301
314.450073
315.633148
315.656769
316.017120
316.273560
316.359894
316.941437
317.336517
317.507202
317.883728
318.138763
318.431519
318.771240
319.181702
319.422333
319.439087
319.587311
319.847809
319.974548
320.010559
320.382996
320.530670
320.796722
320.550629
320.689301
320.956696
321.107971
321.143402
320.944031
320.837860
320.811676
321.014099
321.022247
321.122223
320.886108
320.534668
320.445679
320.345398
320.535431
320.118408
320.452637
319.736694
319.417023
319.800812
319.108154
319.096436
319.225677
318.635986
318.694489
318.318451
318.215485
318.053040
317.819031
318.021454
317.027191
317.531067
317.388947
317.407379
317.461914
317.130096
317.019104
317.266663
317.267456
317.369232
317.249725
317.100189
317.253754
317.225372
317.024384
317.451447
317.727875
317.450745
317.903198
317.902893
317.886475
318.222382
318.495819
318.653687
319.012726
319.323090
319.676056
319.808197
319.875092
319.978149
320.587769
320.640808
321.231415
321.345459
321.930786
321.960968
322.198975
323.010468
323.334961
323.365997
323.376007
323.824707
324.090088
324.006653
324.535583
324.889038
325.042358
325.128998
325.251251
325.157990
326.102051
325.975922
326.332825
326.115936
326.476715
326.121521
326.074493
326.195312
326.548065
326.254547
326.179047
326.391144
326.226227
326.294281
326.191772
325.668793
325.579437
325.486267
325.507935
325.337341
325.150970
324.990723
324.499786
324.779358
324.578003
324.151245
324.317932
323.946991
323.730835
323.209625
323.219879
322.794891
322.525574
322.359375
322.150482
322.022247
321.892365
321.554932
321.394135
321.661926
321.379791
320.862274
321.089294
320.775391
321.258026
320.730072
321.298706
320.965057
320.630402
320.496979
320.766693
321.216125
320.877228
321.108704
320.747772
321.483673
321.148926
321.508698
321.574097
322.120941
321.850311
321.974274
322.307465
322.743286
322.775787
323.250244
323.316162
323.261627
323.629547
324.192841
324.847107
325.029175
324.872437
325.213806
325.674255
325.799683
326.124146
326.223114
326.231476
327.120636
327.145844
327.775330
327.529297
327.963562
328.141144
328.234558
328.717041
329.103912
328.958344
328.554962
329.195190
329.177094
329.193878
329.278168
329.008789
329.465912
329.488281
329.437866
329.070465
329.354706
329.530090
328.653961
329.539001
329.067627
329.288208
329.064575
328.769104
328.579315
328.663635
328.362762
328.120544
328.675232
328.134094
327.931427
328.112579
327.069855
327.346741
327.196899
327.358856
327.116241
326.751892
326.261780
326.586090
326.887848
326.201691
326.260559
326.378448
326.521179
326.595062
325.961578
325.918213
325.905212
326.053833
326.367828
326.069092
326.423035
326.034119
326.329468
326.731628
326.994720
326.301758
327.289459
327.506958
327.443207
327.934235
328.422943
328.389984
328.594543
329.027802
329.464020
329.532379
329.993744
330.616028
330.867493
331.425110
331.576843
331.620331
332.166443
332.254303
332.613159
333.470917
333.489349
333.778473
334.420959
335.011932
335.185577
335.416046
335.667938
335.762238
336.144714
336.454102
336.751160
337.102020
337.058838
337.609772
337.570587
337.873169
337.637665
338.395538
338.417938
338.434479
338.105042
338.501495
338.511993
338.756226
338.356110
338.069397
338.342865
338.601837
337.900696
338.392029
338.191498
337.878235
337.676270
337.733948
337.698517
337.204437
337.045868
336.863678
336.718964
336.460144
336.211975
336.392517
336.086304
335.983215
335.488251
335.128723
335.434174
335.062164
334.746429
334.697174
335.201172
334.200806
334.453796
334.221008
334.466553
334.168915
334.153015
334.266205
334.242737
334.248962
334.003082
334.651123
334.388031
334.162384
334.970032
335.030212
334.810852
335.183990
335.372314
335.645294
335.990509
336.415436
336.527161
336.855713
337.052826
337.686707
337.177094
337.981598
338.542664
339.017914
339.260193
339.168304
339.539215
340.244080
340.018341
340.655029
341.719666
342.179291
342.428528
342.514587
343.266449
343.324402
344.108490
344.074097
344.594727
345.093964
345.620331
345.360870
345.332214
345.929291
346.457520
346.130310
346.951874
346.554718
346.785767
347.046387
347.236023
347.558136
347.498535
347.824005
347.760529
347.743256
347.436890
347.744049
347.167969
347.733948
347.624115
347.147156
346.872131
347.241699
346.761719
346.231415
346.305145
346.071350
346.186157
345.415710
345.864960
344.865112
344.818512
344.489563
344.438446
344.111816
344.083282
343.673492
343.831818
343.350769
342.617798
342.618317
342.389282
342.068604
342.014008
341.634430
341.803894
341.696198
341.320160
341.189972
341.192108
341.544495
341.270477
341.270142
341.158539
341.068298
340.932404
341.402069
341.395538
340.674774
340.992981
341.139862
341.877228
341.918365
341.919067
342.066162
342.171387
342.609650
342.756439
342.871887
343.378021
343.066650
344.011444
344.232391
344.387909
344.497894
344.773560
345.269104
345.490662
345.855103
346.208008
346.303650
346.953400
347.388428
347.129211
347.483307
347.874847
348.385315
348.549194
348.416962
349.172943
349.013519
348.918884
349.278442
349.926819
349.584717
349.758881
350.169250
350.061127
350.151276
349.903992
349.882904
350.504547
349.778168
349.978638
350.132812
349.829865
349.692017
349.491882
349.722809
349.148071
349.244141
348.953949
348.608185
348.860687
348.693054
348.484406
348.386261
347.685242
347.905060
347.402771
346.944794
347.225983
347.203674
346.915436
346.574982
346.159058
345.733124
346.089447
345.446136
345.322723
345.931061
345.453674
345.761993
345.647949
345.418457
344.806488
344.890228
344.925079
344.863037
344.452881
344.407562
344.619263
344.806702
344.219238
344.841736
344.527893
344.956726
344.998505
345.084656
345.166626
345.236694
345.499481
345.525116
345.911377
346.045135
346.212280
346.529236
346.669708
346.783844
347.272827
347.125549
347.019379
347.624359
347.738525
348.186523
348.196167
348.773804
349.150604
348.964569
349.186829
349.769348
349.805054
349.509094
349.812195
349.882874
350.208893
350.558014
350.509064
350.288879
350.302185
350.153625
351.242706
350.848633
350.478546
350.958679
350.234100
350.590240
350.380524
349.852081
349.991516
349.651337
349.842682
350.025299
349.389069
349.300415
349.069885
348.822296
348.904938
348.165863
347.787323
347.946075
347.992767
347.467804
346.955658
346.909485
347.034271
346.627319
346.054901
346.036469
345.760864
345.877350
345.271057
345.246124
345.412262
344.366730
344.246277
344.382874
344.508057
344.686646
344.408539
344.173950
344.381226
344.036987
343.778900
343.960114
344.275482
344.218201
344.441040
344.351379
344.231232
344.540466
344.749451
344.377289
344.902771
345.346191
345.332214
345.432373
346.002502
345.662140
345.998718
346.425110
346.678925
346.972168
347.223175
347.399170
347.209900
347.746979
347.861542
347.909698
348.356384
348.597168
348.805420
348.393311
349.364990
349.528198
348.989227
349.176727
349.716400
349.687897
349.647430
349.699554
349.933990
349.636383
349.478577
349.641785
349.874542
349.625763
349.475616
348.885193
349.355347
349.019623
348.840179
348.499268
348.377380
348.000549
347.874908
347.327393
347.491577
346.754669
346.420929
346.656738
345.961945
345.798187
345.796631
345.576263
345.158356
344.441010
344.599915
344.251617
344.033905
343.815369
343.932343
343.648010
343.626465
343.183838
343.387695
343.560913
343.677887
343.025238
343.060364
343.290802
343.337128
343.372589
343.845245
344.031281
344.476318
344.474915
344.688934
345.274323
345.441711
345.622131
346.316040
346.767548
346.879364
347.809082
347.413055
347.956329
349.084991
348.820831
349.532745
349.873169
350.354431
350.573639
350.622467
351.629242
351.651733
351.200958
352.010559
351.837738
351.467590
351.623932
351.485107
350.974487
350.699646
350.370667
349.711945
348.801086
347.421661
347.336945
345.941010
344.264709
342.677490
341.047363
339.866638
337.616058
335.690674
333.404968
331.285187
328.663727
325.483673
322.644318
319.558899
316.850189
313.040314
309.682098
305.553101
302.073059
298.305237
294.411041
290.237366
285.662598
281.360199
277.161804
272.717560
267.983368
263.941162
259.376221
254.876694
250.416214
246.280884
242.033234
237.709656
233.627151
229.492081
225.820129
221.908661
218.426865
215.027771
212.028763
209.355988
206.188873
204.154312
201.926041
200.063522
198.382706
196.971054
195.951309
195.503433
194.698822
195.167374

223.441528
183.283478
183.468842
184.452087
185.170471
186.365906
188.032669
189.560928
191.482529
193.775024
196.111160
198.930862
201.497528
204.803970
207.975220
211.158661
214.705063
218.212616
221.681427
225.731750
229.431381
233.114182
237.256729
241.369049
245.374176
249.443909
253.463196
257.092316
261.126526
265.290924
268.955780
272.679230
275.917664
279.849579
283.148682
286.446686
289.836517
292.485291
295.453186
298.260590
300.749359
303.390076
305.399902
307.924866
309.730530
311.676941
313.233612
314.757843
316.104431
317.640259
318.455933
319.931396
320.467529
321.106171
321.830658
322.472595
322.634521
323.191315
323.629333
323.685516
323.617645
323.825256
323.496643
323.668152
323.439911
323.296906
323.126434
322.668640
322.940033
322.235626
321.884064
321.634949
321.259308
320.959045
320.207886
320.218445
320.038086
319.432983
319.578278
319.302277
318.883636
318.703369
318.359070
318.459473
318.418640
317.829651
317.508179
317.519135
317.746887
317.557495
317.658691
318.306335
318.103851
318.157562
318.147247
318.494781
318.687561
318.476654
318.927704
319.502899
319.546936
319.986115
319.743256
320.457916
320.932800
320.944244
321.290649
321.861511
322.019806
322.002777
322.414642
322.874725
322.997955
323.743103
323.876251
323.672974
324.330353
324.598419
324.474731
325.029755
324.941254
324.762939
325.275024
325.360046
325.202545
325.714935
325.192230
325.332001
325.828522
325.322601
324.973541
324.973297
325.033234
324.624390
324.879059
324.614624
324.000427
324.050781
323.738007
323.399780
323.065765
323.111145
322.844330
322.603973
321.749817
321.930725
321.357758
321.311066
321.087646
320.542084
320.131958
319.943298
319.225708
319.422699
319.046661
318.816711
318.583374
318.521545
318.273804
317.932068
317.581635
318.021271
317.640442
317.668274
317.584198
317.313141
317.656708
317.360779
316.876312
317.356842
317.615936
317.682587
317.237762
318.028503
317.735352
318.181244
318.159698
318.526123
318.711456
319.148560
319.402466
319.513428
319.384277
319.959991
320.180023
320.337280
320.659454
321.297424
321.362518
321.794830
322.006470
322.400146
322.381134
323.266602
323.135498
323.641418
323.834656
323.922211
324.030060
324.570038
325.108154
325.108337
325.054993
325.240265
325.241699
325.196747
325.535706
326.014252
325.458282
326.070099
325.743042
325.910278
325.719971
325.966125
325.499176
325.609955
325.348389
325.683624
325.061218
325.201752
324.485687
324.394165
324.259247
323.778076
323.654816
323.633484
323.073669
322.913239
322.018250
322.751770
322.137695
322.175964
321.496063
321.475464
320.873444
320.624634
320.087494
319.899719
320.129425
318.807617
318.483398
318.758453
318.550049
318.457153
318.017853
317.790314
317.684326
317.628967
317.584869
317.301788
317.580872
317.393585
316.944000
317.459290
317.494629
317.135254
316.858063
317.267120
317.400024
317.159760
317.843933
317.522125
317.357147
317.964844
317.914795
318.048309
318.540985
318.560211
318.763062
319.353516
319.621002
319.816559
319.523224
319.937500
320.433655
320.466217
321.053375
321.108673
321.373901
322.249084
322.148071
322.264160
321.902924
322.884674
322.943298
323.171906
323.937683
323.812012
323.552551
324.186584
324.086487
324.798096
324.096405
324.203522
324.713959
324.198975
324.195770
325.013092
324.325928
324.645599
324.986816
324.693695
324.409210
324.586639
324.212494
324.138824
324.017029
323.606750
323.979614
323.662720
322.996094
322.965057
322.614899
322.818237
322.119843
322.056213
321.992584
321.437134
321.259369
321.217163
321.181396
321.205353
320.529846
320.575714
319.899048
320.074951
319.865570
320.100677
319.535645
319.306427
319.393066
319.072845
318.633942
318.671143
318.583099
318.483582
318.289276
318.383087
318.358917
318.579590
318.313507
318.602692
318.517273
318.689880
318.502258
318.677826
318.488495
319.382111
319.217041
319.561279
319.717468
320.117676
320.119446
320.178101
320.601990
320.448181
320.986023
320.878876
321.557251
321.949158
322.136261
322.352325
322.886566
323.085022
323.059143
323.688751
323.548523
323.716980
324.538422
324.415436
324.791565
325.300568
325.536530
325.244598
325.486267
325.457397
325.925018
326.360748
326.692780
326.618225
326.372406
326.609222
326.545715
326.597748
326.745239
326.507294
326.782196
326.939270
326.436279
326.730896
326.886810
326.854675
325.889862
326.360687
325.613281
325.894745
325.817902
325.270996
324.720398
325.102692
325.056213
324.786682
324.758240
324.567200
324.141418
323.812653
323.457611
323.435089
323.066833
323.265015
323.125000
322.509644
322.846985
322.449371
322.168152
322.018890
321.643799
321.521545
322.095917
321.234650
321.383331
321.267914
321.032806
320.940918
320.946350
320.912964
321.187256
321.665131
320.871582
321.437378
320.983856
321.196838
321.723450
321.545868
322.468658
321.728821
322.140259
322.449829
322.565094
323.254395
323.102417
323.248993
323.696045
323.895447
323.813507
324.162323
324.441711
324.604340
325.214020
325.345917
325.916718
325.845581
326.414673
326.654266
326.687653
326.946411
327.152863
327.692230
327.541351
327.683472
328.173767
328.806671
328.291687
328.662048
328.749359
328.613342
328.775269
329.219604
329.330475
329.159515
329.473816
329.326263
329.502350
329.553680
329.247772
329.391449
328.840729
329.141663
329.046356
329.257599
329.231659
329.030670
328.620728
328.431152
328.289642
328.254669
328.229950
327.522583
327.197876
327.303131
326.882996
327.132874
327.239166
326.222351
326.888550
326.088196
326.401764
325.882416
326.214935
326.127197
325.686432
325.439514
325.942078
325.671783
325.130310
325.235718
324.967743
325.080505
325.030518
324.953308
325.177429
324.962189
326.004578
325.150391
325.110199
325.407318
325.223145
325.654236
326.161774
326.095367
325.682678
326.389923
326.405151
326.671539
327.049347
327.322754
327.416962
328.265808
328.346161
328.548889
328.726105
328.959076
329.312469
329.835632
330.341614
330.226776
330.930542
331.046875
331.309814
331.629761
332.346375
332.670837
332.905823
332.844513
333.439392
333.323578
333.349792
334.468109
334.318024
334.773560
334.878235
334.690277
334.947601
335.114655
335.324310
335.261078
335.540985
335.448700
335.390228
335.243347
335.317261
335.330139
335.215454
335.140533
335.060211
335.016815
334.826141
334.895569
334.460236
334.020325
334.834900
334.091522
333.705078
333.764252
333.773315
332.791962
333.174591
333.069061
332.785004
332.320496
332.118073
332.122467
331.713013
331.609589
331.462463
330.936249
331.007538
330.560333
330.216400
330.357971
330.148346
330.162201
329.959198
329.911926
329.826050
329.736603
330.053528
329.617767
329.863342
329.652924
329.732147
329.784515
329.677612
329.769409
329.703156
330.126740
330.466309
330.630219
330.551483
331.042053
330.907013
331.431274
331.098083
331.806580
332.261627
332.365540
332.604706
332.542236
333.266449
333.546570
334.436401
334.262909
334.959534
334.962769
335.479675
335.583588
335.918427
336.240143
336.567841
336.948517
336.756165
337.913757
337.824860
338.278442
337.714844
338.940216
338.642578
339.333221
339.099701
339.310669
339.696228
339.623657
339.573334
340.187714
340.016663
339.853180
340.233307
339.955139
340.060669
339.948090
339.905334
339.804474
339.217133
339.057587
339.760254
339.357056
338.929291
338.699280
338.630707
338.384308
337.953613
337.678497
337.187042
337.236176
337.084473
336.462280
336.047760
335.865692
335.912781
335.590271
335.248871
334.208405
334.354675
334.333435
334.427612
333.906586
333.587463
333.466675
332.947449
332.753418
332.665894
332.130310
331.998322
331.665588
331.755463
331.463654
332.122955
331.720459
331.285156
332.040894
331.560486
331.556915
331.374359
331.186279
331.292572
331.319458
331.267517
331.856995
331.603882
331.580139
332.369934
332.710327
332.693542
332.515533
332.729340
333.213013
333.149139
333.766327
333.917145
333.389526
334.439545
334.491364
335.066986
335.030060
335.078857
335.370514
336.096558
336.087524
336.461304
336.457275
336.771210
337.067322
337.029694
337.107269
337.638245
337.310089
337.460083
337.468994
338.043060
338.382874
337.797180
338.515320
337.906036
337.764526
338.109985
338.086212
337.934998
338.011993
337.795258
337.792480
337.507324
337.619629
337.885437
337.229584
337.165344
336.985840
336.788147
336.462250
336.062195
336.204132
335.878235
335.881775
335.853088
334.921661
335.360260
334.830383
335.420471
334.188934
333.885834
333.521179
333.275726
333.059418
332.654388
332.451996
332.802948
332.317261
332.217072
332.153595
331.493011
331.098419
331.371368
331.429565
331.063141
331.210907
331.034607
331.352417
331.041718
331.313019
331.176941
331.006470
330.982819
331.179565
331.221680
331.447327
331.402527
330.971832
331.567017
331.442566
331.831268
332.188507
332.306000
332.454712
332.387848
332.660034
333.021576
333.269104
333.443726
333.253204
333.653748
333.658722
334.148834
333.977570
334.355255
334.573883
334.080811
335.122009
335.095917
335.198059
335.344208
335.159790
335.278442
335.372650
335.527313
335.361511
335.698883
335.752167
335.388702
335.549164
335.648224
335.783051
335.661499
335.421539
335.249329
335.192627
334.725830
334.781708
335.218109
334.452728
334.261597
334.096832
333.672424
333.708649
333.297974
333.183624
332.782532
332.276459
332.216919
331.823730
331.699310
331.732391
331.164337
331.123932
330.600586
330.490356
330.519745
330.232727
329.926758
329.401154
329.603638
329.129242
329.224121
328.940491
329.035065
328.882629
328.709747
328.616058
328.636292
328.762451
328.195801
328.092926
328.295349
328.256592
328.207306
328.403442
328.870544
328.556854
328.744141
329.185974
329.375122
328.975281
329.046844
329.811249
329.557281
329.619476
330.283844
330.399933
330.368347
330.489075
330.749634
330.610596
331.600769
331.116180
331.279449
332.001770
332.146149
332.304749
332.325867
332.454773
332.831299
333.066589
332.418823
332.704468
332.803864
333.204926
332.962738
333.117157
333.436157
332.670624
332.783508
332.983307
332.927002
333.186005
332.778595
332.488098
332.697174
332.017120
331.544769
332.076691
331.845551
331.266174
330.917633
330.526093
330.255981
330.068573
329.855225
329.699249
329.715973
328.918854
328.615204
328.729309
328.061554
327.988037
328.021698
327.598572
327.149719
327.000641
327.134186
326.946014
326.462708
326.636444
326.417969
326.596893
326.587128
326.730438
326.662170
326.607788
326.529297
327.078522
326.817505
326.704407
327.242432
327.292389
327.552338
328.124878
328.459290
328.589142
328.998291
329.065460
329.876678
329.654358
330.614563
330.333435
331.323212
331.228027
331.673462
331.955597
332.450317
332.899384
333.067871
333.471619
333.533020
333.646027
333.845215
333.583740
333.459930
333.505463
333.053101
333.264069
332.800171
331.808319
331.469818
330.864929
330.205994
329.122498
327.968628
327.014679
325.513702
324.066254
321.860077
320.273438
318.519928
316.370819
313.975555
311.840302
309.032837
306.007355
303.320007
300.398895
296.912354
293.838562
290.154968
286.498047
282.614044
279.177490
274.914124
270.992126
266.998993
262.737213
258.937927
254.416245
250.316132
246.364120
241.709915
237.265015
233.449570
229.668823
225.527924
221.485931
217.832581
214.121170
210.671036
207.223877
204.364914
201.466187
198.661392
196.270874
193.714890
191.944595
190.045486
188.242233
187.127487
186.098312
185.374527
184.966171
184.649689

226.079544
183.390610
183.577347
184.557571
185.277802
186.457230
188.137466
189.678040
191.596619
193.900452
196.224609
199.065842
201.643814
204.942474
208.115997
211.298706
214.863068
218.365936
221.816040
225.888245
229.592072
233.275558
237.445801
241.542221
245.554474
249.627640
253.687698
257.316620
261.361237
265.515015
269.197174
272.929932
276.162079
280.086395
283.412811
286.686127
290.114899
292.748962
295.700226
298.551331
301.015533
303.687897
305.681488
308.206635
310.050598
312.022156
313.560608
315.073853
316.475006
317.984833
318.791199
320.307831
320.875702
321.435394
322.224945
322.882263
323.013031
323.542023
324.000214
324.079926
324.014740
324.195068
323.885834
324.041809
323.855072
323.689484
323.490479
323.071442
323.350555
322.618835
322.272125
322.007080
321.648254
321.380341
320.600800
320.599976
320.382477
319.825043
319.992310
319.672333
319.249512
319.104095
318.719940
318.807098
318.808319
318.177673
317.856140
317.808472
318.113129
317.892120
318.008179
318.614807
318.399353
318.470337
318.427124
318.733856
318.955475
318.738403
319.180267
319.754517
319.774780
320.183258
319.971680
320.677185
321.161713
321.145905
321.477173
322.048981
322.256836
322.183807
322.546692
323.081909
323.170074
323.913452
324.036194
323.799500
324.441681
324.709473
324.599213
325.123871
325.048920
324.923340
325.358185
325.427246
325.252716
325.758118
325.237915
325.369202
325.868683
325.344910
325.021881
324.961029
325.062897
324.691467
324.896088
324.660980
324.033173
324.099152
323.763824
323.407501
323.085846
323.119720
322.842682
322.657990
321.754456
321.955475
321.387695
321.339294
321.140839
320.588776
320.170135
319.993073
319.290222
319.466034
319.084503
318.821381
318.677795
318.550049
318.307098
317.993164
317.637146
318.114838
317.696869
317.738831
317.648987
317.406860
317.748383
317.438721
316.997650
317.469940
317.753815
317.807617
317.395172
318.167328
317.864227
318.342682
318.321289
318.717072
318.904755
319.328278
319.604492
319.688873
319.569794
320.167389
320.383270
320.546539
320.907043
321.548798
321.595551
322.051636
322.255707
322.665619
322.609833
323.575348
323.384216
323.912811
324.126038
324.223114
324.312408
324.854584
325.409088
325.407501
325.389832
325.563354
325.577301
325.520508
325.836243
326.332611
325.808777
326.408539
326.051392
326.243042
326.076294
326.286865
325.824738
325.933044
325.690094
325.990387
325.381378
325.538666
324.837830
324.733582
324.577698
324.071503
323.976166
323.927521
323.377777
323.191803
322.288025
323.032288
322.427582
322.453308
321.789917
321.735138
321.128571
320.880676
320.324707
320.135284
320.361786
319.041199
318.683563
318.959625
318.783142
318.669067
318.213379
317.972534
317.877289
317.786377
317.771515
317.448578
317.721863
317.551483
317.078369
317.582703
317.628235
317.264374
316.918091
317.387390
317.484100
317.253815
317.903656
317.594818
317.416412
318.036682
317.985657
318.099396
318.581635
318.592529
318.784821
319.383179
319.640289
319.817780
319.535675
319.937286
320.424103
320.470306
321.039856
321.125702
321.350189
322.204346
322.122864
322.249939
321.889160
322.888123
322.940094
323.167267
323.914764
323.785645
323.518250
324.159943
324.066437
324.777893
324.103882
324.188660
324.702759
324.180481
324.207977
325.022034
324.358398
324.648438
324.990143
324.717407
324.416290
324.621033
324.250153
324.186859
324.081543
323.670013
324.043884
323.719452
323.057281
323.027618
322.707336
322.868622
322.216858
322.163696
322.076202
321.554596
321.403168
321.364838
321.312012
321.338409
320.676117
320.725494
320.039673
320.239288
320.057159
320.282837
319.733765
319.508484
319.590179
319.308685
318.877655
318.885284
318.796875
318.748444
318.542236
318.654877
318.577820
318.858673
318.562103
318.877838
318.767212
318.961273
318.784851
318.980255
318.757355
319.684448
319.544983
319.838959
319.983765
320.412354
320.421539
320.486450
320.892792
320.737915
321.272064
321.186432
321.810791
322.261658
322.414520
322.650452
323.159210
323.357605
323.345459
323.965607
323.796021
323.982300
324.799927
324.658447
325.045654
325.577118
325.743378
325.470459
325.700348
325.629028
326.144440
326.549500
326.911285
326.813019
326.529785
326.795715
326.708740
326.745056
326.857422
326.639771
326.901001
327.072662
326.545929
326.838715
326.964966
326.918732
325.942596
326.392426
325.660187
325.936646
325.859406
325.279175
324.724091
325.118011
325.043823
324.770874
324.736572
324.517731
324.107391
323.754242
323.387238
323.354065
323.005951
323.159302
323.024414
322.412689
322.721649
322.341339
322.028290
321.903351
321.515533
321.379852
321.928741
321.092896
321.227509
321.096832
320.854187
320.776428
320.778748
320.718475
321.006683
321.472931
320.680450
321.252716
320.796173
321.024811
321.534729
321.354553
322.280426
321.548309
321.947937
322.272217
322.371368
323.058838
322.940125
323.069519
323.535950
323.707703
323.647430
324.013062
324.292694
324.440277
325.076752
325.222137
325.795715
325.760559
326.338470
326.553070
326.576202
326.884003
327.048065
327.643097
327.474945
327.623718
328.114716
328.761871
328.279266
328.652954
328.757324
328.595154
328.785248
329.262390
329.379425
329.220673
329.533813
329.388397
329.557434
329.670135
329.325439
329.506195
328.983276
329.257477
329.196747
329.396118
329.377777
329.236237
328.810028
328.622803
328.505829
328.466064
328.447632
327.782684
327.451813
327.549683
327.150146
327.407898
327.519684
326.521240
327.183533
326.392700
326.703339
326.195557
326.584473
326.465881
326.032135
325.802277
326.303833
326.028656
325.502289
325.575043
325.333069
325.441010
325.410522
325.330627
325.562836
325.348755
325.864563
325.558350
325.530212
325.813507
325.649811
326.047974
326.563629
326.490112
326.062195
326.747955
326.804199
327.064545
327.446289
327.751862
327.822479
328.655884
328.717224
328.938049
329.080750
329.345703
329.680786
330.186768
330.688049
330.594635
331.279877
331.370148
331.655212
331.945068
332.676910
332.963409
333.209259
333.116364
333.715088
333.619720
333.641235
334.737366
334.546722
335.013519
335.105408
334.957977
335.169403
335.304779
335.531708
335.445892
335.735565
335.619934
335.557007
335.409912
335.468323
335.433411
335.308014
335.251007
335.135834
335.084473
334.899231
334.940826
334.537598
334.097473
334.863617
334.127625
333.726410
333.790283
333.764252
332.794312
333.161346
333.057556
332.741821
332.275970
332.064392
332.046204
331.656372
331.563385
331.395111
330.840881
330.892639
330.452118
330.078461
330.240479
330.010162
330.017303
329.804657
329.759644
329.665283
329.571289
329.879303
329.453552
329.682953
329.469513
329.518341
329.596222
329.471252
329.569916
329.484406
329.903198
330.269043
330.411804
330.324432
330.800171
330.648621
331.177490
330.862030
331.554993
332.036072
332.110992
332.350189
332.284180
333.003906
333.295685
334.173187
333.998199
334.677490
334.676941
335.183777
335.289795
335.620300
335.930786
336.259064
336.637451
336.470551
337.626862
337.531036
337.990051
337.430084
338.632568
338.330597
339.011932
338.783844
339.009705
339.389954
339.324951
339.280304
339.877686
339.725739
339.541351
339.920990
339.634583
339.729584
339.637970
339.587677
339.502533
338.904175
338.761414
339.430634
339.049866
338.610474
338.407593
338.322632
338.076385
337.658905
337.355377
336.891327
336.925446
336.774750
336.138947
335.741974
335.582489
335.598114
335.292633
334.953888
333.901581
334.067505
334.064087
334.143005
333.645203
333.345520
333.161285
332.697937
332.454926
332.386322
331.859467
331.711273
331.390900
331.505493
331.209747
331.851562
331.457703
331.016541
331.799774
331.331635
331.281616
331.133881
330.926117
331.060669
331.068542
331.047791
331.609863
331.365906
331.332275
332.155884
332.485168
332.471405
332.295746
332.506897
332.999298
332.931671
333.575592
333.705841
333.195679
334.257446
334.290619
334.890381
334.880859
334.913177
335.209106
335.964661
335.959778
336.316223
336.333771
336.650452
336.953979
336.900543
336.993134
337.516724
337.206207
337.354095
337.359100
337.928986
338.305908
337.710449
338.428345
337.858002
337.682770
338.066345
338.058807
337.890167
337.941315
337.739960
337.748352
337.513367
337.577942
337.880371
337.221893
337.183136
337.001678
336.826447
336.451630
336.056305
336.219940
335.902161
335.906189
335.862396
334.985382
335.395081
334.896667
335.450470
334.249054
333.941528
333.586639
333.318512
333.108276
332.706360
332.520447
332.868805
332.430450
332.290619
332.243744
331.363739
331.201813
331.468536
331.519104
331.190338
331.308563
331.137573
331.506378
331.139130
331.446899
331.298309
331.135284
331.124695
331.310059
331.366333
331.569366
331.541931
331.118500
331.707794
331.577545
331.976562
332.340912
332.438202
332.614838
332.538544
332.801636
333.174622
333.435974
333.585114
333.437958
333.784088
333.842651
334.340332
334.119415
334.520996
334.725983
334.237061
335.245117
335.252686
335.364471
335.470428
335.290924
335.429840
335.523651
335.671936
335.507660
335.848328
335.906738
335.556763
335.682709
335.807037
335.919342
335.816925
335.544037
335.372040
335.324890
334.879761
334.908264
335.362244
334.605988
334.415283
334.220490
333.808563
333.852631
333.433044
333.325562
332.917908
332.404419
332.350586
331.943207
331.828949
331.857971
331.282959
331.242554
330.727783
330.607880
330.639374
330.372253
330.048737
329.528259
329.744843
329.275452
329.346985
329.081482
329.174683
329.026642
328.824036
328.736481
328.792450
328.904236
328.332733
328.219269
328.445709
328.399078
328.365448
328.564941
328.997192
328.718506
328.887787
329.341888
329.514954
329.116577
329.198242
329.947845
329.699646
329.774261
330.427979
330.552185
330.529236
330.618988
330.914520
330.774292
331.750549
331.279633
331.438202
332.169495
332.322906
332.476044
332.481232
332.632416
333.024414
333.229797
332.584656
332.884918
333.003082
333.397064
333.146881
333.284515
333.598541
332.829041
332.959717
333.155792
333.106445
333.359192
332.945953
332.666290
332.879059
332.195282
331.724060
332.255554
332.028076
331.451324
331.100830
330.709351
330.416595
330.263153
330.029968
329.878754
329.909760
329.071899
328.822906
328.915527
328.242401
328.166748
328.178162
327.731812
327.315247
327.159454
327.295410
327.101074
326.613281
326.802643
326.587494
326.722839
326.754456
326.865845
326.791534
326.744659
326.663452
327.206848
326.946472
326.835663
327.342041
327.391327
327.671692
328.260193
328.569366
328.706573
329.108490
329.171661
329.965118
329.735565
330.694214
330.409546
331.383545
331.279053
331.730286
332.033478
332.510315
332.963257
333.109436
333.532166
333.594940
333.695496
333.883698
333.630371
333.494781
333.547028
333.046295
333.265564
332.808838
331.820068
331.453094
330.861420
330.189209
329.115936
327.933868
326.986725
325.480164
324.028229
321.826447
320.223419
318.453979
316.321289
313.912231
311.753204
308.961517
305.935822
303.228394
300.329712
296.832794
293.743134
290.075775
286.434357
282.541534
279.068268
274.810333
270.871002
266.868958
262.641266
258.815948
254.296585
250.188354
246.242523
241.588409
237.124878
233.321777
229.538712
225.398224
221.347321
217.695496
213.970306
210.547485
207.085831
204.224869
201.308090
198.512863
196.119507
193.565277
191.798019
189.893066
188.088745
186.967407
185.936188
185.208237
184.818237
184.508575

