294.811310
174.295929
174.644302
175.463715
176.200119
177.495163
178.736160
180.330063
182.210922
184.345459
186.677979
189.048904
191.773407
194.458420
197.718460
200.864532
204.017776
207.389236
211.088470
214.514145
218.273407
222.011887
225.806290
229.424759
233.453323
237.317657
240.962906
244.569489
248.322556
252.151062
255.678680
259.178955
262.357880
266.108612
269.441895
272.573822
275.007904
277.944031
281.078094
283.593964
286.067749
288.660370
291.036957
292.628876
294.842102
296.786987
298.142395
299.662750
300.869354
302.494965
303.326294
304.560028
305.367432
306.173248
306.582153
307.449310
307.462921
307.763184
308.661530
308.360352
308.826355
308.860046
308.674347
308.713593
308.818329
308.375336
308.455841
308.627930
308.265625
307.796875
307.720795
307.391174
307.090088
306.788666
306.626984
306.703918
306.207062
305.727325
305.631104
305.589386
305.169830
305.337280
305.717743
305.013519
304.880951
304.464966
305.143982
304.924011
304.899353
304.566528
305.029388
304.934479
305.165131
305.142151
305.574188
305.623627
305.968842
306.265045
306.041107
306.841522
306.994080
307.235931
307.711029
308.094879
308.277130
308.468170
308.981384
309.596588
309.680145
310.204468
310.453552
310.827667
310.904114
311.456604
311.716492
312.110870
312.036072
312.564728
313.088684
312.743713
313.329651
313.372528
313.470520
313.707977
313.739563
313.903595
313.982452
313.726501
314.021881
314.261505
314.151428
314.123291
313.791412
314.056549
313.844147
313.791870
313.788727
313.434265
312.989471
312.477417
312.984070
312.362732
312.266907
311.764709
311.697815
311.487640
311.219421
311.141510
310.845276
310.209442
309.938721
309.740845
309.912201
309.592499
309.189056
309.062805
308.836761
309.035156
308.992554
308.283661
308.356201
307.978302
307.999817
308.150146
307.933868
308.187744
308.251282
308.629425
308.653809
308.304016
308.665802
308.648773
308.762451
309.318146
309.072662
309.457977
309.709686
309.769135
309.554382
310.482147
310.585052
310.783905
311.454285
311.754791
312.109467
312.449768
312.497559
312.792236
313.203400
313.385742
314.157043
314.511902
314.321442
314.985535
314.993988
315.253876
315.780090
316.103149
316.458252
317.067871
316.750122
317.032196
317.415009
318.081299
318.179657
318.194305
318.300079
318.790558
318.473602
318.963562
318.787048
318.597595
318.922302
318.876373
319.191254
318.671356
318.375000
318.726379
318.694550
318.230469
318.145874
317.744659
317.757050
317.435486
317.483795
317.146332
317.518219
316.683380
316.249146
315.833954
315.719391
315.943298
315.483551
315.377441
314.805023
314.868225
314.740509
314.219574
314.320953
313.662720
313.323822
313.234009
312.998016
313.343536
312.441528
312.813660
312.774567
312.333618
312.270538
312.372559
311.998596
312.347260
312.290192
312.380920
312.242584
312.399689
312.486389
312.396332
312.232697
312.863525
312.639130
312.813263
313.355652
313.264008
313.123444
313.562683
314.261658
314.170990
314.372925
314.912567
315.086853
315.457489
315.584106
316.267212
316.241730
316.740936
316.830048
317.137939
317.281708
317.557587
317.796661
318.593781
318.915497
318.901337
319.214417
319.855621
319.639954
320.208679
320.399139
320.219543
320.788361
320.927185
320.384735
320.635864
321.362000
321.437836
321.215515
320.977814
321.603790
321.570282
321.340607
320.922852
321.452454
321.213776
321.135803
320.938263
321.460449
321.210876
321.038666
320.852661
320.501648
319.904388
320.276825
319.891876
319.678040
319.707214
319.551788
319.060242
318.814087
318.662476
318.577301
318.380219
318.196320
318.525848
317.428589
317.618439
317.714966
317.645416
317.756622
317.801636
317.109253
317.247253
316.943329
316.349243
316.779694
316.875244
316.595551
316.868683
316.821960
316.688293
317.133453
317.013092
316.780060
316.855286
316.755951
317.342133
317.194397
317.666473
317.570831
317.774719
317.933350
318.544647
318.738251
318.971954
318.762329
319.294708
319.682587
320.109161
319.962158
320.499695
321.220703
321.098999
320.993652
322.135162
321.774017
322.382507
322.524231
322.627075
323.333038
323.106842
323.374908
323.917267
323.811615
324.199249
324.657928
324.616150
324.592590
325.201385
324.816803
325.622955
325.240204
325.940582
326.005646
325.952118
325.828247
325.559387
326.189850
326.195709
326.173248
325.590576
325.814972
325.331451
325.641327
325.888367
325.543213
324.785187
324.870972
325.023987
324.546722
324.204926
324.090179
324.073944
323.831696
323.790070
323.539948
323.592316
323.424652
323.113312
322.724701
322.645081
322.387268
322.011871
322.046265
321.733215
321.810516
321.354858
321.724548
321.287598
321.289398
320.925415
320.925598
320.938568
320.846252
320.837677
321.058411
320.750122
321.065918
320.891846
321.260132
321.210510
321.281067
321.282745
321.575043
321.384033
321.873749
321.639465
322.141113
322.080322
322.062622
322.931061
322.736298
323.116119
323.799072
323.368683
324.202484
324.331665
324.637939
324.822449
324.801147
325.543030
325.514832
325.592896
325.804169
326.495178
326.709106
327.107452
327.415192
327.259735
327.486969
327.834534
328.115662
328.413696
328.754669
328.845490
328.657166
329.275879
329.422546
329.553375
329.562653
329.573730
329.499969
329.695709
330.092957
329.608337
329.370819
329.469849
329.729706
329.422180
329.518738
329.296265
329.426636
329.551514
329.190002
328.829468
328.999878
328.438263
328.003479
328.258698
327.985535
328.110321
328.031036
327.679840
327.626282
327.560394
327.062531
327.036469
326.892700
327.043335
326.616638
326.622223
326.518219
326.316772
326.399933
326.057343
326.169769
326.156555
325.921112
325.752045
325.925323
326.214996
326.232025
326.315460
326.362030
326.339111
326.331879
326.811157
326.860718
326.776764
327.062073
327.269348
326.954987
327.676147
328.190796
328.283020
329.258331
328.732910
329.480652
329.814697
329.975433
330.604340
330.696594
331.121704
331.419769
332.055634
331.901062
332.600739
332.653625
333.167908
333.352142
334.067078
334.086487
335.061188
335.262085
335.639404
335.600403
335.988251
336.430756
336.471985
337.057404
337.535645
337.621338
337.281403
337.769226
337.812469
337.899139
338.241455
338.194611
338.641357
338.584595
339.287781
338.571472
338.684845
338.427948
338.524261
338.536438
338.675323
338.451355
338.345551
338.563660
338.298767
338.206177
338.266113
338.045685
337.868286
337.681915
337.450378
336.688080
336.568878
336.899658
336.456635
335.921326
336.666931
335.967255
335.807587
335.692902
335.857849
335.437378
335.353729
335.381989
335.065765
334.989960
335.160889
335.472260
335.323059
334.710693
334.623718
334.862427
334.656372
334.735809
334.964478
335.064606
334.818665
335.231934
335.827393
335.619110
335.790527
336.194611
336.431458
336.319153
336.511810
336.828918
337.138458
337.624786
337.884552
338.131165
338.194000
339.068726
338.856323
339.586578
340.146637
340.015747
340.935150
341.075012
342.065857
342.202271
342.304901
342.793091
343.075684
343.316620
344.137817
344.326935
344.389893
345.268219
345.636322
345.856903
346.483826
346.348419
346.573608
347.323944
347.245056
347.453125
347.390167
347.702454
347.749512
347.998505
347.786469
347.993530
348.026764
348.026337
348.040863
348.141022
348.088226
348.069550
347.484772
348.134613
347.770447
347.588257
347.196960
347.328674
347.103180
346.363007
346.693237
346.701935
346.256134
346.119568
345.602875
345.706055
344.960968
344.883606
344.660431
344.595581
344.294891
344.401703
344.152069
343.247131
342.937622
343.066498
342.798248
342.694946
342.417023
342.289673
342.025238
342.198700
342.072113
342.032288
341.448395
342.097443
341.711060
341.956573
341.672913
341.840149
341.519409
341.909210
342.003326
342.294434
341.697632
342.659790
342.206299
342.381561
342.567627
342.768982
342.848358
343.645599
343.765472
343.942719
344.118591
344.317841
344.625092
345.338684
345.252502
345.983337
346.438965
346.547028
346.541412
346.931519
347.617676
347.657410
347.425568
348.457489
348.655823
348.817566
349.322571
349.032349
349.108276
349.380859
350.124298
350.011230
349.971100
350.714264
350.257996
351.122467
351.132050
350.659393
351.038849
351.288422
351.217896
351.120148
351.077881
351.312988
351.436768
351.367126
351.363068
350.782471
351.019470
350.492767
350.406128
350.867767
350.318817
349.970337
349.821198
349.770050
349.683685
349.762573
349.162659
349.249542
348.964081
348.531189
348.455048
347.993317
347.909698
347.757538
347.746643
347.417358
347.371368
347.614349
346.915588
346.897644
346.873047
346.730408
346.673950
346.657684
346.478821
346.482269
346.709839
346.407532
345.915039
346.711212
346.618347
346.345673
346.887054
347.084259
346.877350
346.622223
347.014648
347.292145
347.677582
347.851044
347.811859
347.834656
348.289673
348.152710
348.610016
348.741608
349.372528
349.461029
349.532074
349.806519
350.134399
349.847443
350.278503
350.524384
351.122620
351.600342
351.160156
352.087341
352.182220
351.884918
352.328339
352.552490
352.245239
352.949646
352.625916
353.288849
353.056183
353.132263
352.959412
353.238037
353.348572
353.085510
352.800751
353.292358
353.334991
352.816528
353.137299
352.639984
352.350830
352.090179
352.054260
352.355927
351.931458
351.862732
351.607941
351.245514
350.911285
351.132843
351.033386
350.111298
350.288971
349.763641
350.197174
349.664795
349.258026
348.795471
349.042542
348.561920
348.264923
348.233307
348.437805
348.145538
347.875305
347.843933
347.491547
347.566345
347.307281
346.943542
347.039154
347.073364
347.747467
347.240753
347.095551
347.070557
347.179474
347.432220
347.390808
347.375244
347.574402
347.428131
347.788269
347.739563
348.410461
348.071289
349.108276
349.164734
348.846954
349.152863
349.679688
350.565186
350.114166
350.526245
350.109863
350.724762
351.077667
351.530548
351.460083
351.314087
352.125885
351.998291
352.529907
352.326202
352.430359
352.570068
352.708862
352.430695
352.720276
353.077423
353.092529
352.771729
353.529236
352.800323
353.296265
352.960510
352.525604
352.612030
352.603516
352.491302
352.010254
352.027405
351.767212
351.697662
351.365509
350.831055
351.063690
350.646332
350.489624
349.822021
350.143433
349.657135
348.908875
349.046509
348.714020
348.386627
347.672485
347.890686
347.355743
347.139099
347.724213
346.672455
346.746063
346.879791
346.486450
346.431030
346.415253
346.130310
346.216339
346.633972
346.774475
346.914490
346.535767
347.094360
346.809937
347.739288
347.719269
347.995605
348.247162
348.891174
348.858398
349.485962
349.910553
349.978271
350.423431
350.817596
351.534363
351.766174
352.021088
353.439392
352.523529
353.634857
353.474091
353.579468
354.419281
354.003296
354.374786
354.395935
354.789490
354.823334
354.583679
354.211700
353.971619
353.567932
352.539459
352.758942
351.532898
350.641235
349.811859
348.222107
346.987732
345.957001
343.973389
342.434906
340.879761
338.183746
336.241180
333.625305
330.755432
328.295685
325.056610
322.235260
318.670135
315.384094
311.969116
308.431122
304.355072
300.425049
296.322784
292.255737
287.959869
283.324402
279.552460
274.698334
270.013855
265.918762
261.285156
257.099274
252.232071
248.175827
243.528473
239.419571
235.574127
231.333511
227.404922
223.572433
220.108017
216.510773
213.673035
210.767715
207.951141
205.512436
203.348343
201.478790
199.572510
198.328217
197.491623
196.409378
196.394455
196.072708

290.142151
174.608139
174.955505
175.797577
176.551376
177.821899
179.069092
180.660339
182.531509
184.684265
187.018021
189.410828
192.114990
194.831146
198.098495
201.248322
204.432053
207.813843
211.500427
214.937469
218.727295
222.487671
226.267044
229.904022
233.969345
237.836090
241.473495
245.100952
248.853912
252.747620
256.244659
259.786133
262.976990
266.735870
270.061768
273.219788
275.681335
278.619690
281.790222
284.325256
286.805237
289.401031
291.792236
293.401611
295.647003
297.630249
298.992340
300.511414
301.748871
303.362457
304.230133
305.468567
306.264832
307.078644
307.545471
308.404755
308.429626
308.743866
309.636169
309.354950
309.848450
309.900238
309.680664
309.764587
309.853455
309.407379
309.518341
309.664368
309.315430
308.864899
308.784607
308.468079
308.176239
307.852844
307.693359
307.781342
307.245850
306.818329
306.676636
306.645996
306.231567
306.405212
306.731354
306.001129
305.905975
305.499420
306.146942
305.922546
305.878967
305.570862
305.992126
305.923676
306.085999
306.091522
306.509949
306.503693
306.852997
307.140686
306.869995
307.691803
307.815155
308.054016
308.479553
308.899292
309.048920
309.184052
309.713287
310.288513
310.340973
310.857880
311.081757
311.452301
311.481110
312.017609
312.251190
312.640198
312.534454
313.041656
313.535675
313.168121
313.754547
313.770630
313.842255
314.041077
314.078247
314.221252
314.254211
313.960510
314.244781
314.487488
314.368622
314.292664
313.937805
314.183014
313.944702
313.869202
313.901428
313.497986
313.024109
312.502747
312.990845
312.359283
312.263245
311.729767
311.642212
311.437439
311.115662
311.058838
310.749786
310.102783
309.816284
309.611145
309.742676
309.433685
309.022003
308.882202
308.651794
308.845001
308.801910
308.072205
308.144287
307.770416
307.792480
307.949829
307.736359
307.980530
308.046692
308.411682
308.424042
308.095978
308.436096
308.439789
308.542999
309.116760
308.870148
309.244751
309.523834
309.589172
309.367279
310.301178
310.395172
310.636108
311.302399
311.610413
311.955048
312.302002
312.334259
312.706879
313.085510
313.296051
314.063446
314.445801
314.275757
314.914734
314.971863
315.230896
315.799011
316.091370
316.452301
317.086212
316.759827
317.105896
317.454529
318.164398
318.275238
318.321503
318.419434
318.928986
318.630066
319.138214
318.962341
318.785980
319.131470
319.080383
319.384735
318.883209
318.656158
319.046112
318.967529
318.517426
318.459381
318.058868
318.074432
317.780273
317.828827
317.522003
317.878632
317.089630
316.639252
316.246063
316.113617
316.375977
315.911621
315.864136
315.249054
315.341522
315.261993
314.683350
314.793091
314.157074
313.822540
313.756500
313.506897
313.828430
312.962585
313.356323
313.317139
312.920807
312.851898
312.948700
312.583984
312.929352
312.856812
312.962341
312.811707
313.014252
313.105560
313.021454
312.845367
313.486023
313.272583
313.433319
314.003174
313.924072
313.716278
314.201721
314.919495
314.828827
315.046448
315.600494
315.743835
316.077209
316.241730
316.968140
316.956421
317.446960
317.522888
317.802582
317.953766
318.195831
318.500824
319.268219
319.627777
319.564545
319.907410
320.549683
320.342468
320.923096
321.101318
320.943115
321.573425
321.671448
321.137787
321.380127
322.153870
322.162109
321.974487
321.731964
322.366882
322.345825
322.110199
321.683533
322.241852
322.027985
321.905670
321.731445
322.248535
322.016022
321.873444
321.713623
321.359039
320.742493
321.112030
320.754578
320.491089
320.531342
320.419342
319.930359
319.653046
319.534821
319.426697
319.266266
319.070801
319.439423
318.333282
318.525024
318.615082
318.538483
318.669769
318.736877
318.048401
318.185791
317.893311
317.294922
317.705383
317.797424
317.550842
317.830322
317.735596
317.698547
318.123108
317.972107
317.755341
317.830292
317.732544
318.271698
318.139160
318.596497
318.566833
318.774139
318.932373
319.480347
319.708344
319.925354
319.729401
320.285553
320.610138
321.037903
320.860474
321.410248
322.120148
322.019043
321.928162
323.070892
322.667206
323.323181
323.408966
323.506531
324.255768
323.979584
324.197479
324.795105
324.709259
325.042358
325.559570
325.455627
325.461243
326.032471
325.646179
326.397491
326.013428
326.708740
326.785400
326.695129
326.590302
326.316284
326.833618
326.928833
326.829773
326.298615
326.487549
325.962280
326.271790
326.501007
326.211884
325.351929
325.477661
325.612518
325.107330
324.783112
324.604919
324.588898
324.355164
324.277222
323.999725
324.115906
323.871979
323.532715
323.156433
323.091248
322.777039
322.392609
322.461487
322.142914
322.160706
321.719330
322.086578
321.604523
321.640198
321.193237
321.228760
321.252930
321.063934
321.124664
321.327576
321.011017
321.324646
321.118866
321.505280
321.427734
321.460632
321.482391
321.744415
321.557098
322.023712
321.801056
322.301971
322.243073
322.178406
323.069763
322.902771
323.218903
323.902374
323.475067
324.315613
324.450989
324.746063
324.924530
324.854218
325.637360
325.569611
325.673889
325.848907
326.561188
326.782745
327.152435
327.476746
327.324005
327.558472
327.901001
328.160950
328.488220
328.826721
328.888733
328.736389
329.366638
329.496582
329.631531
329.612976
329.610687
329.581024
329.744751
330.180267
329.687042
329.469940
329.553436
329.793579
329.490875
329.580811
329.361389
329.548370
329.626434
329.247742
328.902283
329.068054
328.513092
328.093201
328.343811
328.056427
328.195740
328.098572
327.745880
327.708679
327.627167
327.175385
327.120300
326.974609
327.143188
326.709137
326.719452
326.616089
326.407959
326.490967
326.114349
326.246582
326.248810
325.985016
325.806122
326.002472
326.278259
326.306671
326.407562
326.389374
326.398712
326.388428
326.858856
326.886108
326.819916
327.112183
327.282990
326.994354
327.713562
328.241425
328.296387
329.281982
328.750793
329.492493
329.827911
329.971802
330.604401
330.676941
331.104553
331.364014
332.027222
331.852753
332.546631
332.580322
333.121094
333.284790
333.983612
333.995361
334.996490
335.128082
335.556244
335.498047
335.873230
336.333099
336.361389
336.913544
337.385437
337.503021
337.134735
337.614990
337.638977
337.734619
338.046722
338.025909
338.436279
338.389832
339.074799
338.352814
338.441223
338.205597
338.287262
338.283051
338.436310
338.189758
338.084961
338.306580
338.033905
337.928925
338.011414
337.808685
337.579193
337.404938
337.152863
336.409058
336.292847
336.582092
336.149475
335.609772
336.356445
335.666626
335.491577
335.391083
335.536285
335.109100
335.053314
335.059998
334.769226
334.697815
334.857056
335.173798
334.991577
334.407532
334.337219
334.563019
334.340424
334.447510
334.668915
334.778046
334.531128
334.958801
335.555634
335.328308
335.516663
335.920563
336.191345
336.066742
336.271484
336.569305
336.883179
337.388702
337.668182
337.910492
337.988007
338.849396
338.655426
339.355896
339.960968
339.847717
340.748566
340.905304
341.896454
342.048187
342.196747
342.672150
342.988007
343.204681
344.028564
344.226501
344.329987
345.173981
345.565063
345.795685
346.449615
346.311981
346.541412
347.288849
347.229675
347.436157
347.422668
347.738281
347.735199
348.012634
347.806854
348.067963
348.065125
348.102936
348.091064
348.253082
348.176514
348.163483
347.595001
348.251801
347.915375
347.707062
347.319946
347.500153
347.271057
346.521637
346.886963
346.880524
346.447449
346.345001
345.831390
345.913330
345.184845
345.067200
344.873962
344.853729
344.541534
344.654388
344.428223
343.515198
343.186218
343.328186
343.054810
342.958832
342.728516
342.582886
342.321075
342.506866
342.379669
342.323547
341.745239
342.396545
342.010712
342.248108
341.993042
342.172638
341.843018
342.251038
342.351135
342.640259
342.051727
343.001648
342.548492
342.718353
342.914490
343.159180
343.178772
344.009857
344.114136
344.282166
344.462891
344.667084
345.006226
345.724091
345.609924
346.360443
346.787598
346.922211
346.901245
347.278442
347.991364
348.004822
347.778992
348.816650
349.000916
349.173523
349.688049
349.353119
349.479187
349.745728
350.512634
350.349487
350.303253
351.069122
350.615814
351.471100
351.493225
351.027069
351.398895
351.618256
351.554108
351.455841
351.393707
351.647705
351.790894
351.655762
351.691101
351.124054
351.305206
350.799866
350.692322
351.170380
350.631805
350.265015
350.136810
350.052002
349.988922
350.020782
349.411926
349.514526
349.256561
348.805511
348.692963
348.232697
348.122803
348.047211
347.989502
347.673767
347.654816
347.860931
347.121002
347.100739
347.142487
346.949890
346.880310
346.872314
346.708221
346.727478
346.889679
346.564148
346.106842
346.919678
346.796600
346.540680
347.063721
347.244141
347.063538
346.812500
347.194641
347.449615
347.810974
348.004547
347.969330
347.984589
348.400177
348.245392
348.730743
348.847168
349.482361
349.572113
349.624207
349.889740
350.219513
349.924316
350.364990
350.594055
351.214355
351.648712
351.222046
352.138916
352.250092
351.916168
352.394287
352.574646
352.300873
352.966675
352.655365
353.305420
353.037445
353.140228
352.960724
353.252777
353.316925
353.078064
352.771820
353.284698
353.294891
352.787933
353.074890
352.583344
352.319214
352.045319
352.022369
352.292084
351.886017
351.775787
351.526764
351.167084
350.832733
351.034546
350.960358
350.053345
350.192505
349.666504
350.070709
349.554077
349.159149
348.681976
348.952118
348.443939
348.142609
348.106232
348.312927
348.025757
347.750031
347.693176
347.379883
347.431122
347.173767
346.779297
346.891083
346.907288
347.603516
347.100708
346.942932
346.913422
347.008789
347.242798
347.181702
347.224152
347.432068
347.257477
347.605072
347.528046
348.207550
347.896118
348.929749
348.975281
348.698608
348.962067
349.492371
350.401215
349.938904
350.348328
349.939667
350.571503
350.887451
351.347656
351.277069
351.117126
351.929840
351.812866
352.340485
352.114441
352.235474
352.405548
352.522827
352.259644
352.525421
352.835144
352.906494
352.584930
353.307800
352.609039
353.102631
352.792236
352.328949
352.423523
352.388519
352.339691
351.844330
351.851593
351.615570
351.557312
351.201508
350.675598
350.902313
350.484894
350.334290
349.645844
350.013245
349.527191
348.754517
348.907379
348.589661
348.235687
347.530243
347.751495
347.210449
347.010620
347.610504
346.542328
346.618164
346.750977
346.386261
346.340118
346.306641
346.029236
346.123322
346.536926
346.700104
346.839539
346.476959
346.990021
346.760895
347.684265
347.655853
347.987518
348.217102
348.828125
348.835663
349.442261
349.880463
349.971832
350.397369
350.831177
351.488922
351.759949
352.001740
353.459076
352.533722
353.651550
353.501984
353.604492
354.471069
354.047028
354.410706
354.430511
354.872528
354.905151
354.642120
354.274475
354.065918
353.644104
352.620300
352.875549
351.628693
350.755157
349.929596
348.326263
347.096100
346.085846
344.124969
342.543243
341.021973
338.351715
336.379333
333.782654
330.932739
328.473511
325.218109
322.409119
318.850830
315.558136
312.163025
308.618622
304.561829
300.604767
296.522186
292.494812
288.145813
283.524994
279.746552
274.911316
270.228912
266.156372
261.530914
257.339661
252.481323
248.416794
243.772949
239.674011
235.815414
231.579117
227.633911
223.820084
220.368057
216.757812
213.940033
211.014999
208.211487
205.769882
203.610550
201.743668
199.849487
198.598511
197.765945
196.675171
196.656631
196.419006

216.083588
183.200684
183.585495
184.585693
185.438324
186.665802
188.096527
189.999741
191.654572
194.013123
196.375626
198.833374
201.824875
204.529984
208.161911
211.346619
214.724533
218.463531
222.061707
225.871185
229.475128
233.846954
237.633728
241.856750
245.909073
249.552887
253.604828
257.471466
261.311493
265.350311
268.906433
272.958099
276.809540
279.955719
284.073242
286.726196
290.549011
293.548889
296.408142
298.577148
302.110870
303.939362
305.818817
308.279327
310.508392
311.885620
313.958832
315.595795
316.851196
318.411285
319.290405
319.872711
320.762390
321.705139
322.333008
323.119781
323.342194
323.935333
324.231689
323.911499
324.264374
324.313232
324.306671
324.363190
324.054321
324.075562
323.906769
323.516449
323.247101
323.093750
322.648621
322.499969
322.565491
322.108337
321.442200
321.220459
320.917053
320.301422
320.427063
320.300446
319.954712
319.487549
319.718628
318.740509
318.746124
318.554657
318.473450
318.947754
318.946075
318.972687
318.958984
318.708557
319.102722
319.335266
319.274200
319.389465
319.659302
320.078308
320.575714
320.570984
320.877289
320.568848
321.204865
321.535431
321.541199
322.417297
323.125397
323.058167
323.464111
323.237885
323.839691
323.956085
323.848480
324.469452
324.843079
325.598053
325.387726
325.543945
326.102051
326.244843
326.696106
326.700928
326.829498
326.844238
326.841522
326.691956
326.544067
327.139313
326.450867
327.065247
326.386902
326.815094
326.710236
326.308441
326.119873
325.854523
325.486084
325.501831
325.796844
325.499237
325.083649
325.018372
324.538940
323.980286
323.706390
323.553650
323.045654
322.809723
322.338196
322.392731
321.623199
321.449005
321.265167
321.039459
321.033691
321.066467
320.662689
320.656891
319.386902
319.309509
319.003479
319.182892
318.953064
318.969543
319.082947
318.570648
318.586700
319.122223
318.759613
319.501495
319.223053
319.180054
319.405975
319.130615
319.421875
319.882782
320.069458
320.161896
320.623962
321.074799
320.955139
321.326508
321.901611
321.912964
322.023651
322.318329
322.923309
323.306702
323.417206
323.838318
324.331970
324.484802
324.985321
324.947296
325.343445
325.902374
326.089142
325.970215
326.327576
326.911224
326.557251
327.086823
327.156067
327.563324
327.379272
327.835358
328.071594
327.828613
327.494415
327.890747
327.804504
328.090973
327.989105
327.922821
327.883209
327.780945
327.659027
327.587036
327.213043
327.423615
327.429352
326.948944
326.585968
326.428833
326.458496
325.829376
326.107269
325.055115
325.016449
324.587006
324.531097
324.187195
323.581696
323.383209
323.227539
322.612823
322.188171
322.115173
321.848175
322.093994
321.596588
320.934540
320.956390
320.495850
320.274536
320.598450
320.235291
320.441406
319.533264
319.559326
319.781433
319.467285
319.683533
319.504456
319.675232
319.518677
319.394714
319.531586
319.711243
319.768250
320.253754
319.965881
320.136230
319.855194
320.279633
320.463287
320.455261
321.138641
321.664215
321.789276
322.510742
321.960815
322.188263
322.392883
322.829681
322.825195
323.680084
323.531250
324.021881
323.802826
324.315399
324.413300
324.827240
325.136871
325.447754
325.653412
325.601471
326.304962
326.409821
326.167053
326.400452
326.681030
326.951996
327.020905
326.795441
326.894135
327.054688
327.145935
326.975647
327.360199
326.944916
326.922668
326.946777
326.850677
326.829773
326.592285
326.411285
326.528625
325.822815
325.875427
325.072845
325.704407
325.399841
325.059082
325.237457
324.772827
324.337494
323.857544
323.970947
323.477661
323.177155
323.362396
322.694946
322.635071
322.192780
321.698669
322.257568
322.590942
321.590790
321.120972
321.917603
321.084167
321.031952
320.730255
320.729309
321.495514
320.958282
320.817505
321.081482
320.977936
320.669312
320.649628
321.136902
320.944641
321.049622
321.242584
321.062927
321.288208
321.377747
321.836121
321.706604
321.955841
322.226166
322.371307
322.918335
322.757233
322.940979
323.846436
323.078186
323.842133
324.048492
323.972229
324.749542
324.820740
325.048767
325.417419
325.526550
325.504395
325.874756
326.288086
326.711151
326.785400
326.667480
327.382477
327.453461
327.637848
327.960297
328.202576
328.188721
328.071136
328.038696
328.036743
328.295502
328.127777
328.675293
328.405487
328.096100
328.363647
328.326935
328.475433
327.758240
327.704407
328.133820
327.401611
327.893219
327.496277
327.202698
326.816223
327.039490
326.603119
326.100494
325.842255
326.302368
325.437225
325.509064
325.120514
324.847168
324.646973
324.411926
324.342834
323.554565
323.754669
323.714020
323.316650
323.324097
323.326935
322.952057
322.969116
322.621552
322.526367
322.296265
322.142548
322.293335
322.078491
321.974701
322.233063
322.322174
321.888763
322.053467
322.392517
322.104034
322.059937
322.418030
322.569031
322.510254
322.724457
322.944763
323.138947
323.446594
324.013977
323.570068
323.834351
323.991730
324.722198
324.653839
325.083221
325.233337
325.558655
325.906738
325.652344
326.133179
326.367218
326.830017
326.773987
326.932556
327.390472
327.536438
327.700134
327.914154
328.151001
328.191223
328.712982
328.554810
328.848938
328.923462
329.395660
329.242950
329.253174
329.436279
329.181671
329.625397
329.677887
329.516357
329.378265
329.286133
329.342834
329.312866
328.926941
328.821808
328.721863
329.103607
328.259338
328.851562
328.175720
328.012787
328.052338
328.129333
327.422546
327.398560
327.261292
327.399292
326.824188
326.652344
326.210663
326.235443
326.222748
325.652008
325.790955
325.315186
325.351349
324.798920
324.858734
324.815399
324.543091
324.580109
324.609680
324.391754
324.338593
324.051697
324.591553
324.453888
324.460510
325.442657
324.642853
324.714874
324.999695
324.714386
325.019562
325.117798
325.015961
325.480560
325.730713
325.789154
325.737457
326.022186
325.854187
326.526001
327.082825
327.118988
327.514496
327.807739
327.952881
328.283020
328.488983
329.596832
329.598755
329.501770
330.285706
330.414093
330.838135
331.283020
331.307281
331.779510
331.736786
332.156891
332.173767
332.330444
332.990448
333.035950
333.543488
333.239594
333.060333
333.551971
333.770874
333.552063
333.801849
333.867615
333.790039
333.806122
333.894012
334.097931
334.237732
333.693390
334.299469
333.550354
334.143097
333.517365
333.648743
333.927216
333.501068
332.986450
333.034271
332.628113
331.907898
332.334900
331.898651
331.516418
331.605072
331.136108
331.087769
330.471436
330.077484
330.434662
329.650848
329.643860
329.727905
329.348907
328.979034
328.768585
328.986359
329.152252
328.710052
328.389709
328.182709
328.138184
328.207153
328.149811
328.106903
328.040375
328.298370
328.563446
328.229553
328.214966
328.031036
328.421814
328.367462
329.010834
329.075195
329.460358
328.713898
329.488159
329.407104
330.058197
330.279572
330.733917
330.515503
330.843292
331.824829
332.108551
332.185516
332.518890
332.631622
333.115723
333.529358
333.782074
333.855164
334.425629
334.344910
335.206390
335.438263
335.984283
336.173645
336.369629
336.703186
336.754333
337.034454
337.398590
337.505768
338.002899
338.476044
338.415253
338.279724
338.251740
338.881012
338.522644
338.788391
338.306885
338.412994
338.767792
338.924835
338.438904
338.713379
338.681580
337.811951
337.868652
337.940582
337.562988
336.964172
337.065643
337.018341
336.779297
336.974243
336.614014
335.489105
335.819794
335.655304
334.950714
334.910370
334.293060
334.068756
333.611572
333.564026
333.227234
332.811096
332.523804
332.776642
332.511139
331.925415
331.897675
331.730347
331.144897
331.675171
331.139435
330.991028
331.216217
330.940948
330.718292
330.426514
330.145050
329.972076
329.949860
330.391876
330.625153
330.331055
330.490082
330.450470
330.982422
330.924713
330.867310
330.810028
331.045166
331.280731
331.472717
331.835632
332.003296
331.824890
332.842529
332.543854
333.173401
333.097626
333.684937
333.673126
333.682373
333.640686
334.541382
334.885773
335.196350
335.345306
335.551636
336.124451
335.906006
336.225067
336.144592
336.468079
336.882233
336.998474
336.910980
337.104248
337.299316
337.391357
337.727203
338.117920
337.621277
337.500916
337.721558
337.441437
337.674866
337.717010
337.439850
337.293701
337.402649
336.990692
337.083069
336.875336
336.526306
336.849121
336.234131
336.525818
335.986694
335.854431
335.770294
335.361176
335.295990
334.860199
334.605286
334.879639
334.593597
334.294464
333.971649
333.796600
333.645844
333.562714
333.300446
332.732025
332.804749
332.671814
332.591187
332.521545
331.866150
331.927765
331.760468
331.308350
331.650543
331.497009
331.399933
331.734497
331.273346
331.440399
331.159698
331.485626
331.369232
331.770782
331.666046
331.965912
332.050537
331.887573
332.382904
332.569672
332.591888
332.323181
332.711914
333.000183
333.128845
333.908234
334.219055
333.468140
334.045044
334.317596
334.180267
334.714325
334.702850
334.764252
334.922363
335.356598
335.811951
335.573700
335.970459
336.083527
336.362762
336.156921
335.887390
336.515320
336.359589
336.514191
337.209778
336.881836
336.902405
336.372864
336.489502
336.220734
336.490753
336.216003
336.024963
336.484222
336.426117
335.873199
335.902954
335.781769
335.236633
335.620087
334.869080
335.076019
334.542480
334.321289
334.441803
334.142548
333.442169
333.226440
333.292725
333.161285
333.176544
332.533447
332.242889
331.989594
331.849701
331.862457
330.779449
330.750488
330.894775
330.627594
330.909637
330.453064
330.070099
330.480133
329.813629
330.090302
330.155060
329.862488
330.406555
330.301910
330.110199
329.868286
330.016357
330.297913
330.297089
330.566559
330.858002
330.815735
330.725769
330.999603
330.922913
331.068909
331.217987
331.698975
331.242218
332.040253
331.977051
332.498352
332.630066
332.886261
333.077698
333.174988
333.329346
333.475464
333.974762
333.832092
333.814911
334.629791
334.274200
335.101440
334.653381
334.838928
335.030487
334.747223
334.839722
334.909912
334.803650
334.918182
334.611511
334.597595
334.993591
334.373962
334.681580
334.525726
334.272705
333.703552
333.484375
333.782837
333.273834
333.271240
332.987579
332.900330
332.637299
332.140106
331.570007
331.652313
330.987366
330.955200
330.893402
330.694672
330.119080
329.625275
329.410095
329.363770
329.336365
329.254883
329.178436
328.967133
328.474548
328.550079
328.504486
328.304199
328.149078
328.777161
328.123352
328.199188
328.718475
328.695831
329.083801
329.344696
329.161133
329.520050
329.773804
329.876251
330.457489
330.738525
330.864166
331.256744
331.339752
331.990326
332.557739
332.794800
332.960663
333.811798
334.061371
334.379395
334.735413
334.927185
334.951721
335.325470
335.537048
335.814392
335.809479
335.846832
335.936829
335.697845
335.370209
335.065125
334.555969
334.133057
333.818207
333.083008
332.059204
330.889069
329.827576
328.707855
327.298004
325.724304
323.826813
322.162598
320.223694
318.144196
315.806427
313.393951
310.984100
307.513977
304.721832
301.810059
298.193573
295.047241
291.990967
287.997620
284.426788
280.393646
276.669769
272.421753
268.423462
264.222565
260.355591
255.885010
251.302521
247.242416
243.139908
239.349472
234.811035
230.616684
226.934906
222.802429
219.002213
215.248398
211.727356
208.351578
204.983429
202.236115
199.471481
196.988647
194.747223
192.567825
190.747253
189.233109
188.152695
187.169861
186.336853
185.930374
185.711914

220.538757
183.769272
184.182480
185.196487
186.023438
187.269073
188.697098
190.606064
192.251541
194.643890
196.997101
199.453613
202.450378
205.143829
208.810379
211.992554
215.379303
219.099335
222.736359
226.553452
230.179718
234.527252
238.329071
242.564926
246.644196
250.293716
254.374817
258.201691
262.074066
266.100800
269.688263
273.745636
277.598541
280.741547
284.898071
287.547424
291.369568
294.394501
297.245392
299.441101
302.955597
304.868011
306.713959
309.207062
311.424316
312.833221
314.883911
316.515564
317.811401
319.365662
320.266693
320.875580
321.786438
322.731293
323.338165
324.136322
324.347351
324.943634
325.248535
324.952362
325.344452
325.402313
325.393829
325.421387
325.133179
325.189484
324.957703
324.685760
324.369598
324.215698
323.772034
323.614563
323.692047
323.249237
322.583282
322.358826
322.087463
321.449768
321.556854
321.457947
321.071533
320.632904
320.821686
319.854797
319.878784
319.683441
319.583038
320.063171
320.083344
320.055328
320.083282
319.742340
320.198456
320.430969
320.388092
320.429474
320.702606
321.096039
321.615082
321.534058
321.922546
321.599762
322.232788
322.554077
322.519043
323.341431
324.104706
323.984070
324.440125
324.124451
324.771301
324.832336
324.714905
325.308655
325.721100
326.450562
326.201935
326.342865
326.910400
327.019043
327.412323
327.421539
327.585663
327.614868
327.610809
327.442841
327.275513
327.817932
327.131561
327.694244
327.041504
327.455933
327.284363
326.933502
326.706024
326.394226
326.062439
326.057007
326.347870
326.034882
325.570618
325.521393
325.029785
324.482941
324.203369
323.980896
323.502136
323.263641
322.801178
322.812042
322.067200
321.833893
321.642151
321.399445
321.397186
321.440979
321.044128
321.004333
319.771790
319.665771
319.364288
319.534027
319.286926
319.258789
319.382233
318.880676
318.876770
319.417603
319.064606
319.776672
319.460358
319.452301
319.663666
319.378815
319.661469
320.106506
320.270721
320.382843
320.823395
321.304840
321.165649
321.545563
322.116669
322.103241
322.199860
322.517548
323.083527
323.472687
323.598785
323.973450
324.500275
324.656006
325.140594
325.110931
325.459198
326.045685
326.201874
326.114319
326.438171
327.037811
326.688599
327.216553
327.252899
327.657349
327.484711
327.912506
328.162262
327.920074
327.557343
327.958466
327.866364
328.160583
328.042206
327.955109
327.917969
327.807495
327.670959
327.597229
327.222717
327.411926
327.415192
326.971100
326.551514
326.391998
326.419891
325.830078
326.051422
325.017700
324.976196
324.540985
324.455261
324.116730
323.511719
323.298798
323.148041
322.523529
322.098907
321.999054
321.742584
321.992767
321.488434
320.801880
320.852753
320.376678
320.149200
320.451416
320.092224
320.304352
319.377716
319.403290
319.632355
319.338867
319.537537
319.341125
319.511169
319.348846
319.277802
319.361664
319.550934
319.612000
320.090454
319.809875
319.971985
319.705719
320.124573
320.310211
320.313110
320.980072
321.519348
321.658295
322.367920
321.812286
322.042480
322.282562
322.717529
322.728638
323.609772
323.465698
323.947723
323.706696
324.238159
324.342194
324.801575
325.075958
325.407104
325.626343
325.613159
326.291779
326.436279
326.194611
326.466553
326.757812
327.037445
327.122925
326.872803
327.004730
327.196533
327.305511
327.143585
327.547455
327.144257
327.132629
327.171021
327.080658
327.093658
326.860107
326.698517
326.838379
326.138489
326.228485
325.444305
326.120026
325.797882
325.483093
325.702240
325.200684
324.776337
324.309174
324.440704
323.991394
323.728455
323.924408
323.268372
323.245209
322.790131
322.325348
322.892059
323.210205
322.245392
321.831238
322.596375
321.809174
321.781982
321.429749
321.461975
322.244232
321.716675
321.563629
321.867249
321.729614
321.485016
321.475189
321.971466
321.792755
321.882324
322.126556
321.975677
322.152893
322.240753
322.693695
322.561005
322.794312
323.148376
323.229462
323.758331
323.638916
323.839752
324.738007
323.990326
324.705292
324.950897
324.848724
325.621002
325.741943
325.920105
326.297882
326.404694
326.315369
326.706696
327.132355
327.548920
327.592438
327.444427
328.177704
328.272766
328.429169
328.721375
328.916260
328.954346
328.849060
328.771667
328.765167
328.998322
328.829529
329.294434
329.084015
328.748840
328.968384
328.917450
329.044983
328.325165
328.282257
328.677399
327.942841
328.380463
327.966736
327.698547
327.269562
327.468048
327.036469
326.500854
326.234680
326.656647
325.770325
325.828552
325.441101
325.139618
324.939056
324.648132
324.579102
323.785370
323.971954
323.879486
323.511475
323.480408
323.491272
323.086578
323.081757
322.734741
322.611084
322.344879
322.188721
322.346344
322.112915
321.989410
322.240204
322.338928
321.842377
322.022369
322.329742
322.053558
322.005341
322.368347
322.487488
322.414642
322.642456
322.837128
323.058411
323.355957
323.907532
323.452393
323.706726
323.874512
324.602173
324.508087
324.959045
325.091980
325.401245
325.753479
325.485199
325.972900
326.231567
326.674194
326.602753
326.773560
327.264709
327.387421
327.548553
327.774536
328.018311
328.071350
328.605682
328.446686
328.730865
328.806732
329.305939
329.146942
329.158752
329.359863
329.112305
329.556519
329.611115
329.497772
329.321777
329.238464
329.357727
329.307922
328.937805
328.838654
328.756287
329.128937
328.275452
328.897858
328.232208
328.102600
328.130371
328.231384
327.506500
327.485382
327.341248
327.529449
326.963287
326.808624
326.380676
326.408905
326.417175
325.820007
325.985229
325.529297
325.573914
325.007141
325.093719
325.064117
324.764191
324.838257
324.876038
324.673798
324.623322
324.330963
324.885162
324.780670
324.787689
325.472931
324.986420
325.054474
325.361694
325.086334
325.385956
325.499725
325.386658
325.855530
326.109283
326.156006
326.114655
326.411774
326.258514
326.932983
327.469421
327.513824
327.939514
328.245148
328.369690
328.696228
328.926208
330.020081
329.997955
329.956635
330.689697
330.829712
331.251068
331.680634
331.730469
332.204895
332.140717
332.556183
332.565887
332.737671
333.391357
333.459991
333.944824
333.645813
333.482239
333.945770
334.167847
333.926880
334.176147
334.240784
334.158905
334.169556
334.265778
334.476318
334.628113
334.063232
334.646454
333.932312
334.499329
333.881592
333.991516
334.250702
333.835938
333.313568
333.368866
332.946686
332.202118
332.650360
332.197815
331.815460
331.881592
331.428314
331.351410
330.741760
330.329071
330.695282
329.885101
329.909454
329.962250
329.559448
329.218079
328.987854
329.180695
329.373810
328.901550
328.557831
328.376801
328.316528
328.393646
328.314606
328.259186
328.189087
328.473145
328.689148
328.369324
328.333435
328.141083
328.518982
328.463074
329.113129
329.152679
329.539825
328.799927
329.570618
329.460876
330.120636
330.320068
330.785736
330.546021
330.864777
331.838898
332.117828
332.189972
332.517395
332.629639
333.111969
333.502319
333.738190
333.836517
334.420685
334.305298
335.145813
335.393036
335.920746
336.101562
336.289001
336.634338
336.668762
336.934082
337.289764
337.357147
337.869843
338.327576
338.281433
338.138916
338.107635
338.743195
338.354187
338.612335
338.121429
338.217072
338.569397
338.718689
338.234467
338.501801
338.456543
337.582733
337.626831
337.698395
337.309814
336.713593
336.807190
336.763184
336.496918
336.692902
336.328064
335.200684
335.513336
335.334991
334.628510
334.585876
333.943695
333.734497
333.279205
333.244080
332.886261
332.438843
332.179657
332.431793
332.129150
331.542847
331.517303
331.322632
330.773315
331.288147
330.732880
330.587524
330.819580
330.543976
330.300415
330.004822
329.747894
329.528351
329.552429
329.974670
330.211823
329.900787
330.070129
330.005157
330.549957
330.475311
330.400146
330.367523
330.623535
330.821381
331.052246
331.393280
331.572021
331.390228
332.422150
332.077728
332.745514
332.661255
333.248047
333.277130
333.269592
333.191437
334.114288
334.488922
334.755341
334.912567
335.159637
335.713898
335.471069
335.802582
335.730408
336.067566
336.438812
336.622467
336.487762
336.710785
336.912292
337.014954
337.350342
337.740356
337.232117
337.161133
337.406464
337.086578
337.307220
337.374084
337.108612
336.988708
337.103241
336.654022
336.754761
336.530792
336.229095
336.553070
335.934540
336.249573
335.741089
335.586243
335.505646
335.140961
335.040833
334.591980
334.334412
334.592926
334.351624
334.118500
333.749176
333.560120
333.430115
333.391083
333.111084
332.567780
332.609802
332.510712
332.453339
332.342102
331.602753
331.799896
331.632935
331.121490
331.560455
331.364319
331.288666
331.612701
331.190155
331.351776
331.075806
331.377380
331.270966
331.705505
331.572662
331.888580
332.010498
331.827881
332.321991
332.488831
332.528625
332.255188
332.662170
332.952942
333.120880
333.874359
334.188599
333.450500
334.030884
334.294617
334.152802
334.707306
334.714294
334.782684
334.930145
335.351562
335.789917
335.587158
335.968781
336.102325
336.393768
336.193207
335.905243
336.520996
336.353363
336.536011
337.223969
336.886719
336.904694
336.390228
336.506317
336.243439
336.526001
336.253601
336.051178
336.490204
336.481781
335.908569
335.931824
335.795135
335.260559
335.650116
334.901184
335.075287
334.553619
334.336700
334.480072
334.172211
333.457092
333.266754
333.310822
333.214996
333.215118
332.572388
332.266632
332.031189
331.871307
331.899384
330.824463
330.807556
330.946472
330.672333
330.970367
330.469025
330.091644
330.527924
329.854614
330.143707
330.192078
329.901123
330.461761
330.345520
330.123779
329.899994
330.062988
330.346741
330.338379
330.594299
330.898895
330.856476
330.741913
331.069916
330.983246
331.125763
331.245361
331.734619
331.286133
332.078674
332.029175
332.529053
332.671356
332.927124
333.136749
333.213623
333.374390
333.523895
334.020477
333.857635
333.854980
334.653473
334.318542
335.162964
334.691559
334.900696
335.085541
334.791412
334.911499
334.926575
334.866394
334.951782
334.635101
334.636810
335.041504
334.426758
334.743744
334.555359
334.320740
333.751862
333.547760
333.824371
333.306488
333.315308
333.021912
332.939941
332.678894
332.204620
331.597412
331.683594
331.044891
330.991852
330.927490
330.740997
330.153809
329.666412
329.441193
329.408752
329.378510
329.281830
329.208740
328.977966
328.510895
328.592010
328.548523
328.312927
328.163635
328.811340
328.138306
328.227631
328.727600
328.697937
329.113434
329.351746
329.142548
329.504547
329.752045
329.883392
330.454803
330.737518
330.844116
331.251953
331.328125
331.964691
332.532471
332.756165
332.943054
333.799683
334.027832
334.338959
334.717041
334.885284
334.911102
335.302704
335.498322
335.784882
335.777313
335.763458
335.891479
335.649231
335.318054
335.011169
334.493561
334.067413
333.754669
333.011047
331.985962
330.806641
329.754120
328.623810
327.229492
325.647247
323.752930
322.038025
320.119629
318.052826
315.696625
313.303619
310.874542
307.419037
304.637115
301.695099
298.107269
294.927460
291.858734
287.877838
284.300720
280.245819
276.548218
272.297394
268.302521
264.120819
260.222809
255.767166
251.176132
247.089615
243.004379
239.217468
234.669281
230.469421
226.795166
222.674332
218.870850
215.098602
211.577255
208.212494
204.845901
202.084274
199.315292
196.844940
194.600723
192.414307
190.607635
189.065063
188.001785
187.001312
186.185822
185.781174
185.570847

