283.023895
172.204681
172.693100
173.288193
174.189316
175.290527
176.644608
178.255112
180.354752
181.991440
184.436264
187.029953
189.433426
192.228638
195.151520
198.379227
201.506485
205.024231
208.500687
211.616714
215.447372
219.355530
222.800247
226.570053
230.295380
234.521454
238.032501
241.445816
245.608261
248.834915
252.795349
256.132111
259.551025
262.748810
265.791473
269.111969
271.960541
274.790009
277.332672
280.148163
282.386139
285.056519
286.891907
288.871277
291.075928
292.902527
294.507538
295.490723
297.292938
298.071716
299.920715
300.598633
301.478668
302.394653
303.273285
303.314362
303.992004
304.688965
304.558655
304.857727
304.617767
304.933075
305.426666
304.758911
304.825592
304.958069
304.308014
304.358337
304.181854
303.950439
303.563599
303.539001
303.570435
303.074829
302.928192
302.334930
302.160309
302.184448
301.908997
301.738586
301.652130
301.577698
301.146423
300.862579
301.129608
301.069733
301.056519
300.996063
300.904541
300.833099
301.424286
301.481720
301.598267
301.320404
301.646515
302.076416
301.979279
302.525177
302.607208
302.934814
303.315186
303.521973
303.618042
304.475922
304.693359
304.836365
305.294159
306.003998
306.023193
306.345520
306.227295
307.087402
307.288727
307.257965
307.905487
308.186279
308.505096
308.834320
309.086029
308.901001
309.506439
309.636719
310.174744
309.870911
309.910828
310.169281
310.218506
310.362366
310.440033
310.555878
310.272064
310.206299
309.908539
310.153870
309.772705
309.983368
309.673096
309.651550
309.450623
309.337158
309.138184
308.420746
308.768707
308.378632
308.077362
307.960785
307.480164
307.273743
307.146545
306.580200
306.344971
306.428223
305.916382
305.767303
306.067139
305.563293
305.257812
305.093567
304.805634
305.008606
304.910736
304.879852
304.658295
304.587646
304.268036
304.419861
304.636383
304.422546
305.049835
304.847900
305.117065
305.252350
304.924683
305.344269
305.583313
306.122803
305.706024
305.919617
306.305054
307.028198
307.041016
307.239655
307.817169
307.954895
308.559570
308.503967
309.216705
309.245728
309.767273
309.981049
310.577850
310.499908
310.872894
311.205109
311.261505
311.665680
312.362305
312.389648
312.894745
312.983948
313.508881
313.921295
313.953613
314.547760
314.535156
314.675110
314.262665
314.631531
314.615967
314.699524
314.820831
314.670074
314.977386
315.068726
314.769287
315.080444
314.744110
314.655182
314.704834
314.648438
314.416534
314.342041
314.045471
313.706146
313.793030
313.547791
312.984161
312.673767
312.904694
312.614655
312.224060
311.941833
311.734528
311.377808
311.323761
311.067596
310.657074
310.503174
310.256012
309.968536
309.678711
309.638306
309.174103
309.541626
308.920074
309.167175
309.011169
308.715485
308.566437
308.345734
308.462311
308.903839
308.223572
308.394104
308.561371
309.169769
308.459106
308.690308
309.134766
309.040497
309.286133
309.458405
309.465515
309.870544
309.591949
310.144440
310.456848
310.577942
310.932312
311.309509
311.402466
311.570953
312.060272
312.455261
312.369232
312.911377
313.618652
313.454742
314.161743
313.569672
313.990601
314.586060
315.339752
315.603333
315.388275
315.942444
316.008392
316.319427
316.513153
316.636597
317.317902
317.072174
316.967255
317.674835
317.306763
317.186218
318.495453
317.732025
317.425079
317.793701
318.132385
317.669128
317.391998
317.810364
317.665955
317.369690
317.493164
317.150879
317.615387
317.463165
317.166565
316.556000
316.883087
316.979797
316.275360
316.278595
316.120880
316.037811
316.008301
315.508087
314.887848
315.452393
314.942719
314.729309
314.647491
314.548828
314.392212
314.458557
314.077332
313.611603
313.810272
313.630890
313.480042
313.451782
313.792236
313.599518
313.683014
313.988068
313.648285
313.802826
313.790588
313.578857
313.919586
313.948395
314.148560
313.694122
314.146454
314.603851
314.832092
314.972473
314.904480
315.485016
315.317444
315.540192
315.849365
316.202393
316.599884
316.904541
317.320404
317.392029
317.906097
318.090454
318.366974
318.371246
318.738068
319.263214
319.623199
320.119171
320.325531
320.888184
320.820557
320.800873
321.343872
321.748260
321.724640
321.967194
322.121490
322.227875
322.251038
322.416931
322.802216
322.908813
323.111664
323.035187
322.977051
323.123749
323.448792
323.324432
323.246033
323.264679
323.281586
323.095490
322.775696
323.196716
322.733917
322.717224
322.533539
322.035767
322.458649
322.186615
322.199463
321.780884
321.134216
321.160797
321.232239
320.495758
321.102448
320.877380
320.431000
320.195465
319.934357
320.429169
319.533966
319.166901
319.407257
319.243286
319.431793
319.016510
318.975006
318.805634
319.286316
318.603516
318.435913
318.848114
318.727356
318.666473
318.840576
319.124023
318.591400
319.138336
319.118896
319.119202
319.344971
319.590790
319.842529
319.359344
319.958405
320.202911
320.610291
320.463135
320.902191
321.298431
321.485168
321.613556
322.009094
322.093140
322.082947
322.836761
322.976105
323.712158
323.351532
324.002563
324.463715
324.566010
324.714233
325.232422
325.396362
325.405487
326.092194
326.125153
326.518524
326.440765
326.265930
326.641449
327.229309
327.489075
327.493591
327.503448
327.772125
327.610474
327.514893
327.452759
327.936462
328.156769
327.849792
327.818390
327.939362
327.481873
327.344604
327.375183
327.735626
327.412567
327.405884
327.121552
327.394867
327.139954
326.738617
326.343475
326.283661
326.547729
326.364929
326.217316
325.702271
325.356476
325.317200
325.587463
325.152252
325.714722
324.782623
325.072144
324.531769
325.109772
324.879059
324.301331
324.432983
324.462860
324.386383
324.320557
324.219421
324.952118
324.948364
324.384766
324.786194
324.590576
324.824768
324.937988
324.777954
325.604218
325.503784
325.733032
325.978760
325.965729
326.014038
327.034668
326.716034
327.369049
327.510986
327.825043
328.505524
328.656891
328.813934
329.024963
329.607574
330.138000
330.411530
330.811646
331.095123
331.654114
331.646820
332.144287
332.738892
333.016174
333.365662
333.753174
333.915405
333.939758
334.528473
334.712860
334.958405
335.256836
335.382843
336.053192
336.007904
336.180328
335.857056
336.690216
336.565979
336.707886
337.094940
336.815765
336.679382
336.919342
336.991669
337.011932
336.836243
336.855469
337.063507
336.551971
336.692810
336.527740
335.926056
336.283508
336.166870
335.897156
335.345978
335.419189
335.547333
334.887665
334.900024
335.122742
334.985779
334.838013
334.507202
334.156250
333.711578
333.613129
333.736969
333.288727
333.187073
333.281525
333.012268
333.178253
333.577667
332.738129
332.763123
333.243866
332.964874
332.936646
333.028961
333.000305
333.150024
332.827484
333.592499
333.453949
333.557373
333.864410
333.638672
333.889526
334.250916
334.645111
334.581146
335.654907
335.540100
335.717529
336.226654
336.544830
337.318329
337.229553
337.610291
338.003632
338.343597
338.879425
339.156708
339.634796
339.586182
340.326477
340.925171
341.599548
341.773438
342.224731
342.054047
342.571014
343.369751
343.381012
343.831085
343.957092
343.941467
344.803589
344.394714
344.791809
345.327911
345.446045
345.383667
345.990814
345.893036
345.595612
345.931335
345.790680
346.036194
346.105652
345.783051
345.682281
345.668091
345.292633
345.957642
345.819183
345.865082
345.083252
345.521393
344.981812
344.550354
344.484589
344.417572
343.720886
343.678101
343.703339
343.404663
343.202972
342.511108
342.584717
342.444061
342.090454
341.541748
341.288147
341.372955
340.929047
340.908600
340.562164
340.487335
340.140839
339.856934
339.794434
339.691681
339.320160
339.240936
339.340393
339.193237
339.424347
338.974487
339.462708
339.057892
339.391846
339.290558
339.522827
339.575439
339.978760
339.577179
339.750824
339.843842
340.595123
340.507172
340.340912
340.844849
341.179382
341.507019
341.638794
341.720581
342.348267
342.168243
342.754730
343.298828
343.339142
343.290833
343.881897
344.141388
344.171356
345.015717
345.231598
345.380066
345.998047
346.058563
346.231873
346.185547
346.380249
346.941437
346.974121
347.662354
347.070038
347.014069
347.482391
347.987640
347.987366
347.946411
348.311676
348.373291
348.257111
347.969025
347.951447
348.241516
348.200775
348.031158
347.678955
347.863953
347.679321
347.158508
347.523865
347.249603
347.109863
346.989838
346.810089
346.222229
346.080200
346.285736
345.861847
345.715942
345.195068
345.005341
345.089844
344.463501
344.716705
344.665192
343.871521
344.177338
343.808380
343.414215
343.127563
343.245972
343.477112
343.419464
342.808350
343.038879
342.765381
342.734924
342.685638
342.462555
342.618988
342.647430
342.607666
342.756805
342.496918
342.686920
342.877716
342.998138
342.988281
343.672089
342.859161
343.126190
343.829498
344.146637
344.494446
344.235077
344.193298
344.345062
344.513611
345.271820
345.165131
345.542358
345.592773
346.109192
345.906525
346.546997
346.431030
346.337738
347.051453
347.010193
347.879486
347.244751
347.582855
347.999542
348.358276
348.309784
347.950745
348.217407
348.521576
348.477814
348.427094
348.555450
348.889893
348.372650
348.524597
348.525055
348.482422
347.958679
347.993042
348.299042
347.877563
347.423737
347.563385
347.372772
347.165009
346.870911
346.980682
346.508118
346.290100
345.988708
345.915955
345.957367
345.384216
345.402618
344.787170
344.711945
344.563141
344.028992
343.929901
343.664124
343.510742
343.352844
343.223633
342.826416
342.206696
342.337219
342.273010
342.106964
342.417297
342.323944
342.317383
341.980652
341.933990
341.679016
342.022797
341.991272
341.979858
342.309052
342.705872
342.308411
342.855865
342.393127
342.697144
342.177307
342.788971
343.268494
343.486908
343.240997
343.958466
344.318420
344.469025
344.646637
344.567657
345.044952
345.468658
344.917389
345.620911
345.879486
346.203644
346.407532
346.584137
346.563232
346.617554
346.999268
347.414093
347.388702
346.920502
346.996307
347.647980
347.185791
347.262726
347.092621
347.344208
347.152161
347.630676
347.206329
347.531952
347.287933
347.259216
346.669495
346.962555
346.372650
346.427643
346.078217
345.682526
345.739288
345.058167
344.830109
344.883942
344.405273
344.045654
343.938324
343.563538
343.920959
343.682983
343.017944
342.570312
342.660858
342.378021
341.839783
341.935089
341.451477
341.739624
340.848816
341.525146
341.614044
341.375183
341.139557
341.952484
341.155731
341.393463
341.651428
341.591980
341.653473
341.799072
342.843201
342.140961
342.483734
342.542419
343.538086
343.826630
343.886566
344.448364
344.894623
345.288757
345.729706
346.212982
346.614990
347.091675
347.455566
347.535004
348.243103
348.330719
348.316315
348.780640
348.851074
348.825104
349.406403
349.420105
349.391815
349.252502
349.389099
348.512543
348.847992
347.711639
346.930420
346.862030
345.629272
344.594391
343.461029
342.269897
340.885681
339.776093
337.689606
336.030701
333.521698
331.130646
328.715607
326.324249
323.616211
320.671814
317.782013
314.381104
311.133484
307.069214
303.935577
299.977722
295.785919
292.296875
288.200287
283.959473
279.880859
275.509491
270.779938
266.321106
261.943420
257.827728
253.360123
248.879547
244.463974
240.401169
236.350861
231.972809
228.020416
224.446182
220.455612
216.963943
213.725296
210.816833
207.595444
204.963867
202.681290
200.574127
198.477631
197.108566
195.868988
194.736450
193.929199
193.423462
193.728378

279.405823
172.232864
172.718918
173.318954
174.217957
175.346558
176.681961
178.304092
180.418900
182.058594
184.506271
187.106812
189.518097
192.332138
195.282455
198.511673
201.667618
205.160965
208.666351
211.828751
215.644638
219.559280
223.085693
226.842621
230.615326
234.838593
238.360703
241.820999
245.987915
249.217346
253.211288
256.595734
260.036530
263.241547
266.312073
269.670349
272.517700
275.406006
277.969421
280.804108
283.090271
285.759979
287.604584
289.600342
291.862701
293.682922
295.344025
296.340912
298.180176
298.965820
300.865662
301.583588
302.415863
303.369965
304.272827
304.336517
305.041016
305.769379
305.668060
305.949799
305.725037
306.099396
306.618042
305.963776
306.043762
306.175934
305.539459
305.606140
305.441925
305.246368
304.852173
304.878693
304.890381
304.400330
304.284729
303.688599
303.489014
303.546936
303.241974
303.119080
303.022980
302.958374
302.515381
302.219910
302.476257
302.439484
302.433258
302.377838
302.280609
302.156494
302.786102
302.817993
302.940521
302.611542
302.935364
303.349976
303.274078
303.804901
303.852020
304.186523
304.570007
304.721771
304.825775
305.686035
305.866150
305.959442
306.432007
307.144897
307.111328
307.398499
307.235291
308.095032
308.257935
308.237701
308.854645
309.137421
309.395508
309.718658
309.902740
309.710754
310.274780
310.402252
310.916931
310.566406
310.573944
310.823242
310.857666
310.958649
311.021057
311.100189
310.795013
310.709503
310.357300
310.579651
310.157928
310.376160
310.009369
309.983246
309.744080
309.637115
309.399902
308.640564
308.974335
308.567719
308.236908
308.086639
307.563721
307.366180
307.197510
306.621033
306.353607
306.439667
305.903534
305.703156
306.003632
305.462372
305.169067
304.960022
304.660156
304.839355
304.747345
304.662354
304.479156
304.358246
304.041779
304.194550
304.390106
304.176117
304.760223
304.566376
304.838867
304.949890
304.614929
305.034027
305.278931
305.814911
305.372742
305.619202
305.990723
306.704712
306.738678
306.896149
307.488464
307.636566
308.242889
308.191345
308.898865
308.926392
309.433441
309.651520
310.288391
310.193665
310.574615
310.896851
310.983398
311.414948
312.107422
312.126038
312.641113
312.747742
313.255554
313.698669
313.737885
314.360443
314.326233
314.511047
314.111145
314.475342
314.492218
314.601166
314.746490
314.578613
314.895477
315.014801
314.719177
315.061859
314.748596
314.648926
314.702454
314.719269
314.471741
314.422943
314.144073
313.784546
313.931549
313.682098
313.146027
312.844421
313.075256
312.842163
312.444092
312.208557
311.997528
311.671417
311.620941
311.371582
310.993744
310.847595
310.615204
310.335327
310.124786
310.093536
309.624176
310.002991
309.399017
309.637268
309.517853
309.240234
309.115570
308.904785
309.065125
309.525482
308.863495
309.007294
309.203613
309.848022
309.175415
309.417053
309.852051
309.822571
310.052643
310.246643
310.283386
310.712860
310.440338
310.997467
311.324768
311.465729
311.873108
312.238464
312.407532
312.569244
313.044647
313.445435
313.382477
314.000824
314.652405
314.580139
315.287262
314.739532
315.136719
315.725494
316.557922
316.820953
316.611328
317.194244
317.256592
317.603333
317.828918
317.919403
318.649200
318.395355
318.306915
319.014801
318.689575
318.592255
319.934448
319.184479
318.866089
319.274658
319.617523
319.157410
318.922485
319.340546
319.211609
318.942169
319.089325
318.723389
319.272919
319.073822
318.814758
318.196045
318.514984
318.643555
317.974945
317.980988
317.866791
317.730682
317.735931
317.241089
316.649780
317.221802
316.664001
316.469421
316.403137
316.337097
316.142822
316.277374
315.856567
315.415222
315.608612
315.414795
315.301483
315.252502
315.644012
315.430298
315.520599
315.815796
315.443359
315.605255
315.554047
315.379028
315.707672
315.722717
316.013428
315.493286
315.919189
316.369171
316.620087
316.702576
316.714935
317.230957
317.092896
317.369446
317.531128
317.898682
318.321228
318.607544
318.953857
319.087128
319.543030
319.757263
320.008087
320.024231
320.354614
320.851501
321.262177
321.673187
321.861969
322.414734
322.263397
322.268951
322.792877
323.207733
323.119110
323.329254
323.460602
323.583099
323.607544
323.679810
324.083069
324.142578
324.330170
324.186005
324.121399
324.287933
324.573944
324.459961
324.336975
324.296204
324.316467
324.147369
323.761292
324.123322
323.629028
323.613373
323.439819
322.855011
323.275879
322.952026
322.989838
322.442230
321.849701
321.864075
321.893188
321.110046
321.697235
321.460510
320.994659
320.722015
320.398254
320.949463
319.951691
319.605774
319.807953
319.652985
319.790131
319.370300
319.292847
319.081512
319.565857
318.861359
318.651062
319.077606
318.920197
318.807037
318.980530
319.265778
318.729034
319.266968
319.178619
319.178314
319.388123
319.630371
319.869537
319.378510
319.908203
320.182617
320.616455
320.416290
320.837524
321.202637
321.385559
321.556000
321.908447
321.972229
321.985535
322.709473
322.827637
323.580811
323.215485
323.862976
324.332581
324.411774
324.553040
325.102386
325.235321
325.212067
325.932526
325.962921
326.342072
326.263367
326.072327
326.469177
327.051788
327.309601
327.315216
327.324585
327.625580
327.471039
327.348328
327.266998
327.774963
328.021484
327.721466
327.683350
327.812103
327.373138
327.241364
327.238220
327.637756
327.295563
327.291718
327.034515
327.292419
327.047089
326.622467
326.245453
326.206177
326.451508
326.303497
326.149994
325.650940
325.290070
325.244934
325.527069
325.111328
325.677032
324.742249
325.048401
324.519196
325.099609
324.877136
324.313599
324.420532
324.458008
324.374420
324.362762
324.228546
324.935883
324.959015
324.373688
324.803406
324.590637
324.846069
324.972076
324.802765
325.629517
325.496033
325.765961
326.005371
325.989716
326.036621
327.069305
326.725433
327.367432
327.525116
327.834076
328.498108
328.675690
328.822449
329.012573
329.611877
330.138733
330.409149
330.814240
331.077362
331.638763
331.602295
332.117462
332.709412
332.982849
333.343292
333.700867
333.880890
333.881561
334.467834
334.644867
334.904114
335.168121
335.302063
335.963226
335.880554
336.086670
335.732605
336.565430
336.411224
336.591156
336.958466
336.644531
336.506775
336.754181
336.836731
336.856140
336.674622
336.659729
336.842651
336.321472
336.498749
336.322571
335.685638
336.066010
335.931488
335.664001
335.086700
335.169983
335.279938
334.606873
334.611786
334.840790
334.713867
334.544830
334.183167
333.863068
333.399506
333.276520
333.416962
332.985901
332.843536
332.951599
332.653198
332.846680
333.211060
332.393890
332.394714
332.863525
332.606842
332.566925
332.654022
332.636078
332.770874
332.462616
333.215332
333.077057
333.178375
333.478790
333.276276
333.531403
333.901276
334.273621
334.219421
335.285980
335.187500
335.355255
335.841675
336.158966
336.944611
336.880310
337.224976
337.628906
337.984894
338.544220
338.808258
339.274841
339.246246
339.982208
340.571930
341.280151
341.415527
341.906128
341.730774
342.253815
343.063782
343.095764
343.543152
343.679321
343.674225
344.482147
344.126526
344.520325
345.063385
345.172211
345.134369
345.723419
345.652161
345.346130
345.687103
345.568024
345.797119
345.932678
345.564911
345.482391
345.485535
345.104980
345.797668
345.651703
345.682983
344.937378
345.349091
344.809906
344.402618
344.356293
344.258911
343.575775
343.551086
343.559326
343.293579
343.094452
342.426300
342.473877
342.372498
342.048584
341.445862
341.227905
341.295776
340.886017
340.859985
340.499817
340.450623
340.122864
339.834229
339.814240
339.677643
339.303650
339.207367
339.340668
339.163483
339.476379
338.987305
339.459381
339.064636
339.422272
339.280579
339.578796
339.619507
340.041473
339.642975
339.809906
339.864655
340.628571
340.540100
340.447174
340.917908
341.233337
341.574493
341.715057
341.825287
342.446350
342.257538
342.844940
343.394257
343.388062
343.411713
343.986755
344.248108
344.266174
345.127075
345.351715
345.502838
346.102081
346.159485
346.361481
346.303253
346.493439
347.062561
347.070923
347.789978
347.197815
347.107361
347.628876
348.087189
348.108307
348.066193
348.454010
348.491425
348.424713
348.122681
348.073517
348.396698
348.329834
348.181702
347.827087
348.017517
347.831940
347.289764
347.684845
347.393433
347.215271
347.151428
346.946259
346.370239
346.203705
346.391968
346.003265
345.850037
345.359985
345.161194
345.237000
344.621826
344.878326
344.797455
344.056793
344.317352
343.958130
343.553070
343.244232
343.421204
343.630615
343.619476
342.935028
343.192352
342.926208
342.894745
342.805908
342.627533
342.768677
342.766144
342.743195
342.921143
342.592499
342.819305
343.031647
343.141663
343.126343
343.798950
342.971100
343.270386
343.937225
344.260590
344.636108
344.368652
344.367157
344.499908
344.656799
345.418488
345.294495
345.675323
345.728912
346.259827
346.052307
346.692108
346.582977
346.470428
347.192963
347.141785
348.025970
347.374054
347.673828
348.137665
348.478821
348.436768
348.067474
348.326019
348.640045
348.627594
348.557861
348.665894
349.015991
348.522491
348.662659
348.657318
348.619629
348.084473
348.104492
348.426208
348.004089
347.591034
347.689270
347.522491
347.304810
346.986542
347.096832
346.644440
346.453003
346.114227
346.039062
346.072021
345.526093
345.546265
344.894470
344.856567
344.752686
344.214172
344.079376
343.828339
343.679718
343.488922
343.365143
342.980896
342.362976
342.445801
342.451324
342.296570
342.576294
342.465302
342.517700
342.140717
342.126984
341.855927
342.190216
342.140808
342.132538
342.470215
342.865784
342.475922
343.046295
342.536896
342.875641
342.383820
342.964478
343.475891
343.680908
343.415649
344.117859
344.481842
344.654785
344.838165
344.728302
345.246277
345.621552
345.089752
345.803375
346.055023
346.371613
346.593933
346.771698
346.765961
346.781738
347.198761
347.580811
347.564545
347.105499
347.190613
347.806702
347.367188
347.466431
347.265289
347.527130
347.339569
347.818420
347.375336
347.700043
347.469940
347.435272
346.853577
347.119629
346.571411
346.600433
346.251282
345.862213
345.937592
345.237213
345.027710
345.080750
344.566254
344.184570
344.099915
343.749390
344.090393
343.836578
343.180634
342.751434
342.798279
342.538025
341.989166
342.078278
341.597626
341.891968
340.970428
341.655823
341.753662
341.506348
341.274109
342.060547
341.259888
341.503326
341.775452
341.679443
341.725647
341.940552
342.942780
342.256287
342.581085
342.646973
343.680725
343.939392
343.979156
344.547577
344.968903
345.373535
345.799805
346.281006
346.657227
347.181366
347.504395
347.599152
348.280243
348.400543
348.359192
348.830688
348.911377
348.847626
349.427612
349.462097
349.415955
349.275330
349.409637
348.562408
348.869720
347.742432
346.958099
346.891144
345.633911
344.601074
343.422852
342.262817
340.871429
339.760712
337.691437
336.020630
333.516754
331.138855
328.689728
326.278381
323.585175
320.617798
317.748047
314.356964
311.108185
307.030151
303.905029
299.934662
295.741699
292.266693
288.169098
283.915527
279.837891
275.461700
270.726410
266.262970
261.899200
257.784302
253.291550
248.845703
244.394150
240.337738
236.268646
231.911362
227.963257
224.376389
220.405365
216.900421
213.649979
210.760178
207.513138
204.891663
202.618073
200.504822
198.401505
197.035828
195.807693
194.652130
193.859558
193.349518
193.651779

226.123779
184.047592
184.588715
185.333511
186.265045
187.433853
188.845490
190.755280
193.024582
194.884369
197.204269
199.803375
202.892517
205.452332
208.719391
211.983994
215.702499
219.099396
223.138824
226.827316
230.542313
234.718201
238.473694
242.527756
246.767746
250.907242
254.906342
258.555511
262.678009
266.643341
270.290436
273.824799
277.725891
281.355164
284.735992
287.980255
291.039612
294.049713
296.628967
299.431000
302.148651
304.580475
307.032623
309.314575
311.191345
313.199585
314.621338
315.808746
317.751007
318.955933
320.084778
320.551819
321.869720
322.433624
323.508881
324.049622
324.503937
324.804504
324.808502
325.125946
325.379913
325.322998
324.862091
324.974640
324.883881
324.704559
324.400970
324.180603
323.754089
323.780396
323.286621
322.960175
322.697449
322.438293
321.937775
321.926636
321.290253
321.552155
320.532196
320.492218
320.133820
319.763519
319.739319
319.815338
319.541321
319.203064
319.114319
319.303497
319.250793
319.161743
319.307068
319.164520
319.050415
319.258057
319.138885
319.487793
319.869965
320.355530
320.496338
320.494812
320.964752
321.450562
321.517700
321.884491
322.460999
322.584229
323.065155
323.302368
323.128357
323.607941
323.812195
324.367706
324.369019
324.580566
325.231995
325.646515
325.687836
325.923523
325.665588
326.112000
326.107147
326.510010
326.568573
326.427399
326.610535
326.633026
327.223572
326.585114
326.563812
326.966888
326.730835
326.538666
326.277161
326.036804
325.989014
325.622162
325.848419
325.074341
325.275208
325.068451
324.820435
324.203888
323.902069
323.722137
322.993774
323.472992
323.008209
322.244843
321.886322
321.730225
321.506836
321.165222
320.739990
320.722687
320.416626
320.038147
319.878601
319.897919
319.519562
319.331482
319.106262
318.955475
318.923920
318.978058
318.653992
318.465607
318.557770
318.587982
317.955200
318.156525
318.580261
318.639252
318.730560
319.177917
318.741669
319.757172
319.198608
319.483856
319.884827
319.979645
320.671051
321.150940
320.980377
321.098450
321.700562
322.063019
322.419922
322.344177
322.683289
323.169739
323.586853
323.913757
324.036133
324.464966
324.591217
324.995728
325.012604
325.137756
326.003723
325.982422
326.207336
326.304657
326.773438
327.167206
326.608887
327.052094
327.453156
327.192108
327.321747
327.073334
327.383118
327.350800
327.838898
327.078186
326.861450
327.265289
326.985443
326.458679
326.821930
326.211121
326.079468
325.741486
325.853668
325.010315
324.618683
325.309021
324.960663
324.453766
324.239166
323.408508
323.295013
323.259155
323.195221
322.272308
322.526520
322.286285
321.981079
320.967285
321.587189
320.860748
320.528595
320.445038
319.920013
319.633270
319.942413
319.298981
319.455078
319.257202
319.434021
318.805359
318.676819
319.070648
318.795074
318.535553
318.511749
318.497589
318.696472
318.659882
318.523468
318.687500
318.499176
318.919952
319.380432
319.573547
319.366943
319.871735
320.216217
320.385986
320.167053
321.557068
320.896637
320.822601
321.303589
321.630737
322.119385
322.285767
322.700867
322.858551
322.973511
323.451416
323.489868
323.970123
324.675995
324.917633
324.703827
324.860138
324.954163
325.643860
325.377380
325.503754
325.407104
326.180206
326.044708
326.160675
326.178619
325.893341
326.089783
326.411835
326.018402
326.712646
326.446136
326.048737
326.120392
326.408325
326.321198
325.875458
325.975647
325.882812
325.290802
325.458313
325.162018
324.769989
324.177551
324.573944
325.035522
324.346863
324.137115
323.855804
323.489075
323.327301
323.022980
322.881317
322.461151
322.202789
322.230896
322.034119
321.865509
321.386108
321.331299
321.335724
320.882812
320.765442
321.075653
320.765259
320.459412
320.567596
320.247498
320.340057
320.985382
320.420715
320.615814
320.798401
320.613403
320.700928
320.751740
321.040436
320.890717
321.162018
321.241302
321.206512
321.743744
321.827209
321.936249
322.418152
322.636963
322.890228
323.245087
323.352386
323.608002
323.990936
324.306671
324.660248
324.986237
325.317902
324.709290
325.275696
325.846680
326.559540
326.546600
326.646942
326.664825
326.913818
327.369354
327.489227
327.741669
327.910706
327.992004
328.093597
328.226837
328.213684
328.942993
328.815979
329.381622
328.862427
328.897125
329.197083
329.146057
329.049408
328.361206
328.805664
328.673950
328.327881
328.337158
328.721985
328.239227
328.354523
327.868896
327.461121
327.292786
327.139343
327.336578
326.954926
326.897919
326.652618
326.559570
326.710785
326.271912
325.925323
325.435425
325.405823
325.397156
324.807983
324.971222
324.496033
324.342712
324.597565
324.114075
324.190277
324.133575
324.116486
323.840332
323.694305
323.821442
323.604797
323.207245
323.933350
323.437439
323.740234
323.683105
323.914764
323.480194
323.787048
323.981018
324.308655
323.814026
324.420654
324.806549
324.830200
324.887329
325.278595
325.227386
325.859222
325.962799
326.408569
325.949219
326.567719
326.813110
327.286987
327.075256
327.561066
327.987213
328.102661
328.209686
328.735138
329.378906
329.728455
329.549194
329.968048
329.505890
330.153870
330.533234
330.946106
330.379395
330.900726
330.756165
330.970428
331.093933
331.015289
331.431458
331.602844
331.481934
331.978729
331.995819
331.616669
331.642609
331.934784
331.106354
331.636139
331.427887
330.880341
331.002167
331.102356
331.211761
330.785339
330.659943
330.348724
329.928802
329.878632
329.555573
329.658752
329.743835
329.091125
329.219055
329.177185
328.314117
328.420868
328.425079
328.221527
328.061432
327.642639
327.877563
327.585999
327.765106
327.623474
327.447937
327.351593
327.646362
327.372314
327.237976
327.134979
327.183990
327.012573
328.078461
327.591827
327.169464
327.636719
327.638275
327.320007
327.762756
327.891602
328.170410
328.199432
328.584900
329.091034
329.148102
329.108734
329.754150
330.340698
330.662781
330.827576
330.813202
330.848846
331.539215
332.019836
332.485321
332.769165
332.440186
333.160156
333.289185
333.743958
334.674988
334.501007
334.663422
334.919830
335.296021
335.479523
335.834991
336.201385
336.314423
336.387909
336.734131
336.482605
337.015106
337.372040
337.308075
337.506348
337.628296
337.066040
337.797699
337.075745
337.677399
337.106476
337.352844
337.021057
336.950439
336.879089
336.944580
336.907715
336.742493
336.740967
336.312500
336.195526
336.210114
336.006927
335.563507
335.573181
335.489746
335.263123
334.298065
334.550018
334.369354
334.266693
333.411560
333.597321
333.623352
333.300354
332.485870
332.599396
332.353821
332.327057
331.848907
332.066345
332.106842
331.965637
331.659424
331.817047
332.136108
331.576294
331.941620
331.672913
331.971588
331.916870
332.034943
332.004730
332.069275
332.398224
332.075195
332.572357
332.613251
333.271118
333.053802
333.027893
333.455414
333.877930
333.562561
334.128418
334.595917
334.988556
335.024567
335.231232
335.684723
336.294586
336.636261
336.972687
337.339203
337.305878
338.095978
338.342896
338.579315
339.143036
339.140656
340.000671
340.237427
340.234406
339.935394
340.777527
340.946411
341.231171
341.207642
341.391113
341.386414
341.280579
341.593903
342.014404
342.129333
342.035065
342.035034
342.119995
341.997894
341.884949
342.043640
341.508606
341.837555
341.706512
341.631012
341.266510
340.908813
340.731934
340.248199
339.955627
340.321075
339.771088
339.183807
338.943817
338.700897
338.642365
337.763245
337.990173
337.880341
337.494995
337.234589
336.486359
336.487915
336.032532
336.261230
335.924408
335.762604
335.010925
334.998596
334.565582
334.448303
334.231110
333.691956
333.672546
333.581940
333.403809
333.456848
332.922729
333.093750
332.938568
333.100281
332.713043
333.125244
333.072266
333.451630
333.460175
333.480743
332.658508
333.338318
333.426361
333.504852
333.583008
334.109436
334.484467
334.099365
334.443542
335.009888
334.797028
335.504272
335.402466
335.511810
335.969391
335.936523
336.531250
336.413147
336.289612
336.637939
337.146423
337.539307
337.744904
338.212830
338.498077
338.518066
338.475800
338.366974
338.723724
339.261261
339.209259
339.191956
339.363281
339.113281
339.433258
339.581726
339.097809
339.630066
339.120422
339.203461
339.132172
339.034180
338.900452
338.687378
338.935760
338.962555
338.252228
338.188385
338.202911
338.105896
337.646759
337.161224
337.086578
336.801025
337.275818
336.764832
336.787994
335.695312
335.780212
335.252869
335.171906
334.573242
334.701202
334.259491
334.318787
334.251892
333.431030
333.891357
333.303619
332.789215
333.105835
333.195862
332.834961
332.861359
332.478210
331.934113
332.319611
331.895477
331.987701
331.994415
332.161987
332.196533
332.341309
332.104126
332.229523
332.496368
332.313568
332.541016
332.869751
332.685272
332.672638
332.967773
332.899353
333.138367
333.418579
333.544067
333.558777
334.017670
334.057617
334.776917
334.571533
334.484406
334.773407
335.090790
335.282501
335.130127
335.792297
336.214172
336.131439
335.773621
335.992065
336.138336
336.351685
336.369598
336.280426
336.961517
336.548828
336.621857
336.733307
336.788666
336.067230
336.429077
336.660370
336.610840
336.562988
336.398163
336.268372
336.197968
335.927917
335.067444
335.268494
335.581879
335.142822
334.978760
334.598907
334.552795
334.062134
333.533508
333.927277
333.506073
333.127380
332.794800
332.667419
331.936127
332.417114
331.975983
331.632751
331.060974
331.318115
330.886688
330.587769
331.054077
330.572144
330.512085
330.711823
329.802185
330.002014
330.132568
329.984406
329.755341
329.362854
330.069641
329.987488
329.649719
329.461273
329.218475
329.534332
329.707031
330.094727
329.927765
330.216278
330.025726
330.631104
330.757874
330.769806
330.828644
331.018707
331.168457
331.316132
332.004089
332.014740
331.874390
332.632538
332.857391
332.507355
333.088257
332.959534
333.644501
333.286407
334.005524
333.749939
333.954865
334.163635
334.189301
334.383942
334.328400
334.521118
334.302307
334.302582
334.198547
334.065613
334.017944
334.298767
334.361847
333.941101
334.056427
333.359009
333.455841
333.657440
332.891144
332.939667
332.548096
332.386963
332.136139
331.899475
331.880402
331.699036
331.024841
330.994110
330.744446
330.079132
329.979462
330.001465
329.759155
328.979919
328.841461
328.791809
328.767883
327.941254
328.638519
328.230133
328.002930
327.971100
328.020538
328.187134
328.013092
327.612152
327.473145
327.798584
327.893738
328.018951
328.339935
328.526733
328.710693
328.685333
329.329407
328.739838
329.424347
330.019562
330.426270
330.612335
331.012085
331.253113
332.006104
332.236450
332.592194
333.062958
333.326782
333.340912
333.795929
334.213867
334.783691
334.824799
335.418060
334.999329
334.958923
334.936279
335.197845
334.817993
334.681458
334.764069
334.157623
333.504120
333.007599
332.110474
331.399567
330.579773
329.379120
328.348358
326.720551
325.320190
323.374695
321.863281
319.595184
317.392059
315.140350
312.587128
310.020386
307.320038
304.252594
301.550781
298.113525
294.755402
291.398041
287.505737
283.712555
280.112885
276.152771
271.673553
268.225525
263.836700
259.671661
255.490356
251.255707
246.974396
242.881760
238.760925
234.541687
230.427078
226.580139
222.486755
218.614624
214.802063
211.430511
208.301376
204.823151
202.047318
199.402252
196.934525
194.622513
192.534714
190.762924
188.970535
187.744766
186.906494
185.959427
185.760925
185.744522

226.314590
184.018280
184.563950
185.299301
186.234711
187.408203
188.840164
190.737808
193.013824
194.879318
197.183792
199.808762
202.873718
205.451965
208.746613
212.007751
215.739029
219.141663
223.178772
226.874146
230.609146
234.768234
238.552307
242.594345
246.864044
251.017105
255.006287
258.655670
262.797089
266.757202
270.424957
273.969147
277.884399
281.512848
284.913513
288.161987
291.227997
294.271912
296.840515
299.662933
302.371002
304.830322
307.288391
309.578461
311.493805
313.489960
314.917847
316.097687
318.081635
319.266541
320.436859
320.889526
322.230225
322.822327
323.898224
324.403473
324.872192
325.190063
325.211182
325.554382
325.813843
325.732544
325.239594
325.418243
325.325745
325.158905
324.858521
324.635529
324.205872
324.233032
323.735382
323.422821
323.138550
322.909607
322.390930
322.412109
321.784912
322.041687
321.045380
320.976288
320.614594
320.221405
320.231537
320.300995
320.048187
319.681366
319.582275
319.764008
319.756653
319.657013
319.765991
319.665558
319.573334
319.725342
319.647888
319.991486
320.362518
320.848816
320.966431
320.965179
321.417633
321.910156
321.986450
322.307953
322.886597
323.053589
323.515747
323.739349
323.564941
324.034546
324.243866
324.802216
324.769318
324.995880
325.626617
326.050110
326.091278
326.304962
326.088470
326.525360
326.486938
326.876129
326.965973
326.825562
327.003632
327.002716
327.544281
326.950378
326.943512
327.336670
327.103668
326.897552
326.658752
326.393585
326.343628
325.990265
326.212769
325.451141
325.641876
325.386749
325.158539
324.571686
324.272278
324.075470
323.353149
323.858398
323.384491
322.631256
322.254944
322.099335
321.871429
321.542145
321.133362
321.095978
320.822968
320.459290
320.292480
320.319427
319.948425
319.747925
319.527588
319.391266
319.370514
319.424377
319.107117
318.921936
319.037262
319.082123
318.430847
318.649017
319.083923
319.140167
319.260559
319.714203
319.265228
320.313141
319.749115
320.030762
320.443024
320.539215
321.240784
321.728149
321.570435
321.707947
322.332581
322.669922
323.045380
322.955353
323.309570
323.811676
324.233032
324.569550
324.669708
325.114807
325.243256
325.620361
325.698975
325.826508
326.680359
326.669159
326.875977
326.971619
327.460449
327.876740
327.284607
327.721100
328.147949
327.876740
328.004089
327.759308
328.077148
328.047729
328.552277
327.744934
327.535522
327.931458
327.643616
327.118408
327.499146
326.856598
326.768280
326.432312
326.498260
325.624054
325.254120
325.966949
325.597992
325.055328
324.851929
324.004242
323.904541
323.836121
323.772064
322.853027
323.111603
322.870087
322.522156
321.495544
322.138855
321.379456
321.052490
320.948029
320.429474
320.111267
320.434052
319.774323
319.930817
319.716248
319.879608
319.230713
319.099274
319.472626
319.190491
318.910736
318.909943
318.888092
318.903656
319.002502
318.863434
319.026001
318.802277
319.215576
319.674286
319.872772
319.623077
320.126343
320.478516
320.665497
320.404572
321.806427
321.137756
321.044861
321.537292
321.818939
322.329773
322.484039
322.885864
323.068878
323.161377
323.644623
323.652313
324.139557
324.855865
325.067352
324.860077
325.020264
325.087036
325.812073
325.517334
325.649597
325.542114
326.301453
326.182007
326.300446
326.289795
326.007874
326.211487
326.534790
326.144714
326.844727
326.572906
326.182495
326.236084
326.538879
326.479309
326.010406
326.094025
326.012421
325.449493
325.590698
325.323975
324.930847
324.335205
324.715271
325.191986
324.528473
324.311920
324.022095
323.647156
323.492554
323.182281
323.094269
322.662720
322.379547
322.406494
322.255798
322.050903
321.584045
321.536255
321.527832
321.077026
320.966095
321.287506
320.949432
320.669159
320.780823
320.466980
320.555511
321.190460
320.632599
320.826080
321.004578
320.836700
320.912476
320.960144
321.250000
321.090698
321.395294
321.432312
321.430939
321.953217
322.021973
322.123749
322.610901
322.838989
323.070374
323.434967
323.523865
323.764893
324.148560
324.461761
324.820374
325.122650
325.428711
324.817413
325.373444
325.964264
326.665314
326.622162
326.724304
326.731873
326.969299
327.432312
327.528534
327.771484
327.938110
328.003296
328.084412
328.212372
328.167023
328.873566
328.765839
329.323730
328.770477
328.817291
329.105408
329.019043
328.920349
328.209930
328.660645
328.502228
328.150726
328.148468
328.499756
328.018860
328.130798
327.603851
327.216858
327.018921
326.860870
327.031342
326.628448
326.560333
326.303650
326.203583
326.351105
325.908569
325.535278
325.041016
324.997101
324.974213
324.392395
324.534332
324.061127
323.906036
324.148773
323.634247
323.704987
323.650421
323.627197
323.330750
323.194580
323.297546
323.068115
322.679352
323.414398
322.865051
323.193604
323.126709
323.384064
322.944733
323.233612
323.443817
323.750641
323.264984
323.880829
324.251556
324.311279
324.358185
324.739075
324.684570
325.276001
325.416321
325.858093
325.412262
326.018158
326.296295
326.740784
326.559784
327.048309
327.478363
327.608368
327.708008
328.230072
328.905334
329.285278
329.067169
329.509613
329.079468
329.722778
330.103455
330.503510
329.931549
330.484924
330.364502
330.571136
330.734985
330.652527
331.070801
331.250305
331.181458
331.663635
331.679016
331.321808
331.369812
331.600983
330.855469
331.367889
331.199463
330.672241
330.773529
330.866913
331.033051
330.590851
330.464355
330.216614
329.762634
329.720581
329.419708
329.508942
329.586761
328.997040
329.116608
329.111694
328.282990
328.344025
328.341278
328.144501
327.987732
327.610992
327.803711
327.545135
327.730347
327.587341
327.451416
327.344940
327.673584
327.369720
327.246094
327.123596
327.183868
326.965057
327.279175
327.632965
327.162231
327.682404
327.645691
327.339478
327.728333
327.951202
328.186829
328.194305
328.600555
329.081726
329.185120
329.100830
329.771851
330.364746
330.648560
330.833191
330.788879
330.810699
331.478119
332.041351
332.453766
332.708221
332.387177
333.109711
333.238739
333.695343
334.609131
334.436310
334.570709
334.823914
335.167908
335.365326
335.724792
336.077209
336.154419
336.207611
336.565552
336.271118
336.832367
337.158844
337.096161
337.291443
337.397949
336.814850
337.521179
336.807983
337.364075
336.816742
337.052673
336.692139
336.593384
336.514130
336.598145
336.538757
336.385559
336.331818
335.937622
335.803619
335.850067
335.580933
335.121704
335.145508
335.036072
334.785583
333.815033
334.057281
333.869110
333.731384
332.915527
333.089355
333.080322
332.742523
331.920166
332.032379
331.786713
331.726166
331.260590
331.458130
331.489624
331.354218
331.005432
331.204376
331.469360
330.896515
331.298309
331.031525
331.316223
331.253876
331.342010
331.313049
331.396118
331.697845
331.382599
331.881104
331.890137
332.568939
332.338470
332.303619
332.732239
333.160248
332.831512
333.358002
333.853394
334.243073
334.260925
334.462463
334.940125
335.544250
335.885834
336.208313
336.555878
336.548706
337.317902
337.602936
337.806458
338.372528
338.364868
339.234680
339.470917
339.481689
339.176697
340.024231
340.182251
340.443298
340.444244
340.627045
340.617035
340.501648
340.806519
341.233856
341.354645
341.296997
341.267853
341.390411
341.279297
341.159607
341.301453
340.772949
341.104645
340.982758
340.915833
340.530609
340.190918
340.062195
339.556122
339.248657
339.612946
339.107178
338.537567
338.276855
338.046295
337.986664
337.099335
337.311432
337.226624
336.824158
336.604279
335.854431
335.869171
335.429993
335.643585
335.306519
335.171265
334.437195
334.432404
334.019775
333.903870
333.682922
333.159180
333.151093
333.021057
332.871674
332.925842
332.436646
332.619720
332.423370
332.626221
332.246460
332.610779
332.614563
332.999146
333.049530
333.043335
332.253510
332.959686
333.042633
333.152863
333.212402
333.738922
334.152740
333.788696
334.109222
334.685120
334.505676
335.208710
335.090363
335.219269
335.696808
335.639191
336.269379
336.199127
336.092712
336.441528
336.967468
337.372711
337.587677
338.042145
338.342163
338.402344
338.362946
338.280182
338.653320
339.170502
339.152252
339.127045
339.297241
339.103088
339.381287
339.571472
339.085785
339.656342
339.083588
339.261383
339.226288
339.150085
338.963531
338.764618
339.031036
339.124695
338.363312
338.321259
338.343262
338.265106
337.814392
337.345367
337.262024
336.959961
337.489075
336.979645
337.016754
335.924469
336.005646
335.471985
335.440582
334.817902
334.989349
334.537567
334.585571
334.539429
333.722321
334.211914
333.629486
333.126831
333.462433
333.273987
333.188141
333.243256
332.867615
332.299774
332.696930
332.289551
332.371460
332.386719
332.593262
332.582184
332.728271
332.517059
332.643433
332.886993
332.722321
332.940887
333.262115
333.107147
333.103882
333.409637
333.345520
333.586365
333.861969
333.995728
334.007599
334.459259
334.492249
335.212250
334.994629
334.944153
335.208679
335.519745
335.711609
335.542542
336.232635
336.646606
336.543976
336.231293
336.447937
336.570221
336.797150
336.785553
336.706055
337.397614
336.984589
337.057861
337.139130
337.203308
336.477356
336.857880
337.077271
337.005188
336.960632
336.811523
336.682831
336.591705
336.339874
335.459045
335.642120
335.985962
335.532501
335.326935
334.978149
334.920837
334.413391
333.918945
334.293732
333.864838
333.483521
333.129639
333.014191
332.266632
332.769501
332.297211
331.965973
331.364777
331.642944
331.221649
330.916138
331.354126
330.872986
330.797272
331.028961
330.089478
330.292816
330.407562
330.239532
330.055176
329.648010
330.314941
330.260803
329.903870
329.710632
329.480682
329.773102
329.944977
330.317291
330.185150
330.468384
330.259369
330.873566
330.985931
330.994934
331.075165
331.248199
331.385132
331.511993
332.228638
332.221252
332.081848
332.832397
333.058624
332.729706
333.273163
333.170654
333.836884
333.483154
334.242126
333.952209
334.201691
334.354919
334.382385
334.582489
334.523529
334.711426
334.493439
334.483795
334.427429
334.241302
334.180664
334.486023
334.575256
334.147308
334.232574
333.525299
333.641602
333.822021
333.080170
333.124695
332.721680
332.535858
332.331390
332.117767
332.063080
331.885468
331.197876
331.161011
330.935822
330.244293
330.133301
330.161194
329.906372
329.136383
329.020569
328.953278
328.895569
328.116211
328.800171
328.366089
328.176544
328.129120
328.162415
328.346008
328.168091
327.751740
327.622375
327.952728
328.031799
328.153198
328.471558
328.658966
328.847900
328.820526
329.450226
328.860077
329.575592
330.149719
330.516083
330.726074
331.164581
331.413391
332.136841
332.351074
332.722382
333.184265
333.418671
333.469360
333.897552
334.324188
334.860565
334.911774
335.531250
335.113251
335.059296
335.035889
335.293854
334.921173
334.796600
334.853821
334.236298
333.558807
333.066650
332.208130
331.489441
330.669983
329.446686
328.433563
326.805054
325.395844
323.475342
321.943207
319.661407
317.480103
315.206604
312.639648
310.061462
307.380798
304.307770
301.612427
298.165436
294.815887
291.449097
287.548767
283.755829
280.164948
276.188965
271.726593
268.280212
263.893402
259.705597
255.504761
251.287140
247.020050
242.912064
238.808060
234.582809
230.468140
226.617386
222.515991
218.636536
214.819199
211.468781
208.339798
204.849686
202.059723
199.439224
196.970154
194.644913
192.571320
190.797699
188.989136
187.782257
186.914246
185.964554
185.793961
185.747299

