292.361359
173.128021
173.433273
174.131149
174.833679
175.999069
177.359421
179.029816
180.810165
183.208893
185.097015
187.686188
190.427750
193.082779
196.313416
199.005981
202.472229
206.311783
209.523026
213.091217
216.839188
220.133881
224.153870
227.782791
231.536667
235.725113
239.453659
243.097412
246.825256
250.436920
254.045914
257.457123
261.156128
264.301239
267.574371
270.960999
273.697113
276.839691
279.220337
281.943726
284.424347
286.967224
288.938477
290.766541
293.026550
294.666931
296.327942
297.918945
299.443726
300.791321
301.735016
302.371063
303.693268
304.685394
305.590576
305.554260
305.944611
306.490906
306.704529
307.285187
306.790466
307.064117
307.373901
307.174988
307.133789
307.410492
307.459717
306.739624
306.665314
306.455780
306.411530
306.108856
305.780792
305.309448
305.171051
304.966034
305.189026
304.860962
304.354980
304.578247
304.163452
304.069122
303.860168
303.122986
303.689087
303.281830
303.207581
303.634003
303.508179
303.586945
303.726501
303.625610
303.866852
304.189545
304.095276
304.600037
304.926849
304.894501
305.469666
305.577271
306.662170
306.107422
306.630829
307.170563
307.440765
307.901855
307.963226
308.175262
308.952637
309.240479
308.904114
309.830505
309.891876
310.466248
310.568787
311.116516
310.961243
311.453735
312.017761
311.823822
312.288391
312.521698
312.886017
312.868195
312.939880
312.807892
313.190216
313.307281
312.864227
313.234802
312.889679
312.973846
312.709747
313.065857
312.928925
312.887970
312.411285
312.037598
312.187225
311.794617
311.718964
311.798279
311.106506
311.264557
310.765839
310.670654
310.480743
310.071533
309.623749
309.459473
309.286835
308.765442
308.744720
308.193054
308.546844
308.116547
308.116455
307.732056
308.022827
307.490967
307.655334
307.445374
307.046844
307.193848
307.197510
307.063965
307.159943
306.915131
307.405457
307.477692
307.613892
307.952271
307.742401
307.784912
308.009338
308.335724
308.636597
309.007782
309.154755
309.514282
309.666351
309.951904
309.919922
310.444061
310.558838
310.721191
311.544586
311.821259
312.034515
312.342468
312.592224
313.236664
313.553680
313.651154
314.149261
314.212158
314.577423
315.120483
315.246338
315.882294
315.616699
316.617401
316.360229
316.301849
316.189331
316.950897
317.074707
317.074677
317.359894
317.423218
317.296478
317.289246
317.544189
317.516907
317.009186
317.023376
317.208679
316.939697
316.867249
316.428558
316.864258
316.262451
316.543732
316.104523
315.616425
315.324677
315.202820
315.046997
314.569458
314.696655
314.306976
313.945862
314.015625
313.229950
313.385590
312.939514
313.043182
312.412933
312.234558
312.118134
311.876526
311.457642
311.290649
311.364594
311.367401
311.210388
310.966003
310.587738
310.593719
310.401917
310.257355
310.229767
310.135498
310.393280
310.332764
310.659424
310.395203
310.425507
310.361542
310.671234
310.333527
311.037842
310.893219
311.071472
311.286407
311.701904
311.808899
312.237579
312.252258
312.314667
313.021790
312.829102
313.372528
313.828766
314.008301
314.127869
314.665894
314.768463
315.134460
315.502045
315.816772
316.228088
316.176819
316.768524
316.248932
317.301361
317.284424
317.252502
317.575256
318.016052
318.468140
318.342041
318.716217
318.778809
318.461060
318.656982
318.472839
318.752625
318.609283
318.512787
318.653168
318.548401
318.948944
318.544128
318.307983
318.513947
318.366608
318.094299
318.181854
318.137604
318.057434
317.543915
317.125214
317.079590
316.813538
316.962891
316.442413
316.270935
316.169922
316.043274
315.811554
315.708771
315.199341
315.217621
315.302460
314.568115
314.668427
314.746368
314.088501
314.220459
314.702393
314.195312
313.815247
314.004517
313.713654
313.414001
313.392120
313.222473
313.326538
313.640198
313.447235
313.879974
314.144348
314.076935
313.965424
314.090393
314.441071
314.670959
314.787933
314.438873
314.773956
315.352356
315.124847
315.663818
316.212616
316.399475
316.502869
316.982361
316.672516
316.974396
317.470581
318.046539
318.118835
318.519806
318.549072
318.823242
319.035706
319.530853
319.907440
320.031494
320.223541
321.034576
320.752014
320.587799
321.607727
321.460297
321.221344
321.740112
321.715759
322.318909
322.426727
321.966949
322.632324
322.715637
322.640991
322.402496
322.874542
322.677979
322.442871
322.660370
322.376801
322.041962
322.252960
321.867737
321.976410
321.899811
321.821625
321.496887
321.773804
321.287628
321.283966
320.676147
320.721893
320.302490
320.218750
320.229095
319.873566
319.684967
319.492157
319.375366
319.095093
318.958160
318.727356
318.578705
318.482239
318.201508
318.402649
318.201752
317.842255
317.695801
317.963928
317.572998
317.549438
317.831482
317.712555
317.687469
318.057556
317.508636
317.931427
318.199188
318.092285
318.375214
318.289368
318.825714
318.494293
318.617371
318.806000
318.708374
319.415527
319.561859
320.057220
320.283386
320.626343
320.765228
320.727264
321.551453
321.406921
321.661072
321.954498
322.450317
322.585480
323.352875
322.833069
323.172455
323.685730
323.772034
324.235443
324.187408
325.042450
325.243866
325.176727
325.288086
325.912781
325.643005
325.797791
326.228088
326.523499
326.204712
326.733826
326.430878
326.408783
326.714294
326.499359
326.917206
326.724884
326.640900
326.677185
326.268494
326.596313
326.488983
326.470795
326.603973
326.467010
326.148315
325.877808
326.189728
325.799377
325.389252
324.824463
324.833954
325.501068
324.752808
324.653900
324.530334
324.286041
324.364197
324.026611
323.840454
323.823547
323.920959
323.895905
323.783051
323.664795
323.420746
323.236389
323.042175
323.288971
323.252075
323.349365
323.513763
323.332031
323.664642
323.648254
323.578522
323.799866
324.099579
323.906525
324.698120
324.305817
324.390625
325.145844
325.440094
325.640198
325.790009
326.170593
326.319550
326.211456
326.650269
327.215546
327.358459
328.061371
328.219177
328.496826
328.936340
329.045776
329.865509
330.187897
330.148163
330.778778
331.126587
331.387268
331.603210
332.457581
332.790955
333.068604
333.326935
333.346863
334.113556
333.785034
334.434570
334.506042
334.382477
334.711334
335.060730
335.456940
335.575531
335.673767
336.014038
335.669769
335.762146
335.720673
335.722534
335.965607
336.149780
336.191711
335.964752
335.866852
335.456207
335.745117
335.612457
334.998047
335.292206
335.113708
335.025574
334.808594
334.852722
334.658630
334.182709
334.306549
333.961029
333.868164
333.558868
333.540985
333.158142
333.351044
333.134705
333.448730
332.949768
332.712585
332.758636
332.744476
332.468414
332.562195
332.481171
332.546387
332.174316
332.674103
332.159454
332.263977
332.630219
332.376160
332.426819
332.972015
332.986908
333.529602
333.396301
333.660309
333.679962
333.825928
334.340118
334.461456
334.650299
335.723083
335.749908
335.655182
336.606537
336.648376
336.976654
337.550812
337.795258
338.056091
338.882721
338.954102
339.729645
339.665253
340.210480
340.692657
341.236603
341.619781
342.257385
342.089081
342.795959
343.091858
343.441162
343.609406
344.294983
344.161469
344.470825
344.864594
345.229248
345.042480
345.575439
345.691162
345.877441
345.363831
346.097382
346.072266
345.750061
345.842133
346.322693
346.691864
346.170685
345.855774
346.172394
345.842590
346.086914
345.638580
345.609467
345.213348
345.547821
345.073700
344.820007
345.070923
344.474823
344.202332
344.230713
344.449158
343.309448
343.440277
342.853851
342.744629
342.531860
341.653778
342.234283
341.911102
341.992004
341.309418
341.558624
341.001129
341.136932
340.870941
340.929108
340.577728
340.802155
339.976959
339.893616
340.064362
339.963165
340.209656
339.856903
340.241730
340.297729
340.035095
340.519562
340.041260
340.838806
340.883698
340.564606
340.971771
340.980774
341.308289
341.264709
341.824524
341.861023
342.078796
342.285645
342.665497
342.992889
343.311249
343.877991
343.714325
344.438843
344.306763
344.990479
345.535156
345.582581
345.758575
346.487366
346.536530
347.058624
347.199738
346.975739
347.537872
347.983185
347.987061
348.147491
348.838104
348.336914
348.617188
349.014160
348.649170
349.540833
349.415771
349.088043
349.063416
348.913635
349.319183
349.499054
348.958099
349.386627
349.191345
349.069580
348.738251
349.344513
348.910461
348.763031
348.388977
348.601349
347.838287
347.791626
347.694916
347.208801
347.487549
346.818604
346.911377
346.763733
346.224579
346.520355
345.996094
345.827179
345.335236
345.434326
345.500092
345.114960
344.587708
345.124268
344.535675
344.350830
344.584442
344.863831
344.537140
344.570374
344.098145
344.377350
344.095520
344.069031
343.788544
343.868561
344.286316
344.152771
344.138184
344.885742
344.950470
344.291199
344.696442
344.857941
344.920898
345.427368
345.381256
346.029938
345.578674
346.021423
346.529541
346.285797
346.350220
346.981689
347.381866
347.548828
347.548462
348.090515
347.891388
347.998444
348.768524
348.465546
348.936279
349.271851
349.159515
349.424713
349.362152
349.783691
349.841644
349.924286
350.098480
350.336304
350.631622
350.594360
349.922943
350.158936
349.946259
350.211548
350.163574
350.145782
350.163239
350.001984
349.886230
349.646545
349.276001
349.180908
349.360565
349.271698
348.789520
349.092224
348.105743
347.940369
347.820465
347.692444
347.317535
347.204468
347.219147
346.773560
346.269653
346.516022
345.995148
345.513947
345.218842
345.383575
344.890533
344.808380
344.720520
344.602753
344.440399
344.095154
344.077057
343.923157
344.288666
343.937073
343.400604
343.804535
343.752380
343.682068
343.595459
343.959137
343.752228
343.680237
343.882538
344.408630
344.403961
344.504456
344.638092
345.028839
345.169403
345.250671
345.622223
345.592102
346.209717
345.933624
346.333038
346.566559
346.985565
347.124359
347.005859
347.464020
347.723999
348.138306
348.033112
348.244415
348.590576
348.561920
348.888947
348.865417
349.351349
349.607269
349.376373
349.254028
349.324524
349.269501
349.230042
349.371490
350.121918
349.334381
349.145844
349.238617
349.075348
348.631989
348.446533
348.639648
348.619476
348.358978
347.625244
347.502686
347.107941
347.314514
346.696198
347.041779
346.359985
346.084778
345.713654
345.295898
345.272614
345.123840
344.716705
344.292114
344.076599
344.154022
343.548187
343.500244
343.455383
343.007080
343.275543
342.806183
343.127869
342.887054
342.948700
343.133636
342.456329
342.869720
342.653381
343.183777
342.815491
343.435516
343.914917
344.197205
344.087158
344.573486
344.466949
344.938232
344.840942
345.644440
345.526489
346.475250
346.984558
347.212341
348.252838
348.223114
348.472229
348.716339
348.941956
349.256500
349.941467
350.267426
350.222931
350.598938
350.542664
350.524139
350.541290
350.850006
350.837524
349.935455
349.459564
349.328705
348.511230
347.648193
346.503326
345.936859
344.676697
343.037354
341.870117
340.137360
338.210388
336.527954
334.362488
331.651550
329.902252
327.566406
324.297394
321.299500
318.016815
315.187408
312.029907
308.156036
304.468140
300.716217
296.943329
292.838806
288.733490
284.236908
280.505951
275.869415
271.395355
266.848114
262.722198
258.220123
253.772903
249.362625
245.149597
240.603989
236.758682
232.353409
228.320816
224.468170
220.948425
217.570557
214.165375
211.230667
208.093048
205.517105
202.870132
201.098175
199.170731
197.430267
196.057327
195.047150
194.080383
193.864471
193.697098

287.202911
173.084381
173.376999
174.116699
174.797943
175.947220
177.357178
179.005035
180.794312
183.212799
185.084442
187.694427
190.440903
193.116821
196.354187
199.073395
202.560120
206.385193
209.634964
213.205643
216.986191
220.291702
224.319443
227.964798
231.741776
235.969513
239.680771
243.361588
247.135178
250.748337
254.385605
257.800018
261.527435
264.700806
268.010071
271.406891
274.153290
277.298798
279.734711
282.478088
284.959442
287.543732
289.539886
291.395172
293.656525
295.363312
297.046021
298.648376
300.194519
301.562347
302.538208
303.172791
304.560974
305.548370
306.480957
306.446259
306.888794
307.454529
307.675964
308.276550
307.795227
308.063812
308.402802
308.216827
308.195038
308.487213
308.571472
307.824127
307.780060
307.589813
307.534698
307.278564
306.933838
306.448151
306.352814
306.118317
306.363922
306.071869
305.548187
305.742615
305.350372
305.281128
305.028015
304.325775
304.873779
304.461761
304.371277
304.794983
304.631409
304.742432
304.874756
304.764008
305.004944
305.306824
305.202911
305.689941
305.972900
305.960815
306.532867
306.618896
307.684357
307.101990
307.617432
308.117645
308.392120
308.816010
308.867462
309.051636
309.799286
310.064850
309.722046
310.607117
310.652954
311.225189
311.281769
311.793945
311.612915
312.109528
312.616547
312.391235
312.859680
313.042175
313.370331
313.351715
313.385681
313.219177
313.573242
313.652679
313.199188
313.536072
313.176636
313.228058
312.929688
313.253113
313.129333
313.010254
312.537231
312.110870
312.247284
311.824341
311.737396
311.790710
311.056183
311.199158
310.688385
310.561096
310.349670
309.928986
309.440308
309.241272
309.063873
308.519012
308.469482
307.909760
308.234009
307.812225
307.781647
307.363251
307.636292
307.101898
307.245422
307.046143
306.626923
306.762756
306.726196
306.590668
306.673248
306.430511
306.902893
306.960175
307.085022
307.436066
307.218140
307.261444
307.465424
307.815460
308.097565
308.491425
308.623932
308.976959
309.124847
309.411713
309.385803
309.912781
310.029205
310.222656
311.009705
311.303192
311.530212
311.860504
312.097809
312.733063
313.064880
313.186707
313.690887
313.738556
314.131348
314.636993
314.806458
315.456787
315.189087
316.238708
315.951050
315.944794
315.847931
316.588470
316.747437
316.751404
317.059845
317.144745
317.033508
317.016510
317.298340
317.312744
316.803009
316.844238
317.048553
316.826813
316.744720
316.307831
316.764221
316.160248
316.488861
316.052246
315.590668
315.321960
315.228424
315.074463
314.637695
314.768250
314.408264
314.078644
314.135925
313.359253
313.577576
313.121338
313.278656
312.669312
312.470520
312.378876
312.183899
311.765839
311.641083
311.734619
311.771606
311.605225
311.375275
311.014679
311.074310
310.851440
310.794464
310.734863
310.688660
310.944031
310.927094
311.233673
311.033081
311.070801
311.029663
311.354431
311.049652
311.734344
311.619629
311.828674
312.051849
312.506622
312.626221
313.069519
313.137238
313.203430
313.930695
313.737671
314.290924
314.786499
314.984344
315.113007
315.657898
315.821838
316.196838
316.571564
316.904266
317.355927
317.311584
317.901825
317.386292
318.485565
318.519348
318.468323
318.803741
319.257904
319.694061
319.624969
320.043182
320.109528
319.803528
320.011505
319.835480
320.123047
320.006226
319.902771
320.102417
320.000519
320.421661
320.037415
319.761139
320.000397
319.911926
319.657867
319.754852
319.714630
319.624207
319.147552
318.720978
318.678436
318.429382
318.567047
318.080292
317.912231
317.864044
317.716187
317.437805
317.484436
316.892365
316.919250
317.005554
316.259796
316.414307
316.491516
315.804779
315.944946
316.449768
315.934906
315.561707
315.740540
315.502411
315.137604
315.196381
314.974335
315.086700
315.375061
315.221832
315.601288
315.901978
315.822510
315.698578
315.823608
316.182831
316.364349
316.508148
316.146332
316.429657
317.027374
316.756470
317.304138
317.891724
318.082153
318.147644
318.568420
318.258881
318.560699
319.075653
319.619171
319.640472
320.028778
320.049835
320.292572
320.488281
321.016907
321.369873
321.499634
321.610565
322.449432
322.136292
321.898682
322.938721
322.779816
322.495880
322.974854
322.932098
323.511810
323.526947
323.095917
323.743988
323.772217
323.702301
323.427643
323.863342
323.608856
323.387726
323.537628
323.253723
322.916656
323.091797
322.654785
322.769348
322.666992
322.547638
322.216339
322.409058
321.925415
321.897003
321.264801
321.289551
320.853729
320.699585
320.736237
320.364777
320.113892
319.897980
319.717468
319.439392
319.267914
319.026001
318.806671
318.764313
318.413300
318.583832
318.373505
318.005310
317.817291
318.063690
317.648956
317.620758
317.835693
317.673767
317.684631
318.033234
317.430847
317.869415
318.140228
317.951538
318.276337
318.166687
318.634888
318.317383
318.410889
318.631042
318.527527
319.209656
319.319122
319.851013
319.991821
320.383270
320.497864
320.468323
321.269592
321.078400
321.324829
321.617188
322.127350
322.254517
323.012726
322.461395
322.819885
323.361481
323.430786
323.870667
323.817047
324.685089
324.883240
324.818604
324.932983
325.564484
325.302002
325.453430
325.882965
326.179260
325.875336
326.407715
326.065613
326.075806
326.416199
326.212341
326.561584
326.390320
326.343231
326.343903
325.979797
326.301941
326.214508
326.180786
326.335815
326.219238
325.885315
325.630066
325.948669
325.565430
325.159546
324.604706
324.639282
325.321899
324.543701
324.488434
324.352966
324.111359
324.205200
323.874298
323.687927
323.712677
323.764374
323.767883
323.668274
323.571625
323.310638
323.157410
322.954559
323.204681
323.188446
323.276581
323.447266
323.291748
323.621857
323.536896
323.536743
323.780914
324.085052
323.884460
324.669800
324.282806
324.395905
325.148132
325.423584
325.628143
325.778961
326.147278
326.335571
326.211456
326.648346
327.213654
327.381104
328.066132
328.237854
328.489410
328.937500
329.056396
329.850159
330.187195
330.148438
330.781677
331.121918
331.381927
331.586456
332.448975
332.759888
333.024323
333.327057
333.315552
334.088104
333.750793
334.418457
334.467834
334.331696
334.674316
334.995850
335.382721
335.492126
335.621704
335.930298
335.572754
335.672150
335.616821
335.618958
335.847443
336.042847
336.078339
335.857971
335.733063
335.302155
335.603668
335.458496
334.858307
335.115173
334.936859
334.852692
334.631775
334.675110
334.459290
333.992004
334.095642
333.761078
333.675293
333.343414
333.324493
332.922760
333.114899
332.907562
333.197632
332.679291
332.440613
332.478607
332.457947
332.191620
332.275757
332.197876
332.270172
331.885681
332.368561
331.842651
331.940125
332.280701
332.040924
332.102692
332.618500
332.631622
333.189667
333.049591
333.332153
333.322571
333.474792
333.988159
334.094452
334.301575
335.362579
335.406067
335.287445
336.229553
336.289307
336.632751
337.182373
337.434235
337.670349
338.488556
338.603149
339.359344
339.317871
339.857574
340.300903
340.856171
341.249115
341.886963
341.726440
342.436951
342.707886
343.084534
343.267273
343.936951
343.778412
344.119659
344.485809
344.855621
344.674957
345.208069
345.334503
345.525330
345.011475
345.717712
345.735138
345.408752
345.488678
345.968079
346.333282
345.852112
345.524475
345.781403
345.469421
345.718201
345.303497
345.278137
344.887360
345.213989
344.724457
344.504242
344.753113
344.137604
343.883881
343.938812
344.114227
343.012329
343.136322
342.562836
342.426941
342.212463
341.378754
341.912201
341.633423
341.706360
341.027100
341.286652
340.711365
340.888367
340.615784
340.645905
340.292725
340.510681
339.745453
339.642792
339.797852
339.669525
339.986115
339.607513
340.000000
340.049988
339.815277
340.290466
339.807129
340.619812
340.636414
340.366730
340.741302
340.795135
341.075134
341.039490
341.656586
341.665100
341.890472
342.130829
342.467896
342.799255
343.097717
343.684326
343.550476
344.297668
344.110046
344.847473
345.387817
345.377441
345.587921
346.306671
346.369659
346.863464
347.062714
346.819641
347.399719
347.799927
347.852539
348.004272
348.692810
348.212585
348.493866
348.865234
348.526428
349.413300
349.305634
348.966583
348.958191
348.826172
349.196320
349.396973
348.882080
349.278656
349.112183
348.998688
348.666748
349.267578
348.839752
348.717163
348.285065
348.537781
347.782471
347.775146
347.643250
347.158325
347.448975
346.772827
346.885834
346.784149
346.178528
346.475616
345.971924
345.800659
345.323425
345.440521
345.483154
345.117889
344.628082
345.147034
344.537689
344.361420
344.597015
344.861206
344.533417
344.580109
344.153473
344.414398
344.105164
344.112122
343.809601
343.892395
344.361084
344.213593
344.201782
344.963684
345.007721
344.329285
344.778656
344.927063
345.040985
345.511780
345.477203
346.118195
345.695282
346.126801
346.640778
346.388580
346.467743
347.109802
347.482269
347.639343
347.678741
348.183105
348.023956
348.134644
348.900330
348.593231
349.102325
349.395111
349.316925
349.575043
349.480591
349.924164
350.011841
350.072632
350.238281
350.492767
350.781128
350.723480
350.083557
350.305939
350.105347
350.358093
350.327118
350.292603
350.312958
350.184052
350.072662
349.793457
349.460693
349.335754
349.495880
349.429169
348.960510
349.285309
348.268188
348.104675
347.984406
347.900269
347.474365
347.409576
347.435852
346.948181
346.459808
346.700226
346.175171
345.703094
345.410614
345.586884
345.068604
344.978760
344.894989
344.817780
344.644867
344.256256
344.263672
344.107330
344.470886
344.136475
343.587158
343.991669
343.965088
343.893433
343.801239
344.192871
343.926422
343.884735
344.070709
344.626984
344.601624
344.692871
344.858093
345.223175
345.357330
345.456451
345.842438
345.789978
346.415955
346.162048
346.548706
346.750092
347.191376
347.331787
347.206055
347.632080
347.911499
348.327271
348.241791
348.443726
348.782715
348.747894
349.105194
349.048676
349.540863
349.778839
349.561340
349.435486
349.527100
349.443451
349.406281
349.546265
350.292664
349.530182
349.316833
349.427124
349.252441
348.808258
348.633667
348.812225
348.813141
348.514587
347.791229
347.680237
347.254272
347.514191
346.849213
347.225189
346.530884
346.229584
345.889893
345.454376
345.427551
345.247955
344.845001
344.421906
344.235291
344.291107
343.687256
343.635284
343.589172
343.164886
343.409821
342.937195
343.246826
343.014252
343.060425
343.245972
342.607605
343.003845
342.760223
343.299164
342.952881
343.561676
344.064606
344.318298
344.202087
344.685669
344.562317
345.025299
344.908936
345.759094
345.650482
346.573151
347.081238
347.321686
348.359772
348.325562
348.563812
348.797424
349.046143
349.357178
350.019318
350.336517
350.287628
350.653900
350.614899
350.595856
350.626404
350.916718
350.910004
349.978546
349.515350
349.384460
348.583496
347.708069
346.561737
346.012787
344.743195
343.103485
341.903046
340.203278
338.257965
336.601593
334.394928
331.700806
329.952209
327.601593
324.358307
321.353119
318.066467
315.251434
312.081085
308.219055
304.503784
300.772339
296.998871
292.868317
288.787018
284.263062
280.551544
275.910767
271.437988
266.899139
262.748657
258.276459
253.814117
249.406204
245.204742
240.665710
236.788254
232.381409
228.370483
224.514618
220.987961
217.623398
214.207047
211.268463
208.134064
205.565643
202.893875
201.145187
199.211624
197.480087
196.112473
195.060791
194.115128
193.904099
193.820694

223.077225
185.095734
185.461899
186.080185
187.180176
188.161194
189.705536
191.190277
193.442078
195.710587
198.170303
200.610626
203.361542
206.640594
209.900208
213.260986
216.573181
220.540527
223.801956
227.757919
231.758636
235.714172
239.875381
243.791809
247.812454
251.823959
255.842529
259.600494
263.940247
267.570190
271.455109
275.058167
278.765564
282.359344
285.907837
289.302826
292.665680
295.283630
298.038513
300.741058
303.884033
306.288177
308.738281
310.662811
312.532654
314.520447
316.488129
317.773163
319.212250
320.299133
321.645142
322.432220
323.519287
324.519501
325.008759
325.661713
326.421631
325.955170
325.879883
326.819275
326.415863
326.924072
326.657013
326.679321
326.567505
326.331757
326.275208
325.592743
325.533051
325.522888
325.017395
324.308044
323.999176
324.462891
323.685730
323.127350
322.771881
322.494049
322.040436
322.197357
321.830353
321.368469
321.705627
321.169983
321.013367
320.593414
320.762604
320.523804
320.629364
320.980347
321.187561
320.774994
321.153503
321.221771
321.351044
321.465210
321.297760
321.744965
322.043152
322.595764
322.057220
322.863251
322.999664
323.178986
323.979309
323.713715
324.359772
324.631775
325.025146
325.290161
325.510468
325.909454
325.946594
326.534180
326.667175
327.232880
327.145233
327.272095
327.846771
327.479095
327.748413
328.157013
328.074860
328.351776
328.023346
328.486786
328.406403
328.249023
327.816040
327.737183
327.899017
328.122742
327.873322
327.682465
327.505676
327.367401
327.398499
326.705597
326.810425
326.606598
325.921204
325.572540
325.514496
325.340363
324.485504
324.440277
324.781677
324.250854
323.460083
323.104340
323.213074
322.415192
322.331207
321.747833
321.847412
321.502319
321.462891
320.593109
320.471588
320.901123
320.421814
320.658661
320.280151
320.178375
320.125183
320.282684
320.146759
319.700287
320.008911
320.382416
320.417511
320.510925
319.952057
320.575012
320.665680
320.567017
320.632263
321.026825
321.138214
321.096985
321.670013
322.125092
322.574860
322.581024
322.785706
322.804871
323.799469
323.973877
323.918335
323.858490
325.233429
324.850769
325.332367
325.771973
326.178192
326.346436
326.559296
326.778381
327.190308
327.077820
327.469116
327.191162
327.776428
327.960358
327.962311
328.472351
328.801056
328.647827
328.621033
328.526947
328.941589
328.465851
328.554626
328.311340
328.445923
327.773315
328.317200
328.055786
327.930359
327.643860
327.754700
327.762451
327.085388
326.640198
326.491089
326.203857
325.918945
325.417267
325.312500
325.067902
324.707184
324.231323
323.961456
323.907776
323.298737
323.346558
322.675751
322.746857
322.373779
321.534363
321.663391
321.748871
321.102356
321.001495
320.384430
320.793518
320.729706
320.544189
320.438202
319.997833
320.023743
319.577698
319.936157
319.973938
319.772491
319.224731
319.901642
319.546051
319.672943
319.778809
319.970337
320.011688
320.496918
320.186737
320.253784
320.946899
321.130188
321.121399
321.442444
321.382080
321.851410
322.120331
322.463501
322.893127
322.985229
323.226837
323.381256
323.927795
324.331909
324.187103
324.710266
324.869995
325.207245
325.408020
325.532623
325.350220
326.354309
326.192535
326.345551
326.513153
327.095245
326.827057
326.763824
326.601166
327.391083
327.490387
327.339417
327.195221
327.130310
327.021210
327.338440
327.142365
327.033325
327.197968
326.830444
326.738922
326.861572
326.748596
326.596588
326.313324
326.075500
325.858887
325.377686
325.239410
325.427185
324.667419
324.767090
323.967285
324.334778
324.096222
323.301544
323.421600
323.710419
323.453674
322.997192
322.837708
322.909302
322.343536
322.287231
322.183044
321.945068
321.898834
321.955261
321.413147
321.447418
321.887482
321.260529
321.440979
321.009369
321.647827
321.550568
321.626007
321.562500
321.659332
321.544464
321.903320
321.893127
322.005920
322.081390
322.432404
322.506897
322.835785
323.072876
323.277832
323.158875
323.859619
323.813416
323.948090
324.349762
324.756348
324.788391
325.255768
325.611725
326.109741
326.545715
326.513794
326.833557
326.746582
327.260315
327.799164
327.708191
327.994202
328.164124
328.486176
328.573700
328.368317
329.497345
329.200867
329.450256
329.385162
329.117371
329.488525
329.567017
329.450775
329.984558
329.742706
329.820496
329.494476
329.751221
329.619202
329.816193
329.450653
329.405914
329.282684
329.187836
328.513611
328.647125
328.494110
328.227020
328.236359
327.601776
327.712067
327.359222
327.418335
326.938599
326.969208
326.721588
326.642517
326.357727
326.230896
326.200439
325.904663
325.260315
325.224365
324.958923
325.086884
325.141174
324.935852
324.314667
324.620758
324.309418
323.889221
324.076385
324.414642
323.976929
324.397766
324.353302
324.544617
324.287018
324.108459
324.072571
324.575745
324.164612
324.628723
324.519257
324.464600
325.103729
325.247437
325.608856
325.750916
325.980408
326.074768
326.222992
326.616058
326.907532
327.149078
327.075531
327.220306
327.756989
327.898743
328.258423
328.685852
328.667542
329.492157
329.317993
329.618713
330.020752
330.356750
330.243011
330.323486
330.742004
331.077911
330.920013
331.229431
331.543945
331.855713
332.022705
331.893738
331.634003
331.822968
331.933258
331.716858
331.858398
331.856995
331.596313
331.767059
331.924500
331.938873
331.566620
331.878235
331.475311
330.974365
330.678558
330.593445
330.744843
330.567596
330.409485
330.098633
330.051727
329.654022
329.345490
329.783508
329.235504
329.156891
329.112030
328.419006
328.364716
328.055573
328.633087
328.015594
327.871796
327.658081
327.375458
327.583588
327.357208
327.154480
326.869507
327.011658
326.970154
326.473938
326.947876
327.212494
328.048859
326.531830
326.945374
327.413483
327.489532
327.902618
327.789886
327.652618
328.055450
328.496918
328.305695
328.483978
328.857452
329.585815
329.457855
330.174164
330.040833
330.586151
330.560547
331.035980
331.210052
331.106720
331.834351
332.240448
332.548645
333.286377
333.202698
333.797760
333.929413
334.218048
334.151489
334.625671
335.135437
335.439087
335.360748
335.680298
335.697815
335.898773
336.382538
336.515076
336.880157
336.723358
336.785583
336.750641
337.330597
337.166351
336.934998
337.140961
337.159637
337.116241
337.422302
336.896820
336.375366
336.462677
336.746277
336.572327
336.528473
336.348083
335.886627
336.000580
334.756378
335.080688
335.112000
334.756561
334.373169
334.671906
334.433014
333.890594
333.877533
333.573029
333.178558
333.136169
332.685913
332.794312
332.368225
332.092316
331.886414
331.976593
331.131409
331.499298
331.540039
331.360291
331.392151
331.282104
331.471985
331.158234
330.779297
330.807526
331.802002
331.209686
331.289490
331.212799
331.431854
331.678619
331.903229
332.052246
331.597260
332.377197
332.170013
332.856354
333.091949
333.295502
333.630646
333.894806
334.190125
334.571442
334.856262
334.940887
335.653656
335.573059
336.057373
337.015900
336.755585
337.457642
337.302094
337.768524
337.723419
338.514038
338.565430
338.876434
339.222168
339.593872
339.636230
340.314240
340.605682
340.379761
340.561798
340.906830
341.111633
340.933960
341.187347
341.371918
341.569519
341.373840
341.884521
341.211914
341.651581
341.459381
341.304535
341.369293
341.407654
341.249878
340.910278
341.241302
340.622803
340.182648
340.393188
339.652832
339.521759
339.462952
339.051239
338.802155
338.917664
338.254730
337.864227
337.716187
337.556183
337.480621
336.898682
336.804230
336.079102
336.109375
336.027283
335.126617
335.377045
334.566803
335.038422
334.689728
334.786072
334.117096
333.806366
333.563690
333.572632
333.434204
333.057343
332.722412
333.025757
332.896545
333.221832
333.192383
333.468994
333.284637
333.474823
332.899811
333.556519
333.758942
333.680115
333.531342
333.674438
334.165802
333.867218
333.885834
334.743469
334.821289
334.856506
335.469360
335.626190
335.509186
336.184814
335.730591
336.535889
337.099640
336.678589
337.134033
337.730316
337.362915
338.190521
338.297028
338.643707
338.525391
338.915955
339.099915
339.207458
339.091736
339.490204
340.156860
339.822205
339.673889
339.971985
339.887604
339.728271
339.974304
340.073212
340.076904
339.773651
339.553772
340.010620
339.614410
339.790100
339.690277
339.341919
339.578217
339.033264
339.178864
338.889496
338.550995
338.302460
338.332123
337.934143
337.686554
337.250610
337.681244
336.794922
336.489197
336.006195
336.211517
335.655518
335.487244
335.167755
335.022308
335.182343
334.411163
334.736206
334.362274
334.371796
334.117706
334.075165
333.979431
333.499908
333.667572
333.649811
333.433777
333.293701
333.386536
333.435028
333.077972
333.195404
333.327576
333.263458
333.698761
333.373993
334.036255
333.698547
333.849518
334.053497
334.193756
334.123627
334.624237
334.610809
334.670929
334.845276
335.054443
335.294617
335.449707
335.902863
336.001099
336.034302
336.599335
337.115631
336.641418
337.222015
337.466553
337.218353
337.834473
337.935883
337.813568
337.940338
338.120544
338.027802
338.557739
338.198273
338.137115
338.046112
338.652313
338.716797
338.921112
338.880768
338.224579
338.254578
338.166534
338.258881
338.142395
337.817200
337.756836
337.889008
337.389038
337.431854
337.023987
336.642517
336.651978
336.587128
336.534485
335.975800
335.411652
335.639404
335.253693
335.146454
334.687927
334.462677
334.437042
334.023926
334.180359
333.654083
333.655487
333.441711
333.287689
332.750793
332.590118
332.617767
332.488312
332.285370
331.939880
331.952728
331.964874
331.801697
332.317780
331.554535
331.757019
331.842316
331.806030
331.971344
332.193268
332.513123
332.238647
332.252014
332.378937
332.544128
332.573334
333.180054
333.287781
332.953766
333.249054
333.781769
334.101837
334.091949
334.629486
334.624512
334.848328
335.058228
335.312927
335.738983
335.545471
335.913177
336.037079
336.033264
336.604248
336.575378
336.503540
336.728851
336.831299
336.971100
336.875671
336.960632
336.777679
337.251770
336.548920
336.928192
336.657440
337.259521
336.747589
336.675476
336.343384
336.309387
336.417572
336.306610
335.831757
335.408112
335.901001
335.152405
335.052277
334.898224
334.194061
334.359833
333.994537
333.715363
333.564941
333.039825
332.411316
332.316010
331.730164
331.923340
331.651917
331.899017
331.322601
331.097778
331.154480
330.720795
330.679016
330.736969
330.828888
330.590088
330.751740
330.537445
330.730286
330.761841
330.614929
330.879486
331.193481
331.410919
331.362854
332.207764
332.005035
332.445007
332.373169
333.013702
333.306549
333.523560
334.040680
334.538849
335.020721
334.721863
335.790558
336.004303
336.201691
336.783569
337.400482
337.515289
337.524536
337.465912
337.477692
337.996765
337.579773
337.739044
337.967102
337.387726
336.976501
336.463593
336.446381
335.098633
334.906158
333.810333
332.856567
331.803528
330.874359
328.960938
328.169800
325.911407
323.882507
321.996460
319.652405
317.479675
315.020111
312.352325
309.775513
306.789612
303.641571
300.262024
297.106476
293.216217
289.719604
285.891815
282.365875
278.141388
273.950745
270.033569
266.055054
261.368530
257.061249
253.039108
248.957047
244.179855
240.053528
236.032333
231.900818
228.066544
223.954987
220.016235
216.683456
212.898315
209.741943
206.313843
203.415955
200.495117
197.982468
195.783997
193.993774
191.839035
190.255692
189.052277
188.015945
187.252747
186.806564
186.909027

223.406891
185.122635
185.475204
186.093613
187.210159
188.191635
189.741058
191.226898
193.477356
195.751358
198.210403
200.665771
203.412994
206.690445
209.960449
213.332443
216.646835
220.610168
223.861084
227.837936
231.852707
235.829544
239.977798
243.911880
247.943237
251.959488
255.977524
259.752075
264.090668
267.733368
271.622772
275.238770
278.938232
282.553528
286.129547
289.520813
292.906586
295.531189
298.282013
301.006866
304.161499
306.585175
309.031372
310.966644
312.840027
314.827576
316.813660
318.084167
319.558380
320.640594
322.016602
322.818237
323.883759
324.888428
325.390747
326.060394
326.855927
326.370880
326.275757
327.264191
326.847961
327.338867
327.090210
327.118500
327.000977
326.816437
326.738190
326.062592
326.001526
326.006439
325.510101
324.835358
324.521271
324.971283
324.194336
323.616333
323.250610
323.021362
322.547333
322.734833
322.308289
321.880798
322.213348
321.635864
321.547577
321.129578
321.286774
321.005951
321.177002
321.494141
321.683350
321.304718
321.662231
321.705963
321.805847
321.954590
321.753143
322.248505
322.554108
323.069519
322.537842
323.299133
323.457855
323.650208
324.466675
324.184814
324.824249
325.073578
325.460327
325.745758
325.944366
326.380676
326.381744
326.942902
327.075653
327.663635
327.551605
327.695831
328.254730
327.895874
328.159424
328.548309
328.478577
328.769684
328.420197
328.894775
328.780945
328.667480
328.208313
328.132507
328.276855
328.488373
328.254883
328.078278
327.868683
327.745544
327.777313
327.080597
327.204437
326.979889
326.341583
325.930634
325.897858
325.734711
324.894073
324.844849
325.126343
324.646210
323.869293
323.519470
323.634460
322.833313
322.757751
322.174896
322.268707
321.939117
321.926208
321.034821
320.930969
321.360962
320.910919
321.123627
320.745850
320.657776
320.614624
320.793091
320.634064
320.186707
320.503357
320.890564
320.959045
321.049042
320.494751
321.135223
321.237091
321.114685
321.216705
321.623901
321.723663
321.706329
322.249207
322.720032
323.191559
323.208923
323.413422
323.435120
324.416351
324.611969
324.558624
324.489746
325.897369
325.478149
326.008636
326.432556
326.858246
326.996063
327.266785
327.482971
327.883820
327.789703
328.187531
327.903229
328.473175
328.663788
328.681000
329.156250
329.520294
329.347382
329.350952
329.233154
329.655151
329.187561
329.289917
329.023010
329.132507
328.459076
329.001160
328.751556
328.613647
328.308197
328.424255
328.432800
327.763977
327.298981
327.136627
326.840454
326.573669
326.046722
325.941376
325.727844
325.359406
324.834961
324.577362
324.485962
323.887970
323.900696
323.212677
323.291351
322.925690
322.066956
322.209717
322.306519
321.594604
321.499268
320.840271
321.271942
321.186310
320.991180
320.872925
320.412415
320.451263
320.012360
320.303436
320.350403
320.158203
319.591339
320.100525
319.909302
320.011322
320.091858
320.309723
320.335632
320.798645
320.465912
320.517792
321.185883
321.386200
321.378143
321.675049
321.627594
322.073242
322.332916
322.666168
323.091248
323.179779
323.393890
323.575073
324.075012
324.499939
324.366913
324.869171
325.020599
325.371826
325.533142
325.664825
325.486450
326.486542
326.325012
326.476624
326.622620
327.202484
326.952332
326.865692
326.727295
327.517395
327.584808
327.462097
327.308533
327.243164
327.141083
327.453064
327.257538
327.144623
327.313843
326.956909
326.865326
326.986450
326.858398
326.730469
326.449219
326.203827
325.996674
325.516846
325.372803
325.552856
324.831940
324.906219
324.102386
324.481049
324.246002
323.425690
323.585236
323.866425
323.602661
323.180542
322.986450
323.073181
322.499451
322.440887
322.342773
322.123474
322.085754
322.143982
321.589233
321.634369
322.071228
321.439941
321.631104
321.200043
321.836700
321.719421
321.810669
321.746155
321.852234
321.730835
322.084442
322.065338
322.179382
322.257660
322.600952
322.662415
323.010254
323.253876
323.443146
323.307953
324.016815
323.959198
324.085846
324.473389
324.891602
324.919647
325.362854
325.718964
326.196625
326.654175
326.591522
326.904541
326.814545
327.306274
327.864624
327.749420
328.041626
328.178436
328.489258
328.545685
328.367401
329.461517
329.169006
329.413391
329.309570
329.039551
329.416595
329.462860
329.328766
329.870331
329.612183
329.677765
329.317688
329.555389
329.415222
329.613159
329.247925
329.179413
329.026794
328.904846
328.230927
328.357971
328.198853
327.914490
327.901245
327.252380
327.358124
327.012878
327.055939
326.562042
326.567017
326.308929
326.214233
325.921844
325.772308
325.747528
325.459595
324.800446
324.772125
324.468018
324.595184
324.637024
324.452698
323.767151
324.093750
323.777710
323.352997
323.507904
323.867859
323.396362
323.855988
323.786926
324.022186
323.729187
323.522644
323.478943
323.987396
323.610229
324.057434
323.945251
323.887878
324.500336
324.661682
325.030609
325.158875
325.404144
325.515625
325.660614
326.050018
326.360626
326.587891
326.567688
326.720673
327.265411
327.376068
327.748260
328.183105
328.178162
328.995697
328.807373
329.140167
329.570129
329.825378
329.784424
329.846344
330.319122
330.654388
330.478363
330.813110
331.129486
331.428619
331.667999
331.507385
331.277863
331.437225
331.594025
331.394958
331.541901
331.530273
331.280975
331.492645
331.654297
331.639984
331.323975
331.627808
331.236664
330.793915
330.476044
330.391083
330.585907
330.393372
330.270905
329.963074
329.913849
329.529205
329.220917
329.644165
329.130341
329.082550
329.019653
328.341675
328.304932
327.978058
328.565521
327.977203
327.850830
327.660950
327.368958
327.583313
327.338165
327.152283
326.852173
326.983246
326.968597
326.503571
326.942047
327.234039
327.285919
326.573914
326.944641
327.430878
327.510864
327.890961
327.814362
327.691284
328.034637
328.547455
328.355652
328.525421
328.855194
329.563354
329.467743
330.158997
330.058533
330.595215
330.512543
330.993011
331.187195
331.080597
331.821350
332.204193
332.489685
333.251007
333.101196
333.692963
333.830627
334.142090
334.068298
334.529816
335.010498
335.304565
335.236755
335.526611
335.545197
335.741791
336.227661
336.359955
336.671997
336.512756
336.605682
336.511993
337.083923
336.912048
336.700714
336.873901
336.874298
336.837036
337.148682
336.576324
336.058685
336.102203
336.370789
336.226379
336.152405
335.953033
335.501190
335.604736
334.344940
334.655762
334.667938
334.295197
333.933197
334.201416
333.902008
333.425018
333.383392
333.042511
332.636047
332.592163
332.156342
332.215240
331.809418
331.505615
331.298218
331.396454
330.488373
330.878906
330.913971
330.732361
330.727966
330.638458
330.836853
330.473114
330.095367
330.126038
331.104034
330.506805
330.601013
330.490356
330.711334
330.938599
331.173431
331.310425
330.843018
331.647858
331.413361
332.109924
332.325348
332.542450
332.849792
333.124786
333.413635
333.806915
334.083557
334.120331
334.845032
334.771545
335.228729
336.196167
335.942413
336.622101
336.485535
336.946014
336.908081
337.702240
337.757050
338.050201
338.408295
338.789429
338.804901
339.487183
339.824829
339.586456
339.798889
340.094299
340.291473
340.132812
340.379486
340.525330
340.739044
340.589539
341.086578
340.379730
340.886963
340.670990
340.514526
340.590179
340.591522
340.496521
340.114716
340.511139
339.854248
339.407410
339.612488
338.913971
338.787842
338.734009
338.311401
338.080444
338.183441
337.486572
337.149933
337.005859
336.849762
336.804718
336.223846
336.125458
335.408447
335.415588
335.362335
334.447540
334.723541
333.925751
334.402283
334.021454
334.143585
333.512909
333.180939
332.957184
332.946442
332.814087
332.516541
332.159637
332.468414
332.329651
332.657684
332.644135
332.941254
332.745056
332.965851
332.420807
333.082916
333.293549
333.192657
333.073120
333.258087
333.771881
333.476959
333.463013
334.364197
334.453308
334.474518
335.144806
335.296417
335.183594
335.869293
335.437531
336.242432
336.840790
336.418854
336.904602
337.507782
337.176392
337.957397
338.125916
338.464233
338.315125
338.725922
338.961853
339.079132
338.964783
339.378998
340.029816
339.737366
339.625916
339.894531
339.889160
339.672516
339.957916
340.060059
340.094849
339.824585
339.555634
340.021667
339.672791
339.876312
339.744232
339.405853
339.696625
339.157928
339.314606
339.011627
338.694702
338.470490
338.527954
338.150299
337.926941
337.468811
337.929474
337.003906
336.742096
336.256439
336.471954
335.931702
335.798950
335.461731
335.312866
335.482269
334.732452
335.080597
334.693420
334.717346
334.462585
334.181763
334.336975
333.857758
334.025818
334.057159
333.790985
333.700836
333.792877
333.805176
333.496094
333.613922
333.746460
333.654785
334.115173
333.822510
334.466919
334.095917
334.266846
334.499512
334.632721
334.580231
335.069641
335.095398
335.151489
335.294647
335.494171
335.765625
335.899017
336.346802
336.496552
336.507782
337.067566
337.582062
337.086884
337.707520
337.955597
337.658661
338.292908
338.392822
338.272247
338.394958
338.610687
338.492279
338.991211
338.633240
338.580780
338.495178
339.097717
339.165100
339.348785
339.317169
338.636078
338.664276
338.580811
338.660767
338.585938
338.226410
338.150421
338.312958
337.807709
337.827148
337.400879
337.025208
337.061462
336.962463
336.886139
336.363403
335.774261
335.996338
335.616577
335.513824
335.026367
334.800781
334.764526
334.352509
334.498718
333.986115
333.970764
333.777344
333.599091
333.085358
332.886047
332.924744
332.807709
332.590698
332.242950
332.230927
332.257416
332.083527
332.612335
331.819153
332.028351
332.096344
332.056152
332.245422
332.453308
332.766266
332.498444
332.519897
332.621704
332.781738
332.802917
333.447723
333.549774
333.186249
333.486450
334.040924
334.310760
334.326324
334.867493
334.850281
335.070465
335.298828
335.520264
335.939484
335.763367
336.125916
336.267059
336.246277
336.794800
336.794495
336.709259
336.922455
337.048035
337.170990
337.084595
337.165894
336.974579
337.432159
336.756226
337.144592
336.833649
337.508331
336.920776
336.853821
336.541840
336.494202
336.607758
336.503052
336.047882
335.617554
336.085083
335.356140
335.229645
335.078583
334.377472
334.528290
334.207947
333.932129
333.789886
333.212677
332.616119
332.541931
331.891998
332.114349
331.854950
332.068909
331.501343
331.282410
331.306458
330.890167
330.875336
330.931000
331.021820
330.771301
330.933929
330.721558
330.891296
330.939362
330.784698
331.035706
331.381439
331.601807
331.494019
332.349426
332.184143
332.629028
332.544373
333.192657
333.457489
333.654480
334.207886
334.703552
335.173462
334.879456
335.925964
336.163574
336.343231
336.919159
337.552765
337.650421
337.681183
337.589417
337.602386
338.125793
337.715546
337.889709
338.129608
337.524780
337.075073
336.596619
336.571991
335.226868
335.020050
333.924164
332.994385
331.914825
330.997528
329.056519
328.300323
326.011139
323.995148
322.089386
319.758972
317.578522
315.128082
312.450073
309.858032
306.902557
303.723602
300.358917
297.186707
293.302917
289.823914
285.999512
282.460175
278.232666
274.025818
270.115540
266.135590
261.451874
257.119080
253.139435
249.048157
244.244553
240.137466
236.100204
231.964127
228.137192
224.018311
220.090240
216.750671
212.969803
209.815903
206.378326
203.475937
200.563553
198.059769
195.839661
194.069763
191.907974
190.342438
189.116699
188.083160
187.318161
186.881958
186.966431

