320.571930
172.664413
173.100998
173.678299
174.407669
175.909531
177.167557
178.802475
180.555054
182.617554
184.945221
187.246292
189.985077
192.546692
195.405991
198.669571
201.907990
205.200653
208.919617
212.373764
215.713760
219.442764
223.622421
227.129684
231.046753
234.877518
238.568604
242.203491
246.018814
249.477783
252.829300
256.176056
259.789185
263.088074
266.667297
269.348389
272.525146
275.336060
278.481812
280.867065
283.091034
285.762329
287.915161
289.928070
291.454102
293.451782
295.103333
296.778290
297.852875
299.184235
300.162750
301.314117
302.015869
302.678070
303.701416
304.673615
304.654907
305.022400
305.173767
305.465881
306.034363
305.653534
305.975922
306.024078
305.726013
305.451233
305.788391
304.963409
305.168488
305.234467
304.414612
304.297150
304.084320
303.878052
303.722168
303.359894
303.206604
302.705292
302.494659
302.239777
302.012024
302.226379
301.765259
301.566376
302.265686
301.812286
301.685272
301.917450
301.867676
301.995514
302.047241
302.187836
302.294922
302.139679
302.499146
302.969543
303.090851
303.307800
303.512512
303.676331
304.111481
304.653534
304.799835
305.331451
305.732849
305.995392
306.111053
306.528229
306.710876
307.069824
307.501434
308.232574
308.084656
308.736359
309.057007
309.488647
309.565857
309.510925
309.905304
310.166809
310.568451
310.784668
310.576111
311.118683
311.098328
311.169739
311.127808
311.544617
311.607758
311.122009
311.514587
311.133606
311.279266
310.882050
310.853394
311.037842
310.922607
310.627472
310.360962
310.258972
310.232269
310.022308
309.605103
309.365021
309.112823
308.861053
308.581238
308.569824
308.418610
307.946350
307.591553
307.538177
307.219513
306.666473
306.942841
306.533478
306.302490
306.040649
306.355194
306.161102
306.272552
305.657196
305.602051
305.179932
305.819366
306.005310
305.690887
306.011414
305.977631
305.749207
305.730408
306.224365
306.475677
306.237793
306.595581
307.008118
307.102264
307.303009
307.448822
308.137848
308.431641
308.245209
308.707123
308.723297
309.148407
309.886902
310.018585
310.350769
310.666565
310.818207
311.723755
311.730194
311.994965
312.654053
312.926514
313.171661
313.242981
313.990143
313.932159
314.325623
314.477173
314.871979
314.592896
315.954895
315.665741
315.357452
315.778595
316.182404
316.168732
316.083313
315.881317
316.163361
315.987152
316.101501
315.914124
316.068359
316.279419
315.365265
315.703705
315.920654
315.529694
315.181580
315.096222
314.954254
315.183685
314.583130
314.299316
314.253723
313.724457
313.901398
313.224091
313.766083
313.000153
312.901611
312.360901
312.059235
312.087128
311.942413
311.328491
311.417419
311.254852
310.866058
310.708710
310.726532
310.152191
310.312805
310.232697
309.903107
309.765625
309.924622
309.958923
309.715851
310.109619
309.890503
309.504639
309.755310
309.782166
309.953003
310.079681
309.988281
310.187408
310.637573
310.560028
311.067017
310.934448
311.116333
311.818237
312.345795
311.910950
312.257294
312.684601
313.041199
313.349091
313.297638
313.919189
314.502869
314.813812
315.299286
315.006348
315.522522
315.892456
316.389587
316.494293
316.791321
316.719788
317.002197
317.147186
317.840759
317.874878
318.047150
318.179901
318.450073
318.691223
318.922638
319.212738
319.161072
318.813232
319.068329
319.273041
319.507111
319.238678
319.509888
318.796783
318.951111
319.316559
319.238770
319.227661
318.960938
318.867157
318.415802
318.620117
318.491272
318.255371
318.046356
317.585602
317.311951
317.499176
317.210938
317.038025
317.004425
316.711670
317.027740
316.353790
316.363312
316.122742
315.657471
315.783020
315.739594
315.273499
315.454681
315.333679
314.612091
315.322632
315.303528
314.784668
315.088287
314.811157
314.558105
314.713806
314.869934
314.957367
315.249023
315.128143
315.074615
315.322388
315.645325
315.782776
315.617096
315.758789
316.342133
316.112823
316.477448
316.904785
316.721893
317.424713
317.589539
317.755432
318.166412
318.615112
318.708679
319.349518
319.435944
319.729156
320.290192
320.226532
320.769684
321.041718
321.329803
321.469147
322.147095
322.098022
322.907257
322.592651
322.753571
323.432495
323.343506
323.342255
323.569519
323.588562
323.873199
324.104614
324.283051
324.659210
324.458740
324.554596
324.428497
324.394867
324.679382
324.614868
324.842743
324.668671
324.665619
324.042816
324.192810
324.202545
324.129517
324.158234
323.653900
323.478729
323.324432
323.176453
323.412354
322.358978
322.760529
322.600159
322.415680
322.230560
322.317291
321.447144
321.356354
321.089661
320.846161
321.036133
320.486969
320.852814
320.907928
320.474243
320.250671
320.207977
320.585571
320.453918
319.994324
320.094086
319.982422
320.120331
320.129120
320.125275
319.990662
320.419891
320.517609
320.253601
320.384460
320.486267
320.424377
321.202087
321.051025
321.291565
321.760864
321.839783
321.915344
322.115387
322.536652
323.169403
322.970367
323.478027
323.635315
324.132568
324.192474
324.462982
324.450745
325.488800
325.125427
325.587524
325.960114
325.965576
326.079102
326.884186
326.707794
327.162964
327.321777
327.785034
327.931976
327.614197
328.267090
328.301361
328.684418
328.683441
328.777557
328.504486
328.703125
328.984406
329.218567
329.284515
329.117035
328.890991
328.892365
328.565979
329.027130
328.772430
328.905396
328.887146
328.774139
328.636841
328.490265
328.144379
328.317627
328.108093
327.763794
327.600098
327.339661
327.081268
327.334808
327.531281
326.697296
326.717621
326.525360
326.280945
326.488525
326.123566
325.886719
325.897339
325.988129
325.551270
325.920288
325.551361
325.466400
325.601257
325.287750
325.854706
325.243347
325.328003
325.726837
325.374634
325.541382
326.121002
326.577606
326.085754
326.426575
326.482483
326.652283
326.703522
327.676300
327.454773
327.904480
328.015961
328.198334
328.721130
328.978088
328.985992
329.752563
330.074127
330.078522
331.011536
331.241272
331.654083
331.594330
332.345520
332.878540
332.998352
333.361694
333.616821
333.996429
334.637390
335.241333
334.925507
335.137604
335.683441
335.391541
336.291199
336.295563
336.656708
337.101898
336.840363
337.276001
337.753967
337.410614
337.441986
337.681610
337.744049
338.288055
337.938477
338.303467
338.032837
337.551575
337.918152
337.761414
337.559937
337.483276
337.488495
337.407471
337.143738
337.681824
337.166382
336.271088
336.526031
336.730713
336.154602
336.266724
335.681061
335.505280
335.282806
335.160339
335.249359
334.654144
334.828857
334.648102
334.798431
334.377991
334.034729
334.063782
334.039703
333.795227
333.536896
333.784454
333.561676
333.147430
333.839508
333.897308
333.899078
334.258606
333.879578
334.185638
334.326996
334.225983
334.566406
334.714844
334.652374
334.672943
335.381409
335.451843
335.568237
336.031128
336.045624
336.962616
336.914459
337.175293
337.699860
338.221558
338.407562
338.936646
339.055664
339.319458
339.894440
340.176147
341.089569
340.877319
341.340179
342.370483
342.599915
342.736053
342.978363
343.115814
343.531677
344.093933
344.564453
344.733063
344.979736
345.201355
345.555908
345.735596
346.228882
345.937225
346.417328
346.428101
346.421967
346.252045
346.593567
346.788849
346.781311
346.573547
347.051727
346.646362
346.437012
346.463013
346.213104
346.307434
345.776154
345.864471
346.090729
345.379364
345.119415
345.548401
344.634155
344.441132
344.779022
344.391052
343.456635
343.738892
343.961639
343.429382
342.685059
342.982910
342.394287
341.923828
342.560944
341.618317
341.584717
341.035767
341.067627
341.161682
340.837982
340.848572
340.177338
340.314819
340.067413
339.721710
340.054321
339.601074
339.867950
340.221680
340.067627
339.930359
339.989655
340.371338
340.647156
340.016907
340.160370
340.682587
340.630646
340.433533
341.351318
341.206573
341.636597
342.034119
342.004211
342.393188
342.310120
343.168579
343.298401
343.326233
344.205505
344.404633
344.403839
344.469879
344.420624
345.133148
345.748260
345.600525
346.113586
346.281342
346.616455
346.806610
347.172760
347.329926
347.639862
347.968964
348.245728
347.893799
348.502289
348.133240
348.469910
348.664642
349.283264
348.681305
348.979218
348.834534
348.801849
348.872101
348.538727
348.984741
348.956085
348.571411
348.769684
348.529663
348.157959
348.369904
347.867645
347.949524
347.353546
347.405975
346.927277
347.179443
346.656799
346.155975
346.678009
345.734009
345.704681
345.662750
344.901764
345.212097
345.003876
344.930206
344.425812
344.732819
344.130554
344.780518
344.083252
344.203613
344.264404
344.080902
343.978210
343.972565
343.402222
343.235779
343.757507
343.400635
343.670654
343.322296
343.376099
343.623871
343.543915
343.915222
343.756531
343.656464
343.948547
344.022247
344.465820
344.348145
344.802399
344.849121
345.302856
345.281982
345.086548
345.670013
346.060150
346.239655
346.365479
346.907837
347.151093
347.232635
347.740692
347.638885
347.492310
348.042358
348.142517
348.142883
348.715363
348.721619
349.312256
349.198822
349.631042
349.060913
349.531128
349.418152
349.156219
349.774628
349.526550
349.578735
349.667633
349.751404
349.669983
349.577209
349.380859
349.183105
349.195526
348.935608
348.559296
348.802612
348.541779
348.209229
348.311737
347.963837
347.697906
347.523987
347.392548
347.010010
346.716553
346.874573
346.441345
346.344696
345.785828
345.858704
345.361084
345.503174
344.823059
345.207642
344.795258
344.274200
343.977173
344.134857
343.759979
344.264618
343.490814
343.330261
343.700775
343.352875
343.325317
343.371918
343.186707
343.557251
342.704376
344.050812
343.419739
343.840607
343.669586
344.408722
344.262329
343.844910
344.654907
344.532654
344.885651
345.067108
344.916901
345.390045
345.277374
345.578857
345.859222
346.294067
346.377472
346.924835
346.823578
347.047333
347.429840
347.404266
347.909332
348.254089
348.150513
348.020630
348.355103
348.572876
348.642303
348.777771
349.133606
349.012695
349.401581
349.005157
348.994720
348.924866
349.105530
349.329742
348.913940
349.211792
348.785675
348.687164
347.960693
348.104370
348.261292
347.897156
347.768250
347.735626
347.136993
346.934601
346.567688
346.437927
346.314575
346.241119
345.876587
345.308197
345.003662
345.089233
344.408447
344.529388
344.601562
343.754608
343.437714
343.730255
343.371033
343.199341
343.061157
343.002747
342.770630
342.919403
342.945831
343.148285
343.183136
343.236511
342.809967
343.469238
343.559143
343.242920
343.433533
343.895569
344.637512
344.699890
344.840424
345.092773
345.921875
346.571167
346.514343
347.368683
347.164276
347.731842
348.060333
348.263977
348.920929
349.437866
349.486359
349.820984
350.923187
350.528351
350.533447
350.826904
350.907928
350.551208
351.305145
350.929352
351.168091
350.405701
350.012390
349.278290
349.253845
348.552643
347.694550
346.509308
345.457184
344.150177
342.458435
340.900330
338.932770
337.057007
335.044830
332.549133
330.372681
327.803375
325.136566
322.064911
319.338043
315.735870
312.160034
308.673676
305.350830
301.869995
297.769196
294.186981
289.662781
285.372955
280.995941
276.820984
272.103516
267.992432
263.368225
258.964294
254.495590
249.906082
245.434433
241.564972
236.968353
233.178650
229.126953
225.525223
221.699890
217.927322
214.803864
211.692535
208.826141
206.047897
203.790253
201.647476
199.564362
198.111618
196.766434
195.911987
194.802933
194.547562
194.560043

315.095184
172.764572
173.193405
173.773712
174.504745
175.992859
177.270157
178.895447
180.664368
182.731384
185.073288
187.379822
190.131348
192.703751
195.573975
198.840851
202.095932
205.412308
209.152237
212.604050
215.968735
219.702042
223.915115
227.411224
231.376587
235.209137
238.933029
242.597656
246.414276
249.894409
253.285141
256.668549
260.270233
263.600281
267.199371
269.893066
273.092163
275.925476
279.097107
281.527863
283.729736
286.447205
288.648590
290.678009
292.234833
294.223541
295.885498
297.598572
298.673218
300.049774
301.062653
302.193329
302.938385
303.617401
304.681366
305.664520
305.665985
306.012604
306.241638
306.534119
307.123413
306.744781
307.083679
307.126251
306.890411
306.589752
306.978027
306.124146
306.376099
306.396973
305.650787
305.531158
305.287994
305.085876
304.960876
304.594452
304.441254
303.950653
303.748199
303.481110
303.280579
303.462830
302.989868
302.815338
303.516174
303.030334
302.918152
303.123810
303.095520
303.196259
303.246979
303.362701
303.501556
303.325439
303.646454
304.098663
304.226196
304.417175
304.597839
304.773102
305.179047
305.725433
305.828125
306.354034
306.729736
306.970123
307.091125
307.435883
307.609558
307.963226
308.375000
309.082855
308.889374
309.537933
309.827911
310.228149
310.268097
310.190918
310.592163
310.795502
311.167847
311.354034
311.137207
311.663696
311.633789
311.638855
311.586884
311.981110
312.016785
311.484436
311.855499
311.452057
311.569366
311.136139
311.082306
311.238678
311.098663
310.789764
310.490234
310.398376
310.305817
310.061340
309.662537
309.388763
309.090729
308.827728
308.517120
308.492096
308.324615
307.840179
307.442383
307.385529
307.036469
306.465271
306.737366
306.318054
306.070282
305.789093
306.106140
305.870636
305.965729
305.346313
305.276184
304.860535
305.482788
305.681152
305.320068
305.625519
305.577820
305.362366
305.340637
305.815460
306.088104
305.836121
306.186188
306.602356
306.691254
306.885803
307.040955
307.755249
308.015503
307.841827
308.307831
308.335419
308.754120
309.491180
309.669556
309.990509
310.292877
310.428223
311.376831
311.405548
311.648163
312.318359
312.644196
312.877045
312.962097
313.712494
313.669281
314.052155
314.221191
314.633118
314.388885
315.742584
315.460938
315.173370
315.626160
316.062927
316.031982
315.980133
315.748291
316.105164
315.905121
316.013733
315.912231
316.048126
316.269104
315.386322
315.715149
315.982605
315.588837
315.286194
315.212524
315.086029
315.326355
314.721863
314.495789
314.478485
313.941467
314.146698
313.498627
314.072571
313.332306
313.246368
312.747681
312.441254
312.468597
312.371521
311.696411
311.873260
311.707947
311.348358
311.226410
311.236725
310.729431
310.861755
310.787079
310.509186
310.363464
310.516968
310.608643
310.390472
310.789703
310.557404
310.237061
310.495758
310.550079
310.718567
310.860260
310.807709
311.026184
311.478241
311.427704
311.959534
311.799957
312.028046
312.794189
313.348633
312.879486
313.259460
313.702850
314.102112
314.366180
314.367767
315.020935
315.613342
315.952179
316.439545
316.149353
316.652740
317.092712
317.563721
317.729492
318.020996
317.933441
318.297028
318.441010
319.096985
319.197357
319.337128
319.498596
319.823700
320.075226
320.296906
320.612183
320.563385
320.295898
320.508484
320.720123
320.982483
320.696075
321.028961
320.282318
320.420319
320.856537
320.790344
320.785980
320.510864
320.439392
319.996155
320.232758
320.138733
319.895660
319.674316
319.202271
318.979767
319.157990
318.846436
318.728577
318.675354
318.386932
318.729553
318.087830
318.087830
317.857574
317.354095
317.495453
317.434174
316.953766
317.173645
317.085052
316.379425
317.068451
317.012817
316.507568
316.787140
316.516663
316.277496
316.435791
316.635498
316.680847
316.910614
316.853180
316.789124
317.040527
317.331177
317.479034
317.236572
317.460388
317.993011
317.813812
318.099121
318.561401
318.344635
319.062164
319.184509
319.329956
319.774078
320.148956
320.212463
320.858032
321.010223
321.209503
321.808990
321.704285
322.224213
322.478821
322.762421
322.857361
323.534119
323.443542
324.281525
323.899292
324.108887
324.693024
324.603271
324.556183
324.808624
324.771362
325.036041
325.262939
325.422607
325.739258
325.560974
325.639771
325.440491
325.423218
325.625244
325.630768
325.742401
325.560211
325.516449
324.920715
325.049988
325.018799
324.885376
324.908264
324.383759
324.159149
323.977936
323.842407
324.060272
322.971008
323.334015
323.098419
322.950775
322.744934
322.806946
321.909607
321.769043
321.479034
321.262695
321.372009
320.830780
321.165771
321.214691
320.741638
320.487061
320.442169
320.780945
320.605804
320.132935
320.244934
320.100433
320.252563
320.210999
320.206970
320.037659
320.446625
320.543701
320.266418
320.383759
320.474426
320.404938
321.172058
321.000641
321.240601
321.704468
321.752747
321.823944
322.037292
322.410187
323.013611
322.815033
323.331421
323.484558
323.993439
324.016632
324.295654
324.275818
325.290527
324.934509
325.425781
325.769287
325.758972
325.899475
326.696259
326.515991
327.010529
327.140869
327.584320
327.733398
327.424652
328.073090
328.125702
328.511078
328.496368
328.595215
328.321594
328.541473
328.825562
329.078949
329.119995
328.983368
328.759430
328.743561
328.396851
328.919586
328.649475
328.788849
328.756561
328.663757
328.521545
328.409271
328.063263
328.250031
328.046814
327.702911
327.562927
327.287201
327.066956
327.284119
327.496277
326.663391
326.676605
326.498840
326.270905
326.482147
326.111267
325.886932
325.933777
326.011627
325.599640
325.934143
325.601135
325.493225
325.629395
325.320190
325.920471
325.290039
325.398224
325.784973
325.408661
325.614990
326.181122
326.671448
326.156586
326.532501
326.551910
326.729370
326.785217
327.732635
327.528595
328.005615
328.101746
328.271515
328.785858
329.055664
329.075470
329.817749
330.132660
330.131500
331.067169
331.322144
331.687195
331.666626
332.415955
332.920715
333.014282
333.398193
333.649750
334.012177
334.679291
335.240875
334.923859
335.097504
335.650330
335.377258
336.263000
336.252930
336.646240
337.064331
336.784882
337.225861
337.681427
337.358856
337.373749
337.639313
337.650696
338.219482
337.838867
338.184753
337.918396
337.430389
337.830811
337.602295
337.423248
337.306976
337.341858
337.247742
336.978180
337.523438
336.973694
336.080750
336.338928
336.527618
335.966461
336.063934
335.476105
335.304199
335.077637
334.932037
334.998657
334.417664
334.568329
334.393555
334.541687
334.144318
333.775177
333.820679
333.788422
333.535645
333.250549
333.525696
333.290070
332.866791
333.560120
333.620087
333.600922
333.985931
333.587433
333.895233
334.037323
333.956299
334.270294
334.439545
334.381439
334.351135
335.084991
335.172455
335.267151
335.760925
335.769745
336.663849
336.643982
336.908813
337.450775
337.966858
338.136841
338.681915
338.793671
339.058350
339.637238
339.926300
340.830505
340.620728
341.118073
342.122253
342.380157
342.519165
342.765747
342.917755
343.306519
343.894257
344.404022
344.549347
344.776917
345.023193
345.382629
345.584564
346.076569
345.782196
346.278046
346.274689
346.264587
346.128693
346.492340
346.668915
346.674774
346.466858
346.957977
346.559143
346.353363
346.393158
346.145233
346.288330
345.693115
345.826813
346.053711
345.351349
345.061096
345.512054
344.599243
344.421600
344.772797
344.400909
343.451080
343.761322
343.971283
343.472229
342.701355
343.038605
342.442871
341.966003
342.622528
341.703979
341.674561
341.117096
341.134735
341.234894
340.927002
340.917480
340.302368
340.428772
340.180542
339.830475
340.172516
339.715424
340.020630
340.330322
340.181000
340.072662
340.136719
340.507812
340.818481
340.137726
340.301270
340.808228
340.810608
340.610962
341.529388
341.363007
341.810547
342.233948
342.174988
342.622864
342.484467
343.365204
343.475037
343.532623
344.390198
344.585907
344.617737
344.644623
344.627380
345.353668
345.959015
345.812897
346.320923
346.493866
346.825775
347.009827
347.371857
347.541534
347.881317
348.177185
348.476410
348.096588
348.712006
348.370392
348.673431
348.879852
349.502686
348.884521
349.217560
349.058533
349.003235
349.112457
348.764648
349.218231
349.182373
348.789276
348.972656
348.731476
348.352722
348.588806
348.064972
348.170990
347.536835
347.624664
347.136047
347.376404
346.856171
346.382996
346.926147
345.927124
345.929260
345.861328
345.131195
345.419098
345.187103
345.122650
344.644165
344.951202
344.287201
344.963165
344.277130
344.415680
344.544769
344.273987
344.174927
344.162537
343.613190
343.428528
343.975525
343.596985
343.843750
343.485107
343.557922
343.804596
343.698425
344.093903
343.916229
343.787415
344.139923
344.218597
344.652008
344.504730
344.981171
345.043060
345.478119
345.434601
345.289062
345.835754
346.230896
346.429260
346.534424
347.080414
347.328827
347.434814
347.889557
347.816620
347.665680
348.204254
348.288147
348.302673
348.874146
348.875061
349.489929
349.355347
349.803864
349.219391
349.689423
349.607300
349.305237
349.932587
349.715210
349.744446
349.841156
349.923676
349.858154
349.761139
349.572083
349.356659
349.365814
349.120392
348.714752
348.999664
348.726349
348.383362
348.498444
348.140533
347.914612
347.713806
347.630524
347.217102
346.893066
347.083405
346.649963
346.556824
346.000061
346.069550
345.519012
345.723083
345.063904
345.421814
345.013123
344.529236
344.187134
344.315948
343.965576
344.477905
343.700439
343.535400
343.920532
343.545807
343.517822
343.563721
343.391754
343.792572
342.931702
344.255615
343.651459
344.080200
343.903046
344.622375
344.553741
344.049561
344.905365
344.787567
345.139771
345.332611
345.160706
345.637329
345.543701
345.843689
346.132507
346.525970
346.674347
347.163879
347.092834
347.292480
347.679901
347.671814
348.138275
348.485687
348.374878
348.241547
348.608337
348.857117
348.893372
349.041107
349.410034
349.295135
349.643372
349.287964
349.289581
349.191193
349.376587
349.599487
349.129395
349.442841
349.054077
348.943176
348.205658
348.331207
348.510345
348.101685
348.007721
347.989594
347.419006
347.149536
346.826691
346.640167
346.551605
346.427002
346.093842
345.564819
345.212982
345.265503
344.596710
344.738861
344.776398
343.938416
343.635376
343.900482
343.565735
343.410492
343.233856
343.185181
342.894989
343.049133
343.104065
343.316040
343.365173
343.379913
342.918945
343.651367
343.680389
343.382080
343.577759
343.997620
344.757446
344.825165
344.943970
345.193665
346.041138
346.638977
346.645142
347.435028
347.253815
347.825073
348.141418
348.352478
348.994812
349.463531
349.515045
349.887787
350.957733
350.569824
350.604034
350.860168
350.897339
350.559692
351.314636
350.919312
351.179474
350.397278
349.996094
349.286255
349.230713
348.529846
347.649597
346.468353
345.430450
344.130157
342.408997
340.873322
338.877502
337.007263
334.983490
332.480896
330.310974
327.719727
325.057800
321.989288
319.253784
315.645416
312.057007
308.572266
305.237244
301.740906
297.653381
294.079346
289.564636
285.246002
280.897278
276.680603
271.973602
267.849121
263.234894
258.858154
254.352448
249.791290
245.306290
241.418320
236.826813
233.034790
228.960587
225.388626
221.554306
217.779282
214.638153
211.523392
208.665939
205.891434
203.628159
201.480942
199.387604
197.938843
196.597595
195.738464
194.645950
194.405136
194.363037

226.156006
185.154083
185.540237
186.332825
187.192535
188.530624
190.112228
191.830582
193.556229
195.900024
198.454987
201.170914
203.767563
207.041809
210.053635
213.434265
216.800522
220.663895
224.154709
228.219254
232.120132
236.074081
240.086624
244.084961
248.340927
252.098663
255.889450
259.955597
264.101624
267.883972
271.815033
275.509735
279.229309
282.848389
286.295410
289.513733
292.642242
295.821411
298.556580
301.665985
304.033783
306.200958
308.892853
311.281342
313.042633
315.186157
316.703033
318.167755
319.587128
321.190063
322.288544
322.868805
323.934326
324.798981
325.231384
325.848480
326.543091
326.662689
326.919586
326.671967
327.083679
327.398804
327.001587
326.854004
326.825256
327.039124
326.208435
326.260986
325.693054
325.749329
325.144226
325.121521
325.071075
324.682434
323.693878
323.593719
323.455627
323.047241
322.786102
322.528259
321.946960
322.078186
321.771179
321.378784
321.599823
320.954529
321.339874
321.533966
321.471649
321.436462
321.373291
321.217865
321.844086
321.549713
321.532959
322.171600
322.345062
322.045013
322.309967
322.805420
323.213867
323.261749
323.530060
323.758270
324.061768
324.612396
324.814819
325.082397
325.493927
326.035248
326.072357
326.476776
326.913757
326.816559
327.518585
327.340210
327.735382
327.507172
327.996094
328.668304
328.677490
328.801849
328.808197
328.999756
328.691345
329.154602
328.858215
328.998352
329.044220
328.798035
329.045837
328.772522
328.577515
328.477509
328.287384
328.078247
327.917175
327.637787
327.544891
327.214935
326.918823
326.710693
326.232819
326.422028
325.337891
325.631042
325.233551
324.757141
324.640686
324.001251
324.319366
323.328094
323.067139
323.187347
322.823456
322.258057
322.235809
322.004303
322.034180
321.450317
321.273590
321.096039
320.933258
321.115234
320.963989
321.066925
320.921509
320.860504
321.074371
321.102112
320.867218
321.061737
320.954193
321.469177
321.381470
322.019897
321.704956
321.776062
322.285187
322.285675
322.959015
323.412354
323.385834
323.993317
324.197083
324.833588
324.777649
324.926514
325.116669
325.379791
326.160400
325.982849
326.232178
327.004150
326.902100
327.191345
327.356201
328.052582
327.568115
328.328003
328.597321
328.703278
329.360138
329.191010
329.283691
329.455872
329.441467
329.574799
329.130432
329.581421
329.962555
329.252136
329.379150
329.547516
329.233673
329.180481
329.527405
328.752045
328.771057
328.782593
328.710480
328.441040
327.997559
327.550903
327.673279
327.297333
327.192719
326.656281
326.170685
325.919037
326.262421
325.701416
325.022858
325.047577
324.421173
324.217896
323.631470
323.614655
323.433594
323.101715
322.858246
322.670593
322.510284
322.068634
321.786743
321.915588
321.528351
321.903595
321.406891
321.087830
320.734039
320.966827
320.720520
320.992676
320.384979
320.336731
320.614349
320.772949
321.114624
320.988953
321.062500
321.250824
321.599396
321.647522
321.682983
322.024933
322.388733
322.441040
322.568726
322.840759
323.658630
323.479370
323.582123
324.231903
324.260376
324.412262
324.992035
324.888336
325.233582
325.653931
325.891571
325.939728
326.145477
326.834106
326.888184
326.873535
327.010742
327.833649
327.376068
327.963959
327.951721
328.043030
328.232574
328.296906
328.640015
328.593994
328.230255
328.665924
328.682404
328.472443
328.161957
328.677094
328.152130
328.300842
328.289093
328.214996
327.742188
327.903809
327.287750
327.446808
327.078522
327.421783
326.840393
326.868317
326.491669
325.778229
325.626495
325.676331
325.714905
325.329254
325.275116
325.002106
324.538300
324.006714
324.327087
324.355896
323.494324
323.604950
323.520691
323.280640
323.383484
322.671204
322.728271
323.074249
322.543396
322.613312
322.600708
321.946472
322.399536
321.852631
322.407806
322.560059
322.698730
322.736420
322.537598
322.906403
322.990204
323.246124
323.255951
323.424805
323.931488
323.393341
323.907501
324.287262
324.577423
324.827850
324.827606
325.277832
325.617737
325.940796
326.151459
326.483765
326.494934
327.573639
327.029663
327.466400
327.894135
328.243134
328.417999
328.100739
328.808289
329.269043
329.149994
329.742859
329.988068
330.115387
330.118256
330.282867
330.744415
330.318115
330.474335
330.716705
330.868683
331.043213
330.808929
331.182190
330.618622
330.684174
330.367676
330.866669
330.746399
330.529999
330.455536
330.559418
330.558746
330.236938
329.355408
329.626373
329.569916
329.187775
328.799988
328.540649
328.790222
328.254425
328.187836
327.586273
327.677948
327.406433
327.492676
327.132080
327.036163
326.919220
326.810333
325.732635
326.386841
326.320984
325.890686
325.640228
325.714783
325.654633
325.431244
324.905334
325.092102
325.519745
325.211731
325.163361
325.308289
325.044861
325.043823
325.553833
325.099274
325.497101
326.062012
325.620789
325.763672
325.839264
326.185608
326.352570
326.734039
326.779236
327.091888
327.740082
327.597321
328.437622
328.028687
328.330780
328.299316
328.937714
329.205536
329.510681
330.354034
329.953644
330.435333
330.479401
330.698334
331.288330
331.486938
331.570923
331.448669
331.468567
332.089050
332.655243
332.386932
333.194336
332.925018
332.888641
333.273499
333.020691
333.164948
333.597229
333.573578
333.596741
333.370392
333.193939
333.252472
333.148376
332.783661
332.913788
333.067932
333.005035
333.117157
332.578522
332.662079
332.367371
331.988953
331.829773
331.668365
331.550385
332.213928
331.312103
331.499390
331.276917
330.861359
330.687408
330.574707
330.061707
330.303680
330.137573
329.867126
330.290619
329.335175
329.404205
329.282867
329.324799
329.044067
329.301483
328.433624
328.825165
328.890289
329.031860
329.409546
329.148071
329.966614
328.962036
329.280182
329.617767
329.722290
329.684998
329.733154
330.127716
330.105927
330.408478
330.300659
330.892975
330.752686
331.387573
331.321136
331.770203
331.939209
332.387573
332.880035
333.004242
333.716248
333.514526
333.917328
334.427399
334.527679
334.730408
335.171814
335.826569
335.891113
336.345856
336.796997
336.565247
337.071655
337.464203
337.736603
337.895599
338.087860
338.462494
338.349365
338.908905
339.091248
338.804993
339.297180
339.171783
339.191895
338.854858
339.236267
339.047516
339.133728
339.310303
339.402374
339.325836
339.193359
339.594666
338.822449
339.213806
338.519440
338.850250
338.168732
338.180817
337.781311
337.821991
337.355560
336.697632
336.961273
336.557037
336.228943
336.087036
336.395935
336.126160
335.452972
335.249878
335.416351
334.903107
334.384064
334.725800
334.251770
334.171875
333.939850
333.516144
333.885651
333.418030
333.636169
333.585846
333.775177
333.392029
333.442017
333.406281
333.632385
333.301758
333.356232
333.445251
333.520172
333.783844
334.112457
334.122986
334.316711
335.071045
334.718567
335.108551
335.119537
335.436401
335.759003
336.603180
336.238220
336.660217
336.979675
337.283020
338.041656
338.110779
338.155609
339.334839
339.060242
339.202942
339.938934
340.003937
340.290039
340.785706
341.445831
341.566864
341.760315
341.892395
342.501617
342.168945
342.961975
342.883209
343.077026
342.922516
343.356628
343.448822
343.833160
343.433655
343.811096
343.584229
343.744720
344.154541
343.749359
343.547302
343.676483
343.591766
343.769409
343.421356
343.718445
342.961334
342.914886
342.629364
341.758850
342.364349
341.859100
340.969757
341.348785
340.755981
340.539459
340.339478
339.883209
339.879944
339.483978
338.945557
338.658234
338.143921
338.233856
337.958618
338.004517
337.345459
337.302917
337.385193
336.830109
336.609314
335.952087
336.035553
335.963318
335.889679
335.507782
335.411835
335.520477
335.001282
335.026062
335.382629
334.562317
335.569153
335.227753
335.052124
335.180695
335.540100
335.059387
335.737579
335.270813
335.895294
335.765350
336.020233
336.023468
335.931366
336.384674
336.680573
336.886383
337.248352
337.619324
337.646698
337.686554
338.026550
338.185638
338.688538
338.867249
339.233734
339.122345
339.295349
339.602448
339.747131
340.375946
340.490265
340.789215
340.955780
340.668152
341.424011
341.707367
341.426483
341.771912
341.617157
341.642334
341.361603
341.689697
341.724243
341.805389
341.576935
341.973083
342.188202
342.048615
342.006287
341.713470
340.928558
341.130157
341.058685
341.135468
340.893036
340.397430
340.425629
339.731506
339.451294
339.475159
338.868683
339.175354
339.023438
338.843506
337.831421
338.141266
337.769104
337.668640
337.566162
336.915344
336.941681
336.554016
336.427704
335.691925
336.065491
335.765228
335.966583
335.674561
335.397522
335.112000
335.173157
334.917603
334.845184
334.585052
334.866821
334.914429
334.900024
334.549255
334.564758
334.563324
334.823303
334.804443
334.908081
334.868988
334.959900
335.170868
335.284302
335.678497
335.962555
335.566864
336.205933
336.277222
336.614319
336.609070
336.863556
337.023438
336.985199
337.105621
337.196808
338.115753
337.741699
337.597168
337.622223
337.723358
338.712006
338.764893
338.606476
338.553314
339.254639
338.822449
339.253357
339.369476
339.552338
339.217712
339.606812
339.230377
339.239014
339.420044
339.028198
338.970886
339.169342
338.471039
338.709229
338.350861
338.201813
338.176910
337.610016
337.249084
337.908813
337.297424
337.155060
336.642609
336.737701
336.501678
336.275299
335.712555
335.845978
335.450012
334.700836
335.152191
334.776245
334.300323
333.860962
333.873291
333.887726
333.029053
333.041504
332.981171
333.120575
332.501495
332.467957
332.411133
332.368286
332.150909
332.007477
331.995422
332.072754
332.305695
331.813873
332.174011
331.853943
332.221771
332.040070
332.046875
332.318481
332.476562
332.843475
332.172638
332.823425
332.965088
333.502747
333.447540
333.639648
333.531586
333.999237
334.202087
334.500580
334.437775
334.414459
334.877258
335.321136
335.013214
335.290802
335.482635
335.734009
335.823792
336.205139
335.925507
336.441498
336.310822
336.588531
336.771301
336.591522
337.210144
336.775513
336.863800
336.381775
336.626556
336.758331
336.589081
336.649445
336.438141
336.394684
335.630005
335.614014
335.721130
335.374542
334.613037
334.626160
334.762939
334.245758
333.793060
333.626740
333.963867
333.348907
333.236267
332.486786
332.575500
332.015533
332.055084
331.681396
331.500885
331.629456
330.709015
331.058899
330.644073
330.306854
330.587250
330.454498
330.170166
330.163208
330.180603
330.035278
330.078003
330.129822
330.213837
329.935547
330.902466
330.625946
330.722565
331.049042
331.581085
331.318787
332.133453
332.422455
332.583221
332.915527
333.496674
333.886414
334.195801
334.760925
335.093658
335.108795
335.284332
335.963562
336.430145
336.813782
336.827637
337.319794
337.426025
337.612946
337.401703
337.294678
337.556610
337.599335
337.285675
336.885956
336.465485
335.969360
335.455414
334.840118
333.460510
332.692505
332.135162
330.576599
329.292664
327.537933
325.803284
323.901550
321.974243
319.991852
317.471039
315.175293
312.305328
309.284668
306.524292
303.545471
300.814758
297.139557
293.275055
289.986816
286.139252
282.158020
278.244965
274.188751
270.294647
265.808685
261.691833
257.063019
253.249619
248.936295
244.739288
240.576263
236.315338
232.374969
228.186996
224.189423
220.196472
216.681931
213.376419
209.607468
206.631821
203.959656
201.029434
198.489624
196.241028
194.009903
192.181274
190.729599
189.079575
188.441223
187.662567
187.393967
187.065704

229.735336
185.487106
185.878479
186.650970
187.530289
188.872284
190.436356
192.167252
193.894928
196.244049
198.804764
201.509384
204.111298
207.397339
210.409790
213.799622
217.168213
221.044357
224.521713
228.621552
232.515747
236.478424
240.519440
244.540466
248.767731
252.542328
256.312683
260.428589
264.573517
268.350891
272.270844
275.972870
279.702850
283.343170
286.801544
290.024841
293.163605
296.377045
299.104095
302.220123
304.607147
306.771667
309.481323
311.845276
313.654724
315.802704
317.347198
318.794250
320.185150
321.788269
322.903442
323.515869
324.608856
325.456726
325.924316
326.472137
327.205841
327.284882
327.587311
327.380859
327.777374
328.099792
327.709900
327.544434
327.594788
327.772186
326.918427
327.006378
326.420197
326.523193
325.861084
325.846375
325.775787
325.406189
324.404602
324.303558
324.164673
323.810333
323.506012
323.302673
322.660919
322.831482
322.471100
322.067047
322.331635
321.647736
322.018738
322.199768
322.167877
322.129700
322.075104
321.863129
322.538422
322.206329
322.216278
322.826904
323.022980
322.690704
322.944031
323.442505
323.839081
323.916962
324.129425
324.364502
324.640320
325.165924
325.377075
325.643860
326.034515
326.546936
326.586365
326.983978
327.417877
327.265472
328.038696
327.810211
328.178192
327.974976
328.425171
329.111938
329.055634
329.242218
329.236298
329.344513
329.060669
329.582062
329.190155
329.376709
329.424622
329.115479
329.367645
329.081696
328.908508
328.802673
328.582092
328.385834
328.184540
327.940002
327.813416
327.441223
327.164307
326.975586
326.497864
326.663605
325.563873
325.877014
325.479309
324.963440
324.841492
324.225922
324.547882
323.570892
323.280487
323.402344
323.009125
322.460632
322.458160
322.214233
322.248749
321.645294
321.488770
321.336212
321.117310
321.322632
321.205750
321.278412
321.118500
321.064514
321.291534
321.298798
321.047516
321.281677
321.134583
321.685852
321.582764
322.210358
321.903687
321.963165
322.511597
322.521851
323.154785
323.634460
323.611816
324.213165
324.450409
325.043427
324.997162
325.129639
325.328247
325.592743
326.408844
326.204956
326.493408
327.240387
327.129974
327.399963
327.588379
328.273987
327.814240
328.563568
328.840546
328.935150
329.589630
329.424561
329.529205
329.713379
329.674438
329.785553
329.352173
329.819672
330.192810
329.464203
329.597107
329.778687
329.452393
329.421265
329.702179
328.938599
328.977264
328.984528
328.912903
328.625366
328.167877
327.707764
327.841675
327.459747
327.341003
326.801422
326.310791
326.055420
326.421204
325.828949
325.141693
325.167542
324.535461
324.322113
323.723816
323.718903
323.519562
323.201172
322.925629
322.726685
322.562103
322.125885
321.853668
321.959473
321.584747
321.954285
321.436981
321.086823
320.753906
320.981598
320.724701
320.991821
320.397766
320.329285
320.580688
320.729950
321.101074
320.966339
321.040833
321.211029
321.572937
321.607697
321.627563
321.971710
322.334198
322.386444
322.508942
322.797211
323.602844
323.419312
323.514099
324.162598
324.206177
324.353882
324.950562
324.854614
325.189117
325.616364
325.846649
325.904816
326.094727
326.801208
326.856506
326.852844
326.998657
327.826447
327.368347
327.961060
327.947784
328.066223
328.270905
328.342438
328.647766
328.642731
328.292755
328.725800
328.749084
328.565430
328.281738
328.772552
328.273926
328.425568
328.407440
328.353577
327.874969
328.070099
327.446960
327.612579
327.263184
327.626587
327.048126
327.124359
326.740753
326.035461
325.906372
325.938660
325.987793
325.638184
325.583679
325.330383
324.867432
324.355103
324.680054
324.687439
323.874878
323.998657
323.923431
323.693573
323.794800
323.092041
323.169800
323.539062
323.020752
323.096008
323.085419
322.434998
322.872894
322.329895
322.929413
323.066711
323.242859
323.245758
323.070892
323.431213
323.533386
323.783508
323.793427
324.007965
324.482727
323.931671
324.482208
324.837738
325.112732
325.378510
325.362793
325.833069
326.173981
326.519562
326.657837
327.009918
327.030396
328.086426
327.583954
327.997223
328.410400
328.781982
328.925201
328.581787
329.316681
329.762817
329.623016
330.234314
330.439911
330.546753
330.562073
330.727203
331.141724
330.728760
330.862091
331.090515
331.220825
331.428497
331.104919
331.541901
330.927307
330.995544
330.667389
331.151184
331.064026
330.818207
330.737915
330.805450
330.782104
330.462585
329.550476
329.816803
329.765045
329.354431
328.968475
328.661865
328.938690
328.369904
328.288544
327.624664
327.741608
327.449371
327.552826
327.165436
327.078705
326.926605
326.822754
325.692505
326.371490
326.281525
325.845154
325.578308
325.638458
325.535004
325.356110
324.801270
324.989594
325.430481
325.086914
325.033508
325.157715
324.898529
324.903381
325.386963
324.962524
325.324921
325.888031
325.466522
325.587585
325.687103
326.010712
326.167603
326.551544
326.598297
326.912354
327.561462
327.417694
328.247253
327.841858
328.162964
328.125031
328.773651
329.009216
329.334320
330.202667
329.800629
330.252472
330.323090
330.543182
331.163239
331.337433
331.450562
331.316010
331.335876
331.978851
332.548004
332.307556
333.092651
332.879486
332.814453
333.202301
332.979034
333.130280
333.566864
333.520508
333.586304
333.402679
333.210815
333.269318
333.181671
332.814941
332.960541
333.103394
333.061188
333.159271
332.643311
332.783234
332.474731
332.101257
331.905609
331.819855
331.704285
332.369110
331.463593
331.642609
331.439178
331.078094
330.878540
330.781433
330.271698
330.531281
330.359924
330.090546
330.506531
329.602478
329.679016
329.548553
329.602234
329.339508
329.596161
328.733032
329.158386
329.194855
329.383057
329.711639
329.479858
329.833221
329.298096
329.633118
329.911102
330.057343
329.996094
330.090149
330.473816
330.469452
330.761292
330.664093
331.269470
331.122925
331.742218
331.658752
332.128754
332.290741
332.759277
333.226044
333.392883
334.045746
333.854065
334.262817
334.764008
334.842926
335.055847
335.494263
336.171326
336.230988
336.644989
337.110962
336.852142
337.364563
337.767761
338.016266
338.191315
338.368713
338.768280
338.622833
339.169952
339.352814
339.072357
339.532135
339.402954
339.415344
339.078979
339.446625
339.267578
339.341034
339.506653
339.581451
339.532349
339.362976
339.764740
338.996826
339.381287
338.672485
338.980255
338.322510
338.323639
337.872681
337.954926
337.436188
336.801056
337.043518
336.628540
336.295258
336.146881
336.468262
336.154419
335.474854
335.262634
335.454041
334.912750
334.399811
334.743713
334.265839
334.160919
333.910187
333.472473
333.856049
333.370026
333.595764
333.534058
333.719086
333.314575
333.357452
333.324249
333.536682
333.218689
333.253571
333.347229
333.427307
333.687103
333.982056
334.017334
334.178253
334.929230
334.567078
334.956268
334.968384
335.289917
335.601501
336.443726
336.061737
336.481262
336.806671
337.108307
337.848755
337.919159
337.953918
339.127228
338.873627
338.987183
339.720551
339.782043
340.075165
340.564972
341.216522
341.334869
341.522430
341.644318
342.248932
341.924438
342.698029
342.615173
342.788635
342.661743
343.094818
343.171631
343.544861
343.139008
343.509674
343.295715
343.467133
343.856049
343.452454
343.231567
343.399353
343.298676
343.460236
343.107819
343.392975
342.627319
342.603333
342.310486
341.451141
342.036499
341.521545
340.654755
341.040710
340.427551
340.214661
339.999542
339.542908
339.556152
339.155945
338.580688
338.298370
337.795410
337.890076
337.593933
337.654816
337.006927
336.951477
337.009857
336.490387
336.257996
335.579926
335.678375
335.621246
335.510681
335.174225
335.045319
335.182190
334.638824
334.690857
335.043335
334.200409
335.211792
334.869263
334.686707
334.830872
335.194916
334.694153
335.400909
334.921326
335.553589
335.415375
335.689178
335.673218
335.598785
336.066437
336.339142
336.550507
336.940277
337.303040
337.332245
337.355957
337.689728
337.883789
338.368347
338.567535
338.960876
338.837219
338.988373
339.319824
339.494904
340.118652
340.236206
340.519775
340.709015
340.400635
341.162018
341.484833
341.187805
341.531006
341.395630
341.422333
341.177551
341.474121
341.527222
341.601929
341.367737
341.785248
341.985840
341.870056
341.827545
341.510376
340.777679
340.981567
340.890930
340.992035
340.734161
340.293488
340.310883
339.575409
339.358612
339.355042
338.781433
339.053223
338.933868
338.735748
337.742157
338.044647
337.697113
337.580872
337.506592
336.858429
336.928894
336.523621
336.391663
335.667572
336.028168
335.757599
335.926025
335.482147
335.356873
335.092346
335.181091
334.918579
334.830200
334.592133
334.888184
334.934235
334.932434
334.610260
334.598572
334.616638
334.868713
334.847260
334.937927
334.925140
334.971069
335.232910
335.331177
335.717957
336.009186
335.636627
336.262329
336.342163
336.681213
336.692200
336.917999
337.090546
337.072540
337.140747
337.288239
338.160187
337.838684
337.658783
337.689056
337.834290
338.788635
338.843109
338.698486
338.644623
339.351715
338.921906
339.345673
339.463470
339.670410
339.326233
339.657593
339.312408
339.329803
339.536743
339.130219
339.063599
339.272125
338.556458
338.798798
338.426025
338.283112
338.280090
337.728455
337.368195
338.022186
337.375854
337.245728
336.746185
336.828796
336.605408
336.364014
335.816528
335.947937
335.543335
334.796326
335.246643
334.855225
334.386353
333.971649
333.956207
333.979401
333.127502
333.148346
333.081696
333.206268
332.589661
332.536621
332.505859
332.467712
332.278381
332.099762
332.076935
332.149933
332.401276
331.914551
332.253052
331.946625
332.315704
332.159210
332.145325
332.416229
332.558105
332.935822
332.267853
332.925293
333.051178
333.603577
333.547272
333.721497
333.636932
334.101593
334.310211
334.592590
334.550171
334.512390
334.982178
335.434296
335.126801
335.398499
335.592590
335.832947
335.945984
336.294800
336.038605
336.544281
336.421539
336.673065
336.899261
336.722534
337.330505
336.894318
336.998932
336.496796
336.743408
336.877808
336.724670
336.740906
336.556152
336.510498
335.741119
335.724792
335.822937
335.486511
334.740173
334.732086
334.873962
334.350555
333.908936
333.737946
334.057251
333.467285
333.356171
332.603241
332.692322
332.125549
332.162628
331.804962
331.614319
331.721863
330.809021
331.167084
330.754608
330.406128
330.697388
330.546631
330.264313
330.246796
330.312073
330.133484
330.176453
330.198578
330.295624
330.020325
330.992004
330.696991
330.775452
331.097137
331.642944
331.374695
332.195526
332.483185
332.645386
332.984314
333.535004
333.943665
334.250336
334.811066
335.139557
335.150452
335.332336
335.985016
336.439972
336.826324
336.840607
337.346069
337.433411
337.620575
337.405701
337.314056
337.553040
337.590973
337.268097
336.864014
336.440552
335.952179
335.437653
334.804871
333.434601
332.642975
332.087433
330.507690
329.265961
327.488129
325.744995
323.844086
321.923706
319.929291
317.402039
315.094238
312.225494
309.223663
306.430511
303.459747
300.734283
297.035339
293.176758
289.888702
286.023651
282.068451
278.123291
274.077515
270.161560
265.707031
261.574158
256.957855
253.131607
248.816284
244.615982
240.442108
236.183350
232.244797
228.059525
224.056030
220.066742
216.550934
213.232147
209.484299
206.485397
203.802826
200.883026
198.348083
196.099854
193.861938
192.028870
190.584778
188.920975
188.299896
187.501801
187.252380
186.907654

