306.117004
173.331436
173.810455
174.104065
175.425491
176.334930
177.869110
179.290314
181.103378
182.913361
185.459152
187.831467
190.457153
193.333420
196.088531
199.645172
202.668137
205.962891
209.390610
212.969223
216.518967
220.539688
224.077026
227.651062
231.622650
235.356674
238.983978
243.031052
246.775406
250.081436
253.940338
257.345673
260.659180
263.953613
267.317139
270.030304
273.016541
276.169678
278.864594
281.412811
283.931030
286.223419
288.206024
290.581909
292.447632
294.068115
295.633667
297.475647
298.643768
299.795013
300.747375
301.822754
302.666595
303.456879
303.834564
304.960266
305.624359
305.607635
306.174713
305.905975
305.971008
306.449524
306.575470
306.240021
306.253357
306.126923
305.812042
305.950317
305.519653
305.173187
304.821991
304.911499
304.670959
304.369110
304.317902
303.482300
303.586395
303.452087
303.246277
302.572021
302.490204
302.560303
302.813843
302.558990
302.544067
302.292450
302.128174
302.286957
301.936584
302.324463
302.685760
302.764893
302.772064
302.681488
302.749634
303.272369
303.118805
303.638092
303.823212
304.375641
304.459961
304.686340
304.716217
305.836029
305.882538
306.667236
306.385010
306.955994
307.258545
307.608124
308.087219
308.182343
308.716400
309.451965
309.119263
309.589264
309.844788
310.418549
310.540070
310.910797
310.813568
311.156555
311.470276
311.215118
311.533417
311.807037
311.376373
311.752716
312.327637
311.533936
311.745300
311.721191
311.362671
311.470795
311.136353
311.508423
311.386169
310.717285
310.964478
310.955475
310.347748
310.329590
310.428955
309.836639
309.418610
309.398285
309.140778
308.811981
308.519379
308.454620
308.276123
308.046967
307.957275
308.033112
307.352844
307.444366
306.949677
307.237762
306.932404
307.187775
306.587341
306.461212
306.187714
306.639099
306.546997
306.235046
306.256226
306.214752
306.471924
306.308167
307.038513
307.007263
307.180969
307.387360
307.055206
307.915802
307.890930
308.263489
308.748810
308.295502
309.106049
309.588409
309.677429
309.720551
310.551819
310.884857
310.950348
311.536194
311.554535
312.392120
312.121552
312.989288
312.944672
313.555328
313.995270
314.030396
314.517090
315.432861
315.455383
315.647125
315.463287
316.261230
316.404144
316.435608
316.757477
316.568970
317.129517
317.234924
317.159851
317.152313
317.396698
317.700256
317.462769
317.531494
317.808258
317.097351
317.213501
317.561707
317.203033
317.218872
316.974335
316.891998
316.495331
316.420868
316.406616
316.038879
315.922485
315.603333
315.364868
315.195404
314.929993
314.831726
314.635223
314.549225
313.987091
313.562439
313.638580
313.224487
312.897064
312.978149
312.690063
312.499298
312.382660
312.321198
311.851196
311.938629
311.692993
311.701691
311.843842
311.539551
311.546234
311.358765
311.503021
311.244873
311.328583
311.722931
311.556091
311.789703
311.992554
311.820404
311.774384
312.419800
312.437073
312.688751
313.457703
313.236359
313.091003
313.348724
314.346466
314.231903
314.932648
315.151001
315.367920
315.753906
315.662140
316.560303
316.570282
316.438019
317.361115
317.525574
317.541229
318.299988
317.790344
318.651306
318.917633
319.371216
319.716064
319.372406
319.479095
319.497620
320.483307
320.386780
320.850128
320.713440
321.259583
321.000275
320.937378
320.961151
321.192200
321.094635
321.153259
321.073151
321.077026
321.284943
320.984436
320.973083
320.834900
320.635895
321.046875
320.573212
320.427216
319.770142
320.170013
320.202423
319.922974
319.504028
319.186005
319.084961
318.922852
318.722321
318.445587
318.344147
318.428192
318.521515
318.275482
317.703278
317.255310
317.393280
317.463562
317.464264
317.010406
317.072510
316.602386
317.154938
316.703308
316.504883
316.597076
316.813965
316.823578
317.172272
316.753052
317.093201
317.144012
317.300415
317.214539
317.404724
317.641907
317.708038
317.830078
318.108521
318.523560
318.615417
318.986145
319.111969
319.338531
319.482117
319.968170
320.377411
320.617340
320.726379
321.111816
321.546631
321.706360
322.070892
322.420715
323.017151
322.625397
322.876251
323.514374
323.469818
323.809906
324.310577
324.601746
324.825012
325.167633
325.381134
325.340424
325.709015
325.832062
325.880371
325.462311
326.002655
326.125824
326.591705
326.277069
326.523163
326.186890
326.407593
326.121033
326.287933
326.399994
325.996826
326.216766
325.793793
326.040985
325.765533
325.514465
325.565643
325.244659
324.866425
324.776520
324.461243
324.619598
324.482452
323.870544
323.804596
323.723877
323.870117
323.603638
323.173340
322.850098
322.723999
323.227936
322.383911
322.145660
322.215820
322.083282
322.315674
321.694519
321.848938
321.617889
321.424408
321.258789
321.367767
321.222260
321.364044
321.469696
321.758881
321.441498
321.399628
322.001678
322.061768
321.996521
322.231720
322.435425
322.655029
322.772675
322.940765
323.297913
323.086517
323.724884
323.746338
323.877472
324.251190
324.658417
324.985565
325.280457
325.263489
325.791443
326.140930
326.778351
326.493134
326.713104
326.833130
327.079773
327.762146
327.933929
328.186584
328.298859
328.519928
328.692841
329.020966
328.914642
329.432800
329.770386
329.973083
329.460999
330.222046
329.941956
330.485474
330.127380
330.702454
330.288696
330.149689
330.658875
330.463928
330.119110
330.088928
329.713745
329.952026
329.669037
329.560181
329.736267
329.514893
329.454620
329.317352
328.882721
329.077393
328.766022
328.845459
328.656281
328.314331
328.316254
327.821106
327.565521
327.449890
327.376038
327.418304
327.054993
326.934418
326.770996
327.080688
326.937012
326.773804
327.002716
326.486023
326.661530
326.580322
326.499573
326.823029
326.435944
326.535492
327.362091
326.334778
327.292694
326.979736
327.539032
327.317230
327.678528
328.112000
327.984467
328.212738
328.066162
328.841797
328.917450
329.155029
329.818665
330.109680
330.459320
330.443359
331.188873
331.505585
331.688873
332.232605
332.870972
332.953278
333.238373
333.295715
334.020386
334.551208
335.127655
334.995056
335.190155
335.673431
336.215942
335.783844
336.515747
337.054565
337.462463
337.092865
337.431274
337.936981
337.874420
337.993774
338.320251
338.583221
338.494385
338.618347
338.640594
338.453156
338.890991
339.152374
338.192322
338.727020
338.644348
338.258209
338.531433
338.411194
338.450623
338.094086
337.915405
338.144714
337.897675
337.590149
337.362457
337.287201
336.925690
336.276276
336.891052
336.427277
336.210388
336.227295
336.067657
335.973450
335.580780
335.528717
335.372223
335.706665
335.025208
335.118347
334.758301
334.675934
334.725555
334.648651
334.453827
334.791138
334.085938
334.187775
334.767578
334.554230
334.777374
335.028442
334.962555
334.952484
335.105621
335.303711
335.520233
335.235840
336.032471
335.994263
336.559174
336.834015
337.281372
337.382629
337.953094
338.262451
338.746643
338.706696
339.386871
339.519775
339.671722
340.328979
340.712952
340.609192
341.520599
341.174774
342.461700
342.491119
343.260956
343.559937
343.940735
343.896057
344.055145
344.641052
344.697784
345.209503
345.533203
345.791046
346.003387
346.270355
346.661255
346.599152
346.945862
346.486877
346.815125
347.205536
347.008057
347.504425
346.789185
346.915466
347.624969
346.951080
347.340698
346.700806
347.165619
346.459320
346.713776
346.107117
346.589478
346.146545
345.729614
345.682068
345.546814
345.356598
344.078674
344.476959
344.617493
343.877533
343.948853
343.478180
343.097198
342.737732
342.683014
342.433929
342.159271
341.585968
341.909149
341.316315
341.382477
341.338104
340.574158
340.851105
340.749237
340.377502
340.176575
340.030243
340.267487
340.142456
340.014160
340.032745
340.142609
340.173065
340.364868
340.164246
340.699066
340.484375
340.426880
340.802338
341.038666
341.226440
341.259338
341.223145
341.853333
341.783386
342.213776
342.486664
342.569733
343.288269
343.266632
343.382355
343.577576
344.266083
344.526642
344.177185
344.902802
345.252106
345.742920
346.156586
346.217987
346.133331
346.950195
347.381683
347.399963
347.348724
347.632843
348.092743
348.197632
348.510376
348.871674
348.716400
348.969971
348.921753
348.809143
348.921478
348.943054
348.938995
349.332733
348.695557
348.957306
348.748108
348.995361
348.859619
348.718201
348.644836
348.993622
348.552094
348.053192
348.330139
348.005432
347.651093
347.476837
347.109528
346.626007
347.057861
346.731323
345.995544
346.122345
346.100739
345.904816
345.791901
345.466431
345.755341
345.422577
344.812225
344.668213
345.083496
344.433990
344.801056
344.221344
344.804565
344.298340
344.655914
343.930603
343.860504
343.991913
344.297211
343.687897
343.847076
343.892120
343.994995
343.942230
344.426300
344.384094
344.407745
344.394867
344.637726
344.927307
345.354614
345.146637
345.597412
346.187653
346.276001
346.025940
346.470673
346.585358
346.991547
347.186340
347.909851
347.558533
347.825409
348.184479
348.714783
348.759674
348.845154
348.894257
349.615326
349.729187
349.718964
349.653168
350.021912
350.347412
350.201782
350.472992
350.202881
350.520935
350.373688
350.696442
350.420715
350.400452
350.366028
350.589874
350.971588
350.283478
350.251862
349.890228
350.097137
350.295624
349.656128
349.506744
349.481262
349.335510
349.293030
349.159637
348.528137
348.103760
348.373505
348.304596
347.549286
347.825165
347.411591
347.248322
347.199402
346.594208
346.373199
346.205750
346.568268
345.896210
345.925354
345.615204
345.233765
345.297852
344.932526
345.080322
345.329437
344.945709
344.645203
344.728302
344.763275
344.859985
344.653046
344.914062
344.714050
344.940887
345.161469
345.240753
344.879425
345.117493
345.495453
345.684906
345.710327
346.132324
346.062897
346.323914
346.908447
347.207886
347.007050
347.356384
347.879822
347.764923
348.244873
348.002869
348.610504
348.489563
349.268616
348.944031
349.133362
350.034515
350.154480
350.301575
350.262207
350.194031
350.611877
350.821930
350.502167
350.889343
350.517548
350.987946
351.182709
350.801025
350.620636
350.934753
350.412048
350.378510
350.407837
350.345428
350.406860
350.221649
350.011932
349.473328
349.216583
349.250397
348.334717
348.566284
348.332855
347.782349
347.756714
347.454956
347.190399
346.904816
346.739868
346.465240
346.149567
346.278656
345.691925
345.205200
345.253815
345.120972
344.935028
344.744659
344.494965
344.623077
344.887512
344.640442
344.531006
344.610107
345.016571
345.122925
344.946381
345.002014
345.432129
346.175262
345.761719
346.719604
346.817413
347.239960
347.506500
347.369232
347.941315
348.577209
348.671906
349.021698
349.674957
350.003754
350.102325
350.638062
351.619171
351.754333
352.325043
352.344238
352.972260
353.025757
353.576111
353.160187
353.335144
352.853516
353.159210
352.731873
352.504059
352.035461
351.626373
351.108551
350.683014
349.317719
348.514465
347.103882
346.930725
344.569336
343.059723
341.103638
339.174072
337.079224
334.738922
332.427032
329.855713
327.288818
324.365631
320.985016
318.075165
314.582397
311.152313
307.234741
303.422974
299.605042
295.686584
291.124786
287.480774
282.869232
278.548004
273.948853
269.255951
264.829254
260.556519
256.315063
251.738297
247.169205
243.062195
238.789734
234.661911
230.410889
226.669708
223.273911
219.680084
215.981430
213.461288
210.138718
207.516998
205.037872
202.988815
201.103378
199.190216
197.910751
196.910294
196.111969
195.587173
196.108704

305.866913
173.272675
173.750198
174.046875
175.383911
176.275757
177.820877
179.252670
181.072586
182.900589
185.451645
187.813354
190.468933
193.364182
196.134872
199.706940
202.736938
206.063919
209.494904
213.077179
216.663727
220.695404
224.261810
227.848633
231.861160
235.618408
239.245361
243.338821
247.090515
250.446442
254.303070
257.734497
261.111816
264.409210
267.778137
270.530762
273.543365
276.722107
279.436035
282.043549
284.586151
286.889709
288.893768
291.303741
293.238861
294.876007
296.434723
298.337494
299.520355
300.674042
301.645477
302.768372
303.649811
304.459686
304.883423
306.009399
306.706635
306.709595
307.314056
307.083435
307.181396
307.657440
307.782318
307.508301
307.518402
307.451263
307.129822
307.313416
306.837341
306.563751
306.185028
306.306213
306.107727
305.774811
305.711517
304.935150
304.993103
304.929108
304.762665
304.066833
303.970673
304.060486
304.316040
304.043854
304.046265
303.789246
303.662781
303.796326
303.433624
303.838257
304.226135
304.308746
304.230408
304.186584
304.239044
304.779968
304.559692
305.131073
305.301208
305.802673
305.851715
306.092346
306.125092
307.240997
307.259247
308.057343
307.742859
308.294678
308.601196
308.870605
309.367615
309.481689
309.946472
310.653015
310.317871
310.770844
310.956116
311.533203
311.623962
311.953430
311.856262
312.168152
312.482574
312.199280
312.487122
312.770660
312.307770
312.605042
313.146576
312.336823
312.540802
312.476624
312.118011
312.180511
311.820557
312.153992
312.032837
311.333527
311.535583
311.532562
310.887024
310.842773
310.896393
310.260773
309.858826
309.830322
309.532379
309.165466
308.856232
308.766510
308.594604
308.340363
308.217285
308.271393
307.604492
307.647278
307.132233
307.408630
307.088989
307.327911
306.682648
306.553253
306.275513
306.718842
306.600189
306.269806
306.291412
306.239197
306.482880
306.307983
307.019012
306.992737
307.171082
307.336975
307.019318
307.848785
307.834961
308.209747
308.701630
308.209900
309.030243
309.475159
309.604279
309.619232
310.462494
310.786346
310.844299
311.444000
311.477966
312.292603
312.051575
312.913483
312.861359
313.487122
313.918549
313.941132
314.452209
315.408508
315.388885
315.575134
315.409760
316.213593
316.364594
316.415558
316.748322
316.579376
317.129730
317.250427
317.203613
317.201782
317.409180
317.782196
317.517273
317.613251
317.869141
317.206421
317.320221
317.672302
317.356445
317.373230
317.142487
317.056915
316.667664
316.608459
316.640137
316.249054
316.163696
315.844452
315.603271
315.466125
315.246826
315.137054
314.942780
314.844696
314.311157
313.930847
314.042419
313.590607
313.289124
313.374115
313.112762
312.932495
312.839874
312.782196
312.344238
312.462921
312.249390
312.210297
312.438324
312.111542
312.127777
311.916565
312.107269
311.867340
311.964294
312.353241
312.224335
312.475098
312.672119
312.473236
312.480408
313.148376
313.213287
313.440338
314.197113
314.012726
313.908417
314.176208
315.198669
315.086578
315.802307
316.022766
316.218414
316.654266
316.568420
317.493195
317.523407
317.367615
318.321930
318.490234
318.492737
319.322296
318.849152
319.661865
320.027618
320.443695
320.798645
320.405457
320.574219
320.587830
321.615936
321.507629
322.031860
321.902954
322.501526
322.197662
322.140961
322.188080
322.469971
322.329224
322.461639
322.360992
322.365601
322.633850
322.303558
322.342010
322.175110
322.000183
322.421692
321.972900
321.781769
321.166534
321.614227
321.612915
321.312988
320.925018
320.628479
320.656586
320.415863
320.200195
319.963165
319.838135
319.938232
319.988617
319.733582
319.210785
318.761536
318.948090
319.013245
318.918182
318.548767
318.590118
318.111053
318.698181
318.271912
318.083893
318.092834
318.301758
318.331268
318.691833
318.270844
318.655243
318.698212
318.817871
318.735626
318.876923
319.176941
319.223694
319.301270
319.578827
320.058502
320.040649
320.478180
320.534027
320.813568
320.895050
321.444763
321.815430
322.071442
322.128601
322.545746
322.953827
323.045532
323.414368
323.711639
324.325348
323.922058
324.192932
324.767578
324.750580
324.997070
325.522797
325.794189
325.990448
326.350677
326.528015
326.508881
326.761353
326.994019
326.989288
326.553375
327.081512
327.130157
327.520111
327.356873
327.456696
327.140015
327.330811
327.005646
327.188538
327.218842
326.750061
327.078766
326.608368
326.792633
326.531982
326.166626
326.272888
325.944061
325.500854
325.414398
325.054413
325.238617
325.008942
324.409210
324.294739
324.205139
324.363617
324.034729
323.602997
323.234558
323.115509
323.618958
322.750916
322.479218
322.551758
322.397644
322.558838
321.973145
322.101807
321.839905
321.659058
321.457458
321.570618
321.369049
321.513031
321.589691
321.879303
321.567871
321.537903
322.071594
322.110687
322.054718
322.264587
322.477478
322.659210
322.775513
322.942596
323.307739
323.050903
323.694397
323.679138
323.786438
324.207794
324.585022
324.901611
325.199249
325.167267
325.688812
326.040314
326.710114
326.406067
326.597473
326.747955
326.990021
327.667206
327.837036
328.081207
328.183411
328.389343
328.576630
328.910187
328.820221
329.320099
329.678833
329.860840
329.342529
330.138733
329.840576
330.388031
330.019745
330.616364
330.193604
330.045502
330.563232
330.363739
330.030762
329.983551
329.624146
329.864319
329.593994
329.479309
329.665314
329.439148
329.386169
329.241943
328.833923
329.037476
328.716156
328.795929
328.608124
328.271576
328.249756
327.743622
327.524872
327.417725
327.309113
327.365204
327.022003
326.889191
326.727539
327.059235
326.895782
326.711456
326.937439
326.457550
326.629150
326.527344
326.430695
326.753632
326.360748
326.457977
327.367432
326.271210
327.210724
326.930664
327.439758
327.220337
327.616058
328.000336
327.884552
328.065521
327.962646
328.729492
328.792816
329.020020
329.685669
329.951721
330.282013
330.255341
330.976501
331.323181
331.468292
332.047516
332.632507
332.692993
333.004181
333.060638
333.751465
334.282135
334.830078
334.710449
334.897369
335.374268
335.907928
335.461792
336.163635
336.692352
337.075958
336.704315
337.061066
337.537537
337.436401
337.551453
337.860748
338.126312
338.029114
338.132996
338.110718
337.919067
338.382111
338.632477
337.621674
338.166290
338.078430
337.695404
337.960297
337.828613
337.849396
337.459503
337.293640
337.522034
337.247498
336.942078
336.676147
336.638184
336.228241
335.602570
336.180481
335.707031
335.493561
335.514008
335.314697
335.222748
334.848846
334.811859
334.587708
334.947449
334.272186
334.358673
333.993134
333.894684
333.949005
333.869324
333.691071
334.015717
333.307343
333.393250
333.975250
333.777771
333.990875
334.258728
334.185455
334.193939
334.350281
334.526642
334.738190
334.476776
335.262787
335.244263
335.788940
336.048279
336.517426
336.627869
337.211151
337.521057
338.045715
338.003510
338.677307
338.829346
338.982513
339.661865
340.023651
339.945831
340.860474
340.538391
341.821075
341.851654
342.611115
342.953949
343.334442
343.288269
343.466339
344.061401
344.155487
344.651520
344.996307
345.262024
345.473511
345.755524
346.148102
346.117645
346.500000
346.020172
346.351654
346.777039
346.604370
347.115387
346.411194
346.579773
347.292633
346.640808
347.015900
346.382355
346.892029
346.155853
346.418304
345.826233
346.356873
345.916107
345.498718
345.494324
345.337128
345.166168
343.917816
344.319611
344.463867
343.753387
343.845764
343.366486
343.010742
342.674774
342.626648
342.382477
342.114075
341.548218
341.890961
341.311890
341.367615
341.360687
340.605194
340.867706
340.792938
340.450409
340.257812
340.115234
340.345825
340.257690
340.136993
340.142975
340.275208
340.318451
340.498474
340.307159
340.833710
340.654266
340.596680
340.961395
341.231415
341.449127
341.474823
341.435394
342.051666
341.975006
342.433197
342.726715
342.805725
343.528595
343.538422
343.648376
343.840637
344.548798
344.801361
344.427216
345.192047
345.537109
346.004974
346.478394
346.496216
346.434784
347.253693
347.693085
347.700592
347.655212
347.937439
348.400482
348.474915
348.801147
349.188507
349.006927
349.261292
349.223358
349.109131
349.196289
349.234100
349.244995
349.636719
349.022980
349.261292
349.024353
349.285278
349.145233
349.016541
348.906097
349.267548
348.842438
348.360870
348.602142
348.282440
347.890106
347.712860
347.385223
346.861725
347.311462
346.971771
346.224396
346.386139
346.334412
346.159302
346.014191
345.716492
345.996552
345.643646
345.059113
344.886292
345.286987
344.627625
345.006897
344.492798
345.007599
344.492157
344.841431
344.092163
344.008636
344.148193
344.420044
343.811646
343.994354
344.025452
344.117401
344.069855
344.548523
344.486145
344.507263
344.487335
344.765289
345.012878
345.431549
345.235504
345.667480
346.247742
346.373840
346.083740
346.535339
346.636932
347.010651
347.265991
347.950775
347.582550
347.884583
348.246277
348.734192
348.782562
348.858246
348.938904
349.620667
349.748596
349.717346
349.623901
350.034241
350.386322
350.191254
350.477905
350.214050
350.497070
350.359741
350.703857
350.421021
350.390015
350.341309
350.600494
350.934265
350.231232
350.233246
349.862152
350.046906
350.231140
349.587006
349.457886
349.465240
349.287811
349.262848
349.130768
348.469513
348.016693
348.368011
348.255157
347.529388
347.765228
347.395325
347.200928
347.133575
346.548248
346.352081
346.188385
346.545776
345.856506
345.907501
345.568634
345.220062
345.293823
344.947906
345.042297
345.309021
344.941925
344.614502
344.742676
344.735474
344.856598
344.646118
344.918335
344.673553
344.892273
345.148651
345.270782
344.862488
345.150391
345.498840
345.736938
345.742432
346.192078
346.090576
346.396576
346.915558
347.242157
347.026611
347.414520
347.902069
347.770416
348.259064
348.035248
348.637939
348.506165
349.345001
349.048279
349.175385
350.109192
350.189331
350.357971
350.310791
350.252411
350.710663
350.908661
350.612244
350.903748
350.597961
351.080872
351.259552
350.888824
350.662964
351.038452
350.448975
350.451660
350.484619
350.394196
350.472778
350.303436
350.099030
349.527710
349.279968
349.316376
348.379211
348.639862
348.411438
347.847107
347.783752
347.517090
347.218353
346.998138
346.795654
346.568542
346.188812
346.324951
345.754944
345.217407
345.291290
345.150848
344.981079
344.791443
344.565521
344.639435
344.910400
344.677643
344.563446
344.595215
345.029053
345.127289
344.944733
344.977997
345.414124
346.173828
345.726868
346.684509
346.817963
347.196472
347.463959
347.267212
347.890564
348.519440
348.628113
348.971710
349.614777
349.905579
350.027618
350.525909
351.502441
351.642273
352.207458
352.212311
352.856354
352.877747
353.448669
353.005524
353.228577
352.701263
353.006531
352.576508
352.337494
351.889832
351.485535
350.908844
350.479218
349.092468
348.311401
346.885406
346.708435
344.340607
342.826080
340.853516
338.921387
336.832153
334.438660
332.178528
329.562775
327.024628
324.078186
320.740112
317.790375
314.283600
310.807495
306.932373
303.106201
299.295074
295.353027
290.799713
287.138489
282.519287
278.204468
273.596924
268.924683
264.483826
260.201385
255.946747
251.373398
246.795959
242.683548
238.447372
234.292343
230.040146
226.273300
222.877838
219.292328
215.584488
213.054672
209.743500
207.118469
204.628372
202.585892
200.688034
198.779312
197.517258
196.543442
195.722458
195.183014
195.559570

220.618378
181.059982
181.433701
182.050934
183.127609
184.544128
186.247147
188.180084
190.300934
191.946289
194.312088
196.361237
199.123032
202.221970
205.502304
208.951508
212.012283
215.378265
219.107986
222.858414
227.297928
230.974380
235.019531
239.456100
242.970993
247.172318
250.572678
254.678314
258.919861
261.997437
265.420746
269.291351
273.168915
277.021027
280.834808
285.127380
288.142334
290.722137
293.187225
295.337616
297.831818
300.203857
302.330444
305.140076
306.316162
307.473175
309.888763
311.823334
313.562805
314.583862
315.753052
316.506683
317.832672
319.687286
320.503418
320.795074
320.991638
321.568512
321.336761
321.086090
320.972626
320.980164
320.754242
321.421112
321.457886
320.477051
320.345428
320.471191
320.098694
318.949951
318.923218
319.404144
319.578064
319.786011
318.999115
318.500427
318.027802
318.157593
318.886810
318.334106
317.729034
316.779266
316.062408
315.977539
316.422272
315.961945
316.725189
316.651550
317.487091
317.655701
317.321472
316.996216
318.233398
318.192139
318.142120
318.303101
317.604248
318.547272
318.867676
319.816040
320.542206
320.549622
320.353607
320.169250
321.610229
322.393738
322.340302
323.654633
324.346161
324.578430
323.402252
322.255737
321.621765
321.452606
322.136444
323.677643
323.820557
323.646240
323.920807
323.969788
324.213318
324.612610
325.056671
326.515747
326.714752
326.761078
326.413727
326.300751
327.126251
327.287506
326.865387
326.468811
326.433807
327.681549
327.486694
326.595703
327.475464
329.038727
328.675598
328.127380
327.331024
325.769836
325.146179
326.446075
326.505310
325.682770
324.736938
324.975159
325.275299
324.923431
325.261292
324.519257
323.244263
321.952820
321.891815
321.804688
322.476044
322.653351
321.259918
321.013519
322.667450
322.322296
321.564545
319.839142
319.508270
319.574554
319.914246
320.913452
321.421478
321.365875
320.623871
321.285492
322.099915
321.648315
322.094360
320.770660
319.948120
320.463989
321.421448
323.925140
326.618896
328.293976
328.624207
327.467316
325.125732
324.894562
324.855865
325.295319
326.376770
328.277527
328.844116
328.706970
326.956390
327.183228
327.786407
329.483154
330.018372
330.322144
331.515106
332.286804
332.846680
332.658264
333.361023
334.302490
333.750214
333.273010
334.480682
332.971130
331.541443
330.232880
330.840637
331.610901
331.678528
331.216614
330.800720
331.526825
330.213043
329.347748
330.107635
331.031494
331.559875
331.218048
327.935242
327.072418
328.898956
329.696655
329.227600
327.325836
326.077240
324.810791
325.862915
326.901123
326.206421
325.531464
324.965790
324.020569
324.276337
323.863647
323.192627
322.850983
324.093719
325.258148
324.616577
322.774689
322.373535
324.219330
324.512512
324.043671
323.549469
322.594238
320.784332
321.633087
322.170746
323.400757
322.229797
321.912964
322.612091
322.092896
321.235382
322.592316
323.154999
322.262421
321.842590
322.241119
321.945953
322.233978
322.474609
323.450958
326.114685
327.710938
327.912872
325.816986
325.551239
324.546143
325.536316
327.250671
327.230774
326.191528
325.958893
325.595703
325.404663
325.213531
327.366394
328.027618
327.301117
326.467926
326.295593
327.430267
327.334290
327.001373
327.930023
327.314178
327.771332
328.010986
328.170166
326.598236
326.302917
327.198700
327.810089
327.237061
326.626923
326.698090
326.374359
326.403961
327.005371
327.981598
327.870789
328.627075
327.825256
326.182159
325.959717
325.693024
325.459045
325.913727
325.719757
323.940277
323.407135
323.961823
324.634888
323.389160
322.958893
321.934143
321.553986
322.067200
322.310089
321.968933
321.203949
320.588043
321.251038
321.985687
320.578186
319.584198
320.544373
320.992920
320.868225
319.513214
318.532898
318.959961
319.252197
319.932678
320.290863
319.376190
319.131927
318.969940
318.805328
318.365601
319.303131
319.189148
319.578644
320.077972
321.088074
320.069519
319.557983
319.566437
320.911774
320.366882
319.895325
319.939209
320.993225
321.475739
321.444366
321.819275
322.761230
322.983856
323.516205
323.472961
323.287598
323.725555
324.196716
323.299957
323.094330
323.508759
324.168732
324.531860
324.648102
325.722412
327.219269
326.928680
325.731964
325.668945
324.934814
324.724182
326.216187
328.210602
327.588654
327.014984
327.256531
327.129608
327.174469
326.852905
325.495453
325.911285
326.579254
326.417664
325.851532
325.722748
325.447144
324.573822
323.800354
323.131622
322.716156
323.200287
323.698242
323.541779
322.749237
322.194855
322.492676
322.945984
323.370880
323.605499
322.607971
320.900909
321.028351
321.309723
320.646484
320.525146
320.624603
320.785034
320.324402
320.192139
320.416168
320.371155
321.073608
321.461365
320.519379
319.970001
320.386414
320.052032
319.009552
318.979645
319.280273
319.422241
319.720795
319.263184
319.110321
319.322540
319.848572
320.295959
320.406525
320.446045
321.061493
322.101868
322.258667
323.092194
323.512177
324.059845
324.067261
324.230042
324.782867
325.445801
325.440704
324.883240
325.026276
325.209290
325.258484
326.601929
327.787445
328.085022
327.263702
326.680756
327.092712
327.557648
327.496399
327.778107
328.022003
328.663635
327.958435
327.694672
326.829071
327.230225
327.170166
327.690704
328.233032
328.115936
327.481049
327.589752
327.874451
328.582397
327.684387
326.049316
326.274200
326.196136
326.501343
327.441437
326.905121
326.137756
325.657654
325.813049
324.445923
324.652100
325.283569
326.287689
325.845886
325.305145
325.449951
325.643311
324.814453
324.295868
323.889374
324.015259
323.605225
323.146423
322.694000
322.439789
322.200775
322.485779
322.340698
322.047211
321.953430
322.002197
321.734192
321.442932
322.388428
321.600739
321.889801
322.766205
322.942596
323.574341
323.113403
322.413818
322.351440
322.841858
323.241150
323.521179
323.707825
324.810364
326.348206
325.527161
324.786774
325.005280
326.033356
326.905762
326.568787
326.991669
327.688782
327.326782
327.234528
327.477814
328.004211
328.593140
328.486969
328.825043
328.981415
330.189026
329.993378
330.357422
330.861542
330.762604
331.697906
330.970215
331.004150
330.425262
330.905579
331.300659
331.488647
330.910126
330.888275
331.106628
331.039795
331.405396
331.917023
331.587830
331.576477
331.798340
332.310608
332.754791
332.757935
331.542572
331.306671
331.326477
330.994385
331.052490
330.962830
330.434784
329.775940
329.883087
329.998840
329.852112
329.514130
329.533234
330.298645
330.370880
329.111908
328.936859
327.848083
327.787598
327.869965
327.731750
327.386169
326.515350
326.450012
327.958313
327.381897
327.669678
326.791718
326.690674
326.606598
326.539734
326.587067
327.775513
326.648560
326.647064
327.259583
327.253906
327.323120
327.077606
328.058441
328.402527
328.765472
328.429565
328.429993
329.001709
329.163757
330.560059
330.664307
330.525696
330.660156
331.746216
331.507050
332.825287
332.738708
332.547913
333.760223
335.215637
336.217163
336.545105
336.666443
336.273193
335.870514
336.266174
336.183411
336.151917
336.327179
337.718384
337.755585
338.396240
339.711273
339.062225
338.756500
338.365448
339.298706
340.439758
339.908844
340.841766
340.812866
341.100891
339.702240
339.552429
340.749878
340.999390
340.386108
340.194305
340.637939
341.967285
342.976013
343.497345
342.507141
341.303070
339.404510
339.457214
339.179535
339.123077
339.694000
340.002655
338.447357
337.908997
338.547272
338.550751
338.692200
337.385376
335.843170
335.057617
335.836731
337.890198
338.411926
337.890015
336.738464
335.381714
335.206696
335.270935
334.991486
334.817841
333.723206
334.665344
334.782166
334.866455
333.886902
333.927185
334.705444
335.083344
335.484344
334.915649
333.968689
334.168121
334.876740
334.832123
334.518372
334.340698
335.992767
336.558380
336.767944
335.383820
335.349609
335.429840
335.209229
336.045532
335.826111
337.558899
338.831329
339.808929
339.211182
339.166168
339.274780
339.556641
340.287659
339.123383
340.055420
341.169312
342.843414
344.118591
341.705322
339.671783
339.831726
342.612671
342.686676
342.215302
342.688507
342.754028
342.237457
343.160339
344.339630
343.616241
343.734833
344.241455
345.343292
345.482056
345.630005
345.434601
346.420380
344.806854
344.059326
344.977325
345.612885
344.252899
343.186310
343.668732
343.164032
342.319916
341.074432
341.898682
343.250000
343.069916
341.866394
341.168915
340.880280
341.668091
341.182373
340.811401
340.495117
339.806549
338.732697
338.877014
340.100067
338.822144
338.948334
338.872375
339.178253
339.303711
339.082703
337.457703
336.377686
336.116516
335.782837
335.935059
336.605164
337.032806
337.416779
337.477814
336.569214
336.504028
336.420105
336.764313
337.119995
336.739960
336.724487
337.054535
337.243591
338.474304
338.830231
339.754089
339.802582
340.210693
337.594177
337.582581
339.110321
340.087738
339.727661
340.091003
339.222412
336.345428
337.028809
339.621796
339.464020
339.355713
340.074402
341.278381
341.868622
341.487488
342.413361
342.938110
340.629852
339.484467
340.088867
340.105408
340.837402
341.655151
342.764679
344.831390
345.901672
343.125275
341.823364
340.714752
341.887817
341.459595
339.843658
340.891571
340.383545
340.556091
340.771149
341.492859
341.847809
341.066742
340.207794
339.884430
338.776886
337.644440
337.171143
336.498810
336.238678
338.532166
339.573425
337.861969
337.998352
338.098938
336.923889
336.221100
334.181274
335.004883
335.174072
335.152771
334.539856
334.883301
336.063324
335.790131
334.717102
334.877289
335.519745
336.665649
336.084686
334.657898
336.154846
337.192139
336.300201
336.414062
336.304871
334.280609
333.780243
335.803131
336.955597
335.920532
335.544556
335.397186
335.612213
336.131683
336.276581
334.509399
334.888458
336.852753
337.270386
337.526031
337.805634
337.366608
335.815857
337.519653
338.675781
340.059357
341.019745
338.977997
339.094757
339.262085
339.256622
338.282990
340.069519
340.507538
338.817108
337.956879
339.488403
338.864655
338.393799
340.089783
340.982239
339.353638
339.375854
339.237549
338.029510
337.163696
339.853607
340.638153
338.743591
339.577789
339.256104
338.016266
336.888397
335.571075
334.790833
334.846588
335.567139
336.547791
335.399017
336.150604
335.118774
334.111328
332.930359
331.661774
331.464783
329.935059
330.436859
331.330383
332.448364
333.365326
332.558258
331.738495
331.397552
331.509552
332.138550
331.673218
330.177673
330.456177
331.510193
331.915619
332.078552
333.101624
334.047577
334.222168
334.838593
334.825287
335.053253
334.164978
334.645538
334.459808
334.123108
334.444519
336.082764
337.674957
338.389130
337.016296
336.933929
337.079315
336.894531
338.197510
340.847626
339.238495
338.171021
337.848267
338.073181
337.422546
337.293671
337.124023
337.436615
337.240967
336.093140
334.589752
334.140167
333.579193
331.378113
330.439026
328.981628
327.312012
324.442871
322.950165
321.804321
320.910217
316.342102
313.019928
310.787598
308.890533
306.910187
304.388367
300.302795
295.634155
293.886993
290.559601
286.158234
282.767303
278.996765
274.094391
269.064301
265.080261
261.959229
258.057922
253.211044
249.003403
244.255432
239.649658
235.913086
232.354492
229.220306
223.886749
219.123520
215.517395
211.549927
208.627594
206.172073
203.678345
200.899994
198.421539
196.324020
194.663101
193.093735
190.572723
188.598724
187.557388
186.916794
186.659805
186.419952

220.967651
181.062836
181.447708
182.062912
183.153961
184.550629
186.266403
188.208649
190.334152
191.977081
194.336075
196.392014
199.144562
202.280014
205.562790
209.014343
212.068649
215.443237
219.197296
222.934082
227.383530
231.069733
235.116211
239.563065
243.087387
247.284134
250.717590
254.822876
259.075623
262.163452
265.601746
269.454193
273.364288
277.226746
281.024353
285.351959
288.359589
290.945343
293.433746
295.580566
298.089111
300.483368
302.633362
305.415192
306.628571
307.772491
310.214081
312.162354
313.896179
314.934113
316.094238
316.841614
318.205017
320.064270
320.892975
321.187592
321.379852
321.972931
321.767914
321.517395
321.436676
321.455078
321.198608
321.870117
321.922516
320.929260
320.794586
320.935669
320.580750
319.427490
319.440796
319.920624
320.047089
320.252655
319.526581
318.988129
318.537537
318.668579
319.405518
318.833435
318.198273
317.290894
316.561066
316.497467
316.931458
316.463104
317.245453
317.178619
317.966248
318.154144
317.810455
317.498657
318.725983
318.680023
318.610321
318.788086
318.085052
318.974091
319.334869
320.305969
321.020020
321.020111
320.840149
320.604065
322.092346
322.852875
322.776306
324.101471
324.775085
324.990326
323.861237
322.691254
322.080353
321.877686
322.570160
324.086029
324.211548
324.063354
324.318024
324.366638
324.614441
325.009857
325.455414
326.886749
327.107788
327.111572
326.824738
326.692047
327.478516
327.648956
327.235687
326.851898
326.816071
328.075073
327.864685
326.961700
327.882172
329.407471
329.037170
328.523590
327.694092
326.136017
325.503418
326.820679
326.897217
326.059509
325.122589
325.356079
325.649261
325.304077
325.625519
324.912323
323.669434
322.342163
322.319061
322.241821
322.906982
323.056366
321.718414
321.451324
323.121613
322.742798
322.022034
320.289062
319.962372
320.057495
320.389343
321.409912
321.912567
321.897583
321.134247
321.803558
322.625336
322.178253
322.611115
321.316010
320.502350
321.037994
321.997162
324.487671
327.197235
328.913025
329.224640
328.062378
325.731567
325.513123
325.464172
325.903381
327.033844
328.917572
329.473389
329.373749
327.630402
327.837616
328.455444
330.168610
330.700256
331.005554
332.160828
332.977081
333.525757
333.337402
334.031403
334.990021
334.472565
333.966888
335.191956
333.649475
332.250183
330.921509
331.535156
332.304901
332.367279
331.898071
331.523804
332.231049
330.889832
330.047241
330.796906
331.721802
332.239166
331.862549
328.631348
327.701996
329.555054
330.304474
329.866486
327.983459
326.663239
325.415283
326.469177
327.535065
326.781097
326.116852
325.535187
324.593384
324.822449
324.437347
323.719177
323.376251
324.614258
325.771820
325.128876
323.262726
322.854218
324.715027
324.983429
324.519531
324.026398
323.017120
321.224579
322.066406
322.574432
323.788116
322.597900
322.296906
322.797607
322.434784
321.562744
322.938446
323.479919
322.577179
322.146454
322.512085
322.224945
322.497131
322.736359
323.692932
326.357086
327.929749
328.128845
326.047852
325.757782
324.743896
325.730408
327.444763
327.407654
326.372955
326.121887
325.771606
325.562042
325.369293
327.517517
328.185944
327.462341
326.610260
326.438873
327.560883
327.435181
327.140259
328.056488
327.445251
327.894562
328.116516
328.278748
326.728149
326.408203
327.308655
327.941010
327.358826
326.746063
326.804443
326.487274
326.514740
327.136993
328.093018
327.999451
328.768799
327.936768
326.322052
326.089539
325.849579
325.609344
326.044464
325.879883
324.107727
323.537354
324.107300
324.815979
323.539978
323.125366
322.099548
321.719055
322.221100
322.491547
322.157471
321.370239
320.762238
321.435303
322.171509
320.754913
319.792511
320.730286
321.175079
321.061218
319.703156
318.703796
319.150787
319.447632
320.110870
320.475159
319.564178
319.308960
319.156403
319.003876
318.540619
319.480255
319.362885
319.754303
320.253967
321.269379
320.234131
319.713104
319.737518
321.058044
320.501495
320.022980
320.094055
321.129761
321.609375
321.577759
321.938507
322.872498
323.077911
323.622925
323.543152
323.352448
323.806091
324.266663
323.348267
323.144470
323.534637
324.186829
324.546356
324.636322
325.676819
327.208832
326.899445
325.695953
325.619232
324.862701
324.659668
326.120972
328.108582
327.476959
326.875000
327.115875
326.978729
326.990387
326.687836
325.310730
325.689148
326.375702
326.151337
325.593048
325.465027
325.196045
324.282898
323.495758
322.823730
322.372772
322.845459
323.343842
323.178864
322.357269
321.817017
322.101959
322.552612
322.957855
323.193054
322.193146
320.454651
320.578491
320.834473
320.186188
320.056030
320.117310
320.258789
319.836639
319.695831
319.891724
319.840546
320.531647
320.914825
319.988922
319.393860
319.886658
319.506409
318.436554
318.413849
318.728790
318.874573
319.166901
318.693420
318.544189
318.755096
319.264435
319.711182
319.863678
319.873260
320.492371
321.534882
321.679199
322.545990
322.963348
323.544830
323.567841
323.674713
324.237457
324.927917
324.937347
324.357300
324.532379
324.693787
324.781921
326.115692
327.311707
327.635193
326.796112
326.226624
326.652924
327.121033
327.090454
327.382416
327.619934
328.261688
327.554718
327.348297
326.497162
326.873260
326.846802
327.394714
327.966797
327.823364
327.186157
327.310455
327.600037
328.336639
327.429474
325.829742
326.095947
325.972565
326.321808
327.254181
326.736267
325.984009
325.487183
325.656036
324.300018
324.533722
325.180389
326.210754
325.702332
325.181000
325.366852
325.526581
324.776550
324.263916
323.828888
324.015625
323.554443
323.130859
322.708862
322.404480
322.201691
322.473511
322.312439
322.012573
321.950348
321.985870
321.710938
321.445282
321.635620
321.636047
321.940247
322.772705
322.984650
323.600433
323.100037
322.460114
322.394440
322.858978
323.254944
323.545593
323.728180
324.817474
326.316925
325.507629
324.764679
325.007843
326.001038
326.899353
326.607544
326.967346
327.635651
327.296875
327.178009
327.416138
327.940857
328.520782
328.439941
328.703888
328.895203
330.069672
329.898376
330.251190
330.719086
330.645996
331.547607
330.844482
330.831604
330.266113
330.705872
331.071716
331.285980
330.681793
330.664459
330.840027
330.814423
331.142456
331.672882
331.311340
331.312042
331.493835
332.015045
332.433899
332.419922
331.173035
330.925568
330.947998
330.601654
330.628662
330.578735
330.033936
329.352692
329.436096
329.555511
329.385468
329.027130
329.055725
329.796722
329.853912
328.592041
328.413055
327.319794
327.244812
327.276428
327.154236
326.811493
325.932648
325.871185
327.338257
326.769501
327.044739
326.133331
326.059418
325.940521
325.882324
325.916046
327.095673
325.986877
325.975433
326.567139
326.560455
326.611877
326.376373
327.355499
327.652679
328.052521
327.705872
327.688507
328.251495
328.413757
329.786041
329.923035
329.754730
329.891479
330.970428
330.742157
332.032562
331.972107
331.761292
332.993256
334.416748
335.412384
335.769043
335.875641
335.488770
335.074158
335.461304
335.372528
335.353455
335.530670
336.925720
336.924408
337.587372
338.895386
338.267242
337.983917
337.590118
338.501892
339.653107
339.089783
340.057739
339.998138
340.352875
338.958374
338.753143
339.987823
340.262085
339.598969
339.415649
339.879120
341.188354
342.213043
342.745148
341.752197
340.554504
338.623413
338.704315
338.419464
338.343933
338.968170
339.286560
337.720123
337.173523
337.832031
337.805023
337.972809
336.698181
335.163727
334.389130
335.150635
337.230438
337.739136
337.274414
336.076080
334.718872
334.554749
334.637177
334.369171
334.195038
333.116669
334.076019
334.216492
334.298370
333.291962
333.356079
334.172089
334.580811
334.951691
334.375732
333.491058
333.642792
334.379486
334.384979
334.010437
333.891602
335.555267
336.103180
336.363281
334.974579
334.956543
335.010437
334.816162
335.679077
335.471741
337.183716
338.518402
339.465851
338.915192
338.876526
338.968842
339.255493
340.026611
338.912201
339.827484
340.956848
342.638733
343.899506
341.511383
339.508942
339.711578
342.491425
342.578094
342.083557
342.569122
342.638062
342.148041
343.079742
344.248993
343.585632
343.729767
344.254852
345.356873
345.520508
345.653351
345.466766
346.462067
344.873047
344.078491
345.047150
345.658691
344.330780
343.307617
343.798553
343.303619
342.487701
341.257904
342.087585
343.432831
343.264954
342.051025
341.372681
341.142456
341.901398
341.394745
341.069153
340.776917
340.092896
339.006592
339.153137
340.435181
339.107605
339.277954
339.191681
339.503906
339.675568
339.145386
337.817047
336.754578
336.511536
336.153137
336.311707
336.991180
337.435791
337.815613
337.902924
336.996063
336.919495
336.843719
337.211273
337.525818
337.144745
337.179626
337.492462
337.722504
338.923615
339.277985
340.211609
340.241699
340.707245
338.067474
338.000305
339.581543
340.546600
340.183289
340.561096
339.694672
336.830200
337.490204
340.053406
339.910706
339.804077
340.541443
341.718597
342.330078
341.945099
342.845978
343.388672
341.065887
339.967133
340.553314
340.567444
341.287506
342.099518
343.178589
345.279602
346.308624
343.559296
342.246338
341.149506
342.305359
341.869659
340.298004
341.318878
340.780853
340.966614
341.165894
341.865234
342.244934
341.441162
340.592743
340.255676
339.161163
338.013245
337.500427
336.857697
336.577209
338.881348
339.908386
338.169586
338.332214
338.429718
337.243683
336.559387
334.493073
335.304718
335.517517
335.458923
334.843170
335.211548
336.352417
336.096466
335.012695
335.148590
335.807098
336.966034
336.351135
334.913055
336.435608
337.463623
336.565216
336.676392
336.564575
334.533173
334.013580
336.034332
337.194214
336.168274
335.765778
335.646332
335.850647
336.328522
336.519867
334.744629
335.111389
337.092285
337.494812
337.747711
338.047974
337.594116
336.023499
337.708801
338.901978
340.264832
341.234283
339.187561
339.301178
339.449066
339.477844
338.472717
340.252472
340.713043
339.012939
338.190125
339.709351
339.078766
338.579407
340.289581
341.155273
339.508789
339.555023
339.419647
338.233215
337.343323
340.053467
340.798920
338.917816
339.766846
339.450500
338.203278
337.111053
335.766663
334.951874
335.033997
335.735931
336.735779
335.593323
336.302460
335.314301
334.312714
333.093536
331.830078
331.631653
330.122955
330.599030
331.516327
332.591034
333.564026
332.723175
331.886505
331.567566
331.706696
332.287781
331.854858
330.349121
330.627899
331.689545
332.048187
332.215576
333.249451
334.200836
334.362915
334.985870
335.003265
335.217468
334.340210
334.818176
334.622101
334.294769
334.602722
336.185181
337.828644
338.523438
337.168182
337.104156
337.214050
337.023712
338.325012
340.962982
339.371490
338.298767
337.982727
338.200439
337.556763
337.420715
337.266357
337.551758
337.366211
336.191772
334.697296
334.249359
333.680908
331.480530
330.512817
329.085785
327.439178
324.533752
323.043610
321.920319
320.969513
316.422607
313.099884
310.866943
308.977112
306.995605
304.482819
300.390564
295.736633
293.983429
290.649567
286.242859
282.862366
279.077545
274.155792
269.132050
265.154724
262.040558
258.116364
253.272995
249.058380
244.301025
239.709427
235.981506
232.424316
229.292252
223.951752
219.185394
215.561172
211.609787
208.692505
206.232407
203.740128
200.947464
198.477890
196.387909
194.737961
193.158890
190.639420
188.655228
187.610901
186.964462
186.715210
186.438553

