314.899200
173.588104
173.730255
174.398422
175.465515
176.463882
177.768021
179.622910
181.129578
183.264725
185.606522
187.838318
190.570389
193.577286
196.506821
199.480820
202.950302
206.054932
209.847931
213.062653
217.063248
220.381149
224.117447
228.149399
231.717773
235.678818
239.361221
243.218735
246.848587
250.416428
253.965164
257.521210
261.036285
264.664886
267.776581
270.765472
273.217773
276.556183
279.132446
281.802155
284.383667
286.703125
288.948792
290.991089
293.087433
294.980804
296.186188
297.812592
298.719391
300.196411
301.148987
302.586761
303.298828
304.243195
304.951538
305.350555
305.852386
306.483490
306.456696
306.571686
306.841705
306.919250
307.142059
306.987244
307.224640
306.891510
306.735626
307.082489
305.948059
306.145874
305.833954
305.578003
305.074066
304.781219
304.571320
304.703796
304.252167
303.998657
304.024872
303.724335
303.544434
303.244080
303.429901
302.725433
302.955200
302.902924
302.740387
302.705872
303.118225
303.393829
302.897919
303.320618
303.444733
303.445343
303.373352
304.009918
303.868591
304.303284
304.763733
304.870178
305.354889
305.540070
305.496368
305.980621
306.573517
307.046082
307.113464
307.376282
308.110321
308.222656
308.582275
308.891693
309.570038
309.587341
310.133301
310.379517
310.607330
311.377899
311.509644
311.622620
311.751068
311.969696
311.768158
312.404297
312.268738
312.776062
312.295654
312.519165
312.445648
312.342712
312.569244
312.506775
312.551849
312.367706
312.308594
311.946075
311.907196
311.669922
311.807343
311.203278
311.080902
311.274017
310.682861
310.244934
310.126648
309.970520
310.049133
309.713379
309.492798
308.735321
308.725464
308.507172
308.317902
308.018921
308.220245
308.099670
307.692719
307.747467
307.371552
307.025146
307.303741
307.238220
307.035828
307.416290
306.864227
307.148010
306.906036
307.016113
307.261383
307.203369
307.348389
307.525513
307.495636
307.813782
308.024719
308.446564
308.332642
308.830658
308.904236
309.706848
309.982422
309.799133
309.923401
310.580231
311.511902
311.354309
311.866302
312.427460
312.233948
312.750610
313.441284
313.376465
313.642792
314.191864
314.729248
314.974182
315.432312
315.900635
315.822693
316.195190
316.575195
316.573883
317.131226
316.505035
317.684937
317.511230
317.691895
317.698578
317.877533
318.141205
318.125244
318.088470
318.439453
318.257965
318.299927
318.391235
318.021118
317.984894
318.303284
317.986847
317.489258
317.630829
317.795349
316.789185
317.030334
316.851593
316.321411
316.330750
316.462402
315.930084
316.234039
315.471222
315.594116
315.002167
314.828705
314.506775
314.304382
313.997711
313.870911
313.525391
313.194397
313.126129
312.686523
312.870605
312.396118
312.754059
312.577240
312.233459
312.127899
312.127136
312.250092
312.174957
312.016113
312.528625
312.661377
312.219208
312.340271
312.280273
312.395966
312.910828
312.779755
312.560120
313.100677
313.327240
313.884796
314.029510
313.960297
314.464905
314.687134
314.965088
314.984619
315.444061
316.148560
316.170898
316.879089
316.589752
317.327881
317.757080
317.420502
318.218994
318.479614
318.534790
319.217224
319.117798
319.593048
319.763794
320.058167
320.219818
320.615448
320.709503
320.890350
320.707672
321.097900
321.130554
321.672485
321.339966
321.269714
321.652191
321.896515
321.417542
322.037537
321.741516
321.753021
321.552521
321.938507
321.389679
321.520172
321.587646
321.360382
321.613037
321.364532
320.735535
320.959045
320.861633
320.140472
319.846802
319.910614
319.569092
319.866333
319.247101
318.927032
318.791473
318.424438
318.533142
318.549438
318.479004
317.988953
318.083008
318.164185
317.801849
317.817810
317.494598
317.805725
317.491302
317.322479
317.501068
317.430389
316.934387
317.202820
317.402405
317.419678
317.436920
317.447693
317.661987
317.232391
317.909058
317.807098
318.421844
318.489227
318.902100
318.747223
319.113556
319.367279
319.564392
319.653198
320.234894
320.203369
320.592682
321.042358
321.331055
321.416870
321.769958
322.365692
322.189453
322.589722
322.901215
323.598785
323.240479
324.136017
324.152802
324.421021
324.871307
325.069733
325.221375
325.384125
325.856689
325.660309
325.121704
325.971649
326.231567
326.059814
326.279083
326.631500
326.434418
325.997925
326.378052
326.611603
326.589722
326.844330
326.416443
326.385468
326.064880
326.468323
325.950378
326.068512
325.704254
325.768799
325.670227
325.456848
325.431274
324.631256
324.569061
324.364410
324.517151
323.995819
323.717407
323.928131
323.671265
323.178589
323.574371
323.099396
322.809967
323.062988
321.890656
322.230194
322.452850
321.950287
321.867584
321.621002
322.035004
321.623657
321.314606
321.585510
321.521301
321.580597
321.439240
321.643982
321.716003
321.577271
321.740509
321.590393
321.768646
321.869080
321.969360
322.517059
322.742462
322.808899
323.039551
322.842407
323.297668
323.496674
323.802979
324.104706
324.297028
324.695251
324.950226
324.691772
325.008881
325.376831
325.775604
326.355469
326.252502
326.497253
326.964905
327.032135
327.790405
327.588440
328.205139
328.111877
328.310822
328.346191
328.642151
329.014984
329.197266
329.153351
329.311584
329.619812
329.760437
329.344849
329.989899
330.015747
330.199707
329.906097
330.014496
330.191559
330.070953
329.540619
330.283905
329.844910
329.946808
329.263092
329.231293
329.923889
329.248627
328.956238
329.322632
329.024048
328.744476
328.484650
328.303497
328.332581
327.896912
327.856812
327.906769
327.705902
327.352112
327.091461
326.805603
326.995483
326.841339
326.665497
326.544586
326.973083
326.394562
326.422424
326.473755
326.431488
326.423279
326.188904
326.320312
326.525269
326.176300
326.458221
326.307770
326.436340
327.070770
326.702820
327.462219
327.548004
327.284149
327.775269
328.575684
328.443512
328.857300
329.082489
329.732635
329.471039
329.778168
329.977448
330.318115
330.901764
331.143829
331.746704
331.959351
332.377533
332.424530
333.215790
333.258545
333.504456
334.033539
334.521973
334.901611
335.134766
335.462433
335.526947
336.110413
336.486908
336.772736
337.136597
336.994995
337.168945
337.649689
338.044128
337.974030
338.178802
338.403809
338.391937
338.376678
338.606232
338.580750
338.535095
338.560486
338.277344
338.535187
338.673584
338.352142
338.849457
338.281128
338.221558
337.947937
337.828705
337.545898
337.930695
337.497986
337.476532
336.958618
336.769562
336.635803
336.770752
336.427002
336.175537
335.975555
336.220459
335.986420
335.512177
335.292603
335.139709
335.354462
334.565369
334.435394
334.502350
334.553314
334.808716
334.287689
334.192322
334.385345
334.104034
334.536896
334.106720
334.530121
334.726593
334.814301
334.916321
335.018066
335.192871
334.900299
335.479797
335.537659
335.768311
336.130951
336.306000
336.941528
337.166504
337.449280
337.852203
337.570679
338.181824
338.267731
338.375671
339.235229
339.549957
339.898376
340.078156
340.609863
341.075287
341.385925
342.039886
342.335144
342.471527
342.949005
343.137726
343.992554
344.217651
344.467010
344.780640
344.993225
345.390106
345.522461
345.531769
345.750916
345.990265
346.385773
346.572052
346.549805
346.433594
346.854980
346.957489
347.009888
347.077881
346.630035
346.784790
346.682343
346.604340
346.662384
346.719269
346.383850
346.569489
346.275024
345.983124
345.508057
345.434601
344.867340
345.158844
344.980774
344.727386
344.460785
343.902557
343.692535
343.733795
343.404999
343.069946
342.830811
342.782318
342.132965
342.329437
342.101318
341.883301
341.348877
341.202118
340.997803
340.529175
340.699982
340.528839
340.190002
340.119904
340.291809
339.970581
339.730652
339.758728
339.928497
340.374817
339.911682
340.299835
340.587250
340.294281
339.849121
340.364685
340.605591
340.688995
341.282806
341.163696
341.168915
341.622742
341.794708
342.256561
342.246429
342.760254
342.843445
343.035889
343.487915
343.985352
344.619446
343.977478
344.749084
345.039703
345.261780
345.302551
346.447998
346.182831
346.385101
347.214417
347.479553
347.352448
347.483307
348.100830
348.245422
347.967529
348.784027
348.609833
348.600586
348.669281
348.853699
349.143768
348.970428
349.210236
349.104401
349.705536
349.291870
349.185852
349.468750
349.298737
348.824249
349.270172
348.835541
349.058441
348.520355
348.908417
348.009033
348.031097
348.160065
347.851685
347.693115
347.488220
346.903870
347.149353
346.581726
346.759216
346.750214
346.331177
345.831116
345.760529
345.641083
345.679718
345.485565
344.909821
345.304596
345.140076
344.961823
344.351746
344.839508
344.703491
345.183990
344.401794
344.402679
344.701904
344.420135
344.437622
344.305786
344.802704
344.823608
344.893463
344.836395
345.097748
345.055756
345.619202
345.114380
345.953094
345.514771
346.049713
346.254883
346.575775
346.408173
346.606659
347.129883
347.891266
347.190460
347.870605
347.990112
348.802887
348.812805
348.918884
349.116364
349.364227
349.675934
349.995789
349.832855
350.076111
350.374847
350.277405
351.163910
351.006317
350.765747
351.651764
351.327789
351.255585
351.119232
351.085968
351.435272
351.363586
351.328064
351.152130
351.787048
351.293915
351.024292
350.830933
351.149994
350.995026
350.365265
350.317535
350.588135
350.317871
349.677765
350.017670
349.389282
349.516998
348.845459
348.509552
348.187286
348.412811
347.818298
347.919922
347.610809
347.347046
347.197174
346.739929
347.104034
346.610596
346.303711
346.404236
346.171143
346.063538
345.944519
346.162262
345.818695
345.443207
346.062805
345.620270
345.418518
346.220947
345.480408
345.604553
345.654236
345.512085
346.070007
346.049866
346.229584
346.026825
346.319031
346.639343
346.958191
347.213287
346.944336
347.521210
347.115082
347.479309
347.891357
348.735352
348.509521
348.717316
348.630798
349.073029
349.613464
350.061707
350.041138
350.027222
350.676147
350.605133
350.896820
350.721497
351.376221
351.372620
351.836334
351.308105
351.614380
351.992188
351.424347
351.758392
351.741455
351.720001
351.666748
351.262146
351.770721
351.207062
350.845001
351.184082
350.920593
350.595123
350.498230
350.137695
350.344177
350.109589
349.269897
349.038483
349.011871
349.106293
348.369690
348.551208
347.945068
347.725220
347.711212
347.553925
347.115631
346.961090
346.793427
346.329132
346.354706
346.121185
345.772583
346.026642
345.293091
345.381989
345.910065
345.704681
345.326782
345.674072
345.742371
345.532471
345.701385
346.019409
346.396149
346.785889
346.698517
347.562866
347.220825
347.591522
348.454224
348.399384
348.279785
349.436462
349.504913
350.232483
350.783173
351.029724
351.667877
351.790649
352.006622
352.482117
352.864685
353.149841
353.409485
353.825165
353.633423
354.355560
354.198792
354.007599
353.810608
353.685486
353.175293
352.891663
352.639221
352.457642
351.539459
350.685822
349.065674
348.413361
347.142883
345.188293
343.577728
341.722351
340.336212
337.840179
335.427582
333.100006
330.677399
327.839172
325.145874
322.009796
318.433441
315.372009
311.770233
308.096619
303.836182
300.072845
296.100372
291.991364
287.392761
283.471008
278.758331
274.412384
270.060425
265.476440
261.053467
256.794067
252.394211
247.995865
243.647095
239.134308
235.203201
231.110840
227.205444
223.689957
220.266022
216.903671
213.774612
210.728745
208.236450
205.469437
203.403458
201.266037
199.784943
198.390427
197.440491
196.634277
196.188156
196.334106

314.396423
173.535553
173.672745
174.316208
175.407761
176.419937
177.726425
179.603561
181.110352
183.234711
185.602890
187.845673
190.593826
193.603760
196.559113
199.544556
203.024017
206.145203
209.967377
213.198761
217.202225
220.552765
224.309021
228.352173
231.946777
235.960419
239.653748
243.511490
247.183762
250.770233
254.317291
257.929871
261.478149
265.155579
268.270142
271.274139
273.757904
277.119659
279.727478
282.430847
285.016632
287.398407
289.626587
291.765320
293.854919
295.793945
297.006897
298.660858
299.599731
301.102905
302.068298
303.551300
304.274078
305.300629
306.010559
306.440918
306.985596
307.617340
307.597229
307.741028
308.028076
308.158600
308.418854
308.246826
308.520020
308.211121
308.073914
308.400055
307.311707
307.533112
307.220367
306.995178
306.502716
306.261139
306.035828
306.155670
305.728607
305.504059
305.567017
305.222412
305.060242
304.769562
304.974304
304.268311
304.449371
304.414490
304.287323
304.286865
304.650940
304.978546
304.412018
304.839508
304.962402
304.976837
304.877747
305.511108
305.389465
305.779114
306.244141
306.326935
306.791107
307.030701
306.914795
307.400940
307.956696
308.416473
308.488861
308.729706
309.440338
309.520569
309.877167
310.162659
310.795044
310.857819
311.336029
311.576080
311.820923
312.542694
312.620667
312.723755
312.804077
313.020111
312.830139
313.402100
313.230194
313.726898
313.221832
313.440399
313.292023
313.157074
313.412109
313.252350
313.321564
313.096771
313.027985
312.610687
312.571228
312.308411
312.404053
311.789093
311.624817
311.805420
311.184998
310.728455
310.560760
310.406708
310.437561
310.072632
309.846008
309.066895
309.038055
308.790466
308.565460
308.254700
308.455322
308.299500
307.908630
307.909943
307.530273
307.148193
307.390381
307.320679
307.115631
307.480804
306.918213
307.189301
306.914520
306.999847
307.249817
307.192749
307.314911
307.512512
307.449310
307.746002
307.965698
308.386047
308.264771
308.746857
308.823273
309.596222
309.863373
309.683014
309.806580
310.459839
311.385040
311.232910
311.741760
312.325195
312.114075
312.638062
313.304535
313.246246
313.513306
314.081146
314.638489
314.859589
315.343140
315.816345
315.722870
316.105957
316.496124
316.487274
317.065765
316.435059
317.637207
317.462616
317.666077
317.657257
317.851929
318.134064
318.124847
318.087433
318.462463
318.274048
318.344025
318.445038
318.086884
318.017853
318.386871
318.090271
317.619995
317.756317
317.934235
316.939117
317.185211
317.019623
316.502533
316.531158
316.676910
316.164215
316.451416
315.721039
315.891632
315.275543
315.105499
314.807953
314.660553
314.349579
314.266754
313.918335
313.595245
313.484039
313.092102
313.287201
312.834259
313.233673
313.036499
312.755463
312.619659
312.649353
312.791992
312.733215
312.612457
313.108643
313.269226
312.832489
312.977814
312.947479
313.034637
313.590088
313.482086
313.273102
313.844513
314.034882
314.609314
314.798431
314.769257
315.276398
315.564636
315.805786
315.847778
316.313599
317.018707
317.057007
317.823792
317.517029
318.255432
318.792328
318.349579
319.223297
319.498932
319.555237
320.313324
320.172150
320.660736
320.847931
321.201263
321.308167
321.793182
321.835449
322.072876
321.879089
322.328827
322.348999
322.895752
322.570038
322.515411
322.961823
323.169525
322.742584
323.305267
323.085480
323.132599
322.961609
323.294983
322.836548
322.923981
322.967651
322.804382
323.054230
322.790070
322.192505
322.436798
322.319153
321.609680
321.348175
321.419128
321.061646
321.383301
320.732361
320.492188
320.341919
319.964996
320.116699
320.119843
320.004150
319.598022
319.657654
319.802063
319.481537
319.468781
319.078156
319.360718
319.129120
318.927979
319.202301
319.029724
318.546234
318.790558
319.012634
319.066711
319.072906
319.113800
319.303802
318.884186
319.493073
319.427063
320.045654
320.094116
320.493408
320.392151
320.720459
320.974243
321.192200
321.228882
321.758728
321.739929
322.125427
322.619659
322.841522
322.944580
323.246246
323.798004
323.690155
324.082245
324.377533
325.013824
324.658783
325.517761
325.517120
325.792328
326.198364
326.395172
326.573212
326.728699
327.162598
326.933868
326.371796
327.185211
327.428619
327.290985
327.362061
327.735138
327.511963
327.131989
327.439026
327.706390
327.630249
327.830017
327.369568
327.380524
326.971405
327.390350
326.856812
326.942352
326.532074
326.604126
326.446350
326.229126
326.179871
325.329376
325.292328
325.094330
325.191284
324.635498
324.338593
324.453766
324.251648
323.704895
324.085114
323.607239
323.334442
323.566437
322.367126
322.598389
322.930725
322.308350
322.221161
321.957306
322.322906
321.933319
321.610840
321.853210
321.735504
321.814728
321.680939
321.856079
321.887024
321.771881
321.906189
321.724945
321.931793
321.992279
322.105530
322.579742
322.814026
322.875427
323.079315
322.882904
323.328522
323.484406
323.818420
324.114044
324.309509
324.683838
324.937134
324.641266
324.977509
325.312347
325.736877
326.289978
326.207855
326.422913
326.916931
326.935181
327.719727
327.517975
328.102020
328.043762
328.211853
328.240265
328.555389
328.925598
329.109680
329.042328
329.236115
329.525360
329.664917
329.222748
329.879944
329.938385
330.088501
329.820038
329.919220
330.088318
329.975006
329.436737
330.203705
329.741547
329.862762
329.157715
329.165924
329.848358
329.151733
328.861176
329.240967
328.950745
328.659821
328.397308
328.212036
328.261230
327.857544
327.790039
327.833466
327.643280
327.283478
327.013031
326.732300
326.924011
326.779358
326.587677
326.478088
326.905060
326.308441
326.332550
326.403412
326.381287
326.348083
326.117828
326.221588
326.418304
326.098389
326.422791
326.190155
326.327332
326.960510
326.601990
327.322052
327.423981
327.143341
327.617462
328.425720
328.274628
328.686859
328.889191
329.557678
329.278564
329.564911
329.781464
330.134399
330.662384
330.904388
331.508118
331.740692
332.118866
332.172363
332.928833
332.985291
333.226959
333.695831
334.220306
334.573761
334.783875
335.147675
335.200073
335.746185
336.093872
336.395111
336.739746
336.575745
336.766815
337.227203
337.588348
337.508911
337.695526
337.945221
337.870178
337.860809
338.067474
338.035522
337.983154
338.028259
337.697021
337.937042
338.087250
337.744720
338.227142
337.641083
337.587402
337.326782
337.223785
336.913239
337.277008
336.833801
336.791656
336.292847
336.077698
335.917450
336.074677
335.721954
335.478149
335.241272
335.483551
335.247833
334.776520
334.526733
334.365173
334.611084
333.809509
333.666626
333.740234
333.788666
334.030090
333.520599
333.407135
333.616364
333.328918
333.763306
333.323792
333.722351
333.951569
334.034790
334.168732
334.251617
334.444214
334.133209
334.707977
334.795319
335.002136
335.400421
335.576569
336.232635
336.421661
336.707153
337.136719
336.870880
337.458801
337.545959
337.691956
338.555847
338.891571
339.252747
339.433075
339.950684
340.449982
340.740936
341.432983
341.703766
341.875610
342.377991
342.557983
343.382629
343.665802
343.907257
344.248199
344.476074
344.876312
345.031677
345.043518
345.263580
345.544586
345.937836
346.120728
346.139587
346.031830
346.479797
346.555511
346.631256
346.727722
346.299896
346.451141
346.371155
346.290375
346.383972
346.441223
346.122009
346.296448
346.029114
345.749359
345.326935
345.239624
344.700562
344.979523
344.814270
344.564270
344.328094
343.803619
343.593414
343.613800
343.313293
343.032837
342.750031
342.744354
342.103912
342.299347
342.095367
341.875885
341.328705
341.227722
341.051392
340.579803
340.754272
340.596619
340.231140
340.206146
340.405518
340.049774
339.818054
339.882843
340.049286
340.500488
340.058136
340.450439
340.743683
340.469360
340.020142
340.556305
340.793854
340.881012
341.517456
341.352509
341.365479
341.839294
342.001862
342.501190
342.488434
343.000793
343.108612
343.281067
343.735321
344.222931
344.866486
344.214539
344.979401
345.277557
345.524323
345.559296
346.711365
346.452209
346.660095
347.501251
347.714417
347.610382
347.765503
348.367462
348.493042
348.212280
349.038391
348.865509
348.854828
348.967468
349.114166
349.385742
349.238708
349.465485
349.342529
349.954010
349.525513
349.437805
349.704529
349.531342
349.052063
349.557892
349.045349
349.297485
348.747955
349.155579
348.217346
348.250366
348.379333
348.064911
347.865784
347.677094
347.092621
347.357574
346.751312
346.920044
346.920380
346.505676
345.973572
345.929565
345.799072
345.834717
345.628693
345.047211
345.436371
345.295074
345.094940
344.580444
344.946808
344.802368
345.285858
344.497009
344.482758
344.808899
344.466064
344.505737
344.376801
344.840973
344.855652
344.941925
344.896759
345.129791
345.049377
345.663086
345.141663
345.958496
345.512024
346.042175
346.241669
346.556122
346.383545
346.578918
347.079773
347.833038
347.128601
347.840851
347.899536
348.757568
348.717041
348.856079
349.028137
349.265533
349.606567
349.913269
349.726379
349.975037
350.277893
350.142883
351.026733
350.885498
350.665375
351.538025
351.216309
351.107361
351.014038
350.949829
351.292267
351.213226
351.197693
351.016815
351.650055
351.117706
350.878174
350.699982
350.996429
350.848755
350.197418
350.145172
350.450653
350.155396
349.514740
349.842865
349.198425
349.334991
348.704193
348.381073
348.052277
348.264679
347.633606
347.748077
347.445435
347.165436
347.045532
346.601562
346.978790
346.482880
346.131470
346.225067
346.042023
345.921539
345.789551
346.018158
345.706421
345.331329
345.935120
345.526215
345.294159
346.095490
345.370789
345.527802
345.552673
345.399445
345.939484
345.947540
346.142548
345.933044
346.219666
346.551483
346.831635
347.103790
346.871155
347.436584
347.003174
347.377594
347.797943
348.616333
348.424866
348.641571
348.566101
348.995209
349.562408
349.990997
349.957520
349.945312
350.639099
350.594788
350.866302
350.674866
351.333466
351.317444
351.789001
351.284241
351.594757
351.916199
351.415100
351.701782
351.699280
351.700348
351.623444
351.211334
351.746857
351.202057
350.840088
351.117584
350.878815
350.579620
350.501587
350.129974
350.347321
350.090576
349.274933
349.003021
348.968536
349.086945
348.330872
348.514496
347.895386
347.712280
347.653046
347.560150
347.050995
346.944031
346.726837
346.305847
346.306519
346.100586
345.708984
345.970154
345.222412
345.282898
345.845398
345.606110
345.229797
345.583893
345.637421
345.439758
345.590576
345.959106
346.278931
346.674835
346.610992
347.411591
347.085693
347.448853
348.310364
348.287750
348.132019
349.263885
349.365021
350.078827
350.589783
350.839783
351.461731
351.606293
351.817535
352.282440
352.642822
352.970093
353.193512
353.614685
353.430786
354.107025
353.940918
353.757019
353.566254
353.433441
352.904663
352.625488
352.377686
352.170807
351.226379
350.420532
348.762238
348.120972
346.826080
344.892212
343.293243
341.397766
340.000885
337.481659
335.125702
332.736145
330.311279
327.491058
324.776459
321.640991
318.055328
315.015778
311.348755
307.710724
303.469604
299.691498
295.704559
291.563324
286.997162
283.052612
278.340424
273.997437
269.620056
265.060150
260.602051
256.340759
251.974472
247.565262
243.216934
238.677673
234.763962
230.663773
226.768677
223.242874
219.823288
216.428757
213.329605
210.268692
207.778107
204.974487
202.961685
200.796127
199.317886
197.917740
196.969238
196.155319
195.706375
195.719101

223.829834
184.450317
184.877869
185.396881
186.444275
187.704132
189.451614
191.023819
193.020920
195.176132
197.585159
200.124557
203.098602
206.011993
209.344650
212.249512
216.028290
219.543213
223.063904
227.376892
231.238892
235.208725
238.770660
243.120544
246.954590
251.234192
254.932922
258.862823
263.311890
266.633820
270.298676
274.370636
277.821106
281.496704
285.184845
288.900055
291.934692
295.209167
298.139038
300.602417
303.012054
305.857544
307.654144
310.061401
312.084167
313.495819
315.348663
317.204651
318.476440
319.714478
320.938690
321.663269
322.868347
323.771118
324.707672
325.398560
325.321655
325.766876
326.340515
326.186401
326.030823
326.020966
326.249146
326.525940
325.840424
325.551758
325.540405
325.477173
324.734558
324.468628
324.797302
323.905396
323.668121
323.444824
323.270935
323.021362
322.399445
322.139496
321.661682
322.289124
321.309296
321.026123
320.634796
320.442169
320.503265
320.489136
320.635223
320.721039
320.805328
321.018250
320.646057
320.948273
320.864899
321.141968
321.507080
321.156128
321.336517
321.424164
322.198334
322.444916
322.622894
322.506927
322.985779
323.296417
323.543457
324.092926
324.391083
325.127319
325.323242
325.701691
325.953522
325.569183
325.277344
325.501099
326.496368
326.849854
326.687225
326.853210
326.879700
327.355438
327.112854
327.491699
327.705475
328.548340
328.451660
328.106018
328.422089
328.057892
328.760895
328.389221
328.590454
328.264862
327.758911
327.903687
328.467041
327.679688
327.760254
327.736298
327.738342
327.165863
326.974823
326.184479
325.586090
325.864258
325.760681
324.968323
324.278137
324.590790
324.176788
323.936340
323.702332
323.498566
322.705414
322.257019
321.976990
321.924072
321.760254
321.651611
321.121979
320.535767
321.512543
321.137848
320.773590
320.401642
320.148102
320.285553
320.315155
320.197906
320.507812
320.568787
320.233734
320.817200
320.585815
320.705719
320.743286
320.849060
320.766693
320.780609
321.513489
321.801971
322.957031
323.731873
323.873077
323.431763
323.965179
323.454254
323.905914
324.160583
324.166473
325.402069
325.685303
326.218384
325.786804
326.192810
326.129517
326.695007
327.034943
327.228027
327.744965
328.072754
328.738098
328.560883
328.981445
329.241882
329.171417
329.208710
329.626587
329.808136
329.181183
329.259796
329.206390
329.056854
329.304260
329.280182
329.261780
328.636230
328.616699
328.433228
328.154724
328.580688
328.237091
328.084991
327.392242
327.007690
327.103271
327.252319
326.481293
326.431458
325.480682
325.565033
325.134308
324.995819
325.107391
324.138367
323.743195
323.394165
323.295593
323.184265
322.459198
322.063354
322.110474
322.556976
321.992615
321.828735
321.562744
321.719635
321.310608
321.405945
321.159454
320.421082
320.245331
320.254913
320.723969
320.709045
320.545166
320.392975
320.324677
320.561859
320.645935
320.824463
321.392792
320.614746
320.855225
321.522736
321.196930
321.885101
321.898529
322.127167
323.118286
323.527618
323.188934
323.224457
323.394104
323.377014
324.387939
324.872253
324.790161
324.940613
325.146362
325.021515
324.949249
325.736542
326.577942
326.221954
326.951630
326.333374
327.009552
327.386230
327.256683
327.694946
327.554535
327.792419
328.448425
327.892487
328.045929
327.943481
327.740173
328.242859
328.210968
328.284607
327.913879
327.945984
328.011169
327.908386
327.917328
328.150635
328.194183
328.641174
328.004089
327.183502
327.582458
327.529175
327.169464
326.498932
326.846863
326.532715
325.831146
325.640198
325.489990
325.162872
324.804474
324.216675
324.337799
324.765167
324.439545
324.331909
323.613007
323.438568
323.572296
323.856293
323.125275
323.047272
322.798615
322.973480
322.466431
322.567169
322.550781
322.605286
322.592590
322.555267
322.929718
322.455719
322.356873
322.168610
322.252930
322.213379
322.567810
322.619080
323.373993
323.271240
323.180847
323.792908
323.831573
324.036804
324.959808
324.612091
324.806793
325.246185
325.504852
325.697296
325.734802
326.800018
327.197906
327.022919
327.510345
327.726074
327.706787
328.017853
327.898956
328.263275
328.180084
328.849060
328.945465
328.957977
329.357849
329.366699
330.181458
329.898224
329.902527
330.366180
329.884766
330.215546
330.279205
330.737000
330.644287
330.628418
330.592957
330.736206
330.445038
330.813049
330.131317
330.133545
330.073151
329.989380
330.126984
329.938416
329.828400
329.149078
328.708008
328.190887
328.306458
327.967285
327.943512
327.874207
327.924744
327.596466
327.446228
327.204803
326.813995
327.421326
326.604767
326.274963
325.987274
325.997345
325.831635
325.428131
325.201965
325.442200
325.184967
325.100494
324.787537
324.986908
324.886230
325.312775
324.710419
324.935760
324.560913
325.109558
324.582794
324.214111
324.890442
324.864410
324.842529
324.888824
325.107666
325.070831
325.176147
325.883545
325.591492
326.069702
326.535614
326.785614
327.074585
327.027679
327.532135
328.034271
328.056793
328.008392
328.598602
328.969238
329.175842
329.094330
329.133392
329.456696
330.078308
330.810852
330.509460
331.357910
330.761871
331.224762
331.381104
331.561432
331.941193
331.917816
332.205750
331.949097
332.170441
331.740112
332.134338
332.098389
332.114899
332.126709
332.314636
332.410706
331.924683
332.002777
332.177734
331.934845
332.013306
331.764618
331.570496
331.304382
331.518066
330.863403
330.959320
330.614288
330.677551
330.149780
329.808716
329.291016
329.487213
329.683899
329.616272
329.579590
328.649139
329.055786
328.580109
328.396332
327.746277
327.970459
328.183746
327.702240
327.656860
327.444214
327.449615
326.830139
327.089417
326.953705
326.427643
327.011505
326.685608
326.797424
327.687714
326.663330
326.935120
327.087463
327.617767
327.038055
327.323181
327.255890
327.373383
327.381592
328.200073
327.655457
328.453339
328.930176
329.565735
329.378387
329.534241
329.741699
329.934692
330.556946
330.958527
330.951599
331.697876
331.474640
331.736603
332.319702
333.113220
332.757446
332.909363
333.520508
334.014832
334.187653
334.532990
334.495300
335.501892
334.823059
335.617126
335.755188
335.797546
335.715759
335.650940
335.812286
336.152954
336.234192
336.361725
335.996765
336.430695
336.161713
336.499695
336.126923
336.281464
336.042633
336.265228
336.164276
336.056793
335.715759
335.528961
335.193024
334.936798
335.731506
334.384705
334.417389
334.080322
333.792816
333.976624
333.513916
333.135101
333.358307
333.108978
332.847168
332.473694
332.052704
332.339630
331.741699
331.097717
330.944366
331.400391
330.868317
330.700348
331.042267
330.479492
330.591309
330.047913
330.401093
330.394409
330.158722
330.268768
330.811829
330.612122
330.050293
330.147034
330.452423
330.646942
330.753998
330.585724
330.999878
331.549866
331.033508
331.686890
332.215790
331.825500
332.549835
332.476746
332.825684
333.143280
333.860657
333.734406
334.366211
334.573212
334.944763
335.141998
335.800629
336.248657
336.445190
336.331268
337.251251
337.623749
337.710358
338.407166
338.286194
338.506348
338.769135
339.360809
339.363953
339.427216
339.448822
340.028625
340.128632
340.337219
340.816498
340.786530
340.706635
340.834167
340.773926
340.592651
340.652557
340.840698
340.610565
340.805603
340.945496
340.439209
340.674805
340.393799
340.448334
340.270782
340.221558
339.446167
339.109833
339.285370
338.832947
338.869995
338.087830
338.137512
337.293701
337.483154
337.039368
337.104858
336.447083
335.987518
335.358704
334.899048
335.332886
335.218323
334.764587
334.848328
334.417480
333.877380
333.451782
333.587769
332.749359
333.225525
332.728485
332.509583
332.549133
332.599701
332.066742
332.463074
331.900024
332.236267
331.819397
331.679321
331.185455
332.108032
332.175842
332.362732
331.922333
332.352203
333.422882
333.031647
332.937225
333.158356
333.025116
333.190613
333.787811
333.675018
334.160400
334.940430
334.849792
334.686493
334.870270
335.149872
335.849518
335.736237
336.229340
336.129822
336.623352
336.815704
337.115234
337.546234
337.139618
337.500061
337.823395
337.804779
337.990753
337.955627
338.350708
338.671661
338.770569
338.584900
338.386597
338.696655
338.975616
338.540588
338.366760
338.877075
338.592377
338.712494
338.217712
338.280365
338.360779
337.977631
338.181061
337.850800
337.828369
336.997467
337.034454
336.446472
336.643463
336.492798
335.876526
336.223114
335.718018
335.786804
335.432983
335.440460
334.745483
334.238007
334.681763
333.881317
333.670288
333.571625
333.276306
332.839752
332.891541
332.566772
332.276794
332.287628
332.414581
332.095520
331.642029
331.615479
331.785736
331.548584
331.439301
331.872467
331.524994
331.452179
331.599792
331.571167
331.615326
331.613312
331.767853
331.734222
331.800964
332.042725
332.416748
332.693817
333.211365
332.867950
333.184631
333.017578
333.564850
333.269348
334.313568
333.828705
333.895081
334.284027
333.974945
334.080261
334.737213
334.901947
335.240112
335.540771
335.570953
335.457611
335.681854
335.955170
335.674377
335.789215
335.850830
335.715424
335.736389
336.039764
336.098297
336.047821
336.352539
336.938629
336.036560
336.314545
335.788879
335.905548
335.624725
335.406830
335.359192
334.884491
334.894714
334.642731
334.892242
334.906860
334.045990
333.912842
334.105072
333.629456
333.310272
333.008209
332.947388
332.369934
332.545197
331.795441
331.954193
331.640350
331.345215
331.338501
330.454529
330.174042
330.235046
329.934357
329.893158
329.795685
329.802887
329.604095
329.561005
329.307343
329.456757
329.336212
329.911957
330.202301
329.434052
329.465271
330.003815
329.263916
329.514130
329.684753
329.473938
329.426788
329.840698
329.990814
329.569031
330.376312
330.533936
330.621948
330.784332
330.479706
330.864075
331.463837
331.577057
332.227234
332.079956
332.376556
331.744385
332.425323
332.535645
333.449371
333.299042
333.663391
333.331482
333.551453
334.100220
333.685944
333.799774
334.144318
334.035675
333.926331
333.831512
334.024414
334.370270
333.557678
333.934296
334.224274
333.671326
334.023529
333.299347
332.898132
333.193329
332.895935
332.926483
332.731659
332.448181
332.358398
331.700531
331.670990
331.542175
330.852081
330.975891
330.268951
330.312775
329.939178
329.843781
330.003510
329.204773
329.030731
328.586304
328.591492
328.124939
328.085144
328.052032
328.126282
328.123901
328.448975
327.682434
327.486481
327.701630
327.524658
327.409546
327.578552
327.916992
328.119415
328.482880
328.360321
328.941986
329.147827
329.753448
329.477325
329.954559
330.221069
330.689941
331.119476
331.200165
331.810669
332.428741
332.899963
332.872314
333.589905
333.950897
333.953827
334.212128
334.832184
334.894348
334.846283
335.137726
335.528778
334.899231
335.361084
335.033203
334.720947
334.607300
334.566589
334.234955
332.940796
332.750153
331.963806
330.699402
329.412994
328.004822
327.252716
325.737732
323.703156
322.271759
320.246399
317.975830
315.586212
312.832703
310.434448
307.689728
305.192383
301.821014
298.400238
295.103027
291.971436
288.258789
284.472900
280.749847
276.672058
272.610992
268.475311
264.376892
260.365265
256.116821
251.614441
247.503036
243.641953
239.217590
235.027969
230.827469
227.056580
222.986847
218.892960
215.221466
212.025238
208.704239
205.503479
202.876404
199.724380
197.242401
194.757462
192.864487
191.567337
189.606949
188.434937
187.303635
186.421158
186.122711
186.084198

227.473862
184.782913
185.209015
185.730453
186.784836
188.032883
189.788193
191.374710
193.366943
195.519958
197.928940
200.478577
203.464691
206.378601
209.697281
212.621368
216.416199
219.917206
223.473251
227.750473
231.644226
235.607742
239.181915
243.530045
247.358215
251.657913
255.396652
259.289551
263.781372
267.106171
270.775208
274.870544
278.331329
281.979858
285.697144
289.414368
292.464417
295.740021
298.695648
301.138428
303.581238
306.456024
308.252533
310.622864
312.675507
314.086243
315.964935
317.800873
319.100830
320.361633
321.584259
322.318604
323.523041
324.454620
325.374664
326.108765
326.034607
326.459503
327.050262
326.923859
326.746887
326.679901
326.941162
327.215424
326.520355
326.307892
326.234467
326.198883
325.471375
325.170532
325.540161
324.688934
324.376862
324.114716
324.021667
323.752441
323.120789
322.810699
322.353729
322.983704
322.044708
321.742615
321.404022
321.127014
321.189667
321.214264
321.317719
321.420746
321.495544
321.712097
321.314606
321.599640
321.559418
321.819885
322.145294
321.825653
321.985291
322.068878
322.822723
323.053406
323.274689
323.090485
323.555481
323.874756
324.117279
324.652740
324.944702
325.666870
325.871826
326.238586
326.488159
326.049164
325.788391
325.986908
326.979401
327.289154
327.154816
327.322784
327.348816
327.808350
327.530304
327.904175
328.176971
328.935730
328.861511
328.517151
328.787811
328.407654
329.127136
328.673492
328.933960
328.592468
328.048584
328.217194
328.761139
327.928680
328.052948
328.022522
327.992493
327.439301
327.243896
326.465454
325.833832
326.096863
325.996552
325.193237
324.535065
324.836304
324.404938
324.198395
323.932526
323.711517
322.947235
322.495483
322.177612
322.150848
321.989105
321.862274
321.299286
320.748199
321.739136
321.323914
320.946777
320.615845
320.357819
320.495819
320.544403
320.409485
320.734833
320.761322
320.453888
321.053833
320.814453
320.907227
320.972046
321.072266
320.999054
321.039917
321.727051
322.011597
323.192780
323.936249
324.131592
323.668671
324.194946
323.689056
324.140686
324.400513
324.398712
325.632080
325.932739
326.463562
326.031342
326.445984
326.433380
326.978516
327.277832
327.457611
328.005280
328.334930
328.990906
328.802917
329.223694
329.490723
329.406464
329.477417
329.868134
330.018433
329.418213
329.480469
329.429047
329.280060
329.524780
329.519379
329.498535
328.858429
328.824249
328.660889
328.345734
328.788574
328.433502
328.284943
327.585480
327.195465
327.252014
327.431458
326.659973
326.604248
325.655518
325.737274
325.279785
325.156097
325.260101
324.269073
323.913300
323.500275
323.423035
323.308777
322.558838
322.140686
322.217468
322.649323
322.068146
321.886230
321.621460
321.777863
321.367523
321.444550
321.199921
320.452454
320.259979
320.272919
320.745178
320.720215
320.553101
320.406769
320.290192
320.564270
320.649353
320.810333
321.382141
320.607758
320.836304
321.486328
321.171631
321.856445
321.875824
322.107086
323.074860
323.495117
323.141663
323.170990
323.367859
323.365143
324.356567
324.833832
324.745728
324.902893
325.118988
325.002502
324.920288
325.723785
326.564545
326.236542
326.932556
326.318268
326.998566
327.365021
327.263824
327.736206
327.575684
327.817474
328.468628
327.937378
328.085724
327.987732
327.795746
328.314636
328.284027
328.361633
328.016907
328.058136
328.155640
328.048126
328.062347
328.275269
328.352783
328.833282
328.166901
327.352753
327.794556
327.712189
327.388184
326.725708
327.090393
326.796906
326.101959
325.896973
325.790619
325.448395
325.098236
324.554413
324.654144
325.097626
324.772736
324.720459
323.961212
323.826691
323.953400
324.267883
323.535645
323.478058
323.198730
323.402039
322.895844
322.990387
323.004913
323.067474
323.067688
323.047424
323.409088
322.949982
322.870453
322.692993
322.721436
322.733948
323.090820
323.136993
323.881805
323.784271
323.718842
324.302643
324.379333
324.591766
325.503998
325.112549
325.310120
325.775940
326.053711
326.208466
326.282623
327.318573
327.746033
327.522705
328.052856
328.231171
328.214813
328.551666
328.361237
328.763184
328.664337
329.283875
329.417633
329.433655
329.800171
329.788208
330.621887
330.328735
330.298248
330.766754
330.272003
330.575470
330.629578
331.076935
330.943848
330.968994
330.918762
331.035370
330.723389
331.103302
330.387726
330.392700
330.312256
330.216888
330.334595
330.161285
330.019470
329.325287
328.870239
328.345123
328.431793
328.102295
328.066956
327.985687
328.017029
327.679596
327.495911
327.266144
326.832581
327.438171
326.619629
326.261322
325.971130
325.965363
325.768433
325.397278
325.141785
325.367523
325.081329
325.016876
324.688690
324.886810
324.774841
325.185059
324.580200
324.792786
324.399872
324.952637
324.429321
324.048370
324.729889
324.678253
324.671936
324.704987
324.939117
324.877380
324.992340
325.707977
325.401398
325.884155
326.343262
326.579773
326.878845
326.833252
327.345795
327.852966
327.871094
327.813263
328.422150
328.792450
328.992676
328.924103
328.951782
329.296509
329.918091
330.653748
330.387329
331.205231
330.643555
331.087402
331.278839
331.461151
331.835571
331.833130
332.125732
331.884277
332.082428
331.700165
332.080658
332.034424
332.081268
332.117035
332.277466
332.423920
331.922028
332.011230
332.200867
332.008453
332.046753
331.838806
331.652832
331.367462
331.595703
330.944305
331.119690
330.756439
330.825836
330.265381
329.933258
329.453827
329.649170
329.867157
329.823547
329.783081
328.832611
329.281982
328.800659
328.617157
327.996613
328.231781
328.453339
327.961060
327.936340
327.699127
327.763153
327.131439
327.431641
327.244446
326.742706
327.307312
327.015198
327.119812
327.567169
326.976929
327.315155
327.409821
327.954865
327.404968
327.687775
327.610779
327.739319
327.716125
328.547211
328.065552
328.803864
329.265564
329.925995
329.757965
329.911224
330.096741
330.293640
330.917755
331.286224
331.318298
332.068054
331.830444
332.103607
332.662323
333.425751
333.082123
333.220612
333.860382
334.330353
334.522064
334.861664
334.799591
335.843353
335.121063
335.931061
336.052551
336.103668
335.980255
335.927673
336.086212
336.409607
336.473785
336.609711
336.210663
336.647797
336.410309
336.676727
336.331909
336.484741
336.228607
336.453552
336.361511
336.227386
335.889404
335.674072
335.349823
335.075958
335.869873
334.508545
334.510193
334.207275
333.887238
334.074585
333.593506
333.196594
333.419434
333.155060
332.897766
332.526855
332.093658
332.329346
331.743195
331.127930
330.952881
331.397217
330.840332
330.689087
331.006439
330.476654
330.562042
330.003815
330.358368
330.340057
330.102234
330.193329
330.726227
330.541473
329.977509
330.065399
330.345215
330.522675
330.633698
330.456421
330.881500
331.409210
330.864716
331.548645
332.039429
331.665039
332.379425
332.314484
332.619843
332.942078
333.669220
333.567963
334.189056
334.390686
334.728577
334.951324
335.585999
336.018372
336.221375
336.095337
337.017120
337.400848
337.461609
338.170685
338.031891
338.256317
338.508118
339.088531
339.066193
339.143250
339.166656
339.729340
339.828461
340.030823
340.517120
340.487823
340.406647
340.520203
340.460114
340.272247
340.319458
340.516724
340.272461
340.463287
340.603119
340.112335
340.347992
340.040863
340.115234
339.907532
339.895905
339.086395
338.762939
338.912506
338.476288
338.502350
337.714233
337.743103
336.926636
337.103668
336.661499
336.712067
336.073547
335.610870
334.983276
334.493591
334.961914
334.848114
334.369232
334.434326
334.019470
333.497925
333.074890
333.183624
332.380371
332.821259
332.331940
332.101685
332.146149
332.230042
331.673676
332.072357
331.489410
331.839386
331.449890
331.307251
330.809143
331.714783
331.794739
331.977020
331.539062
331.969574
333.054077
332.663635
332.563812
332.798340
332.681488
332.829071
333.405273
333.336243
333.805664
334.579163
334.507935
334.356476
334.556335
334.815643
335.508575
335.429657
335.897369
335.855927
336.311462
336.499115
336.842285
337.241425
336.847137
337.202087
337.547455
337.516327
337.719879
337.689911
338.124756
338.435669
338.538849
338.345459
338.189911
338.477417
338.774048
338.320923
338.192963
338.694855
338.391205
338.538025
338.033600
338.113861
338.220734
337.819916
338.005890
337.716888
337.656372
336.874664
336.884277
336.327545
336.548340
336.395874
335.779663
336.123291
335.624115
335.713348
335.358551
335.375763
334.659180
334.212463
334.630371
333.838654
333.628876
333.567139
333.248016
332.831512
332.868378
332.589325
332.249359
332.078369
332.390625
332.131256
331.647217
331.636353
331.825806
331.596039
331.458008
331.923798
331.588409
331.486633
331.660278
331.646240
331.688477
331.644440
331.836578
331.814148
331.839386
332.121735
332.505096
332.782715
333.318726
332.974884
333.273926
333.101624
333.683044
333.391113
334.404449
333.910156
334.005280
334.388550
334.067627
334.194763
334.846100
335.017059
335.355591
335.670319
335.685944
335.564514
335.772003
336.074158
335.799988
335.931091
335.961243
335.820038
335.844421
336.174744
336.255615
336.168030
336.470734
337.033783
336.146759
336.412354
335.919189
336.030853
335.739777
335.510284
335.490356
335.002960
335.019012
334.751129
335.025330
335.020264
334.151520
334.002289
334.230957
333.741058
333.402679
333.111816
333.051453
332.454559
332.664398
331.885712
332.053986
331.732483
331.431183
331.431519
330.541901
330.260101
330.334106
330.017578
330.007690
329.896912
329.902008
329.702026
329.669159
329.417908
329.567047
329.454315
330.012665
330.305664
329.539581
329.568848
330.078430
329.351105
329.606750
329.792664
329.585236
329.529388
329.935944
330.093384
329.664673
330.478088
330.649658
330.728668
330.883057
330.584930
330.970947
331.570496
331.683105
332.323944
332.173340
332.474884
331.847443
332.538544
332.647491
333.535645
333.392548
333.752930
333.445770
333.634338
334.191132
333.812653
333.911804
334.241547
334.141357
334.035431
333.934357
334.161041
334.479828
333.671997
334.056030
334.340240
333.802460
334.147644
333.399933
333.009003
333.301056
333.007996
333.039459
332.830658
332.559692
332.453735
331.827423
331.797485
331.677307
330.971405
331.070435
330.361816
330.424286
330.071198
329.947479
330.119476
329.296112
329.121887
328.672668
328.715179
328.215118
328.179901
328.138031
328.212128
328.250061
328.555359
327.784637
327.559875
327.800934
327.605988
327.513367
327.660248
327.994598
328.201599
328.527618
328.435486
329.023346
329.204071
329.819397
329.536804
330.016205
330.275635
330.746094
331.160370
331.268433
331.840363
332.458923
332.929352
332.910522
333.614563
333.987823
333.983734
334.222290
334.846954
334.897125
334.853516
335.154510
335.534088
334.905151
335.374146
335.059448
334.712067
334.585449
334.539642
334.202209
332.906219
332.736267
331.928619
330.670074
329.379272
327.987183
327.225800
325.696106
323.660217
322.224762
320.189301
317.917297
315.536316
312.770508
310.372375
307.601898
305.104279
301.742615
298.305817
295.036011
291.902618
288.165649
284.381958
280.651611
276.570923
272.503784
268.357208
264.265625
260.261749
255.999603
251.488510
247.378021
243.513123
239.098450
234.904556
230.701187
226.929016
222.858032
218.752731
215.083649
211.870483
208.556808
205.377594
202.733627
199.576904
197.106369
194.614288
192.724380
191.408310
189.451828
188.288528
187.162338
186.276382
185.979706
185.948639

