268.260223
174.082260
174.754471
175.311829
176.084061
177.443512
178.807571
180.309357
182.220612
184.563965
186.652527
189.140228
191.746429
194.932526
197.654251
200.758560
204.258102
207.464218
210.924530
214.608643
218.423279
221.911789
225.723206
229.582932
233.238297
237.153976
240.920624
244.916702
248.721817
251.963623
255.868546
259.313843
262.927155
266.000061
268.976776
272.640594
275.453827
278.525421
281.118073
283.644470
286.165833
288.705811
291.066437
292.821411
295.084900
296.715973
298.677734
300.082550
301.714417
302.441925
303.392303
304.838562
305.532898
306.495483
307.029175
307.505859
308.318451
308.535156
308.695190
309.072632
309.133759
309.495422
309.157562
309.026642
309.352661
309.140564
309.161957
309.033997
308.284271
308.307434
308.414703
308.009247
307.469269
307.168396
307.331329
307.033569
306.535919
306.307800
306.141266
305.679871
305.843292
305.615173
305.258148
305.681763
305.194489
305.188538
305.025146
305.495605
305.109741
305.192871
305.636230
305.495697
306.007629
305.545441
306.195190
306.539398
306.679596
306.621033
307.175629
307.590271
307.500610
307.888123
307.862579
308.452850
308.619843
309.425873
309.378448
309.784912
310.355713
310.761169
311.011383
311.686493
311.636353
311.749084
312.146942
312.530212
312.659943
313.422668
313.293701
313.347137
313.840088
314.242432
314.029114
314.351074
314.823151
314.430237
315.099396
315.003876
314.547699
314.825531
314.592346
314.528870
314.741394
314.292114
314.047791
314.175751
313.444336
313.198822
313.410492
313.460388
313.133240
313.160767
312.710114
312.658539
312.152618
311.962708
311.678162
311.241638
310.940979
310.950684
310.763885
310.315460
310.127991
310.077301
309.535797
309.094604
309.281433
308.840027
309.102997
308.740448
308.582428
308.683777
308.433899
308.321228
308.603638
308.301300
308.465363
308.194519
308.467773
308.332977
308.896667
308.474670
308.780762
308.949677
309.331970
309.002350
309.292633
309.530884
309.821075
310.075867
310.725769
310.725250
311.119324
311.610596
312.037781
312.157928
312.631073
312.659271
313.487549
313.527191
314.103333
313.893524
314.029541
314.637665
314.905365
315.411560
315.670624
315.909424
316.266144
316.566681
316.570984
316.996460
316.925720
317.459869
317.607147
317.685120
318.085785
317.857361
318.206146
318.541809
318.105865
318.058899
317.844452
318.072784
317.822418
317.986145
317.860443
317.603912
317.658661
317.486755
317.288757
316.890900
316.684967
316.904755
316.447235
315.985809
315.735046
315.784760
314.971252
315.431824
314.900604
314.798431
314.328064
313.977142
314.041809
313.468506
313.076752
312.859375
312.960236
312.795990
312.558624
312.058167
312.265564
311.669495
311.250732
311.155273
311.197540
311.206482
310.858429
311.000885
310.688232
310.988251
310.790741
310.947693
310.482208
310.810455
310.873932
311.217682
311.096802
311.041565
311.165405
311.099579
311.604156
311.595276
312.087799
311.850433
312.388885
312.781067
312.691711
313.130798
313.328918
313.264252
313.927917
314.306396
314.409027
314.602234
315.275635
315.355164
315.540741
315.932892
316.205750
316.348450
316.869141
316.949585
317.297394
317.420502
317.663391
317.779388
318.280426
318.554291
318.199493
318.382050
318.776093
318.961243
318.813171
318.937958
319.366272
319.127014
318.833405
319.449585
319.328094
318.942108
319.073029
319.155731
318.651886
318.957214
318.766998
318.481384
318.516113
318.491150
318.151184
317.937317
317.697632
317.888672
317.482697
317.358582
317.248901
317.181061
316.497040
316.098297
316.439789
316.074097
315.801666
315.696320
315.493927
315.458923
314.842743
315.085846
314.967102
314.581573
314.432922
314.212372
314.382904
314.501709
314.154205
314.212891
314.218323
313.989807
314.101532
314.259857
314.072632
313.776489
314.370422
314.085602
314.817505
315.118744
314.884949
315.157959
315.091400
315.538818
315.612579
315.951630
315.989532
316.122833
316.571350
316.867920
316.955688
317.474030
317.828033
317.821472
318.377899
318.573242
318.803711
318.876831
319.242920
319.491211
320.096832
320.191406
320.767822
320.820160
321.508636
321.341187
321.366669
322.325714
322.110718
322.186890
322.602386
322.785278
322.805542
322.744171
323.018951
323.498108
323.331299
323.018463
323.130157
323.921692
323.417786
323.573792
323.244232
323.763733
323.340546
323.213196
323.463440
323.173401
322.847504
322.594604
322.714050
322.703674
322.274780
322.187103
322.057892
321.523621
321.508514
321.561951
321.467316
321.087433
321.227020
321.025879
320.769745
320.641754
319.987610
319.869965
319.849731
319.762482
319.227020
319.443909
319.464111
319.504333
319.401855
319.367218
319.246826
319.384857
319.051727
318.908844
318.874512
318.629669
318.857452
319.347778
319.213989
319.549103
319.433044
319.794800
319.707153
319.982025
319.921906
319.849640
320.423615
320.692108
320.800140
321.057861
320.932953
321.400024
321.865570
321.931763
322.472229
322.285095
323.030548
323.714844
323.555939
323.483368
324.488770
324.490997
324.749695
324.769867
325.098114
325.691986
325.606995
325.392883
326.393524
326.126678
326.482422
326.857056
326.791931
326.766968
327.389618
327.654877
327.646942
327.570557
328.226379
328.339447
328.079742
327.817383
328.432800
328.354340
328.300323
328.298035
328.251190
327.994354
327.876648
327.911865
327.860352
327.810059
327.712219
327.755096
327.474609
327.359039
327.129822
326.975494
326.766510
326.866882
327.102234
326.464905
326.633636
326.299896
325.942719
325.846619
325.655579
325.655212
325.692749
325.321625
325.278473
325.215698
324.787994
325.474274
325.083527
324.898468
325.090057
324.881622
324.885834
325.075928
324.954559
325.283722
324.948914
325.288666
325.334534
325.748657
325.561737
325.951233
326.244049
326.497284
327.009735
326.879303
326.956635
327.270386
327.876160
327.661499
328.804077
328.402649
328.729919
329.487427
329.210846
329.344635
329.976257
330.911285
331.078094
332.217316
332.285522
332.393158
332.586700
333.253784
333.488220
333.435944
333.960968
334.760071
335.089142
335.318817
335.037323
335.481842
335.556854
336.227234
336.672577
336.793091
336.864227
337.229095
337.658905
337.654205
337.165009
337.717133
337.932617
337.488831
337.744354
338.263947
338.364777
337.803223
337.718231
337.796875
337.636078
337.754486
337.783875
337.178589
337.483490
337.442780
336.844482
337.002197
337.036316
336.459564
336.009430
336.469055
336.076691
335.742432
335.991028
335.606506
334.900391
335.279022
335.012604
335.134003
334.573639
334.833191
334.528961
334.725067
334.758698
334.291931
334.277832
333.935181
334.231567
334.195465
334.207245
334.141235
334.390991
334.185089
334.918488
334.873199
334.899902
334.865479
334.908752
335.291595
335.379272
335.691589
335.528595
336.251495
336.451813
337.186310
337.080048
337.288086
337.978394
338.102173
338.758453
339.361572
339.389618
339.667877
339.977631
340.461304
340.857147
341.347046
341.669220
342.152069
342.409180
342.823547
343.512695
343.518707
344.274963
344.100281
344.986969
345.404755
345.540283
346.209473
346.034912
346.230011
346.737183
347.269867
347.127502
347.832184
347.281281
348.167572
347.720093
347.684143
348.126984
347.959991
348.300598
348.392639
348.708069
348.186554
348.087860
348.196899
347.792328
347.751251
347.889557
347.244263
347.547485
347.234009
347.082825
346.870758
346.819244
346.291718
346.406372
345.670471
345.585663
345.860321
345.238068
345.307465
345.132935
344.356537
343.701660
344.279144
343.602386
343.569122
343.446136
343.046082
343.275543
343.306061
342.757538
342.249207
342.459106
342.536652
342.132355
342.102936
342.079651
341.890594
341.591431
341.919891
342.535553
342.359680
341.811615
342.290375
342.195892
342.465302
342.451691
342.694672
343.318848
343.209351
343.314972
343.586609
343.813995
344.154022
344.332245
344.560486
344.872559
345.164337
345.314941
345.930359
346.173157
346.504822
346.702209
347.261536
347.786163
347.869781
347.696320
347.807648
348.847717
349.001007
349.106506
349.393799
349.886383
349.836670
349.999329
350.319702
350.405884
351.108521
351.218079
351.201538
351.441711
350.982666
351.010315
351.741455
351.402802
351.470306
351.734833
351.345795
351.758850
351.019470
351.341248
351.295868
350.775879
350.775452
350.709869
351.145630
351.043732
350.193939
350.511047
350.139099
349.971924
349.483368
349.151550
349.374847
348.501770
348.642151
348.728973
348.168671
347.997803
347.776459
347.781616
347.509491
347.327271
347.406494
346.318420
346.940247
346.858887
346.829956
346.626678
346.641052
346.766357
345.993103
346.316650
346.008057
346.334198
345.925323
346.186951
346.310425
346.006317
346.494659
346.617676
345.890808
346.480042
346.415588
346.513824
346.424225
347.276794
346.973480
347.447754
347.541534
347.592621
347.884216
347.963074
348.443512
348.738251
348.750275
348.936127
349.337555
349.153473
349.837433
349.780823
350.320618
350.261169
350.347198
350.636719
351.175934
350.787140
351.243622
351.509949
351.969910
351.507507
351.798553
351.785828
351.998047
352.024994
351.880707
352.123199
352.050262
351.966980
351.840515
351.784668
351.726562
351.518982
351.851135
351.655457
351.872162
351.638031
351.195007
351.463806
350.795593
350.158722
350.314545
350.078766
350.057281
349.197113
349.521393
348.931519
348.548920
348.431152
348.502930
348.158173
348.145325
347.700287
347.577942
347.218567
346.921814
346.412659
346.681488
346.404938
345.755310
345.751434
346.028381
345.817749
345.608002
345.381348
345.690765
345.430573
345.141174
345.270691
345.635895
345.428528
345.410004
345.848145
345.790558
345.508698
345.601044
345.821564
345.981293
346.273956
346.357086
346.751892
346.644501
347.149841
346.824585
347.108124
347.507416
347.576569
348.198822
348.113831
348.119385
349.101929
348.938080
348.883850
349.276550
348.824768
349.999573
349.571655
350.168030
350.313721
350.246552
349.928802
350.674072
350.523376
350.673706
351.076416
351.161469
350.969391
351.032745
350.894257
350.586670
350.495270
350.183289
350.278320
350.483429
350.008057
349.833771
349.438477
349.097290
349.145081
348.876465
348.294373
348.299652
348.067291
348.158203
347.766876
346.878662
346.805023
346.810822
346.249664
346.042572
346.137085
345.608704
345.435425
345.170502
344.951843
344.575287
344.754761
344.626831
344.225739
343.910889
343.691650
344.154602
343.898590
344.042938
343.975098
344.097351
344.268311
344.167175
344.146820
344.672638
344.486145
344.934540
344.979065
345.164673
345.846313
346.294800
346.485413
346.850006
347.199432
347.590454
347.959259
348.327698
348.910706
349.510376
349.668610
349.977814
350.514160
350.846771
350.941956
351.245941
351.700867
351.420868
351.606110
351.838562
352.061615
351.610840
351.611115
351.363098
350.419128
350.253723
349.604767
348.968292
348.078766
346.793182
346.033966
344.416138
343.106140
341.146942
339.966888
337.328064
335.441345
333.175568
330.926636
328.096619
325.231140
322.343201
319.304779
316.389191
312.934937
309.393860
305.383514
301.792389
297.950195
293.644684
289.483734
285.201782
281.185120
276.980408
272.353394
268.084351
263.354279
258.821075
254.601440
250.241455
246.273911
241.405045
237.485443
233.400467
229.242035
225.637161
221.565567
218.072876
215.079819
211.832703
208.790405
206.326904
203.749939
201.425293
199.951279
197.782272
196.594498
195.576126
194.863480
194.406662
194.788696

263.626343
173.904968
174.566177
175.153198
175.907303
177.294708
178.644485
180.160629
182.075333
184.411758
186.521027
189.007156
191.647324
194.838333
197.554642
200.693314
204.204468
207.423035
210.894745
214.605255
218.460892
221.939285
225.771408
229.663376
233.353531
237.281876
241.033646
245.068542
248.935394
252.149307
256.077911
259.556213
263.207367
266.298492
269.309387
273.003174
275.838806
278.947327
281.565186
284.139038
286.677551
289.235596
291.631989
293.432220
295.696259
297.345001
299.342468
300.786499
302.418427
303.209625
304.174774
305.643341
306.329376
307.334686
307.908051
308.381927
309.220764
309.494141
309.657959
310.086670
310.148895
310.530762
310.209045
310.093262
310.469025
310.232910
310.298065
310.162323
309.428192
309.454071
309.598297
309.193115
308.644531
308.369690
308.546265
308.267761
307.783112
307.543457
307.384430
306.937317
307.082153
306.880737
306.524780
306.936798
306.437836
306.450317
306.311798
306.735931
306.333405
306.434692
306.862427
306.708160
307.248169
306.750702
307.360138
307.713226
307.874664
307.807739
308.340637
308.725647
308.631378
308.990021
308.958160
309.514832
309.662567
310.442627
310.372498
310.781525
311.340759
311.697937
311.917603
312.567871
312.494995
312.589050
312.945709
313.319458
313.408569
314.157379
314.012207
314.016174
314.493195
314.851898
314.596588
314.916962
315.345917
314.936066
315.567657
315.420776
314.966858
315.194763
314.946960
314.845215
315.021973
314.553955
314.257568
314.369904
313.607422
313.339264
313.502228
313.540161
313.182068
313.191772
312.679077
312.622314
312.083038
311.876648
311.571014
311.092072
310.812592
310.753601
310.556000
310.066833
309.836761
309.779816
309.224670
308.760315
308.957123
308.469238
308.711243
308.341949
308.150238
308.224518
307.982666
307.862885
308.073700
307.787140
307.927643
307.647400
307.909424
307.765442
308.337128
307.884705
308.207153
308.357422
308.739197
308.370667
308.676941
308.906555
309.197540
309.430878
310.073090
310.061066
310.489716
310.947662
311.379974
311.500031
311.978302
312.010437
312.838013
312.891083
313.464813
313.253082
313.392639
314.011597
314.296661
314.790771
315.068329
315.296173
315.697601
315.989197
315.989624
316.410248
316.373535
316.918396
317.060883
317.140259
317.582703
317.364960
317.717957
318.091919
317.633270
317.598877
317.427307
317.657806
317.415680
317.584259
317.478943
317.251770
317.298523
317.190491
317.020844
316.591095
316.439697
316.661621
316.196747
315.801178
315.564514
315.650543
314.818848
315.341003
314.804565
314.725464
314.258453
313.930878
314.031097
313.489960
313.078308
312.934845
313.039276
312.866180
312.635864
312.204987
312.424438
311.875427
311.474976
311.340637
311.426147
311.484833
311.163422
311.294189
311.024750
311.321045
311.199188
311.357544
310.888031
311.267487
311.389954
311.720184
311.635010
311.572723
311.751556
311.682770
312.237671
312.230835
312.717712
312.548370
313.098389
313.534363
313.494507
313.933929
314.122589
314.095032
314.804291
315.209442
315.309204
315.556641
316.213593
316.349762
316.554688
316.931610
317.272308
317.410522
317.961426
318.078979
318.449036
318.599609
318.835693
319.051514
319.519745
319.824158
319.500122
319.698944
320.147583
320.323730
320.217377
320.355743
320.818909
320.574005
320.339294
320.923920
320.871765
320.458069
320.631073
320.759491
320.270386
320.589203
320.433319
320.143829
320.237122
320.214081
319.912018
319.663544
319.485413
319.665222
319.273865
319.171814
319.072723
319.049103
318.344452
317.980652
318.357056
317.985565
317.747009
317.638245
317.456635
317.440704
316.809082
317.094269
316.944763
316.601715
316.460327
316.232422
316.424133
316.559204
316.159821
316.258240
316.258118
316.033417
316.188507
316.305176
316.099274
315.831879
316.410522
316.167084
316.894226
317.229675
316.970032
317.219849
317.132507
317.629639
317.689606
318.006317
318.026978
318.166351
318.612000
318.906067
318.923920
319.447876
319.854553
319.776276
320.324310
320.482880
320.740814
320.831696
321.147949
321.326508
321.963013
322.037628
322.638275
322.656311
323.318878
323.120422
323.129578
324.068329
323.847229
323.896088
324.230286
324.409271
324.407471
324.379181
324.607330
325.046783
324.858551
324.493103
324.613312
325.395447
324.822174
324.916718
324.593628
325.091400
324.643402
324.487061
324.700317
324.399567
324.049286
323.762665
323.870331
323.836212
323.350433
323.198578
323.035828
322.444672
322.420258
322.476471
322.358490
321.933105
322.022278
321.781403
321.434601
321.385315
320.675568
320.561646
320.488586
320.344452
319.786652
319.984772
319.976105
319.971741
319.823395
319.808105
319.649231
319.803528
319.418640
319.225861
319.154877
318.904785
319.077057
319.591217
319.423218
319.722015
319.577698
319.926422
319.823975
320.090790
320.022583
319.920166
320.461334
320.703949
320.783264
321.063629
320.916168
321.353394
321.791351
321.838165
322.371399
322.163147
322.900208
323.598145
323.416595
323.333374
324.308319
324.310211
324.564331
324.595490
324.913483
325.476532
325.367767
325.121582
326.150421
325.882446
326.227051
326.605865
326.533966
326.549805
327.137329
327.403107
327.368622
327.319580
327.978119
328.068665
327.791168
327.514679
328.158173
328.092072
328.028168
328.013580
327.967682
327.753204
327.603485
327.629425
327.584503
327.540375
327.437500
327.513184
327.239319
327.116241
326.893616
326.750671
326.518738
326.635193
326.882874
326.251007
326.430573
326.091827
325.724915
325.644470
325.441498
325.496490
325.511444
325.149536
325.137268
325.076019
324.630676
325.300476
324.957031
324.770599
324.963898
324.771606
324.755585
324.943665
324.825714
325.181610
324.798828
325.187531
325.239716
325.656952
325.491333
325.883209
326.154846
326.429321
326.940063
326.832916
326.869873
327.193054
327.798187
327.588043
328.753510
328.319458
328.682739
329.435699
329.161407
329.296844
329.915710
330.871307
331.038269
332.173065
332.252319
332.344482
332.541168
333.209534
333.423615
333.392853
333.919739
334.676208
335.043457
335.247986
334.972198
335.432526
335.500977
336.172729
336.613556
336.738770
336.776917
337.137451
337.593475
337.574158
337.072754
337.634644
337.852783
337.409576
337.616119
338.144897
338.251068
337.696869
337.603882
337.684113
337.503632
337.623260
337.621979
337.042175
337.346283
337.270050
336.697052
336.863190
336.883148
336.305481
335.859161
336.333313
335.887726
335.568420
335.811035
335.436951
334.718842
335.103241
334.811218
334.953735
334.379242
334.634827
334.315582
334.511444
334.559662
334.095032
334.086517
333.735077
334.005280
333.986084
333.980835
333.925537
334.156036
333.949860
334.694244
334.656525
334.671173
334.650299
334.654541
335.085602
335.152374
335.452118
335.277313
336.020294
336.250488
336.961304
336.838623
337.037933
337.756317
337.874237
338.521973
339.097412
339.166901
339.470062
339.728516
340.209167
340.626587
341.131042
341.436188
341.929443
342.186554
342.604248
343.302917
343.275421
344.038055
343.885010
344.746979
345.149200
345.303162
345.946014
345.823669
346.039520
346.513092
347.086761
346.910828
347.637299
347.087250
347.971375
347.552216
347.499023
347.906677
347.800171
348.117889
348.214111
348.492523
347.973358
347.911102
347.999725
347.604034
347.557159
347.687805
347.095856
347.381561
347.057922
346.924866
346.668396
346.615387
346.122620
346.215179
345.496277
345.414520
345.684479
345.050171
345.154144
344.939270
344.196320
343.521912
344.135712
343.444580
343.410797
343.284424
342.849762
343.137360
343.162079
342.614899
342.085022
342.351349
342.386261
341.966431
341.984985
341.959930
341.760803
341.456085
341.758118
342.386688
342.217987
341.662292
342.185974
342.051331
342.316528
342.322296
342.564941
343.187286
343.108215
343.199097
343.460480
343.655975
344.027130
344.198700
344.424316
344.746521
345.014526
345.201080
345.780945
346.080109
346.388672
346.563568
347.151550
347.688751
347.717743
347.603058
347.695374
348.728271
348.912750
349.012451
349.271362
349.794464
349.743225
349.914124
350.224243
350.294830
351.013672
351.110992
351.111145
351.362244
350.865875
350.948730
351.640106
351.312622
351.401703
351.659393
351.258209
351.696198
350.936829
351.282166
351.176758
350.710144
350.709503
350.614807
351.060913
350.997955
350.119995
350.439697
350.074829
349.902924
349.421631
349.063660
349.331696
348.426697
348.600861
348.683075
348.115997
347.962677
347.727722
347.692963
347.465607
347.287354
347.346375
346.291748
346.881317
346.855621
346.793243
346.586365
346.599182
346.723572
345.987823
346.268066
345.967407
346.298004
345.919769
346.177795
346.302795
345.989532
346.460968
346.589813
345.858765
346.473114
346.416504
346.492432
346.391205
347.276581
346.973053
347.473053
347.546936
347.611084
347.862518
347.969849
348.417328
348.774933
348.735809
348.923157
349.318085
349.185577
349.850250
349.795258
350.335205
350.276306
350.343628
350.645966
351.197174
350.780487
351.293976
351.543976
351.973907
351.518402
351.807465
351.808807
352.009674
352.059814
351.894012
352.154358
352.113312
352.006348
351.871735
351.818146
351.781891
351.523224
351.881561
351.714478
351.936523
351.678986
351.213287
351.496582
350.835968
350.223694
350.385834
350.106659
350.104919
349.244232
349.569794
348.947021
348.632294
348.450470
348.570679
348.201813
348.157440
347.738861
347.623901
347.282562
346.965302
346.469330
346.749695
346.486938
345.794006
345.814148
346.107056
345.879639
345.672272
345.446869
345.758911
345.487488
345.217712
345.341553
345.700226
345.475342
345.470917
345.895691
345.865631
345.600098
345.667847
345.841309
346.033234
346.317322
346.404816
346.797272
346.713806
347.224670
346.886200
347.189178
347.558289
347.633453
348.242493
348.178131
348.188263
349.163544
349.011292
348.963776
349.359528
348.871490
350.066040
349.678711
350.236816
350.413788
350.306427
349.998993
350.723663
350.569824
350.740570
351.139221
351.219147
351.029663
351.091492
350.954010
350.671356
350.594208
350.208893
350.366058
350.550934
350.085876
349.929199
349.511627
349.157776
349.255493
348.973419
348.344177
348.399994
348.140045
348.227600
347.812500
346.967499
346.880768
346.861877
346.294495
346.105011
346.180237
345.689056
345.517853
345.215546
345.028046
344.638458
344.819916
344.675232
344.316071
343.985138
343.755554
344.215454
343.980621
344.140167
344.040924
344.173126
344.315247
344.272217
344.230347
344.745056
344.559906
345.055786
345.051941
345.208832
345.900177
346.403625
346.542664
346.905548
347.301270
347.656097
348.045746
348.403107
349.001953
349.592651
349.738312
350.075897
350.586578
350.939484
351.044739
351.333862
351.790100
351.536591
351.712463
351.926086
352.138947
351.686859
351.732086
351.482025
350.521606
350.375061
349.695312
349.096985
348.166077
346.882050
346.127319
344.522766
343.201599
341.257721
340.084564
337.413635
335.562958
333.289703
331.041595
328.214447
325.363586
322.477844
319.407898
316.488800
313.080444
309.522614
305.493530
301.919037
298.077362
293.772797
289.601654
285.312134
281.320099
277.103455
272.473328
268.206787
263.492401
258.946716
254.744125
250.361847
246.402954
241.532013
237.623566
233.527664
229.377563
225.767532
221.697067
218.214447
215.218216
211.962570
208.938583
206.465958
203.903595
201.577774
200.053680
197.933884
196.731796
195.707016
194.994980
194.546310
195.027298

218.295517
184.293289
184.895798
185.400330
186.460114
187.653564
188.935211
190.862946
192.523712
194.840622
197.327637
200.063812
202.876678
205.782089
209.254257
212.195496
215.754608
219.584457
223.337112
227.136688
231.007629
235.012207
238.950943
243.036484
247.330536
251.015579
254.877670
259.207214
262.698364
266.639252
270.442871
274.302917
277.616791
281.277802
284.879272
287.827057
291.743805
294.883545
297.538177
300.151215
302.787964
305.027618
307.082520
309.932983
311.540924
313.312195
315.384338
316.777130
318.298126
319.701752
320.615570
321.730591
322.553375
323.694519
323.678406
324.918518
325.315796
325.159576
325.425964
325.483948
325.591278
325.644775
325.912842
325.912109
325.368042
325.681854
325.139740
324.746613
325.071808
324.022156
323.698212
323.435333
323.351196
322.442780
323.044006
322.443848
321.595245
321.488983
320.862183
321.358704
320.639740
320.654419
320.266907
320.022064
319.815002
319.665741
319.494080
319.652008
320.060852
319.766907
320.033844
319.916779
319.885132
319.686096
320.186554
319.976013
320.725983
320.886169
320.845001
321.156006
321.377197
321.981995
321.988403
321.889252
322.514465
322.666229
323.414124
323.260986
323.762482
324.450104
324.916809
325.259918
324.989197
325.197754
325.632050
325.581268
326.269958
326.457520
326.199066
326.667633
326.455566
326.573395
326.862122
327.087555
326.763458
327.267883
327.302094
327.076355
327.104523
327.092834
327.078156
326.416046
326.926575
326.802277
326.436279
325.916229
325.967285
325.593536
325.464294
324.887512
324.964813
324.814423
324.072235
324.470673
323.799194
323.246796
323.107819
322.937805
322.008087
322.126160
321.744629
321.193481
321.011444
321.039062
320.959839
320.086975
319.876465
319.741241
319.526489
319.346466
319.589050
319.228577
318.656403
319.174896
318.417999
318.847778
318.717651
318.335815
318.648376
318.260590
319.047607
318.683746
319.163849
319.075745
319.221680
319.529510
319.274658
319.427032
319.734863
319.843353
320.428101
320.705963
320.701141
321.430969
321.533478
322.057892
321.728363
322.002075
322.677399
323.010254
323.510559
323.572998
323.819275
323.948608
324.382874
324.592560
325.086151
325.372253
325.464233
325.665710
326.288116
326.357941
326.401703
326.529816
326.974609
326.453278
327.117035
326.689362
326.959442
327.188812
327.265015
326.274292
327.064209
326.521576
327.148132
326.798706
326.456848
326.588074
326.189789
326.109070
325.591553
325.660828
325.509888
325.148254
325.117279
324.599701
324.566956
324.038666
323.733582
323.700134
323.321747
322.529327
322.555573
322.102997
322.039886
321.353973
321.096985
321.215759
320.588531
320.538330
320.409912
319.352631
319.731232
319.422058
319.356842
319.171631
319.017944
318.463989
318.876160
318.306946
318.420990
318.044586
318.486725
318.386414
318.187195
318.288361
317.968994
318.300995
318.269501
318.750671
318.724457
318.422577
318.825653
318.899384
318.695740
319.538361
319.343628
319.493439
319.790436
320.383972
319.935791
320.776215
320.216644
321.481506
321.434631
321.812103
321.731873
321.993958
322.401367
322.345459
323.456665
323.821350
323.881592
323.987244
324.329803
324.421356
324.488190
324.983215
325.214630
325.007599
325.079163
325.312531
325.937866
325.529907
325.461914
325.794037
325.795685
325.956024
325.721069
325.941498
325.916962
325.639191
325.318481
325.160919
325.218201
325.243835
325.060272
325.009064
325.128845
324.739532
324.145660
324.244965
324.126953
323.983856
323.555969
323.265015
323.123444
322.676117
322.649536
322.173401
322.274780
322.281006
321.906433
321.851562
321.334015
321.184601
321.065857
320.630707
321.201813
320.312897
320.491272
319.870453
320.241119
320.279480
319.713409
320.259857
319.504150
319.483795
319.598572
319.885986
319.655273
319.642578
319.840851
320.173767
319.910065
320.125061
320.184235
320.457367
320.957886
320.781982
321.045624
321.374542
321.772461
321.297455
321.863586
321.759186
322.784515
322.443756
323.040680
323.309509
323.356415
323.547211
324.295471
324.504028
324.825958
324.999664
325.368652
325.441162
325.396729
325.637115
326.742920
326.534821
327.121124
326.905792
327.262848
327.589752
327.931824
327.812836
327.562164
327.756195
327.818848
328.025085
328.104218
327.853149
328.328094
328.370361
328.053528
328.570129
327.832031
328.396423
327.713837
328.078674
327.717438
328.037689
327.234070
327.426117
327.204285
327.099945
326.974548
326.679535
326.352051
326.220734
325.812775
326.136719
325.617950
325.320160
325.245880
325.232117
325.042206
324.632965
324.398621
324.097290
323.933136
323.771423
323.688049
323.592712
323.350159
323.044830
322.623138
323.138794
322.527954
322.929840
322.653625
322.543671
322.525146
322.762054
322.701080
322.762787
322.729156
322.872223
322.724945
322.959564
323.350006
323.524750
323.545929
323.465088
323.480713
323.649780
324.140289
324.214386
324.786713
324.415283
324.795471
325.306213
325.751038
325.708252
326.363617
326.043457
326.647949
326.452637
326.691315
327.452667
327.182159
327.482422
328.097656
328.534302
328.046387
328.637085
328.600494
328.889984
328.658356
329.452148
329.892639
329.622253
329.782745
330.124603
330.073944
330.386230
330.412628
330.568787
330.389221
330.099823
330.306030
330.261353
330.340546
330.598907
330.409515
329.970581
330.040558
329.847504
330.054016
329.697235
329.852753
329.175842
329.261475
329.190094
328.860748
328.631714
328.634216
328.324066
328.465149
327.915649
327.985443
327.480469
327.249115
327.364105
326.782867
326.878357
326.620453
326.576935
325.935822
326.215515
326.269592
326.259186
325.478638
325.612579
326.041229
325.644592
325.988617
325.569336
325.894897
325.830872
326.770233
325.877197
326.031158
325.878876
326.009399
326.348145
326.123596
326.790833
327.010162
327.281311
327.047089
326.763489
327.826874
328.059967
328.494110
328.473938
328.544800
329.235229
329.091766
330.041504
330.142426
330.493683
330.667297
331.485016
331.183319
331.821960
332.336670
332.091888
332.550262
332.784363
333.112061
333.843018
333.333496
334.317871
334.362244
334.442413
334.634766
334.795319
335.078979
334.953186
335.337006
335.804718
335.701263
335.529541
336.322205
335.821564
336.194885
335.590027
335.662109
335.866028
335.955383
335.569489
335.717773
336.110504
335.492035
335.530518
335.325012
335.042175
334.896301
334.299988
334.239319
334.079803
334.262817
333.806274
333.385651
333.427277
333.378662
332.790649
332.663818
332.847107
332.051636
331.677551
331.829742
331.434845
331.349365
331.322174
331.210205
330.579163
330.925842
330.762848
330.165405
330.117126
330.768463
330.111542
330.195526
330.037872
329.844482
330.159088
330.286926
330.138184
330.266052
330.501221
330.565979
330.485077
330.821075
331.111176
331.217499
331.535309
331.752289
332.213104
331.994812
332.335693
332.685242
332.927795
332.828796
333.741119
333.495209
334.451691
334.472168
335.197449
335.400452
335.786652
335.781342
336.097473
336.757568
336.639801
337.326752
337.578094
337.788208
338.332855
338.466278
338.631622
339.097595
339.601562
338.985046
339.702606
340.042664
340.072937
340.098907
340.612762
340.639069
340.960449
340.384979
340.633942
341.086823
340.728638
340.801636
340.881683
340.618744
340.255951
340.428986
340.697540
339.920624
340.028137
339.878723
339.635376
339.557220
339.022491
339.067108
338.654999
338.697449
338.478271
337.841858
337.598816
337.322327
337.012360
336.631378
336.562683
336.013672
336.035217
335.737061
335.352448
335.179077
335.218567
334.561066
334.097504
333.941162
333.781464
333.421112
333.433044
333.246002
333.087189
332.790131
332.499084
333.040894
332.361755
332.744568
332.768738
332.845612
332.493805
332.903259
332.671600
332.457367
333.039490
332.805939
332.779694
333.189178
332.664520
333.489563
333.966858
333.842926
333.790100
333.717773
334.461182
334.646576
334.994659
334.794128
335.269928
335.601715
335.896881
335.874146
336.559692
336.808838
337.122284
337.320343
337.345306
337.401642
337.893402
337.948486
338.326996
338.640076
338.815491
338.807404
339.154053
339.052643
339.303772
339.063080
339.688904
339.879578
339.944550
339.913025
339.919464
339.685944
339.578827
339.594757
339.759674
339.522491
339.458618
339.359711
339.317078
339.269379
339.104004
338.821747
338.799927
338.187317
338.646973
337.738342
337.746368
337.762451
337.608215
337.438202
337.307281
336.674835
336.556946
335.854614
336.192474
335.538635
335.577148
335.589294
335.056274
334.675415
334.306274
334.755768
334.439484
333.741852
333.729126
334.048218
333.745422
333.754944
333.103943
333.646332
333.499786
333.415497
332.597809
333.360291
333.426910
333.493134
333.442047
332.924957
333.038361
333.388855
333.515991
333.621185
333.426117
333.449829
333.825867
334.191895
334.298981
334.373077
334.303070
334.855957
334.623688
334.915955
335.371246
335.308868
335.732361
335.747101
336.563904
336.306702
336.622040
336.798859
336.898468
337.272522
337.142029
337.606140
337.495300
337.397797
337.811005
337.752594
338.072968
338.153900
337.836639
338.108215
337.474091
337.869080
338.049133
337.990082
337.229431
337.692535
337.475983
337.343445
337.151489
337.679810
337.075012
336.961884
336.432983
336.761627
336.202789
336.190704
336.312805
335.804688
335.889587
335.134094
335.093048
334.707184
334.603668
334.289001
334.104034
333.841522
333.646057
333.338623
332.955200
332.949860
333.031830
332.074860
332.093689
331.969147
332.136841
331.662659
331.356934
331.520142
331.293457
331.454620
330.873627
331.210144
330.939178
330.846832
330.680206
330.788422
331.132782
330.892181
330.989471
331.042297
331.069214
331.499969
331.554474
331.544556
331.427063
332.015076
332.119232
332.150330
332.238647
332.281647
332.653778
332.719177
333.079620
333.551544
333.756714
333.502838
333.983154
334.243500
334.240356
334.607178
334.792908
334.823303
335.101501
335.306122
335.009857
335.650879
335.701721
335.783813
335.756287
335.393829
335.646637
335.446106
335.877655
335.603119
335.628998
335.164642
335.363251
335.387634
335.105621
334.834625
334.699829
334.328156
333.964661
334.230438
333.604553
333.609985
333.403412
332.991638
332.870178
332.255402
331.939606
331.944305
331.371368
331.860260
331.135956
330.545013
330.526947
330.142242
329.981873
329.388702
329.459015
329.525024
329.188293
329.247955
328.913300
328.844299
328.946808
328.751160
328.976349
328.609894
329.143951
328.705170
329.471436
329.099304
328.682190
329.815063
330.226257
329.843384
330.521179
330.703125
331.113861
331.109161
331.739929
332.107239
332.616241
332.649567
332.673370
333.452637
333.799805
334.168060
334.140198
334.705475
335.346832
335.505310
335.745972
335.315186
335.954468
335.844299
336.087646
336.085388
335.983459
335.639801
334.947693
335.025574
334.430573
334.001770
332.873169
331.945282
331.030334
330.123474
328.557770
327.158661
325.369446
324.291260
322.067657
320.426544
317.958069
315.591156
313.167053
310.554810
308.064514
304.813293
301.967072
298.671021
295.257202
291.751007
288.057678
284.187317
280.376495
276.265137
272.593872
268.415344
264.203949
260.166992
255.888885
251.475372
246.968063
242.995026
238.704041
234.796204
230.308380
226.421860
222.728088
218.845322
215.136307
211.658966
208.397018
205.061615
202.026138
199.411850
197.164230
194.809204
192.592148
190.561325
188.912933
187.825089
186.882919
185.999374
185.676819
185.648178

222.510635
184.881927
185.446045
185.962814
187.037704
188.242172
189.535995
191.463928
193.119583
195.430664
197.942245
200.650848
203.490677
206.415588
209.867691
212.834290
216.389771
220.253113
224.002441
227.788910
231.678360
235.676407
239.619583
243.732788
248.030426
251.721268
255.602844
259.945648
263.426453
267.372833
271.184082
275.094025
278.416595
282.043304
285.708862
288.597351
292.578156
295.708649
298.368195
301.017487
303.647461
305.878906
307.997101
310.790649
312.467651
314.279785
316.328308
317.731995
319.248505
320.693054
321.595245
322.734467
323.562286
324.721619
324.693390
325.913727
326.414551
326.239410
326.474976
326.545258
326.646545
326.695129
327.064423
327.021973
326.468597
326.792358
326.254486
325.831207
326.213593
325.116669
324.813751
324.564911
324.481384
323.555725
324.173340
323.567993
322.724213
322.619751
322.007050
322.526855
321.751099
321.793304
321.417511
321.168823
320.943268
320.779999
320.621552
320.758728
321.174744
320.868958
321.155396
321.020996
321.012177
320.783142
321.299347
321.053589
321.795105
321.946655
321.881775
322.165131
322.477936
322.985535
323.006561
322.916351
323.507324
323.657928
324.385437
324.268250
324.743134
325.401550
325.835205
326.213348
325.845612
326.104034
326.461914
326.450195
327.142578
327.310730
327.067993
327.514191
327.261475
327.340271
327.668335
327.839447
327.492981
328.037628
328.047272
327.779510
327.806396
327.796478
327.778687
327.140015
327.607910
327.512085
327.066711
326.534943
326.596466
326.235931
326.043549
325.474457
325.560791
325.394775
324.624329
325.012970
324.336029
323.804565
323.660004
323.462952
322.560120
322.640594
322.205902
321.702362
321.476776
321.489960
321.407471
320.517639
320.295074
320.194580
319.905396
319.802185
320.006622
319.619629
319.031067
319.557190
318.800842
319.183167
319.078644
318.706451
319.009857
318.645813
319.421234
319.052185
319.498138
319.403656
319.541473
319.870758
319.615570
319.744141
320.020569
320.154358
320.721008
321.009888
320.989227
321.703369
321.842102
322.324951
321.984711
322.264160
322.951447
323.242523
323.785492
323.813721
324.061523
324.193756
324.620575
324.794250
325.345978
325.587769
325.683014
325.880219
326.484589
326.558441
326.587280
326.723724
327.143127
326.604492
327.287445
326.840179
327.109833
327.328949
327.391113
326.411377
327.198578
326.648224
327.279144
326.904816
326.551880
326.669922
326.264709
326.206482
325.681244
325.734955
325.563904
325.198639
325.173065
324.617950
324.611298
324.062012
323.761688
323.708954
323.336761
322.554047
322.554199
322.069092
322.035217
321.346649
321.065826
321.216614
320.553101
320.505981
320.342621
319.301666
319.676056
319.356812
319.285187
319.105377
318.940125
318.366913
318.789093
318.216370
318.328918
317.940338
318.374329
318.300476
318.081757
318.206787
317.884338
318.194550
318.146118
318.628784
318.612854
318.316833
318.728729
318.794769
318.587433
319.443481
319.226715
319.381012
319.701080
320.276703
319.842346
320.692749
320.157928
321.392303
321.348846
321.755249
321.699554
321.934357
322.369965
322.289490
323.416351
323.785370
323.848877
323.991852
324.327454
324.436493
324.502777
325.041718
325.287140
325.078339
325.176361
325.400940
326.035797
325.661469
325.620117
325.918060
325.948578
326.136505
325.911224
326.165771
326.120758
325.890594
325.588043
325.440887
325.508698
325.540100
325.364899
325.348358
325.497559
325.103943
324.535309
324.644318
324.563812
324.436798
323.999359
323.729034
323.601501
323.196228
323.148407
322.727600
322.793304
322.852020
322.494598
322.445374
321.960663
321.812714
321.702240
321.252533
321.873749
321.011963
321.178192
320.605530
320.950806
320.994446
320.450073
321.027710
320.251190
320.228119
320.405334
320.669830
320.481415
320.456573
320.682404
320.988342
320.770782
320.978851
320.995300
321.302124
321.827026
321.634735
321.904327
322.206360
322.659485
322.164215
322.733734
322.630615
323.642242
323.309875
323.904663
324.177063
324.243225
324.412476
325.143188
325.356079
325.681732
325.809509
326.219299
326.258179
326.245300
326.452362
327.567261
327.305389
327.890869
327.655640
328.053040
328.321198
328.641998
328.541718
328.286926
328.452484
328.532166
328.695282
328.768402
328.501892
328.916718
328.974487
328.658630
329.143188
328.398865
328.943573
328.243683
328.603149
328.211945
328.519592
327.690399
327.836029
327.627838
327.515411
327.358673
327.037140
326.689636
326.537170
326.118011
326.442596
325.884857
325.566315
325.479431
325.465149
325.243195
324.834900
324.579041
324.250702
324.067841
323.891602
323.774567
323.659180
323.425568
323.106873
322.661591
323.164673
322.529236
322.919495
322.626282
322.497589
322.489899
322.724548
322.622772
322.679291
322.659607
322.796600
322.625732
322.832520
323.233643
323.380981
323.407074
323.310120
323.303528
323.457764
323.974854
324.036530
324.585999
324.230865
324.608063
325.111053
325.554810
325.487579
326.162964
325.824707
326.440216
326.242310
326.484192
327.264984
326.984528
327.281433
327.912689
328.317322
327.851929
328.410645
328.397980
328.709198
328.460052
329.267059
329.715393
329.437836
329.631348
329.965698
329.912415
330.252594
330.275055
330.449738
330.264893
329.995819
330.219238
330.162445
330.253662
330.543060
330.346375
329.919861
329.995331
329.782013
330.012299
329.658173
329.851410
329.181427
329.279022
329.213348
328.883606
328.662994
328.686707
328.395355
328.555237
328.011658
328.095490
327.573364
327.354309
327.477539
326.915527
327.046417
326.779572
326.735168
326.119598
326.373596
326.450104
326.471893
325.681091
325.847626
326.303101
325.903442
326.251862
325.815674
326.146912
326.112885
326.690155
326.166901
326.355652
326.146637
326.322784
326.646820
326.464447
327.129425
327.382935
327.619507
327.367157
327.121338
328.178406
328.427185
328.853760
328.806519
328.911957
329.596191
329.451996
330.420685
330.520935
330.864960
331.017303
331.867828
331.576599
332.220184
332.724670
332.425385
332.907745
333.153809
333.491852
334.225555
333.688904
334.675476
334.755219
334.806702
334.982117
335.152313
335.437164
335.332397
335.692810
336.157440
336.025940
335.855804
336.653992
336.137817
336.536133
335.907867
335.999298
336.179657
336.264282
335.848389
336.030151
336.382599
335.802826
335.807800
335.591217
335.322998
335.163269
334.540710
334.473846
334.321228
334.488464
334.039032
333.635773
333.658905
333.605896
332.978607
332.883728
333.049133
332.261780
331.844757
332.022400
331.616119
331.494781
331.482147
331.342499
330.717377
331.048248
330.894592
330.286438
330.220306
330.855377
330.189850
330.259888
330.132721
329.927917
330.223938
330.339417
330.188232
330.305878
330.514984
330.580261
330.527557
330.848633
331.096771
331.204163
331.527802
331.736572
332.200500
331.984772
332.292023
332.637360
332.867798
332.757233
333.661530
333.413422
334.393158
334.393890
335.077637
335.279633
335.670197
335.659027
335.977997
336.622009
336.492798
337.171631
337.432220
337.624634
338.166290
338.286804
338.418610
338.887543
339.383118
338.769348
339.485657
339.847321
339.856781
339.848450
340.360931
340.384064
340.701477
340.110352
340.350250
340.804199
340.443420
340.543335
340.588898
340.302612
339.936218
340.106232
340.347076
339.575775
339.663788
339.511353
339.282288
339.214722
338.656006
338.696655
338.263000
338.299957
338.090576
337.435333
337.179321
336.920990
336.588318
336.212585
336.145416
335.591461
335.590210
335.318024
334.902283
334.738403
334.782990
334.111176
333.653870
333.481537
333.314392
332.968353
332.959625
332.779297
332.601044
332.306335
331.991760
332.569092
331.880432
332.269440
332.284271
332.337006
332.028595
332.394592
332.175415
331.971161
332.561432
332.304596
332.280060
332.688385
332.164948
333.011810
333.486267
333.355133
333.311432
333.237732
333.992401
334.151398
334.517487
334.325745
334.795288
335.129639
335.440613
335.395996
336.071014
336.367798
336.686523
336.852661
336.863403
336.978333
337.457489
337.519348
337.901184
338.230743
338.412384
338.418030
338.733215
338.653473
338.924591
338.669342
339.300079
339.520111
339.572662
339.569122
339.582153
339.348724
339.217987
339.244507
339.446167
339.216034
339.137726
339.062958
339.055450
338.986786
338.819550
338.541687
338.531830
337.931305
338.403137
337.479980
337.505585
337.556366
337.389465
337.237396
337.083313
336.508850
336.376617
335.693848
336.003571
335.377686
335.394775
335.425507
334.900726
334.509216
334.186554
334.637817
334.306549
333.629517
333.631012
333.851929
333.685852
333.685211
333.024109
333.601990
333.424591
333.383453
332.547516
333.292480
333.411011
333.468018
333.426422
332.880829
333.026031
333.403320
333.552917
333.631714
333.407166
333.486816
333.824799
334.195007
334.341156
334.416107
334.353943
334.891083
334.675018
334.939819
335.417358
335.335022
335.807678
335.783295
336.603455
336.357727
336.703064
336.849060
336.991455
337.344482
337.233521
337.706146
337.578125
337.483734
337.878571
337.846436
338.149719
338.252441
337.904175
338.195404
337.544159
337.944702
338.116394
338.047455
337.346893
337.791199
337.565399
337.411377
337.239075
337.779022
337.187805
337.050415
336.511810
336.863770
336.277466
336.281403
336.398254
335.874512
335.953033
335.199615
335.173431
334.792999
334.687836
334.363007
334.204010
333.920593
333.717285
333.398956
333.012573
333.007294
333.102386
332.177612
332.150055
332.025146
332.216278
331.750366
331.434814
331.578735
331.351349
331.515778
330.936432
331.295776
331.003510
330.932983
330.744843
330.851349
331.190735
330.964844
331.035522
331.095703
331.123932
331.551849
331.592010
331.610077
331.484497
332.087769
332.181030
332.210358
332.302673
332.347687
332.691040
332.766937
333.118896
333.598877
333.819183
333.553802
334.034210
334.279205
334.286316
334.669281
334.851593
334.880890
335.162781
335.371582
335.043732
335.709320
335.739532
335.838837
335.808929
335.454254
335.688660
335.492371
335.924164
335.659332
335.686890
335.216125
335.415009
335.448029
335.156433
334.887573
334.756958
334.386993
334.009277
334.293579
333.646088
333.648682
333.455139
333.041534
332.903748
332.288147
331.978973
332.012909
331.424835
331.900818
331.185425
330.566345
330.558807
330.200684
330.038574
329.429260
329.512238
329.557281
329.228210
329.293884
328.930664
328.893097
328.955414
328.781006
329.014099
328.644897
329.168213
328.723602
329.491364
329.134888
328.711182
329.831757
330.259064
329.852875
330.530487
330.718628
331.113037
331.127075
331.728424
332.128662
332.618652
332.657166
332.676056
333.451630
333.795837
334.152008
334.148956
334.687012
335.334778
335.501404
335.720490
335.311279
335.930084
335.851440
336.062408
336.036469
335.967804
335.615997
334.905457
334.988892
334.396027
333.965240
332.817200
331.926208
330.982880
330.089111
328.516876
327.123108
325.317200
324.227966
322.003021
320.358276
317.880859
315.528870
313.130066
310.495911
307.989166
304.724121
301.883087
298.580780
295.168121
291.689117
287.940002
284.111664
280.288513
276.192993
272.504761
268.340027
264.095184
260.064728
255.788406
251.364014
246.884659
242.897156
238.599716
234.712463
230.207520
226.323776
222.621567
218.726257
215.027664
211.562195
208.279205
204.956238
201.914169
199.315826
197.066528
194.707443
192.474014
190.445663
188.803177
187.698441
186.786499
185.891800
185.553909
185.576767

