293.287476
172.965805
173.332092
173.903976
174.809723
176.029877
177.234390
179.172455
180.909531
182.863373
185.391754
187.666336
190.361755
193.025558
196.063828
199.367661
202.531494
205.864624
209.202774
212.877533
216.575577
220.093552
223.877228
227.571457
231.385193
235.236694
238.985718
242.568207
246.487411
249.812286
253.695862
256.933929
260.458801
263.624908
267.300110
269.958801
272.779449
276.252441
278.897247
281.492493
283.929230
286.252716
288.380402
290.456268
292.346008
294.405243
296.467896
297.147339
298.960907
300.132233
301.436920
301.698395
303.062378
304.256348
304.601440
305.278442
305.595306
305.991791
305.599731
306.466187
306.865784
306.699982
306.824463
306.751862
306.839386
306.648804
306.205231
306.024933
305.645599
306.126038
305.560577
305.566864
305.349518
304.969147
304.778900
304.433380
304.284302
303.909485
303.652740
303.572418
303.698669
303.223999
302.949127
302.765503
302.931183
302.910706
303.113251
302.852966
302.868256
302.836639
303.133728
303.367889
303.267151
303.355042
303.308868
304.194366
304.525452
304.591278
304.437164
305.033844
305.501923
305.620483
305.845184
306.150818
306.831818
306.818085
307.420868
307.520264
308.262543
308.564362
308.460022
309.293304
309.252411
309.757050
310.376617
310.709473
310.649872
311.083618
311.204376
311.252991
311.671204
311.660706
312.154938
312.195557
312.138824
312.460052
312.257324
312.772461
312.854187
312.047974
312.113586
312.382599
312.333954
311.906982
311.862640
311.990906
311.893829
311.863678
311.680206
311.087006
311.368469
310.727997
310.253693
310.492676
309.924896
309.729279
309.570557
308.960114
309.312897
308.781036
308.926025
308.141327
308.226288
307.830719
307.601654
307.449158
307.518341
307.060822
306.905579
306.980804
306.830933
306.904114
306.490997
306.844543
306.534698
306.675537
306.576599
306.462341
306.496826
306.810760
306.558105
306.936798
307.309113
307.222809
307.511841
307.479889
307.718109
307.950317
308.419586
308.514587
309.097473
309.325256
309.690826
309.840454
310.069885
310.539429
310.815887
311.640717
311.861389
312.139038
312.111511
312.401520
312.889130
313.421661
313.539886
313.936615
314.020691
314.821655
314.931458
314.963074
315.051117
315.452118
315.854980
315.714844
316.100922
316.499054
316.263702
316.316833
316.362701
316.806671
316.934479
316.693756
317.119843
317.047180
316.897644
316.532349
316.668915
316.640045
316.494904
316.007050
316.205841
316.072510
316.088654
315.613129
315.309265
315.252991
314.990417
315.149353
314.549255
314.149170
314.167694
313.715057
312.915039
312.967285
312.887909
312.757416
312.533600
312.638733
311.948273
311.684845
311.762360
311.532318
311.186218
310.890106
310.838623
310.939453
310.485077
310.470490
310.117035
309.992645
310.312683
310.398773
310.331238
309.954041
310.497955
310.349304
310.363403
310.462372
310.607391
310.535400
310.925446
310.691772
310.893829
311.367737
311.649231
311.794037
311.763733
311.997864
312.437164
312.414062
312.976410
313.108337
313.745575
313.528473
313.879944
314.036407
314.843109
315.191254
314.975891
315.142456
315.701599
316.232788
316.213531
316.657837
317.047455
317.907104
317.720184
317.695557
317.407013
318.163422
318.225128
318.551392
318.655365
318.509094
318.536133
318.663452
319.035278
319.077209
319.157288
319.038635
319.262695
318.806580
318.858063
318.910522
319.112854
318.632172
318.912689
318.581055
318.337677
318.221680
317.795685
317.675110
317.558777
317.460327
317.570526
317.260986
317.004150
316.905029
316.961060
316.427185
316.383728
316.095123
315.686920
315.773804
315.527924
315.210205
315.252686
315.254517
314.900330
314.834991
314.663513
314.687225
314.531494
314.313263
314.312988
314.170441
314.537628
314.123047
314.341431
314.159882
314.421844
315.040924
314.235352
314.616943
314.792603
314.515656
315.054230
315.140778
315.386566
315.387329
315.567078
316.090576
315.946014
316.844788
316.711182
317.196472
317.290192
317.328125
318.020325
318.049164
318.265167
319.133667
319.124603
319.094513
319.199219
320.200989
320.275391
320.611481
320.428131
320.700989
321.306305
321.657745
321.717560
322.097046
322.192596
322.746399
322.763000
323.000854
323.159973
323.002411
322.976990
322.972015
323.560883
323.499390
323.182251
323.537872
323.386932
323.694763
323.838989
323.318481
323.737061
323.226318
322.851990
323.195526
323.091919
322.818909
323.142456
322.420013
322.404388
322.128601
322.138214
322.016724
321.769501
321.433838
321.328918
321.000916
320.607239
320.310791
320.525391
320.012878
320.486206
320.078430
319.909851
319.577942
319.620117
319.163452
319.249695
319.084320
319.397308
319.186737
319.092010
318.940430
318.688324
318.632965
318.567993
318.974487
318.619171
318.739105
319.286224
318.753632
319.146149
319.165009
319.034271
319.197571
319.469696
319.621002
320.018402
319.579712
320.292969
320.660583
320.082520
320.948639
321.029114
321.659607
321.635132
322.108246
322.380219
322.528381
322.960266
322.854431
323.749695
323.374115
323.848999
324.384857
324.432037
324.467896
324.739746
325.314209
325.134949
325.730011
325.459503
325.596069
326.301270
326.540100
326.440247
326.435883
327.229218
326.883453
326.828033
327.197937
327.287415
326.989777
327.324768
327.061646
326.607422
327.334564
327.235474
326.785706
327.147064
326.908173
326.722931
326.655090
326.712494
326.436462
326.479858
326.568909
325.984497
325.979645
325.588684
325.536438
325.633301
325.199646
324.912140
324.756195
324.608551
324.544250
324.629059
324.450073
324.567963
324.174652
323.820557
323.766785
323.758911
323.792023
323.237579
323.422974
323.519073
323.670715
323.405273
323.516205
323.282684
323.130463
323.957489
323.856049
324.517609
324.068634
324.408447
324.511292
324.904755
324.815430
325.104523
324.899994
325.291534
325.993195
325.905212
326.488007
326.938507
326.867401
327.245605
327.621063
327.926666
328.009125
328.418671
328.695435
329.030670
329.454651
329.947754
329.934265
330.885559
330.905151
331.387909
331.587860
332.042725
332.356598
332.737183
332.961975
332.970612
333.683868
333.767426
334.239288
334.117035
334.299194
334.342163
334.542725
335.088959
335.183960
335.016052
335.296936
335.134094
335.184937
335.701599
335.711914
335.145630
335.192993
335.234222
335.315765
335.004059
335.415131
334.890930
334.723389
334.707733
334.333649
334.045654
334.408966
333.977478
334.270630
334.183929
333.862671
333.775604
333.249786
333.031006
332.866638
332.862946
332.097229
332.529816
332.520996
332.115601
332.144318
332.042419
331.838898
331.522369
331.579376
331.523193
331.681061
331.424774
331.430542
331.353973
332.062897
331.869873
331.336334
331.678802
331.523529
331.711212
332.284637
332.094208
332.405640
332.579071
332.947510
332.873718
333.147186
333.557495
333.726440
334.300537
334.670105
334.776123
334.768677
335.413635
335.604248
336.480804
336.944183
336.956543
337.663483
337.586426
338.417908
338.886169
339.403046
339.532288
339.998108
340.208221
340.331909
341.264954
341.553375
341.760162
342.112610
342.330170
342.820801
343.241089
343.337372
343.735931
343.818695
344.030243
343.587311
344.263702
344.385925
344.427246
344.659607
344.864716
345.161652
344.809875
344.955078
345.162750
344.854004
344.973511
344.703735
344.499603
344.315125
344.698975
344.455566
343.986816
344.026093
343.820557
343.413849
343.495056
342.869049
342.504303
342.864319
342.279755
341.909424
341.474396
341.955780
341.101044
341.015686
340.926361
340.612793
340.194946
340.713043
340.083099
339.567688
339.736633
339.747223
339.343201
339.131805
339.306122
338.564606
338.626282
338.593475
338.771057
338.949707
338.924988
338.962372
338.873322
339.024811
338.827576
339.072266
338.934937
338.862396
339.436462
339.276093
339.646942
340.163635
339.880493
340.165649
340.475983
340.894196
340.835266
341.707581
341.446899
341.924652
342.390930
342.305939
342.876984
342.950226
343.570129
343.827942
343.877502
344.685547
344.692200
344.942047
344.947693
345.544098
346.009369
345.918701
346.432068
346.577759
346.984955
347.579376
347.189606
347.449188
347.773773
348.063934
348.262909
347.998871
348.635254
348.267944
348.551117
348.289001
348.366547
348.606659
348.538940
348.383484
348.058167
348.102692
348.284882
347.866882
347.572510
347.808746
347.722229
347.352905
347.381927
346.889984
347.439636
346.971375
346.448425
346.142792
345.981964
345.688904
345.780121
345.623535
345.682678
345.274597
344.739532
344.725494
345.259705
344.590790
344.218048
344.146820
343.931549
344.144379
344.518066
344.076752
343.590332
343.836212
343.528290
343.471008
343.807220
343.494293
343.502411
343.417938
343.475464
343.907379
343.646179
343.610443
343.999481
343.974030
344.422394
344.380829
344.734436
344.590668
345.560303
345.136322
345.241272
345.358673
345.893555
345.909607
346.266754
347.023560
346.452332
347.220001
347.143005
347.497131
347.601288
348.075287
348.617615
348.224976
348.598969
348.881744
349.046082
349.280823
349.368591
349.515320
349.655243
349.787018
350.490997
349.798065
350.251343
350.231964
350.036987
350.368042
350.354187
350.161682
350.141357
350.088196
350.299438
349.728821
349.859863
350.062836
349.759247
349.789124
348.936951
349.246460
349.179688
348.742737
348.775543
348.307983
348.255341
348.119537
347.444183
347.724396
347.443939
347.290619
346.684967
346.561310
346.265839
346.372162
345.373840
345.965210
345.604706
345.552216
345.197205
344.788666
344.640259
344.988159
344.791199
344.705444
344.374420
344.471252
344.633118
344.349030
344.212555
344.129944
344.803040
344.531250
344.690430
344.764862
344.529724
344.917847
345.429932
345.353851
345.581360
345.238159
345.486633
345.972351
346.377014
346.387421
346.935974
346.951599
347.498627
347.479675
347.734741
347.699036
348.292114
347.880981
348.311707
348.803284
349.009949
349.601440
349.672516
349.763580
349.654175
349.947754
350.235748
350.096436
350.054260
350.172791
350.276306
350.121063
350.548645
351.183624
350.362915
350.391724
350.363312
350.350220
350.355682
350.413025
350.020569
350.252625
349.604492
349.322998
348.576263
349.007935
348.930939
348.560760
348.335052
347.911591
347.225403
346.946106
346.683472
346.629395
346.742615
346.106415
346.083832
345.405609
345.550598
345.210785
345.358521
344.359619
344.775146
344.565582
343.876221
344.272797
344.270844
343.731934
344.226318
344.114655
344.001221
344.505676
344.154541
344.080475
344.302216
345.140259
345.172913
345.487274
345.436310
346.022156
346.254761
346.537140
346.703766
347.193390
347.630096
348.631622
348.278137
349.091064
349.542389
349.724548
350.338562
350.516327
351.506195
351.149170
351.456787
351.542450
352.501984
352.162048
351.854919
352.201202
351.653870
352.007538
351.841095
351.510040
351.204468
350.497345
349.833862
349.407043
348.531952
347.185333
346.071930
344.509308
343.326355
341.986664
340.273468
337.858856
336.047791
333.509460
331.137787
329.327393
325.546326
323.245392
319.762115
316.643250
313.765930
309.632294
306.336700
302.166290
298.351532
294.225677
289.746826
286.261963
281.204865
277.058411
273.009949
268.407440
263.979034
259.385803
254.948654
250.355667
246.178146
241.922516
237.596603
233.570435
229.318069
225.446518
221.871231
218.451370
215.098740
211.646179
209.120483
206.336624
203.987595
201.984009
199.899689
198.021729
196.799789
195.838989
194.877655
194.638077
194.584946

284.769714
173.120682
173.456787
174.049866
174.928116
176.173309
177.377335
179.312729
181.058502
183.015045
185.572891
187.837112
190.548676
193.210861
196.269653
199.570099
202.744904
206.056107
209.424515
213.117661
216.832855
220.374908
224.149780
227.857849
231.648895
235.562103
239.306885
242.879852
246.835129
250.169205
254.067871
257.280975
260.883331
264.009003
267.686188
270.394012
273.247498
276.707855
279.368744
281.943909
284.426422
286.772339
288.909088
290.957245
292.874878
294.949982
297.037567
297.706604
299.566620
300.742706
302.019440
302.292084
303.702393
304.891235
305.232635
305.942810
306.239929
306.648773
306.274017
307.173767
307.570160
307.408234
307.541046
307.474457
307.509766
307.358398
306.909790
306.735657
306.346741
306.823395
306.250183
306.283569
306.050598
305.648621
305.476379
305.148407
304.996948
304.582275
304.330078
304.220825
304.390839
303.870087
303.596405
303.381470
303.554352
303.502777
303.711731
303.410980
303.419434
303.374573
303.641418
303.906677
303.762451
303.851105
303.786407
304.665466
304.982697
304.994568
304.820770
305.390869
305.857727
305.935730
306.139130
306.434570
307.092010
307.033173
307.625458
307.694855
308.417114
308.711487
308.587830
309.394226
309.319733
309.800812
310.387787
310.699005
310.627838
311.001892
311.132538
311.163574
311.552002
311.501587
311.986450
311.964050
311.920776
312.216370
311.985229
312.487885
312.571686
311.714325
311.759979
312.003296
311.937805
311.486206
311.408386
311.522339
311.406372
311.350250
311.140594
310.530731
310.813141
310.119751
309.666901
309.884827
309.292267
309.074097
308.925873
308.280884
308.611084
308.065979
308.222351
307.411224
307.505096
307.089081
306.857178
306.709839
306.771179
306.311707
306.129547
306.209503
306.088318
306.105438
305.702667
306.065338
305.746857
305.884857
305.796936
305.656281
305.701447
306.052795
305.795319
306.184937
306.548035
306.475647
306.750092
306.757538
306.987000
307.204773
307.692596
307.831177
308.377899
308.618622
309.010498
309.180359
309.415192
309.877319
310.181915
311.022461
311.246155
311.559174
311.524353
311.860870
312.332214
312.905334
312.999176
313.419983
313.533936
314.334229
314.476379
314.505676
314.622650
315.029114
315.469604
315.393585
315.776306
316.160400
315.969574
316.067841
316.072327
316.547974
316.694977
316.488007
316.927643
316.870117
316.727234
316.392456
316.529266
316.536194
316.366150
315.924988
316.153381
316.054077
316.055054
315.579163
315.317902
315.289215
315.023102
315.200989
314.657745
314.269104
314.268616
313.819641
313.068115
313.114319
313.081726
312.926239
312.697784
312.838562
312.171753
311.926361
312.002930
311.771057
311.494202
311.193268
311.133606
311.228241
310.836487
310.792542
310.480743
310.338928
310.671844
310.791931
310.724518
310.355164
310.894348
310.764893
310.796875
310.919891
311.044220
311.005585
311.374237
311.160980
311.384460
311.866974
312.128723
312.277252
312.291473
312.512939
313.016327
312.977234
313.517395
313.672699
314.319427
314.095093
314.461975
314.606354
315.464386
315.779144
315.604828
315.737274
316.333649
316.852600
316.865509
317.300323
317.695801
318.579529
318.388702
318.368713
318.123383
318.861938
318.944702
319.283081
319.370697
319.250427
319.269196
319.364319
319.783997
319.836884
319.921417
319.815033
320.034210
319.612335
319.684113
319.712677
319.912872
319.466675
319.738190
319.422852
319.181152
319.086914
318.650055
318.540680
318.457947
318.340179
318.483978
318.181946
317.888672
317.831360
317.913635
317.368958
317.304688
317.044952
316.606384
316.739349
316.491333
316.203888
316.238129
316.252228
315.894287
315.821899
315.692169
315.668732
315.524017
315.337646
315.358734
315.198700
315.575653
315.134521
315.374329
315.187988
315.453125
316.027802
315.280396
315.659210
315.831421
315.563232
316.121948
316.215210
316.412567
316.405823
316.619110
317.125732
316.969574
317.859741
317.722595
318.209869
318.316956
318.356354
319.045715
319.079437
319.299042
320.130280
320.117767
320.103088
320.191010
321.165375
321.249969
321.568634
321.357483
321.665955
322.231995
322.548889
322.622894
322.968536
323.042755
323.612762
323.635620
323.816254
323.982330
323.785706
323.814667
323.741119
324.364716
324.279724
323.957245
324.311554
324.094177
324.412903
324.524231
324.020569
324.426666
323.891663
323.475677
323.839355
323.714355
323.391998
323.679321
322.992035
322.916931
322.686005
322.626892
322.505280
322.250946
321.858063
321.772034
321.413574
321.026306
320.686157
320.862213
320.337189
320.834198
320.371277
320.237091
319.879425
319.885681
319.450623
319.507080
319.330383
319.624969
319.385956
319.294220
319.151947
318.822968
318.746399
318.679932
319.081482
318.700562
318.811615
319.371063
318.758759
319.172150
319.232239
319.039154
319.225342
319.477722
319.629089
319.985046
319.526367
320.235291
320.611481
320.038239
320.886475
320.889191
321.560455
321.528351
322.017639
322.251434
322.410980
322.832336
322.745758
323.632446
323.238922
323.697388
324.247711
324.298096
324.342499
324.612183
325.179871
324.989746
325.611359
325.313324
325.443665
326.135437
326.421051
326.262634
326.284119
327.045410
326.718048
326.693695
327.066528
327.152008
326.858124
327.191803
326.946106
326.461853
327.220825
327.104065
326.684448
327.024445
326.753113
326.621429
326.563721
326.627655
326.334778
326.390503
326.470612
325.915466
325.899780
325.479736
325.459473
325.574921
325.151154
324.847595
324.699799
324.537262
324.479095
324.586273
324.412567
324.520325
324.145264
323.807068
323.754211
323.719513
323.776825
323.251129
323.430298
323.510681
323.660400
323.422882
323.554657
323.281738
323.139679
323.861359
323.867249
324.529175
324.058380
324.454834
324.517120
324.942322
324.838135
325.133179
324.931702
325.319611
326.050415
325.931305
326.518555
326.984222
326.915863
327.331238
327.682526
327.971375
328.091583
328.464325
328.747528
329.101318
329.484497
330.006927
329.983368
330.929077
330.961151
331.404175
331.632751
332.087463
332.414917
332.778870
333.038574
333.027679
333.746918
333.829102
334.304047
334.175262
334.360229
334.392151
334.561707
335.139923
335.216522
335.063690
335.336334
335.165527
335.202667
335.747467
335.738129
335.197906
335.227600
335.278839
335.354309
335.008698
335.448700
334.889374
334.742523
334.723389
334.369019
334.104980
334.435822
334.013611
334.304199
334.202667
333.902252
333.795074
333.277100
333.062286
332.895630
332.897583
332.129944
332.541595
332.540955
332.153870
332.176178
332.070038
331.844635
331.552185
331.604340
331.550934
331.700897
331.458466
331.465912
331.374084
332.098358
331.885925
331.378235
331.728333
331.565338
331.748596
332.340546
332.128845
332.465424
332.599091
332.993683
332.937927
333.208527
333.606201
333.803528
334.351501
334.730255
334.834442
334.844818
335.459137
335.694244
336.581665
337.034943
337.036896
337.744934
337.700836
338.519257
339.006287
339.490723
339.613525
340.110748
340.305450
340.472046
341.326843
341.665405
341.883667
342.249207
342.450317
342.959534
343.356476
343.486206
343.838501
343.990601
344.157227
343.767090
344.407379
344.554077
344.617584
344.837372
344.987732
345.291931
344.941406
345.126770
345.351654
344.994507
345.124664
344.860748
344.674561
344.455658
344.912415
344.605865
344.162964
344.233429
343.987183
343.568115
343.632904
343.000305
342.612579
343.032135
342.510437
342.068726
341.656952
342.166718
341.296295
341.185822
341.099976
340.790070
340.360260
340.876343
340.216919
339.702972
339.918396
339.886780
339.540833
339.309662
339.460907
338.744507
338.806091
338.773651
338.899597
339.090057
339.106628
339.123352
339.077850
339.176483
338.976501
339.239685
339.035278
338.979828
339.588806
339.482727
339.788818
340.302917
339.999664
340.315491
340.581360
341.009430
340.983246
341.831818
341.580811
342.033112
342.465820
342.362732
343.019287
343.085510
343.670288
343.972656
343.997498
344.787170
344.798615
345.034058
345.044739
345.646362
346.110107
346.068451
346.530457
346.694305
347.090698
347.688721
347.304565
347.547211
347.868164
348.174164
348.348816
348.098755
348.714752
348.325043
348.628479
348.400299
348.426117
348.687439
348.611328
348.479950
348.135803
348.172302
348.389893
347.982880
347.695343
347.902252
347.799591
347.452667
347.485840
346.934967
347.520691
347.071930
346.545807
346.302124
346.090149
345.800964
345.888580
345.699677
345.786835
345.350647
344.823669
344.812378
345.377380
344.738586
344.323669
344.257263
344.052979
344.289825
344.611267
344.161499
343.687073
343.946899
343.642395
343.539307
343.912140
343.592133
343.620422
343.535217
343.585846
344.021332
343.741150
343.728699
344.095764
344.053650
344.580750
344.505890
344.836884
344.696869
345.674194
345.262512
345.353577
345.462891
346.024384
346.009125
346.313965
347.121490
346.568665
347.341675
347.239685
347.653656
347.708679
348.219727
348.723175
348.347412
348.698761
348.981537
349.136932
349.385406
349.478119
349.665039
349.764709
349.897125
350.569031
349.896332
350.358856
350.318085
350.110413
350.478302
350.431091
350.267090
350.237122
350.156647
350.368866
349.776611
349.926422
350.115295
349.804016
349.873688
349.005096
349.288422
349.222198
348.791687
348.827606
348.350403
348.296753
348.161926
347.498352
347.776978
347.451660
347.309082
346.725189
346.575226
346.269897
346.392731
345.381958
345.960785
345.622467
345.561768
345.218994
344.791595
344.638214
344.983948
344.752319
344.720978
344.360107
344.442871
344.615814
344.328064
344.185455
344.130493
344.764282
344.513245
344.658142
344.716400
344.497650
344.880920
345.377808
345.310608
345.521851
345.184906
345.432617
345.903381
346.285095
346.321320
346.869049
346.881439
347.438293
347.414124
347.638489
347.632874
348.214478
347.804260
348.247925
348.684662
348.928955
349.514862
349.582275
349.661041
349.556213
349.850311
350.166412
349.995087
349.948761
350.073517
350.177917
350.027191
350.435577
351.069550
350.252960
350.282257
350.266144
350.258362
350.240540
350.327087
349.924988
350.142670
349.503052
349.240570
348.497345
348.932159
348.829590
348.449310
348.256653
347.842865
347.132904
346.877991
346.604095
346.570496
346.678467
346.048126
346.044189
345.383270
345.503235
345.178375
345.349976
344.338806
344.760864
344.541748
343.865417
344.254120
344.245667
343.729950
344.214539
344.114258
344.027466
344.536865
344.174408
344.102539
344.342163
345.169128
345.243347
345.507202
345.459595
346.101868
346.312408
346.629852
346.792206
347.302002
347.751251
348.753143
348.401642
349.231018
349.681519
349.884857
350.495087
350.668091
351.674286
351.329803
351.637939
351.726074
352.708191
352.375153
352.080261
352.426056
351.892303
352.257477
352.109558
351.804779
351.476929
350.797058
350.136963
349.713531
348.838837
347.501556
346.402954
344.845520
343.658295
342.348328
340.637909
338.232056
336.420990
333.903992
331.543945
329.709900
325.955017
323.666412
320.145416
317.062134
314.202759
310.044067
306.789703
302.602112
298.804810
294.712006
290.245331
286.760437
281.678192
277.539337
273.515564
268.898560
264.500763
259.920868
255.457214
250.882614
246.692657
242.453018
238.126984
234.104904
229.855194
226.024567
222.429626
219.000580
215.631332
212.209457
209.664108
206.905396
204.557587
202.568253
200.450363
198.597260
197.371689
196.416107
195.456741
195.220428
195.402252

218.741867
183.839539
183.686035
184.649185
185.594940
186.904678
188.520752
190.096619
192.282013
194.227570
196.878937
199.607803
202.127884
205.172546
208.028091
211.591263
215.161743
218.718140
222.505829
226.107422
230.203812
234.150223
237.622498
242.042877
246.211746
250.414444
254.057465
258.133148
262.083771
265.712311
269.530762
273.202271
276.939362
280.887543
284.088623
287.047577
290.230988
293.682587
296.497375
299.119324
301.686279
304.004761
306.290070
308.522552
310.187286
312.202057
313.918091
316.091766
317.098206
318.930359
319.737061
320.628326
321.651154
322.531494
323.487000
323.697113
323.915619
324.493835
324.971405
325.114777
324.974365
325.216309
324.813995
324.838043
324.544281
324.383179
324.291199
323.594574
323.688904
323.317780
323.064819
322.845337
322.663391
322.176422
322.156219
321.944031
321.868927
320.751984
320.779449
320.521667
320.544006
320.033691
319.827393
319.818024
319.809845
319.106018
319.722534
319.475769
319.168152
319.068054
319.448120
319.569275
319.582489
319.832825
319.939941
319.809570
319.998749
320.416595
320.967041
321.037018
321.506378
321.680603
322.270599
321.901672
322.738861
322.844116
323.242188
324.104218
324.302979
324.103149
324.572357
324.293243
325.028717
325.304962
325.847260
325.585480
326.291321
326.362762
326.645813
326.908875
327.035492
326.765411
327.297394
327.461151
327.396271
327.591095
327.584534
328.060791
327.427704
327.660187
327.336304
327.423584
327.068176
327.255188
326.871948
326.848907
326.677917
326.258423
325.938751
325.927582
325.870667
325.252350
324.842438
324.677734
324.456177
323.766693
323.584442
323.335327
322.944824
322.935822
322.765808
322.188446
322.064789
321.376129
321.059601
321.063263
321.370178
320.905823
320.627167
320.562775
320.575562
319.960663
320.287964
319.992798
320.040375
320.163818
319.868744
320.237335
319.635742
319.690369
319.658173
320.170929
319.893890
320.153503
320.172241
320.686829
321.008331
320.778595
321.172791
321.584320
321.834320
322.576782
322.648529
322.940063
323.551453
323.366455
323.570404
323.769623
324.071503
324.676178
325.127045
325.432068
325.548523
325.748138
326.246399
326.514496
326.886261
327.124329
327.607574
327.916504
327.965973
328.100952
328.639130
328.849915
328.795319
329.147186
328.985687
328.962433
328.886688
328.942657
328.852020
328.934418
329.038666
329.291046
328.598053
328.917633
328.610016
328.930786
328.461761
328.191132
328.474915
327.831818
327.741852
327.799408
327.149597
326.722931
327.004395
326.343018
326.012024
325.772583
325.626373
325.288635
324.915253
324.905426
324.265778
324.091858
323.790253
323.722382
323.234650
322.926788
322.629547
322.622070
321.866150
321.947998
321.678436
321.157196
321.544312
321.636139
321.414215
321.721527
320.962402
320.645630
320.700775
320.997009
321.085999
321.149872
321.041656
321.100189
320.872528
320.975739
321.180359
321.398376
321.257599
321.720306
322.119995
321.939850
322.379913
322.552765
323.062988
322.783447
323.427765
323.483276
323.923340
323.945160
324.029236
324.461884
324.907959
324.986389
325.327698
325.615875
325.944183
326.193512
326.450806
326.992401
327.037262
326.688843
327.665039
327.514313
328.169189
328.203247
328.215729
328.326904
328.319550
328.238068
328.792847
328.665344
328.600800
328.429352
328.878662
328.272949
328.510986
328.085541
328.436279
328.356049
328.281036
328.408936
328.160522
328.306793
327.753113
327.361176
327.412292
327.165924
327.044464
327.097107
326.707397
326.210114
326.029449
326.099365
325.250397
325.205566
324.661743
324.829376
324.822083
324.375641
324.060547
324.049652
323.790863
323.532715
323.240662
323.286987
323.246643
323.056091
323.312897
322.863373
322.626678
322.643494
322.063324
322.504547
322.508392
322.497284
322.783386
322.529114
322.563599
322.636444
322.931854
322.764404
323.116516
323.089417
323.165710
323.567749
323.651978
323.600159
323.764404
323.986847
324.262543
324.246490
324.921417
325.053375
325.330322
326.080902
326.258972
325.973328
326.649231
326.827576
327.601257
328.024567
327.625580
328.119781
328.188171
328.605896
328.763092
328.741028
329.305359
329.071899
329.115234
329.735352
329.737274
329.776276
330.127167
330.343231
329.772919
330.152405
329.933960
330.813995
330.652283
330.548309
330.485413
330.541138
330.642303
330.477570
330.510986
330.052002
330.112152
329.896790
330.118103
329.558563
329.634277
328.994965
328.798157
328.608215
328.319855
328.659454
328.148499
328.153931
327.905426
327.574463
327.364532
326.993744
327.015259
326.630035
326.789703
326.202087
325.628967
326.240814
325.632812
325.553070
325.427582
325.227875
324.967163
324.737396
324.763031
324.864532
324.662445
324.900848
324.679230
324.384521
324.497314
324.031128
324.453796
324.887512
324.732147
324.603180
325.081207
325.178009
325.207916
325.069153
325.458008
325.646576
325.592133
326.196991
326.372711
326.466309
326.740021
327.078094
327.185059
327.765198
328.064392
328.010010
328.294037
328.241394
328.798248
329.033447
329.285034
329.525787
329.412506
330.107513
329.899506
330.394318
330.745239
330.868103
331.469360
331.286194
331.697968
331.353302
331.536499
331.936066
332.058685
332.099121
332.382019
332.065399
332.031433
332.035736
332.219086
331.973083
332.170166
331.739014
331.759155
331.864899
331.370178
331.418579
331.473328
331.131287
331.112518
330.886475
330.902161
330.945282
330.465485
329.993103
330.406769
329.430634
329.775970
329.563232
328.983917
329.297974
329.149323
328.495728
328.379791
328.323059
328.284393
327.978271
327.771881
327.664276
327.242523
327.392395
327.131256
327.439056
326.969879
327.127228
327.152222
326.528687
326.678955
326.888580
327.979980
326.702271
327.174652
327.547363
327.363647
327.781158
328.077484
327.448395
327.650269
327.811584
327.925262
328.534698
328.825653
329.396851
329.235626
329.433167
329.794403
329.813965
330.689453
330.701630
330.291901
331.675903
331.608826
332.006134
332.236023
332.901917
333.159424
333.072388
333.713745
333.598999
334.203430
334.596069
335.108246
335.127686
334.515625
334.986542
335.133636
335.320831
335.888397
335.473450
335.893341
336.484802
336.372498
336.738434
336.171234
336.350983
336.425140
336.823669
336.510742
336.990387
336.451263
336.599365
336.358124
336.166443
336.127655
336.329956
335.773712
335.664307
335.473511
335.144501
335.200378
334.653503
334.328125
334.679779
334.166809
333.901855
333.078369
333.192444
333.112030
332.604156
332.584015
332.143646
331.805725
331.876495
332.086731
331.615509
331.218475
330.645660
331.568329
330.850555
331.075775
330.677826
330.763611
330.579041
330.627930
330.552612
330.781891
330.560577
330.534973
330.830505
331.029144
330.783813
330.715393
330.988373
330.789948
331.148499
331.305481
331.616730
332.237671
332.546234
332.439087
332.673126
332.904175
333.528564
333.501373
334.020996
334.095490
334.806519
334.959137
335.114655
335.634766
335.924225
336.241638
336.891266
337.123199
337.555206
337.944855
338.271057
337.766235
338.855255
338.749908
339.249420
339.259766
339.847076
340.033264
340.067139
340.213287
340.639282
340.831940
340.762604
341.301544
341.260834
341.222290
341.454193
341.309448
340.976654
341.148163
341.243530
340.996094
341.280853
341.106201
340.688507
340.442993
340.481720
340.611115
340.156219
339.707153
339.679138
339.151642
339.332184
339.026001
338.649933
338.589935
338.122864
338.007965
337.545013
337.124329
336.609039
336.122742
335.902435
335.799377
335.533295
335.421967
335.442474
334.621155
334.829224
333.935791
334.482666
334.135956
333.823212
333.751434
333.544189
332.867737
332.905670
332.518646
332.561981
332.570618
332.536835
332.614319
332.750183
332.669556
332.770905
332.526215
332.272003
332.994385
332.886383
332.858765
333.371613
333.755646
333.588104
333.877960
333.714203
333.924866
334.226044
334.287903
334.955750
334.936432
335.491211
335.281067
335.867767
335.915985
336.434418
336.516754
336.479645
336.938324
337.423676
337.567139
337.908142
337.891510
337.981354
338.615570
338.750061
338.735809
338.798676
339.548218
339.396851
339.529633
339.426178
339.509949
339.793060
339.864868
339.970520
340.088409
340.347687
339.757446
339.690887
339.482849
339.236542
339.128754
339.325256
338.853455
339.170380
338.604828
338.403259
338.538483
338.015930
337.860718
337.877319
337.762238
337.775360
337.585510
337.262177
336.474365
336.852905
336.222168
336.592896
335.917664
335.753723
335.082977
334.728699
335.014130
334.808258
334.172974
334.325897
333.731201
333.819092
334.872040
333.720825
333.457001
333.337372
333.478851
333.329407
333.636871
333.826050
333.635132
333.107056
333.743134
333.668762
333.577332
333.587616
333.284912
333.784851
333.398895
334.090912
334.378448
334.392151
334.274048
334.857574
334.627106
334.811157
334.787811
335.284546
335.445587
335.856232
336.425293
336.133240
336.270782
336.300293
336.339722
336.858917
337.462097
337.155304
337.477448
337.691223
337.689606
338.236481
337.921112
338.578705
338.478485
338.277557
338.084320
338.228424
338.616760
338.307007
338.334534
339.008545
338.897430
338.546173
338.535370
338.519653
338.954468
337.833527
338.393768
338.141693
337.657471
337.738831
337.825134
337.619171
337.647949
336.766663
336.822357
336.847565
335.923401
335.943176
335.322418
335.066681
335.168793
335.028076
334.449219
334.878754
334.481171
334.033264
333.788788
333.569061
332.968750
333.163422
332.635437
332.419037
332.778931
332.424988
332.586731
332.385162
332.134674
331.949585
332.602203
331.931854
332.330872
331.938477
332.307343
332.073761
331.975403
332.134827
332.370331
332.520660
332.660095
332.336395
333.371002
333.157349
333.049957
333.691864
333.608154
333.846863
334.219879
334.665161
334.227112
335.230713
335.281891
334.996307
335.524414
335.665283
335.668549
336.104126
336.064240
336.561188
336.440704
336.454163
336.996460
337.130524
336.978027
337.118042
337.505951
337.573730
336.910339
337.195526
337.260223
337.423615
337.122375
337.193054
337.219147
337.047607
336.502777
336.920532
336.601227
336.815643
336.569519
336.269501
335.998749
336.196411
336.331329
335.397797
334.569397
335.058075
334.448486
334.235443
334.152039
333.864136
333.517944
333.035980
332.992706
332.762054
332.193909
332.050720
332.160278
331.519867
331.216827
331.330994
331.175629
331.042206
331.352753
330.645172
330.731842
331.323181
330.964935
330.845367
330.861053
330.747620
331.283295
331.423706
331.606598
331.847870
332.201752
332.439606
333.037048
333.467865
333.333588
334.022919
334.017181
334.721710
334.919006
334.826538
335.641205
335.702759
336.861084
336.774506
337.191376
337.223541
337.463257
337.968170
338.434418
338.369995
338.834106
338.545532
338.577209
338.128815
338.319183
337.279358
337.233398
336.786865
335.875763
335.335876
334.324921
333.583466
331.805023
331.290527
329.690979
328.103668
326.442993
324.566711
322.630981
320.589020
317.832947
315.553680
312.710358
309.994110
307.061127
304.162170
300.572662
297.255920
294.137482
290.005310
286.217712
282.577393
278.776337
274.517212
270.497528
265.872864
261.975555
257.891052
253.457489
249.089691
244.889816
240.638855
236.351822
232.220917
228.280319
224.030731
220.205719
216.639694
213.019043
209.965759
206.496170
203.636826
200.916595
198.325089
196.045837
194.151260
192.305725
190.635635
189.272141
188.086105
187.518295
187.038864
186.889008

220.558075
184.075027
183.920944
184.878159
185.817429
187.138336
188.756119
190.333588
192.527588
194.448578
197.120621
199.868073
202.371689
205.412491
208.290619
211.868088
215.417282
218.989410
222.812866
226.429626
230.508911
234.470062
237.943970
242.399567
246.555466
250.723740
254.423645
258.506958
262.462097
266.114868
269.923553
273.599274
277.397888
281.323456
284.526978
287.511017
290.726105
294.174591
296.984528
299.606018
302.179901
304.522339
306.820679
309.060608
310.710571
312.767914
314.458374
316.676575
317.672760
319.540161
320.350647
321.245087
322.259430
323.166229
324.143402
324.386200
324.562073
325.181488
325.657135
325.793518
325.677338
325.935822
325.521606
325.561279
325.259705
325.097046
325.010590
324.338287
324.464905
324.107269
323.807709
323.613525
323.413635
322.968353
322.922821
322.708099
322.625580
321.541016
321.547760
321.321381
321.341461
320.815765
320.599609
320.606323
320.616272
319.859741
320.497864
320.225616
319.980988
319.837921
320.199066
320.310272
320.321350
320.601074
320.675049
320.585480
320.719971
321.159668
321.676758
321.739990
322.236908
322.359131
323.005920
322.605988
323.455658
323.562653
323.918427
324.792816
324.966248
324.730438
325.236725
324.960052
325.695343
325.948975
326.451202
326.181976
326.912445
326.992920
327.248444
327.538666
327.638031
327.361145
327.898315
327.997040
327.964752
328.153351
328.134460
328.602173
327.977448
328.226593
327.873566
327.939331
327.597565
327.803375
327.386353
327.327515
327.190826
326.743958
326.417328
326.401581
326.335724
325.708160
325.339294
325.118530
324.928345
324.244812
324.047394
323.793640
323.402405
323.393219
323.209290
322.649719
322.529785
321.834564
321.511475
321.504517
321.812775
321.338806
321.065857
320.991425
321.040253
320.413910
320.723999
320.437561
320.462189
320.620117
320.296722
320.677795
320.078857
320.129486
320.080902
320.592468
320.339386
320.608459
320.606537
321.151978
321.486084
321.248322
321.629364
322.051178
322.309662
323.034454
323.120026
323.414215
324.039429
323.860901
324.013794
324.260162
324.552032
325.151276
325.600861
325.896515
326.041687
326.218018
326.731689
327.009705
327.384369
327.612671
328.078705
328.372040
328.451813
328.569855
329.119598
329.315186
329.262482
329.638702
329.485565
329.412476
329.364502
329.407501
329.287567
329.405487
329.461334
329.716492
329.000977
329.371918
329.061340
329.362213
328.876404
328.614532
328.898132
328.264984
328.119446
328.170959
327.556091
327.098602
327.407990
326.715118
326.354950
326.118622
325.981262
325.614197
325.232727
325.253601
324.567596
324.412720
324.078735
324.019958
323.502472
323.190552
322.896057
322.887909
322.115906
322.187836
321.899689
321.392731
321.762024
321.855286
321.636322
321.926514
321.148285
320.833832
320.868500
321.152252
321.246185
321.308075
321.077057
321.247986
321.024750
321.113586
321.288818
321.491455
321.366150
321.844055
322.214172
322.029938
322.436218
322.631409
323.128662
322.877502
323.504242
323.536774
323.987152
324.030121
324.114746
324.535156
324.962982
325.047485
325.377502
325.700012
326.019257
326.253967
326.544128
327.085083
327.094940
326.777985
327.740509
327.591187
328.263550
328.293945
328.310547
328.418396
328.426300
328.314667
328.895721
328.773865
328.708801
328.560120
329.005371
328.414276
328.646118
328.253845
328.590942
328.526123
328.462463
328.565643
328.336884
328.494843
327.954193
327.578827
327.610718
327.376373
327.268402
327.343628
326.963135
326.412720
326.273590
326.379150
325.539337
325.488434
324.974396
325.117737
325.143585
324.706268
324.352844
324.382263
324.136017
323.887543
323.625305
323.622498
323.619080
323.435211
323.690369
323.255920
323.015686
323.028717
322.449402
322.905487
322.912872
322.911102
323.178864
322.944977
322.968964
323.074066
323.358948
323.166443
323.543671
323.520477
323.578583
323.970520
324.082245
324.040710
324.177307
324.394043
324.660065
324.661163
325.333923
325.458527
325.743622
326.466980
326.654510
326.371063
327.023285
327.209778
327.980255
328.380768
327.967010
328.461548
328.526886
328.902008
329.089874
329.028595
329.582336
329.361298
329.392120
329.971222
330.000946
330.011169
330.340393
330.553650
329.936554
330.341797
330.085968
330.982086
330.772919
330.661316
330.602783
330.632812
330.709869
330.544403
330.557739
330.076538
330.112274
329.887054
330.080933
329.564301
329.586487
328.910980
328.692841
328.513824
328.193848
328.536102
328.004120
328.015167
327.736328
327.406250
327.159943
326.781860
326.782043
326.397491
326.526398
325.954376
325.357666
325.931183
325.344971
325.229797
325.089874
324.901337
324.615692
324.393188
324.391968
324.460419
324.279541
324.479462
324.272003
323.939667
324.064423
323.603455
324.012482
324.445496
324.282166
324.162994
324.583496
324.674225
324.715485
324.587280
324.973572
325.154755
325.106476
325.723724
325.885864
325.966888
326.256409
326.595764
326.710144
327.259705
327.590576
327.508484
327.834625
327.770874
328.326660
328.575439
328.830627
329.069061
328.959198
329.642029
329.493744
329.965942
330.328735
330.403931
331.051758
330.892456
331.296326
330.927155
331.160156
331.532532
331.677948
331.731659
332.015656
331.725922
331.701782
331.679596
331.882904
331.640778
331.862152
331.431366
331.469727
331.638702
331.124542
331.134521
331.199402
330.916504
330.932129
330.664551
330.714630
330.738800
330.310028
329.844116
330.234589
329.291687
329.669128
329.430267
328.875793
329.175415
329.054596
328.393555
328.345551
328.241516
328.216705
327.911163
327.724670
327.621643
327.221405
327.361694
327.144684
327.410492
326.972992
327.118744
327.159790
326.539307
326.735382
326.915497
327.391632
326.722321
327.222900
327.592590
327.417847
327.845093
328.161438
327.502380
327.742889
327.902740
327.957367
328.580688
328.894135
329.440399
329.286072
329.467468
329.857819
329.871368
330.770264
330.743286
330.361328
331.746582
331.666412
332.052917
332.321381
332.934326
333.178528
333.091797
333.724121
333.622070
334.243378
334.599426
335.101837
335.134521
334.517120
334.950775
335.090698
335.298676
335.864655
335.410889
335.829742
336.450531
336.316010
336.669891
336.117737
336.264648
336.307739
336.699371
336.375031
336.882690
336.323456
336.464142
336.240479
336.009338
335.981415
336.136688
335.575714
335.454315
335.257782
334.913635
334.973297
334.421783
334.096619
334.454559
333.934296
333.609131
332.835815
332.901825
332.807220
332.293945
332.269165
331.832886
331.481506
331.571472
331.771576
331.285980
330.860535
330.290314
331.165680
330.496246
330.675293
330.284912
330.346130
330.165466
330.201660
330.101868
330.314575
330.123535
330.059753
330.361694
330.564362
330.319580
330.240143
330.512299
330.304321
330.638885
330.811005
331.101807
331.717133
332.011749
331.919037
332.125214
332.333893
332.967407
332.928162
333.459717
333.518463
334.246826
334.386139
334.511444
335.046387
335.335602
335.647522
336.299957
336.509338
336.950348
337.336273
337.651611
337.122437
338.212921
338.117401
338.627533
338.621460
339.205963
339.392395
339.407227
339.563934
339.970551
340.203979
340.108276
340.641907
340.597046
340.562103
340.785065
340.654205
340.301819
340.484039
340.562683
340.298401
340.595612
340.444702
340.007965
339.740631
339.791656
339.941711
339.464417
339.034790
338.993683
338.449036
338.639282
338.343811
337.956696
337.893829
337.432037
337.317017
336.877411
336.428528
335.945068
335.456207
335.243958
335.102417
334.871155
334.788757
334.812012
333.983368
334.157990
333.264557
333.850952
333.483215
333.200043
333.125977
332.935455
332.245422
332.263000
331.898712
331.960632
331.954498
331.943787
332.039398
332.160858
332.109222
332.160492
331.980530
331.720551
332.450439
332.341248
332.266205
332.820831
333.259644
333.095001
333.387115
333.196075
333.411774
333.755737
333.817169
334.512024
334.479523
335.049133
334.823303
335.395691
335.455414
336.018524
336.105377
336.113190
336.523346
337.032043
337.231354
337.511871
337.560425
337.591736
338.264130
338.416809
338.453857
338.461273
339.269714
339.127106
339.250061
339.190979
339.269379
339.568878
339.664246
339.751740
339.864624
340.202728
339.532104
339.516754
339.327240
339.095734
338.989838
339.197174
338.729767
339.074249
338.514252
338.344818
338.467041
337.976501
337.813446
337.851624
337.766022
337.771637
337.594086
337.241669
336.503723
336.857239
336.291077
336.655792
335.978455
335.851440
335.162048
334.808411
335.113129
334.892517
334.297058
334.439972
333.868835
333.951447
334.784637
333.885437
333.604675
333.509674
333.632080
333.499176
333.795929
334.017914
333.845093
333.320343
333.976349
333.894104
333.795685
333.816162
333.508881
334.025116
333.627594
334.341339
334.633423
334.627899
334.555817
335.090942
334.883728
335.040588
335.035370
335.560791
335.708069
336.107849
336.687042
336.456665
336.536285
336.586548
336.629333
337.154388
337.713226
337.448700
337.759369
337.998474
337.967560
338.518463
338.203888
338.900177
338.751617
338.567566
338.358826
338.510071
338.889221
338.588043
338.617706
339.289093
339.154205
338.815155
338.800262
338.770447
339.225159
338.100189
338.668274
338.420013
337.915527
337.979584
338.098541
337.884583
337.906494
337.022552
337.040375
337.062622
336.163788
336.180634
335.554718
335.306427
335.363525
335.236725
334.666809
335.088867
334.683228
334.245300
333.978180
333.766876
333.143555
333.348969
332.821259
332.618317
332.956268
332.599091
332.762299
332.579559
332.315155
332.116943
332.783783
332.096130
332.490692
332.076416
332.449677
332.237793
332.117310
332.294037
332.510101
332.660065
332.773926
332.465912
333.502899
333.275299
333.183746
333.841736
333.725769
333.973999
334.352478
334.807068
334.339172
335.335083
335.384308
335.125610
335.637787
335.767822
335.782837
336.223846
336.178101
336.669403
336.541687
336.561310
337.094696
337.222260
337.068512
337.217773
337.588379
337.675323
337.016052
337.276825
337.370544
337.514008
337.225922
337.270660
337.316010
337.108612
336.609436
336.996033
336.681000
336.890381
336.653259
336.386566
336.089752
336.284149
336.423096
335.484070
334.656372
335.130859
334.540863
334.323120
334.219238
333.940460
333.593903
333.100616
333.068298
332.834412
332.265472
332.127960
332.243164
331.606537
331.296661
331.403870
331.242615
331.148041
331.414001
330.698364
330.820892
331.380524
331.014679
330.948914
330.928772
330.812225
331.319519
331.468262
331.689178
331.882751
332.264496
332.471893
333.096924
333.520660
333.388031
334.038483
334.094208
334.781036
334.942627
334.875671
335.657745
335.746216
336.921265
336.805756
337.224823
337.275513
337.498657
338.000549
338.474823
338.383270
338.864716
338.559448
338.615448
338.150787
338.330292
337.300446
337.275452
336.815613
335.866730
335.361237
334.323090
333.588470
331.799530
331.308838
329.689758
328.114502
326.448547
324.571228
322.626770
320.581665
317.816772
315.532806
312.699493
309.986511
307.059326
304.148224
300.562775
297.223846
294.114044
289.981476
286.188812
282.556213
278.759521
274.484802
270.478882
265.858154
261.932678
257.870056
253.438370
249.073410
244.876190
240.584686
236.309341
232.184174
228.250290
223.996719
220.159042
216.598389
212.976074
209.918655
206.445450
203.585175
200.875641
198.284103
196.005341
194.112762
192.273209
190.596039
189.230927
188.041122
187.474121
186.978058
186.853561

