281.555023
172.892715
173.084946
174.063202
174.798599
175.882568
177.333984
179.036575
180.688080
182.707428
185.047791
187.443008
190.219360
193.000961
195.925003
199.224655
202.308868
205.916534
209.060165
212.702423
216.055206
220.030319
223.818787
227.664581
231.390381
235.296127
238.886353
242.802643
246.173462
249.637344
253.437439
257.002197
260.391083
263.760651
267.160675
270.089813
272.910797
275.992737
278.660095
281.303589
283.820740
286.311279
288.423492
290.383545
292.511536
293.919678
295.724762
297.264404
298.620667
299.907562
301.063965
302.302155
302.973053
303.645935
304.320404
304.872406
305.878265
306.101929
305.607147
306.658356
306.612457
306.136566
306.410126
306.581421
306.415436
306.507263
306.006256
305.994843
305.877380
305.904541
305.272797
305.367126
305.079041
304.278839
304.522980
304.371857
303.918427
303.606476
303.676239
303.451416
303.699982
302.627136
303.135468
302.940125
302.754150
302.607452
302.470551
302.656586
302.680786
302.748230
302.460754
303.057495
302.670776
303.275848
303.168640
303.405975
304.090302
304.144501
304.730682
304.573822
304.982574
305.182892
305.640991
305.740936
306.215240
306.252167
307.253571
307.531097
307.743896
307.944519
308.642822
308.692535
309.342255
309.342743
309.890747
310.084778
310.544464
310.622101
310.534607
311.181366
311.512299
311.693665
311.940948
311.929108
312.115143
312.061005
312.160248
312.305176
311.868500
312.403839
312.048889
312.153503
312.006409
312.092773
311.711853
311.793671
311.339020
311.501923
310.996338
311.078857
310.581451
310.883850
310.813202
309.883514
310.232300
309.880585
309.308960
309.143616
308.929108
308.751740
308.528748
308.044983
308.050964
307.972076
307.996735
307.494720
307.394653
307.284912
306.979736
306.975281
306.721039
307.070251
306.508545
306.365875
306.503082
306.146484
306.605347
306.671112
306.739319
307.192047
306.797638
307.169525
307.566589
307.496552
307.584198
307.752411
308.036530
308.046204
308.548553
308.784119
309.246033
309.729156
309.516510
310.120087
310.645752
310.925171
311.345642
311.658722
312.319427
312.494324
312.900574
313.023651
313.732269
313.714081
313.500793
314.098602
314.542084
315.027618
315.348328
315.605774
315.931213
316.287140
316.215027
316.718597
316.881531
317.070801
317.374878
316.803162
317.238434
317.347382
317.624512
317.733643
317.578766
317.801086
317.683807
317.540344
317.183563
317.012512
317.209442
317.074585
317.357452
316.932220
316.256592
316.251892
316.092072
316.143890
315.869476
315.720245
315.500671
315.323486
314.809784
314.817871
314.465607
314.263336
314.122894
313.870728
313.501373
313.220825
313.108002
313.124817
312.356018
312.458435
312.086395
312.173828
311.847748
311.787048
311.724579
311.529633
311.771240
311.071808
311.342377
311.343231
311.128540
311.260529
311.632935
311.434998
311.463898
311.521088
311.756012
311.740540
312.096405
312.218689
312.246155
312.622620
312.893036
313.082031
313.119965
313.434143
313.777374
313.966156
314.365356
314.600677
314.554688
315.006378
315.278473
315.656250
316.277374
316.551208
316.844238
317.021698
317.385651
317.428345
317.800812
318.279785
318.236389
319.145966
318.798035
319.410065
319.244141
319.553772
320.002563
320.315002
320.000854
320.394867
320.322632
320.638855
320.864594
320.640656
321.059998
320.751678
320.907013
320.560150
320.428741
320.704529
320.551453
320.575653
320.307159
320.123871
320.120361
319.912933
320.042755
319.417572
319.911072
319.589752
318.930542
319.390686
318.641968
318.776550
318.281128
318.399933
318.384460
317.852722
317.831207
317.711853
317.757172
317.746918
316.862488
316.934662
316.878387
316.339539
316.712616
316.198395
316.249603
316.557587
316.188782
315.965698
316.179840
316.388062
316.231842
316.064636
316.092468
316.122559
316.556396
316.767181
316.700409
316.515411
316.582977
317.183258
317.316681
317.418854
317.501221
318.157318
318.297882
318.858215
318.246643
319.061737
319.428650
319.785645
319.816162
320.057373
319.924561
320.790497
320.930573
321.088745
321.417755
321.524292
322.157410
322.538391
322.795959
322.627411
322.924408
323.629028
323.762390
323.890900
324.197296
324.387268
324.704010
325.052490
325.107147
325.353943
324.755096
325.212738
325.633881
325.416565
325.789886
325.416565
325.774414
325.701202
325.287842
325.516724
325.667328
325.332947
325.087067
325.030518
325.179382
324.918030
324.974243
324.724579
323.881439
324.305756
324.202881
323.605072
323.768707
323.651917
323.374023
322.881622
322.892365
322.571045
322.389618
322.446045
322.679138
321.817780
321.755096
321.579224
321.385132
321.577454
320.904907
321.017883
320.746857
321.181244
321.136658
321.057220
320.700104
320.931458
320.493958
321.008423
320.690735
320.626770
320.821350
320.606659
320.932373
321.112213
320.941437
321.127380
321.383575
322.127319
321.855164
321.793488
322.001801
322.471832
322.937592
322.865479
323.401794
323.543304
323.388550
324.195160
324.274506
324.422607
324.934357
325.228241
325.339417
325.382355
325.947662
326.225677
326.382935
326.924622
326.904236
327.211609
327.587067
327.332794
327.855835
328.085754
328.561920
328.590607
329.015289
329.037415
329.322601
328.826569
328.895844
329.135742
329.069275
329.330261
329.134033
329.612671
329.318909
329.383087
329.248199
329.097504
329.021667
329.434631
328.932007
328.634979
328.276978
328.596191
328.768555
328.335663
328.674957
328.398193
327.891205
327.699646
327.496246
327.180359
327.567963
326.791962
327.020477
326.818481
326.412506
326.666534
326.029358
326.268799
325.992126
326.300079
326.073822
325.491699
326.293091
325.763062
325.343109
325.828461
325.603058
325.669739
325.767883
325.824860
325.894440
326.297882
325.757843
326.180450
326.205994
326.478302
326.780334
326.967194
327.343903
327.143585
327.720398
327.811646
328.151489
328.512970
328.605316
329.157074
329.438507
329.896912
330.087585
330.699036
330.608704
331.140503
331.528656
332.027130
332.447083
332.500824
333.258728
333.346161
333.765961
334.139282
334.294250
334.613098
334.847687
335.834351
335.783142
336.025177
336.000488
336.787933
336.433533
336.931335
337.447815
337.341156
337.583405
337.424957
337.580109
337.871918
338.076080
338.034180
338.099457
338.092926
338.049347
337.764923
338.209442
337.845978
337.438019
337.693176
337.496521
337.223907
337.375275
337.000061
337.557281
336.799377
336.496094
336.583435
336.570923
336.652771
336.094910
335.883972
335.413361
335.188293
334.915924
335.298950
334.676117
334.530273
334.861053
334.268341
334.365845
334.484955
334.074127
333.967194
334.329468
334.011963
333.795776
333.554718
333.977448
333.642029
333.954437
334.254822
334.132294
333.966461
334.239410
334.465759
334.440186
334.876617
335.024414
335.305908
335.375671
335.634949
335.571014
335.962402
336.679779
336.402130
336.915222
337.328247
337.844604
338.284363
338.666290
338.823242
339.783569
339.920044
340.211121
340.558411
340.570160
341.270203
341.741333
342.375610
342.685669
342.351624
343.017090
343.620026
343.633118
344.545776
344.665375
344.481628
344.716827
345.138794
345.207397
345.765167
346.118530
345.867340
346.167328
346.462738
346.563263
346.609741
346.410767
346.362579
347.017059
346.562195
346.808929
346.946716
346.622345
346.510468
346.174194
345.916565
345.982666
346.313232
345.500610
345.410095
345.601013
344.765015
345.157349
344.732483
344.175964
343.973450
344.162292
343.525055
343.310974
342.931702
343.014832
342.338196
342.156097
341.855225
341.720032
341.351868
341.129547
341.458221
341.245392
340.702606
340.366821
340.250763
340.616760
340.429901
340.124634
339.656708
339.669861
339.938385
339.746521
339.346191
339.555786
339.794983
340.371277
339.975677
340.031067
339.923218
339.960022
340.657104
340.215240
340.937073
340.589233
341.283203
341.295441
341.650940
341.955139
342.529724
342.124969
342.841156
342.950195
343.407684
342.954559
343.750641
343.980347
344.510071
344.228271
345.161743
345.127533
345.485931
345.942657
346.099915
346.688843
346.703461
346.721039
347.023010
347.809143
347.451813
347.794220
347.624237
348.548828
348.294434
348.504700
348.866577
348.757965
348.511993
348.612518
348.670959
348.761292
348.484436
348.507294
348.732727
348.310547
348.882172
348.181702
348.093719
347.869049
347.635468
347.776215
347.641571
347.562134
347.187408
346.914185
346.570892
346.849396
346.560089
346.181488
346.480103
346.085632
345.634460
345.197662
345.345551
344.943970
344.880768
344.677856
344.338623
344.484375
344.672913
343.979980
344.161041
344.264862
343.961700
343.440338
343.821289
343.706909
343.413513
343.721375
343.619995
343.428345
343.636505
343.095367
343.781921
343.782471
344.063751
343.945129
344.038147
343.788361
344.330688
344.108307
344.166229
344.724335
345.139526
345.362488
345.611664
345.799408
346.060730
346.435150
346.758698
346.597504
347.029175
346.732727
347.548065
347.300842
347.641418
347.904449
348.170380
348.671661
348.257690
348.685303
348.807983
349.159363
348.873657
349.493866
349.390381
349.714447
349.363800
350.334137
349.729889
349.320648
349.503845
350.030945
350.248291
349.610321
349.708160
349.801697
349.581635
349.392181
349.168243
349.545288
348.444031
348.838348
348.428741
348.690491
347.990356
348.131500
347.772522
347.654419
347.601349
347.089630
347.010864
346.721802
346.712982
346.247284
346.031036
346.131409
345.680023
345.428223
345.304688
344.655731
345.033752
344.772919
344.493591
344.431091
344.481293
344.080505
343.993988
344.114136
343.775085
343.839600
343.911011
343.549194
344.025146
343.802887
344.039032
344.013306
344.265808
344.218445
344.375549
344.543427
344.813690
344.162842
345.248260
345.002991
345.289337
345.391998
345.996185
346.132141
346.302734
346.597839
346.482880
347.523590
347.496002
347.324249
347.636108
347.975403
348.229889
348.585999
348.993134
348.705322
348.927856
349.136139
349.461853
349.601135
349.145905
349.640686
349.886871
349.753601
350.346375
349.882416
349.821930
349.949432
349.233276
349.834137
349.635071
349.546173
349.079041
349.644806
348.815887
348.990997
348.670319
348.491913
347.975922
347.954834
347.825317
347.428833
347.312866
346.920807
346.510132
346.808807
346.039642
345.927521
345.873108
345.348999
345.086700
344.823029
344.437408
344.792969
344.293091
344.052643
344.252808
343.703552
344.366943
343.593811
344.003387
343.627869
343.903290
343.884064
343.984711
344.100922
344.019470
344.419891
344.629852
344.453369
344.955170
345.077789
345.663513
345.833740
346.543793
346.412689
346.979675
347.370361
347.997620
348.318665
349.036011
349.295746
349.717468
350.654388
350.420929
350.855194
351.102356
351.931091
351.944611
352.013611
352.410919
352.542480
352.439575
352.200928
352.241119
352.095490
351.647400
350.948456
350.718353
350.148376
349.680756
348.681366
347.603027
346.662109
344.892303
343.278809
341.672363
339.928253
338.104584
336.276398
334.362946
331.867035
328.705994
325.977417
323.204865
320.087646
317.358307
313.742157
309.884064
306.364105
302.352509
298.927246
294.549194
290.571442
286.464539
282.038147
277.595581
273.108917
268.589478
264.374603
259.780548
255.476501
251.066879
246.608658
242.504776
238.033752
234.089874
230.144577
226.181839
222.387726
219.103363
215.626099
212.560577
209.607697
206.911163
204.660172
202.440918
200.178513
198.935898
197.574219
196.457855
195.782135
195.203445
195.438309

280.012543
172.849960
173.051376
174.045990
174.786545
175.870239
177.322815
179.025574
180.682465
182.718140
185.071060
187.478806
190.251358
193.056290
195.994080
199.302109
202.405228
206.033356
209.189407
212.847580
216.236343
220.207535
224.015976
227.891174
231.650162
235.573318
239.190475
243.138580
246.552155
250.014191
253.853394
257.462067
260.845795
264.249420
267.668945
270.629211
273.482819
276.604218
279.276917
281.961029
284.489441
287.049652
289.203949
291.172028
293.322510
294.768982
296.583405
298.157074
299.540314
300.892731
302.045959
303.312073
304.005035
304.716858
305.408783
306.003021
307.059723
307.274872
306.804779
307.895782
307.880859
307.394073
307.701172
307.897919
307.779205
307.854706
307.399933
307.385498
307.299286
307.357330
306.739471
306.821899
306.585052
305.754578
306.037628
305.897888
305.412994
305.164032
305.253174
305.024780
305.260315
304.206635
304.748627
304.505005
304.371490
304.218811
304.033386
304.285156
304.266785
304.330139
304.033844
304.639130
304.243927
304.845337
304.742706
304.966492
305.637329
305.654419
306.238434
306.093842
306.477356
306.687958
307.114532
307.209442
307.644989
307.699371
308.682465
308.924652
309.116272
309.292999
309.945770
310.011017
310.613068
310.623840
311.104218
311.291840
311.728058
311.772919
311.682495
312.305634
312.594177
312.772491
312.975677
312.939087
313.096863
313.006561
313.106476
313.178925
312.717163
313.238678
312.871338
312.955414
312.762604
312.822510
312.390808
312.464264
311.968506
312.085510
311.573944
311.647491
311.111572
311.373566
311.301971
310.328430
310.662872
310.267181
309.681976
309.469818
309.259369
309.074524
308.793121
308.295929
308.280151
308.175903
308.159058
307.666046
307.541229
307.403259
307.069244
307.040405
306.793518
307.120178
306.535645
306.394073
306.486847
306.126251
306.574768
306.610229
306.676788
307.120667
306.717194
307.068176
307.464539
307.372253
307.452423
307.598999
307.875854
307.877380
308.387451
308.614563
309.076416
309.544312
309.324158
309.934204
310.454193
310.694641
311.142914
311.432617
312.118011
312.281342
312.722656
312.824463
313.531769
313.528046
313.312897
313.893188
314.348938
314.822327
315.165131
315.434509
315.737152
316.111328
316.075317
316.544891
316.768311
316.950592
317.251740
316.659821
317.163757
317.246277
317.530640
317.650360
317.544983
317.734955
317.635834
317.499176
317.173065
317.020325
317.199768
317.110565
317.415588
316.986755
316.357483
316.324738
316.152222
316.247223
316.010651
315.869934
315.659760
315.465424
315.002441
315.009094
314.663208
314.501129
314.359009
314.120209
313.784332
313.536285
313.387817
313.442383
312.713501
312.811432
312.501862
312.563416
312.236572
312.205811
312.171143
311.990326
312.242737
311.562714
311.859924
311.885132
311.694855
311.843842
312.228790
312.051910
312.109283
312.191589
312.437500
312.409424
312.754913
312.923096
312.998627
313.371765
313.628876
313.914764
313.943787
314.269928
314.633789
314.820526
315.298645
315.479187
315.446259
315.922455
316.226501
316.611938
317.248291
317.578186
317.881470
318.080994
318.474579
318.507507
318.925568
319.404541
319.377411
320.309814
319.989502
320.637177
320.456573
320.810944
321.239410
321.595703
321.332428
321.693604
321.695801
322.018280
322.259399
322.047760
322.441559
322.222687
322.313995
322.034180
321.905670
322.210358
322.119354
322.146118
321.870026
321.722839
321.692505
321.539764
321.615204
321.010193
321.560608
321.246918
320.575806
321.073303
320.342499
320.526489
320.024475
320.122192
320.153625
319.562561
319.671906
319.508698
319.568176
319.531982
318.689514
318.763306
318.661591
318.209839
318.603180
318.006409
318.117706
318.433411
318.112549
317.871979
318.081696
318.246979
318.190857
317.978485
317.984589
318.048981
318.488373
318.676575
318.620361
318.403259
318.486298
319.093323
319.286377
319.267517
319.356445
320.035950
320.168579
320.666931
320.106659
320.902588
321.236511
321.596527
321.672943
321.852478
321.756165
322.613831
322.689148
322.865479
323.121460
323.262756
323.884430
324.284973
324.501617
324.337128
324.566681
325.263916
325.448792
325.454681
325.796967
325.904602
326.235901
326.586731
326.610901
326.846405
326.209747
326.636261
327.092224
326.760468
327.139832
326.809845
327.057465
327.006561
326.581726
326.706909
326.906464
326.518524
326.206757
326.177094
326.299225
326.027008
326.039001
325.796631
324.902618
325.209625
325.152191
324.520172
324.663147
324.546509
324.219238
323.720215
323.706573
323.302673
323.126343
323.179810
323.392578
322.505219
322.386200
322.200043
321.987000
322.160492
321.465698
321.539001
321.280487
321.625580
321.627106
321.474884
321.096802
321.303741
320.890564
321.381073
321.008057
320.968079
321.082458
320.888519
321.192993
321.368744
321.157959
321.364471
321.592926
322.282349
322.030151
321.960327
322.095184
322.546265
323.030151
322.928314
323.451111
323.600647
323.431946
324.207336
324.279755
324.448639
324.919586
325.271149
325.321533
325.367432
325.912262
326.156036
326.356140
326.888428
326.815552
327.132690
327.512115
327.243683
327.803772
328.015686
328.492462
328.489380
328.908356
328.949890
329.223480
328.748810
328.826324
329.037140
328.984741
329.222992
329.040802
329.505310
329.210144
329.281555
329.149109
328.988037
328.928589
329.331635
328.866516
328.516022
328.184753
328.513458
328.678528
328.246826
328.587738
328.318817
327.797913
327.614563
327.409393
327.109222
327.483246
326.717896
326.934845
326.756836
326.341095
326.603943
325.936646
326.225708
325.926575
326.252228
326.016693
325.414032
326.226807
325.714355
325.257416
325.737183
325.536438
325.616608
325.700623
325.748596
325.822479
326.224945
325.700134
326.101135
326.113495
326.406372
326.678925
326.882080
327.228790
327.069244
327.643158
327.699097
328.056274
328.424225
328.497162
329.036530
329.324158
329.765778
329.947021
330.541168
330.486847
330.992981
331.369965
331.845581
332.267151
332.324219
333.082062
333.149689
333.561218
333.947174
334.063293
334.383667
334.610382
335.633423
335.531525
335.752441
335.758240
336.501648
336.158539
336.657593
337.139252
337.017303
337.259949
337.091827
337.278870
337.549225
337.705231
337.621613
337.767212
337.722076
337.655670
337.369324
337.821136
337.452911
337.048096
337.258209
337.085236
336.786499
336.937439
336.519745
337.081085
336.345062
336.024475
336.085114
336.090057
336.175659
335.610382
335.370819
334.915833
334.648804
334.380676
334.779907
334.136627
334.002075
334.304779
333.701416
333.808136
333.956543
333.499298
333.421326
333.766968
333.444092
333.242798
332.999237
333.404602
333.077545
333.402924
333.683136
333.555603
333.385315
333.669922
333.884369
333.857086
334.314117
334.440216
334.742004
334.809326
335.087006
335.022980
335.393860
336.109558
335.860382
336.354614
336.774231
337.310516
337.751251
338.147614
338.313629
339.257233
339.433441
339.687225
340.063812
340.063354
340.810028
341.261627
341.902954
342.222534
341.886902
342.575867
343.178162
343.180481
344.128937
344.260895
344.061401
344.304596
344.719116
344.803650
345.357117
345.731201
345.502014
345.837677
346.133575
346.226868
346.259796
346.093353
346.041870
346.721710
346.275757
346.505432
346.696808
346.343689
346.255157
345.939392
345.653015
345.736481
346.110443
345.273956
345.189850
345.383545
344.600250
344.972321
344.548340
344.020599
343.837006
344.006470
343.390564
343.178497
342.818848
342.913208
342.233948
342.073212
341.781067
341.611389
341.279755
341.063232
341.393860
341.186157
340.651978
340.340149
340.230560
340.623138
340.432159
340.123657
339.665314
339.690674
339.975342
339.773346
339.364960
339.593689
339.851624
340.414551
340.037170
340.101593
339.988220
340.060669
340.701447
340.293030
341.006042
340.687897
341.380890
341.413300
341.729614
342.039276
342.613403
342.227234
342.955200
343.067993
343.510223
343.073578
343.889435
344.105377
344.646515
344.351288
345.295959
345.297852
345.638550
346.080811
346.227295
346.812134
346.813477
346.844177
347.176361
347.942017
347.597992
347.975769
347.760284
348.651611
348.458679
348.656982
349.000427
348.919342
348.650513
348.765656
348.818787
348.894775
348.613403
348.636078
348.872742
348.452057
349.040649
348.323608
348.247437
347.977142
347.772003
347.908051
347.778107
347.691101
347.339142
347.057617
346.703522
346.964691
346.677032
346.277924
346.605377
346.210083
345.731445
345.301208
345.452148
345.044434
344.995880
344.764526
344.444244
344.572388
344.719574
344.087830
344.224274
344.423126
344.056824
343.520355
343.908966
343.762268
343.470459
343.758240
343.687408
343.475189
343.687683
343.119751
343.839783
343.793091
344.069702
343.977814
344.053558
343.799408
344.353088
344.144470
344.198669
344.753998
345.152954
345.414093
345.597351
345.795776
346.072754
346.420715
346.777832
346.572052
347.010651
346.742004
347.495789
347.287598
347.623047
347.896484
348.118408
348.669373
348.240417
348.645935
348.767090
349.109100
348.811005
349.439148
349.329315
349.669067
349.283386
350.266479
349.668091
349.308899
349.480530
349.988647
350.165619
349.565765
349.629547
349.715485
349.493805
349.316254
349.112610
349.471527
348.409393
348.786194
348.365417
348.639191
347.919708
348.074463
347.671082
347.565369
347.515503
347.038025
346.947327
346.679382
346.645447
346.181519
345.935425
346.077637
345.598358
345.370728
345.242432
344.612610
344.945923
344.705750
344.426331
344.346313
344.442810
344.021210
343.946350
344.085022
343.723694
343.762299
343.910278
343.475220
343.974762
343.729034
343.978333
343.962158
344.241425
344.177765
344.312866
344.491547
344.793854
344.096405
345.177185
344.966583
345.271729
345.338013
345.977478
346.139343
346.257385
346.591156
346.448853
347.508850
347.469360
347.306305
347.579193
347.947845
348.217957
348.591125
348.972443
348.707886
348.903168
349.134430
349.430145
349.621918
349.134430
349.685272
349.893677
349.747467
350.313141
349.889557
349.801819
349.973541
349.246643
349.842712
349.610687
349.531464
349.064392
349.657928
348.784943
348.997559
348.670776
348.504211
347.970306
347.967682
347.838379
347.424286
347.276917
346.960602
346.522369
346.788300
346.029877
345.940552
345.891418
345.360748
345.066467
344.833160
344.417816
344.765717
344.277252
344.064301
344.217316
343.696198
344.346863
343.579468
343.994019
343.578156
343.913788
343.813507
343.931030
344.067261
343.992554
344.367432
344.631622
344.391937
344.921967
345.031036
345.631744
345.819489
346.488800
346.351990
346.940948
347.295929
347.937622
348.264130
348.954315
349.224365
349.667542
350.568970
350.371704
350.800842
351.024567
351.845337
351.872162
351.910339
352.351074
352.441681
352.329620
352.120667
352.153259
352.006805
351.556915
350.863342
350.596771
350.039673
349.571136
348.559357
347.492096
346.555054
344.780914
343.168121
341.528809
339.809906
337.978119
336.136627
334.233490
331.728790
328.553558
325.845428
323.089325
319.947601
317.192139
313.603363
309.753021
306.214630
302.173981
298.783813
294.414612
290.404510
286.291901
281.873444
277.447174
272.919678
268.418396
264.207153
259.612427
255.309723
250.906723
246.450592
242.346603
237.839172
233.908142
229.960480
226.021255
222.208511
218.920898
215.438187
212.374191
209.434143
206.715561
204.472824
202.256897
199.991547
198.757141
197.391861
196.276596
195.596970
195.009445
195.209457

225.032013
184.505508
184.945374
185.878525
186.999878
188.110046
189.312302
191.173203
193.118927
195.312531
197.725174
200.578644
203.102264
206.365326
209.524200
212.584244
216.239380
219.808731
223.522827
227.511292
231.035202
235.027802
239.143692
243.531647
247.070770
251.396286
255.173935
259.145264
263.566620
267.046783
270.802032
274.478180
278.555573
281.895325
285.404388
288.811096
291.678711
294.914856
297.331573
300.213074
302.860901
305.734680
307.585693
309.953766
311.876862
313.826874
315.515472
316.803162
318.645813
320.254730
320.590729
322.156982
322.513336
323.518402
324.369141
324.974548
325.313232
325.775360
326.214722
325.918884
326.371613
325.936188
326.115784
326.291687
325.636780
325.923828
325.530090
325.089996
324.814697
324.296173
324.800079
323.838593
323.741669
323.470734
322.854584
322.637543
322.623138
321.816711
321.917419
321.989960
321.456207
321.106537
320.859528
321.106750
320.591797
320.849701
319.862335
320.147858
320.168884
320.362732
320.354950
320.326355
320.843323
320.611176
320.712372
320.856506
321.237793
321.598145
321.521759
321.975922
322.006561
322.046722
322.527557
323.162140
323.002686
323.418457
323.773621
324.278442
324.883026
324.844666
325.310486
325.390076
325.858307
325.745514
326.261169
326.665131
326.986694
327.111694
327.477905
327.730042
327.966980
327.895081
327.813690
327.992737
328.339325
328.287872
328.157532
328.575775
328.146271
328.013062
327.740814
327.535248
327.979126
327.606812
327.567017
327.266998
327.190735
326.859131
326.311157
326.437592
325.856232
325.784027
325.630035
325.087402
325.145355
324.778503
324.034668
324.084900
323.324432
322.959167
323.126953
322.749420
322.076447
321.925842
322.051025
321.877197
321.403107
321.123505
320.631439
320.609070
320.769043
320.366394
320.484985
320.323730
320.409546
320.286194
320.040863
320.332397
320.078003
320.369965
320.350616
320.456085
320.127319
320.235840
320.921753
321.007355
321.403961
321.117737
321.258728
321.624390
322.007294
322.238251
322.656952
322.875214
322.878784
323.730621
323.938202
324.049683
324.393158
324.671997
324.825928
325.425629
325.620056
325.782135
326.247620
326.459991
326.982605
327.490509
327.612366
327.568878
328.097565
328.455414
328.553802
328.653900
328.884125
329.002167
329.275299
328.996155
329.132690
328.982635
328.967834
329.254181
328.993225
328.595947
328.854065
328.710602
328.651947
328.549072
328.476257
328.159485
327.910492
327.853027
327.529724
327.213837
327.052765
326.996185
326.237152
326.261414
325.718170
325.603394
325.418182
325.141144
324.680603
324.501892
324.074249
324.109680
323.476013
323.386230
323.048615
322.560150
322.326141
322.388367
322.080017
321.705505
321.551788
321.451569
320.950745
321.276886
320.973755
320.906525
320.386444
320.750763
320.706909
320.684692
320.869080
320.284729
320.812836
320.658264
320.318970
320.725739
320.974670
320.723663
321.282990
321.511871
321.783173
322.301361
321.735596
321.938782
322.183014
322.999207
323.097656
323.420105
323.427307
323.306610
323.924683
324.162476
324.748688
324.795013
325.325623
325.715881
326.070862
325.615295
326.374329
326.535339
326.557587
326.967194
326.859711
327.282074
327.956635
327.284180
328.009705
328.267395
327.617493
328.559937
328.275909
328.164673
328.371521
328.364136
328.755920
328.457977
328.272888
328.650482
327.831299
328.281219
328.316620
327.995605
327.741608
327.911926
327.693207
327.356964
327.349030
327.521698
326.564575
326.997650
326.283112
325.994446
326.161682
325.695099
325.498291
325.339447
325.414398
324.583588
324.817688
324.632568
324.031097
324.072083
324.040497
323.854736
324.138580
323.657257
323.527405
323.195465
322.767212
322.818451
323.175720
323.141266
322.619751
322.659119
322.661621
322.939636
322.983826
322.915741
322.864380
322.739899
323.067993
322.765656
323.264282
323.517456
323.344330
324.205719
324.245941
324.252502
324.744080
324.748444
324.958282
325.031342
325.321442
325.755127
326.231079
326.500671
326.557526
326.804962
326.938507
327.691925
327.669342
328.043304
328.517944
328.534088
328.953217
329.194733
329.572510
329.464203
329.904205
330.098785
330.447968
329.805511
330.621368
330.389282
330.490936
331.050476
331.285614
330.770935
331.474213
331.416382
331.238861
331.493011
330.744385
331.714478
331.152222
330.985077
330.899597
330.937744
330.981262
330.901276
330.601105
330.483337
330.472778
330.042053
329.898499
329.898285
329.685699
329.137329
329.365234
329.181946
328.267242
328.461426
328.448242
327.731262
327.580231
327.511383
327.371185
327.026581
326.889801
326.502319
326.577179
326.786957
326.115601
326.549866
325.973236
326.144745
325.848602
325.784393
325.681976
326.205048
325.575714
325.594116
325.634216
325.462585
325.777832
325.772430
325.637115
326.012878
326.271118
325.991150
326.297852
326.451782
326.835663
326.720184
327.010864
326.941772
327.241943
326.928650
327.415039
328.505493
328.188080
328.082916
328.874725
329.434845
329.484406
329.969818
329.842194
330.436676
330.195618
330.722015
330.823456
330.907562
331.017334
331.429596
332.173218
331.894135
332.093536
332.231812
332.602112
332.404236
333.213196
332.761078
333.155029
333.320404
333.421356
333.302490
332.907562
333.727539
333.447083
333.431366
333.681580
333.227966
332.904480
332.826721
333.097687
332.423309
333.120758
332.743103
332.872070
332.529816
331.763641
332.047150
332.223724
331.462952
331.535278
331.334808
331.521698
330.782166
330.857513
330.412445
330.468719
330.153931
330.143250
330.271729
329.648743
329.105347
329.391235
329.014618
329.261322
328.829346
328.755310
328.320312
328.719208
328.947357
328.634308
328.572479
328.859100
328.691437
329.538300
328.683624
329.245331
328.919983
329.078217
328.741394
329.741486
329.970459
329.871490
329.530884
330.090057
330.486938
330.625061
330.906006
331.471680
330.909790
331.719666
331.994659
332.169098
332.674835
333.151245
333.206207
333.307312
333.708801
334.174469
334.467072
334.846527
335.293945
335.633850
335.608398
336.226562
336.096008
336.744843
336.931885
337.487915
337.268555
338.097412
337.589050
337.789368
337.761841
338.705780
338.446136
338.375244
338.471008
338.665222
338.440186
338.259094
338.781921
338.816864
338.430603
338.456604
338.098450
338.222595
338.482605
338.233246
337.925598
337.961609
337.465912
337.041290
337.156433
336.820984
336.837585
336.883972
336.224518
335.702759
335.717224
335.692596
335.070465
335.266785
334.891937
334.634766
334.584320
333.920105
333.997681
333.840393
333.388824
333.746246
332.957336
332.930756
332.678650
332.830566
332.346619
332.705261
332.574463
332.385712
332.458496
332.255615
332.630249
332.207581
332.391479
332.459076
332.306274
332.494598
332.708771
332.663483
333.114929
333.202576
333.596680
333.702515
333.862091
334.010834
334.698700
334.343506
334.854401
334.968689
335.282928
335.806519
336.017273
336.566589
336.776489
337.155243
336.932861
337.945709
337.914368
338.688110
338.600800
338.936981
339.146515
339.633850
339.891174
340.140289
339.936493
340.795319
340.216827
341.001465
341.326111
341.795013
341.651123
341.874023
342.148529
341.950012
341.989410
341.825623
342.336487
342.576385
342.347046
342.510590
342.476624
342.303650
341.695984
342.207947
341.752167
341.765320
341.738861
341.204712
340.805908
340.879639
340.572937
340.068054
339.733093
339.769104
339.437256
338.889374
339.110718
338.677277
338.023102
338.073578
337.515137
337.341156
336.966003
336.622284
335.875458
335.956207
335.700134
335.463562
334.845337
334.764160
334.899506
334.758148
334.480560
334.163849
334.083466
334.005005
333.723175
333.613373
333.561005
333.202972
332.707947
333.369659
333.221680
333.059082
333.175079
333.108734
333.473755
333.463196
333.588654
334.023529
334.189240
334.195374
334.188232
334.135681
334.938019
335.100220
334.833801
335.039886
335.219818
335.615723
335.928619
336.088745
336.406128
336.587402
336.705231
336.952484
337.434113
337.632660
338.029205
338.060547
338.007019
338.363647
338.739807
338.957581
338.904175
339.163605
339.243896
339.830688
339.664520
339.822449
339.977844
340.081238
340.205627
339.814697
339.828918
340.221527
339.908173
340.045502
340.630859
340.063202
339.528687
339.918854
339.420074
338.827240
339.072327
338.912964
338.873413
338.742493
338.339233
337.841156
337.800507
337.625549
337.604767
336.930786
336.764465
336.813416
336.242828
336.033447
336.030121
335.851410
335.612946
335.234558
335.001831
334.762695
334.675537
334.630005
333.807831
333.736633
333.580353
333.548676
333.317108
333.459839
333.582733
332.942657
333.125854
333.103577
333.104187
333.290649
333.162445
333.258423
332.669220
333.210449
332.905853
333.302551
333.378113
333.537445
333.393005
333.549744
333.911407
334.230011
334.701660
334.601837
334.630859
334.501648
334.746338
334.772583
335.093323
335.510345
335.668823
335.509857
335.630066
336.031006
336.374542
336.389893
336.891876
337.038055
337.114044
337.592621
337.458191
337.319122
337.818939
337.602081
337.692535
337.806885
337.784363
337.938934
338.306000
337.508942
337.771027
337.733429
337.663544
338.076233
337.592407
337.643311
337.598633
337.096924
337.097229
336.924683
336.858582
336.541107
336.244385
336.085083
335.891022
336.291107
335.806885
335.196381
334.946136
334.767120
334.664062
334.399811
334.238556
333.873810
333.647675
333.502319
332.969147
333.101624
332.709412
332.226562
332.292267
331.987610
331.973175
331.981171
331.847412
331.887787
331.327545
331.602325
331.527588
331.208038
331.501068
330.814514
331.352966
331.377716
331.019958
331.696594
331.264709
331.482391
331.382446
331.687103
331.814148
332.132568
332.312531
332.091888
332.367218
332.968292
332.855377
333.237274
333.508057
333.682190
333.607483
333.564117
334.152496
334.367371
334.703735
334.893127
335.026367
335.404602
335.322601
335.594391
336.060791
335.973907
336.132568
336.356262
336.152100
336.345886
336.534821
336.638062
336.591492
336.765869
336.256470
336.037842
336.554504
336.531036
336.015350
336.022369
335.814850
336.018768
335.910431
335.623871
335.415680
335.187561
334.899139
335.035614
334.266907
334.181915
333.723297
333.803741
333.183838
333.478577
333.146942
332.368988
332.209045
331.884277
331.782318
331.571991
331.296234
331.228027
330.720215
330.459564
330.792755
330.791656
330.923523
330.353424
330.312164
330.606476
330.248108
330.260498
330.240631
330.700867
330.733795
331.220856
330.980988
331.308228
331.455170
331.651276
331.861847
332.191986
332.571014
332.630890
333.597687
333.955597
334.439178
334.309784
334.963959
335.523804
335.689575
335.662292
336.758789
336.129211
336.581665
337.330353
337.519806
337.622650
337.859283
338.112579
337.811584
337.880432
337.540253
337.516327
337.490875
336.545532
336.277527
335.506958
335.209534
334.052734
333.423187
331.903778
330.551086
329.550262
327.868744
326.178162
324.748383
322.166138
320.241150
317.693756
315.116150
312.697754
309.798431
307.264282
303.784637
300.429840
297.012390
293.549408
290.032593
286.473206
282.844086
278.450531
274.492676
270.368591
266.339081
262.055237
257.713348
253.332901
249.382797
244.991776
240.442963
236.658630
232.420502
228.575851
224.391083
220.477905
216.970871
213.336792
210.309433
207.014557
203.742325
201.184357
198.576309
196.274155
194.214844
192.186493
190.796295
189.409027
188.445526
187.767776
187.161209
187.319763

226.730423
184.629791
185.072266
186.004700
187.118942
188.244324
189.438904
191.308899
193.245514
195.468918
197.866898
200.720230
203.242355
206.511520
209.670135
212.735992
216.423630
219.967850
223.688461
227.702911
231.230286
235.202026
239.360962
243.741089
247.278595
251.616714
255.386475
259.368500
263.802277
267.300903
271.026947
274.722260
278.822510
282.151093
285.690308
289.119141
291.968231
295.212219
297.648590
300.506348
303.209503
306.087555
307.931061
310.313843
312.209412
314.193237
315.892426
317.176758
319.028564
320.639618
320.994446
322.562897
322.935455
323.950104
324.809784
325.381744
325.772675
326.233093
326.644012
326.370575
326.820862
326.368652
326.569855
326.772308
326.091156
326.379791
325.989014
325.544769
325.335419
324.808044
325.285767
324.327179
324.220734
323.948975
323.353394
323.129181
323.122894
322.302856
322.396332
322.463287
321.921844
321.571075
321.345642
321.594391
321.085602
321.302887
320.289459
320.608673
320.608276
320.834717
320.828003
320.774811
321.271118
320.999054
321.179749
321.289581
321.626373
322.004547
321.926300
322.367432
322.405396
322.446289
322.943451
323.516571
323.384064
323.798737
324.103241
324.606476
325.219635
325.178497
325.685944
325.712555
326.201599
326.065308
326.568085
327.013916
327.281952
327.396973
327.771790
328.010559
328.263885
328.169373
328.087250
328.277161
328.590210
328.527222
328.401062
328.836700
328.399994
328.248169
327.981445
327.786621
328.245087
327.853302
327.823639
327.500885
327.449249
327.088928
326.531158
326.666199
326.168884
326.035553
325.848145
325.372192
325.378784
325.039093
324.298920
324.301392
323.587219
323.192413
323.429443
323.009430
322.341766
322.187531
322.340485
322.130554
321.680817
321.422638
320.911407
320.916382
321.085052
320.678375
320.795349
320.652344
320.736267
320.643066
320.359222
320.688538
320.415466
320.724945
320.686188
320.830444
320.506897
320.611969
321.317841
321.405426
321.816742
321.518066
321.671783
322.060730
322.439575
322.661285
323.109650
323.313660
323.315582
324.193085
324.386902
324.516357
324.892883
325.188110
325.333313
325.961792
326.116333
326.327942
326.754364
326.971771
327.503723
328.064484
328.168762
328.092285
328.633331
329.007629
329.086548
329.220398
329.432709
329.572754
329.854126
329.549438
329.699127
329.525024
329.519073
329.811615
329.576111
329.147583
329.364197
329.276276
329.205688
329.085754
329.031250
328.686798
328.460815
328.368408
328.065155
327.739105
327.579895
327.498077
326.757599
326.774475
326.207977
326.096252
325.906708
325.611877
325.144409
324.962097
324.539032
324.548462
323.897461
323.834442
323.490845
322.992950
322.743530
322.762604
322.471893
322.078369
321.933258
321.816772
321.310669
321.663635
321.303650
321.226257
320.699738
321.079041
320.996368
320.989502
321.136627
320.568390
320.976318
320.917175
320.576019
320.974304
321.220795
320.936890
321.491760
321.724854
322.000305
322.482697
321.911133
322.117462
322.352081
323.162201
323.257843
323.563507
323.590179
323.448669
324.062225
324.275330
324.884216
324.918427
325.450623
325.838745
326.195190
325.722565
326.490814
326.647766
326.635498
327.076813
326.949371
327.366608
328.048737
327.390686
328.095673
328.371674
327.716278
328.653931
328.381012
328.274536
328.478485
328.480408
328.866119
328.536530
328.380890
328.766815
327.936127
328.417236
328.414948
328.117554
327.884918
328.042450
327.829926
327.468933
327.521637
327.676605
326.753204
327.154663
326.433105
326.177307
326.357758
325.878113
325.672089
325.513428
325.593048
324.765015
325.037567
324.828461
324.271179
324.294647
324.266266
324.088470
324.344696
323.892151
323.785950
323.455078
323.005035
323.086792
323.437225
323.402649
322.888031
322.940308
322.899536
323.197388
323.247375
323.172241
323.118439
323.011108
323.342072
323.063568
323.556274
323.799194
323.633118
324.513153
324.512665
324.531555
324.999756
325.020569
325.227203
325.289398
325.601044
326.021606
326.493774
326.766022
326.815094
327.058441
327.187256
327.939758
327.878418
328.253448
328.745422
328.745209
329.165863
329.391144
329.782288
329.660339
330.107544
330.274384
330.621094
329.965546
330.760712
330.516479
330.626556
331.177399
331.384857
330.854523
331.564362
331.504028
331.280396
331.549866
330.770264
331.726746
331.154083
330.982086
330.899536
330.942291
330.966187
330.856598
330.536682
330.427246
330.416229
329.937164
329.814667
329.785522
329.574921
329.032684
329.232452
329.022827
328.115753
328.291779
328.276276
327.559570
327.384888
327.290436
327.179779
326.797363
326.664215
326.254089
326.334900
326.545807
325.881714
326.298248
325.706635
325.854797
325.561310
325.509827
325.414246
325.921936
325.271912
325.298462
325.333435
325.156952
325.466980
325.450806
325.329742
325.689819
325.951660
325.680969
325.985626
326.146271
326.521118
326.390350
326.684326
326.656158
326.896301
326.617371
327.137299
328.225342
327.900299
327.784760
328.602722
329.153107
329.196808
329.705383
329.561646
330.192291
329.939819
330.501190
330.609222
330.709106
330.824768
331.226044
331.963165
331.752106
331.943848
332.053467
332.452728
332.269653
333.081207
332.624969
333.046997
333.209106
333.299835
333.236603
332.831726
333.661438
333.415802
333.388092
333.672150
333.191772
332.925629
332.865295
333.134369
332.443695
333.142761
332.792084
332.938782
332.596100
331.832123
332.131866
332.334564
331.555054
331.676392
331.488861
331.655975
330.949463
331.016052
330.591309
330.634308
330.351471
330.357422
330.500916
329.860718
329.324432
329.631592
329.218750
329.490662
329.090454
328.965393
328.535095
328.975220
329.184570
328.889130
328.796112
329.123260
328.981506
329.152191
328.946136
329.517883
329.225769
329.333649
329.061279
330.029663
330.251099
330.160797
329.866699
330.414124
330.756622
330.916595
331.200317
331.732239
331.202087
331.978027
332.284790
332.390137
332.896973
333.380066
333.472809
333.563385
333.948181
334.404938
334.691956
335.033386
335.497253
335.845001
335.780762
336.359131
336.253754
336.867615
337.095886
337.647705
337.388855
338.188904
337.718719
337.888214
337.822327
338.801605
338.529663
338.456116
338.532318
338.742523
338.485077
338.304108
338.783752
338.784180
338.416992
338.408051
338.095245
338.171722
338.438354
338.209442
337.845703
337.893555
337.393555
336.927246
337.041656
336.685150
336.695038
336.743530
336.089996
335.517761
335.542694
335.504303
334.852234
335.056152
334.664734
334.415863
334.343964
333.652893
333.754150
333.574280
333.115509
333.468323
332.682770
332.637665
332.366028
332.510681
332.035400
332.361847
332.224030
332.064514
332.108398
331.885773
332.268127
331.852997
332.003021
332.069305
331.909241
332.101532
332.295715
332.248016
332.711792
332.801422
333.145813
333.253021
333.421600
333.577148
334.244232
333.903351
334.393646
334.516815
334.845551
335.343475
335.552917
336.086060
336.318878
336.680298
336.457947
337.463409
337.423981
338.221649
338.138367
338.467651
338.626495
339.137817
339.421204
339.654572
339.452057
340.290314
339.724518
340.507660
340.841125
341.295715
341.135406
341.386688
341.685760
341.449707
341.477020
341.330994
341.834900
342.083344
341.858887
342.022705
341.995789
341.807098
341.209503
341.731781
341.248749
341.275024
341.247742
340.727509
340.323303
340.425629
340.087219
339.594360
339.252533
339.283173
338.978882
338.437561
338.640228
338.212067
337.569061
337.627075
337.089447
336.891998
336.493286
336.192841
335.449493
335.537689
335.282410
335.058441
334.426636
334.320190
334.485199
334.313202
334.116241
333.752808
333.694885
333.635895
333.331970
333.259521
333.181427
332.847382
332.384430
333.033325
332.865875
332.732117
332.867615
332.804810
333.152161
333.151825
333.281464
333.734222
333.875916
333.937897
333.884003
333.889160
334.646484
334.832794
334.610626
334.802277
334.999207
335.390503
335.708801
335.910431
336.222321
336.386658
336.509338
336.755524
337.242676
337.481995
337.877747
337.935242
337.916504
338.247314
338.621613
338.893250
338.817627
339.092957
339.183319
339.767517
339.620422
339.765564
339.939056
340.038635
340.163300
339.811066
339.832245
340.215942
339.929413
340.104340
340.661896
340.101349
339.567352
339.985443
339.488495
338.922974
339.160217
339.001007
338.957153
338.871185
338.451904
337.968414
337.949585
337.760468
337.718903
337.105225
336.911377
337.026184
336.400452
336.236694
336.205994
336.071320
335.805176
335.476318
335.211273
334.954681
334.899658
334.905548
334.033295
334.003418
333.847229
333.567871
333.572113
333.737885
333.834778
333.214569
333.420502
333.395416
333.388458
333.594269
333.485260
333.569824
332.958801
333.518829
333.234039
333.635773
333.694733
333.868042
333.715271
333.850220
334.228241
334.566681
335.032166
334.936615
335.015167
334.832611
335.075256
335.088135
335.438080
335.817657
335.976105
335.835022
335.956299
336.368530
336.717407
336.736084
337.249054
337.398010
337.449768
337.922150
337.803741
337.650330
338.142670
337.963318
338.036499
338.140900
338.084991
338.250214
338.646667
337.841614
338.100250
338.008942
337.984436
338.385162
337.886810
337.960968
337.907074
337.399780
337.417267
337.235992
337.161743
336.842346
336.549896
336.369843
336.204102
336.590363
336.103119
335.484833
335.251129
335.052429
334.929718
334.666779
334.520996
334.137390
333.914154
333.765808
333.224884
333.386536
332.965393
332.464081
332.556519
332.221252
332.224670
332.224518
332.109924
332.147675
331.565369
331.844360
331.773224
331.441711
331.748535
331.056580
331.581909
331.617310
331.256653
331.935852
331.490997
331.728790
331.641693
331.916290
332.027435
332.366486
332.537537
332.329193
332.589813
333.190186
333.105957
333.468475
333.738068
333.900391
333.854431
333.809906
334.391083
334.590790
334.922485
335.136230
335.232178
335.597992
335.555817
335.813110
336.273804
336.203094
336.367096
336.599548
336.364685
336.569977
336.783142
336.875000
336.830994
337.000854
336.493103
336.284882
336.786621
336.775269
336.259338
336.236023
336.016693
336.246979
336.123901
335.844604
335.646667
335.401978
335.098358
335.290924
334.491241
334.422028
333.940277
333.998566
333.421967
333.669556
333.382996
332.596985
332.402740
332.088013
331.975037
331.788055
331.515656
331.443787
330.943268
330.676636
330.976959
331.020477
331.145172
330.558777
330.530273
330.793732
330.446045
330.467651
330.428619
330.892456
330.923920
331.380798
331.154175
331.480865
331.626282
331.813568
332.026550
332.374542
332.754730
332.811890
333.761658
334.150482
334.626953
334.457703
335.143036
335.683502
335.831635
335.801331
336.917816
336.272339
336.729675
337.448273
337.624969
337.732544
338.001831
338.233307
337.937531
337.983856
337.657532
337.615021
337.622040
336.648254
336.382721
335.625763
335.301361
334.148346
333.514740
331.969269
330.621674
329.633759
327.921387
326.250885
324.821381
322.220184
320.289917
317.758423
315.182983
312.739777
309.838165
307.301941
303.827759
300.469330
297.039429
293.557343
290.068542
286.489258
282.853516
278.466797
274.522217
270.383545
266.349121
262.058411
257.712769
253.336487
249.372955
244.985397
240.444031
236.654251
232.418610
228.566376
224.394913
220.458267
216.966675
213.325836
210.294052
207.004959
203.737167
201.185333
198.568085
196.257187
194.200378
192.177429
190.788925
189.387802
188.413284
187.737076
187.145630
187.282745

