279.934967
173.363098
173.839386
174.475357
175.431046
176.521561
178.133270
179.552032
181.784607
183.704651
185.778625
188.413330
190.882416
193.848648
196.744507
199.690445
203.104462
206.463165
209.968216
213.497894
217.479324
221.153488
224.852371
228.607300
232.689987
236.076630
240.071274
243.613266
247.656021
251.171097
254.874069
258.102448
261.879395
264.961273
268.798096
271.389191
274.488159
277.673889
280.096008
282.767242
285.441589
287.283752
289.934418
291.858643
293.759888
295.844788
297.373169
298.991089
300.259369
300.965698
302.399445
303.214233
304.251373
305.122437
306.127808
306.309784
307.173279
306.993805
307.864868
308.083984
307.952972
308.192200
308.326233
308.316284
307.855133
307.919220
307.654572
307.575714
307.510681
307.328522
307.342346
307.043945
306.373871
305.939697
305.810608
305.732635
305.594696
305.493317
305.349854
304.910156
304.740234
304.737183
304.411041
304.588715
304.385986
304.446228
304.145966
304.209229
304.314087
304.216705
304.549408
304.637421
304.457184
304.925232
305.275604
305.453613
305.563812
305.273987
305.886292
306.405975
306.630737
306.818695
307.129120
307.895813
307.590637
308.419769
308.352234
308.924255
309.475250
309.645599
310.216370
310.525513
310.746796
311.148438
310.801453
311.537292
311.579529
312.331268
312.205719
312.732849
313.039673
313.389404
313.227722
313.030243
313.538147
313.725830
313.913696
314.117798
313.495422
313.611755
313.817291
313.746155
313.615540
313.584381
313.325470
313.346832
313.376495
312.641235
312.965179
312.398743
312.455719
312.161835
312.264893
311.791443
311.077881
311.101105
310.981720
310.911987
310.323212
310.128448
309.592468
309.811523
309.313477
309.100739
309.129913
308.716797
308.870758
308.197693
308.490509
307.900787
308.005951
307.709106
307.742889
307.800842
307.193298
307.721771
307.579651
307.821838
308.017487
308.332031
308.087280
308.498718
308.104279
308.634399
308.339691
309.122223
309.015808
309.215332
309.253662
309.770386
309.888794
310.908997
310.670441
311.174072
311.327362
311.469147
311.977356
312.203918
312.873505
313.084045
313.335114
313.841125
314.020844
314.289825
314.495697
314.826263
315.170532
315.563995
315.551422
316.324921
316.256287
316.561890
317.602722
317.320709
316.992859
316.921021
317.400085
317.694397
317.582275
317.425537
317.871460
317.525909
317.870941
317.631927
317.450317
316.995880
317.338928
317.275909
317.375275
316.864288
316.933197
316.817078
316.981354
316.427368
316.127930
316.106171
315.843262
315.176758
315.573090
315.091400
315.041443
314.392242
314.063538
313.510468
313.638367
313.297699
313.356262
312.979401
312.803955
312.315521
311.902863
311.762146
311.781403
311.347168
311.300568
311.384216
311.065399
310.826721
311.032288
310.868286
310.949066
310.659454
310.669128
310.589233
310.399689
310.634460
310.577820
310.738983
310.833618
310.867340
311.077576
311.179871
311.413544
311.619629
312.025513
311.799347
312.304413
312.360321
312.751007
313.185974
312.870758
313.465820
313.910370
313.765656
314.160339
314.667603
314.836945
315.488708
315.657990
316.212402
316.093109
316.416626
316.599731
317.141113
317.001160
317.279053
317.802979
317.891602
318.024139
317.851013
318.177490
318.786560
318.835754
319.103729
318.661835
319.084686
319.267487
319.258911
319.043335
319.173676
319.173523
319.173553
319.195282
319.438263
318.857727
319.136047
318.805145
318.211517
318.572754
318.287628
318.395111
318.063385
318.090363
317.573486
317.658630
317.001038
316.788818
316.991150
316.738098
316.588776
315.945129
315.867340
315.957062
315.745209
315.521881
315.152710
315.324249
314.949738
314.977539
314.881256
314.750854
314.484406
314.366486
314.679199
314.090118
314.085266
314.266663
313.909729
314.186493
314.245728
314.233154
314.260345
314.339447
314.093781
314.232788
314.416443
314.810638
315.061646
315.371307
315.476929
315.833527
315.915161
316.033844
316.432007
316.563568
316.695129
316.998718
317.153412
317.418518
317.861511
318.107635
318.708008
318.795288
318.977509
319.271393
319.418488
320.223999
320.072052
320.409210
321.014832
321.285004
321.268494
321.305298
321.794159
321.993713
322.213715
322.078033
322.386139
322.420654
322.863861
322.668549
323.045929
322.785675
322.864410
322.979309
323.233551
323.077911
323.194550
323.195801
323.618225
323.115875
323.050446
322.884857
322.884949
322.542419
322.657288
322.362610
322.280151
322.067230
321.708191
321.790710
322.086670
321.294586
320.965759
321.176849
320.610474
320.884033
320.262634
320.082550
320.105377
320.132111
319.706146
319.725952
319.412354
319.214447
318.805786
318.772736
319.047028
318.819519
318.253693
318.509949
318.394348
318.661255
317.943329
318.625610
318.472473
318.709625
318.581512
318.568024
318.674438
318.787903
319.244995
318.729980
319.291748
319.375793
319.632446
319.961975
319.717407
320.264374
320.727814
320.189636
320.872589
321.084717
321.270020
321.881226
322.083771
322.453217
321.824615
322.897003
323.300964
323.469910
323.786011
323.979126
324.083588
324.131744
324.494812
324.722961
325.424591
325.900299
326.007629
325.895020
326.050293
326.171204
326.503601
326.420868
326.776886
327.170776
326.524689
326.897461
327.331604
327.095093
327.310272
327.430389
327.012817
327.341003
327.162659
327.217957
327.188934
327.206299
326.918335
327.250549
327.088440
326.574829
326.523987
326.722656
326.427246
326.244751
326.324554
326.073669
325.524261
326.003723
325.980621
325.345459
325.434998
325.151611
325.092896
324.473267
324.810730
324.498627
324.783051
324.570343
324.158142
323.844604
324.085480
323.767273
324.212952
323.919128
324.083893
324.158936
323.914764
324.026825
323.668823
324.258820
324.283997
324.227966
324.344879
324.871552
324.866791
324.886322
325.273987
325.792450
325.848389
326.195862
326.583984
326.540283
327.329803
326.946136
327.872528
327.391327
328.132202
328.835999
328.986328
329.355072
329.796204
329.930115
330.355011
330.685577
331.457764
331.428467
331.909912
332.352600
332.625305
332.893372
333.059875
333.853149
333.914520
334.615387
334.842834
334.836700
335.226746
335.413025
335.722870
335.507080
335.970154
335.663696
336.217926
336.064758
336.177460
336.361084
336.743225
336.574341
336.868530
336.344513
336.653656
336.650085
336.650696
336.348694
335.826935
336.129028
336.224274
336.234100
336.056244
336.376221
335.733154
335.755890
335.231750
335.261780
335.569061
334.805542
334.627991
334.547363
334.194031
334.424286
333.962677
333.926605
333.947815
333.996582
333.891113
333.201996
333.093567
332.944702
332.867615
332.694275
332.840607
332.951874
333.104614
332.928070
333.040588
333.252777
333.081909
333.507294
333.331055
333.672363
333.809204
334.019348
334.513763
334.208466
334.420776
334.855377
334.726593
335.127930
335.735229
335.854675
336.447723
336.782104
337.150085
337.585327
338.142609
338.319885
338.776855
338.835754
339.259094
339.655945
340.376221
340.660583
341.192230
341.861053
341.779419
342.308319
342.824219
343.215210
343.496155
343.850067
344.249390
344.856049
344.728119
344.910065
345.753082
345.588776
345.618256
346.552460
346.373932
346.786957
346.210724
346.708710
347.028748
347.017029
346.691376
347.053253
347.141815
346.911743
347.123535
347.026703
346.762054
346.464417
346.562622
346.404510
346.432251
346.412872
346.327545
346.164032
345.603088
346.150269
345.104950
344.960876
344.990265
344.886810
344.581268
344.346863
344.269165
343.669128
343.367889
342.764038
342.803558
342.334747
342.731873
342.133667
341.881104
341.880371
341.697021
341.687744
341.065277
341.080078
341.262695
341.130371
340.833435
340.949493
340.922241
340.363495
340.789642
340.618286
341.130157
340.682526
341.102814
341.131866
341.563171
341.165955
341.450195
341.665405
341.724792
341.908142
342.570465
342.956726
342.688477
342.837311
343.654846
343.899231
343.913208
344.265228
344.605957
345.093994
345.518219
345.801910
345.982117
346.229980
346.515350
346.727478
347.129700
347.268097
347.735443
348.157227
347.967285
348.546753
348.166595
348.901062
349.035767
348.597900
349.875153
349.091431
349.609344
349.923523
350.126862
350.234589
350.294312
350.052216
350.062103
350.424622
350.093262
350.040619
349.702881
349.944702
349.794312
349.868164
349.554596
349.726044
349.023712
349.210785
349.402222
348.570465
348.003479
348.356873
348.229401
348.035950
347.846741
347.886780
347.372314
347.111877
346.872162
346.930420
346.580231
346.209747
346.061493
346.216919
345.937500
345.548218
345.687134
345.299622
345.518127
345.380005
345.217377
345.296722
345.066864
344.854950
344.909729
344.548553
345.112183
344.704681
344.759521
344.861908
344.511261
344.811859
344.578339
344.956299
344.779510
345.293274
345.442261
345.863342
345.670807
345.844025
345.951477
346.683533
346.694885
346.847351
346.982910
347.380402
347.359436
347.624695
347.829254
348.337250
348.628998
348.587006
348.742004
349.447418
349.379608
349.486816
349.780365
349.777191
349.756683
349.876953
350.838593
350.670258
350.186188
351.112366
350.982178
350.685913
350.891296
350.741425
350.648895
350.982300
351.005249
351.085388
350.613342
350.608459
350.769836
350.160767
349.854279
349.956665
349.892059
349.562622
349.820343
349.576721
349.529236
348.384247
349.076599
348.143951
348.184784
348.235870
347.752716
347.537018
347.470612
347.342224
346.871826
346.108398
346.377625
345.998230
345.744690
345.926239
345.371002
345.562622
345.276794
345.030396
344.897278
344.627319
344.909393
344.515411
344.377716
344.377380
344.423492
344.252777
344.396759
344.897858
344.900391
344.648560
344.336121
344.914062
344.842743
344.917664
345.113281
345.274811
345.443695
345.838409
345.692596
345.902985
346.114777
346.534637
347.029907
346.857666
347.310272
347.474182
347.521301
347.829559
348.195923
348.342712
348.344788
348.650635
348.520416
348.883881
349.267731
349.168060
349.334412
349.473724
349.386261
350.119141
350.208435
350.077393
349.743500
350.166229
349.860443
350.140839
349.949921
349.627228
350.359680
349.453522
349.242981
349.159790
348.696014
349.211090
348.864166
348.775208
348.201813
347.948120
348.086304
347.282379
347.499390
346.864655
346.780273
346.345154
345.641937
345.854218
345.783783
344.971649
345.242981
344.523224
344.597534
344.348877
344.525848
343.905609
343.629089
343.624481
343.609894
343.682281
343.444061
343.015991
343.110748
343.410095
343.530579
343.506470
343.596802
343.805969
344.362793
344.163635
344.613068
345.215302
345.347900
345.297028
345.669220
345.878906
346.466736
347.008667
347.017548
347.811493
347.808228
347.915375
348.864777
349.167328
349.561218
349.532867
350.111298
349.967010
350.738159
350.814667
351.465546
350.938446
351.114410
351.040527
350.944061
350.873383
350.579498
350.086700
349.745453
348.808777
348.021057
347.490753
346.129089
345.092163
343.787689
342.498962
340.822632
339.250153
336.993683
335.035980
332.837921
330.135284
327.409790
324.722198
322.098358
318.660248
315.754883
312.531586
308.912445
305.159149
301.407623
297.737946
293.671387
289.300201
284.933838
280.182159
276.447479
271.660248
267.439789
263.485168
258.876770
254.300598
249.644272
245.278259
241.128006
236.632568
232.779938
228.667145
225.058411
221.600845
217.879761
214.188049
211.375244
208.433929
205.582352
203.317108
201.383423
199.322647
197.446671
196.323883
195.333725
194.111938
194.026184
194.284973

274.416840
173.356995
173.836685
174.458801
175.424347
176.543243
178.161697
179.572861
181.799271
183.737991
185.803879
188.454803
190.932007
193.890320
196.826324
199.785889
203.205902
206.567337
210.103470
213.613739
217.653320
221.327377
225.034744
228.838211
232.919983
236.333878
240.316254
243.883179
247.946503
251.483368
255.218201
258.480011
262.291718
265.360535
269.220398
271.831177
274.989868
278.165741
280.580933
283.308441
286.025574
287.858734
290.519623
292.479370
294.420959
296.503815
298.055695
299.722748
300.983978
301.726685
303.187317
304.032318
305.074738
305.943848
306.990631
307.171387
308.065979
307.912170
308.793365
309.020233
308.928528
309.160065
309.310638
309.317322
308.862122
308.958954
308.670929
308.615112
308.574554
308.425842
308.426941
308.122192
307.466980
307.041718
306.906158
306.835968
306.700348
306.594971
306.464264
306.017700
305.840149
305.840881
305.511810
305.680664
305.473755
305.548126
305.246124
305.293060
305.380920
305.267975
305.591125
305.702057
305.462097
305.947601
306.290771
306.462341
306.537354
306.239227
306.818573
307.321533
307.534821
307.721680
307.997406
308.774597
308.403381
309.255188
309.139008
309.697540
310.198303
310.365356
310.902405
311.196960
311.415131
311.765320
311.395294
312.115845
312.145782
312.834808
312.698944
313.203644
313.485748
313.822906
313.637665
313.397400
313.879150
314.048431
314.206421
314.354004
313.750427
313.807617
313.995667
313.894989
313.755005
313.671356
313.372040
313.391846
313.402924
312.632812
312.905884
312.326843
312.393921
312.047882
312.130371
311.638977
310.890717
310.883636
310.761719
310.648193
310.034973
309.863312
309.273865
309.458923
308.966980
308.724670
308.751984
308.315704
308.456635
307.750641
308.044586
307.435699
307.530151
307.223114
307.244049
307.286072
306.659668
307.198120
307.047943
307.255524
307.462006
307.778625
307.541595
307.925385
307.515106
308.057739
307.767303
308.559631
308.458069
308.640106
308.673065
309.192505
309.311462
310.337402
310.107330
310.622437
310.764832
310.922241
311.408203
311.662933
312.352814
312.557556
312.806366
313.323669
313.540802
313.805328
313.988770
314.378326
314.714630
315.121033
315.133087
315.883850
315.855927
316.161377
317.197357
316.949432
316.650360
316.581940
317.078400
317.366608
317.307678
317.163086
317.597321
317.323578
317.661713
317.454620
317.313721
316.871277
317.216553
317.162170
317.287598
316.790558
316.879364
316.757019
316.957794
316.423920
316.083771
316.141022
315.903687
315.255005
315.652710
315.210297
315.165070
314.546692
314.248566
313.728546
313.850586
313.572327
313.617981
313.291595
313.123871
312.626678
312.243683
312.114716
312.180206
311.751465
311.694427
311.828186
311.529175
311.303192
311.565338
311.420990
311.506927
311.224335
311.270416
311.178009
311.001404
311.296722
311.243103
311.454285
311.560425
311.584869
311.807892
311.928223
312.205536
312.407928
312.840729
312.648529
313.169159
313.244385
313.697693
314.108368
313.809143
314.408508
314.901337
314.778503
315.147461
315.724548
315.855743
316.606110
316.759460
317.335571
317.219055
317.529480
317.778381
318.380829
318.182251
318.464081
319.006653
319.139404
319.295441
319.122955
319.470642
320.111511
320.125732
320.461029
320.014160
320.442963
320.663696
320.683319
320.472351
320.597382
320.612854
320.655670
320.671692
320.922058
320.377319
320.619843
320.330048
319.759186
320.105103
319.885620
319.966675
319.651154
319.664520
319.178314
319.274933
318.599060
318.438721
318.604736
318.371185
318.218262
317.578247
317.536469
317.663422
317.419037
317.214996
316.821869
317.033752
316.637970
316.666321
316.576233
316.462494
316.200653
316.087250
316.373993
315.821350
315.772522
315.960785
315.675262
315.857513
315.932892
315.918640
315.929718
316.044342
315.709137
315.895386
316.085876
316.427856
316.693665
317.019348
317.101471
317.459869
317.506500
317.609039
317.983582
318.148438
318.256500
318.526489
318.681793
318.950439
319.352051
319.588928
320.140259
320.281128
320.390076
320.705872
320.778229
321.577637
321.435577
321.753998
322.294495
322.584229
322.494659
322.525085
322.994751
323.204834
323.403503
323.228638
323.551880
323.572723
323.939026
323.710663
324.052887
323.803070
323.809052
323.944672
324.188263
323.952454
324.063721
324.010956
324.440002
323.870422
323.801544
323.625458
323.575806
323.208374
323.316528
322.975220
322.871155
322.619934
322.249725
322.315521
322.547943
321.746460
321.379181
321.614044
321.006897
321.246887
320.576080
320.379608
320.398010
320.403381
319.922668
319.948212
319.611603
319.346863
318.925018
318.859375
319.100983
318.904907
318.293701
318.546326
318.368958
318.613678
317.899963
318.592133
318.385986
318.620575
318.454193
318.421082
318.522980
318.637909
319.024475
318.532654
319.047394
319.112549
319.369385
319.728729
319.472198
319.973083
320.445160
319.868805
320.564850
320.770874
320.935486
321.541962
321.766632
322.094391
321.474609
322.558777
322.914581
323.099945
323.391724
323.613617
323.738678
323.783844
324.094788
324.326508
325.060699
325.542450
325.652893
325.537567
325.682648
325.814331
326.141724
326.061371
326.447754
326.810303
326.173737
326.570984
327.000397
326.777802
326.998474
327.114899
326.695404
327.021423
326.882782
326.886688
326.897339
326.950073
326.663422
326.986633
326.803131
326.309052
326.289917
326.512482
326.250885
326.035858
326.127655
325.866821
325.344574
325.824890
325.809448
325.167053
325.292145
325.056335
324.961212
324.354736
324.700012
324.386505
324.704193
324.493530
324.083374
323.770966
324.025757
323.732758
324.186035
323.867798
324.033020
324.122345
323.919922
324.031250
323.636993
324.206818
324.281311
324.216125
324.391907
324.894440
324.878571
324.909393
325.321533
325.824219
325.919434
326.246094
326.648346
326.593109
327.404694
326.993622
327.915344
327.455048
328.190186
328.886841
329.056122
329.428070
329.839478
329.964661
330.411133
330.734253
331.504242
331.452881
331.940002
332.379822
332.679840
332.928009
333.107239
333.881927
333.955292
334.650848
334.879761
334.850922
335.248993
335.421844
335.723694
335.526398
335.965424
335.662292
336.198151
336.031006
336.183319
336.321411
336.711121
336.508087
336.787811
336.286407
336.585114
336.578125
336.566254
336.279785
335.762207
336.018799
336.111420
336.124268
335.958801
336.259979
335.610626
335.632904
335.101318
335.140320
335.411713
334.665344
334.479309
334.384003
334.038879
334.243622
333.799744
333.737183
333.765625
333.769531
333.690918
332.980988
332.884399
332.729462
332.644745
332.465057
332.623535
332.709076
332.853973
332.674835
332.777161
332.970703
332.802063
333.240936
333.050964
333.406555
333.547485
333.729218
334.213959
333.924835
334.135803
334.573273
334.425690
334.824982
335.420502
335.561859
336.122345
336.478546
336.846863
337.285217
337.847412
337.993652
338.472778
338.512299
338.936096
339.364624
340.082794
340.368896
340.897369
341.582916
341.448914
341.989899
342.517029
342.890533
343.151062
343.537109
343.949463
344.522491
344.426025
344.604065
345.448822
345.272034
345.308533
346.249908
346.078278
346.480835
345.898193
346.441742
346.779724
346.739319
346.411865
346.795990
346.866180
346.612915
346.864868
346.735199
346.489777
346.171967
346.281952
346.105408
346.199951
346.149261
346.093750
345.899048
345.368225
345.896362
344.829071
344.740509
344.742645
344.663025
344.311798
344.149567
344.009155
343.409912
343.097229
342.573517
342.577087
342.126007
342.494751
341.925293
341.668091
341.692932
341.480408
341.515350
340.882324
340.903412
341.042236
340.885132
340.658112
340.780121
340.735992
340.178436
340.607727
340.450043
340.955139
340.495605
340.915466
340.948975
341.395996
340.986298
341.290253
341.497314
341.537872
341.756256
342.387451
342.776245
342.534607
342.655304
343.522949
343.748718
343.783478
344.159119
344.467560
344.958527
345.407745
345.692627
345.893066
346.087982
346.359192
346.612610
347.012115
347.141907
347.639526
348.071503
347.843597
348.469574
348.100403
348.794006
348.943054
348.527130
349.753723
349.023224
349.531281
349.858429
350.079468
350.175262
350.261749
350.010406
349.997772
350.385376
350.056915
350.019623
349.647400
349.944214
349.744415
349.860931
349.547638
349.697662
349.027771
349.178345
349.384796
348.539764
347.972076
348.326782
348.211853
348.006592
347.847626
347.882782
347.379883
347.107819
346.912628
346.970673
346.614777
346.232910
346.071075
346.227051
345.977051
345.603821
345.710297
345.338989
345.541199
345.481049
345.276031
345.329681
345.113953
344.942322
344.993744
344.650024
345.155731
344.774872
344.811920
344.956360
344.614380
344.913452
344.682739
345.053650
344.890869
345.390594
345.551727
345.975525
345.792877
345.974243
346.080444
346.823822
346.826294
346.964142
347.139801
347.510345
347.499329
347.781250
347.962250
348.489227
348.779053
348.716034
348.919556
349.619934
349.551941
349.651978
349.956696
349.962128
349.921051
350.021820
351.030426
350.843903
350.341064
351.248016
351.155426
350.854797
351.087311
350.922028
350.830688
351.181244
351.184784
351.292084
350.812683
350.804626
350.943573
350.370270
350.060455
350.175720
350.123535
349.804443
350.041626
349.810272
349.766632
348.593628
349.244934
348.394226
348.426666
348.476410
348.011047
347.752899
347.691559
347.560638
347.129700
346.340271
346.603149
346.234467
345.985260
346.154724
345.611145
345.820557
345.515442
345.277313
345.157532
344.892090
345.183167
344.755280
344.623505
344.643188
344.667389
344.505188
344.682892
345.147400
345.152893
344.928558
344.604431
345.190613
345.074738
345.213226
345.397552
345.547028
345.734985
346.093201
345.979645
346.182648
346.369049
346.770020
347.335419
347.131195
347.548126
347.746124
347.794067
348.083405
348.456909
348.627289
348.629913
348.902069
348.758514
349.144775
349.565765
349.442596
349.598663
349.730072
349.648193
350.370026
350.458832
350.323090
349.979034
350.404663
350.121887
350.402679
350.177185
349.891479
350.601562
349.705597
349.494629
349.410645
348.930115
349.460632
349.144379
348.998962
348.411133
348.173859
348.324493
347.489655
347.704163
347.075684
347.008942
346.542755
345.852234
346.073853
346.003906
345.153564
345.476807
344.736633
344.816406
344.529205
344.728210
344.123688
343.830536
343.800873
343.812836
343.876770
343.613312
343.202972
343.274902
343.582855
343.720581
343.700867
343.773621
343.966736
344.533142
344.321320
344.741089
345.381348
345.463165
345.399475
345.803375
346.023132
346.591675
347.125824
347.114258
347.925629
347.915253
348.011963
348.979126
349.267334
349.654663
349.637909
350.234955
350.045197
350.827271
350.919312
351.552063
351.037964
351.212677
351.095367
351.036591
350.945282
350.676727
350.134003
349.832703
348.882965
348.078918
347.561401
346.221771
345.132874
343.839966
342.551971
340.891998
339.306244
337.037201
335.070648
332.890930
330.169861
327.457703
324.742310
322.142303
318.678070
315.794769
312.548309
308.942139
305.199646
301.435181
297.755554
293.686829
289.326813
284.944824
280.168671
276.472076
271.667938
267.457886
263.496490
258.859955
254.290909
249.622009
245.299515
241.122360
236.647995
232.759766
228.645721
225.047714
221.607483
217.867859
214.183685
211.386353
208.422607
205.571503
203.314850
201.366165
199.295975
197.443497
196.314178
195.331497
194.111862
194.011368
194.354782

221.614288
184.281906
184.611557
185.133362
185.995224
187.468811
189.045288
190.515350
192.544769
194.964996
197.040787
199.907166
202.740509
205.626663
209.013351
211.985306
215.885132
219.206390
222.876831
226.837341
230.758698
234.452133
238.532639
242.489426
246.794556
250.763535
254.705795
258.610168
262.419250
266.501984
270.270447
274.016357
277.683838
281.105286
284.800232
288.122070
290.993011
294.134613
296.892426
299.655548
302.412109
304.735168
306.969666
309.309448
311.112335
312.993591
314.927307
316.462097
317.881775
319.374084
320.213379
320.937805
321.899841
322.787079
323.502930
324.217804
324.492432
324.934418
324.883545
325.227661
325.439423
325.256378
325.123047
324.984406
325.074432
324.678986
325.065399
324.553925
323.961243
323.861115
323.584900
323.225372
322.983887
322.425140
322.441315
321.994476
321.265167
321.606415
321.155060
320.761017
320.780762
320.010406
320.240967
319.695831
319.552521
319.313934
319.496918
319.070984
319.490112
319.510498
319.280182
319.367615
319.189178
319.673218
319.944458
319.844208
320.184540
320.253601
320.489594
321.016418
321.306000
321.474121
321.695007
322.020691
322.345673
322.398560
323.149658
323.423645
323.954407
323.935150
324.186249
324.262482
324.850983
325.226318
325.226288
325.267609
325.908173
325.889099
326.585724
326.511200
326.600739
326.719910
326.584991
327.026062
327.194092
326.995209
326.789093
327.375854
326.751129
326.666534
326.972473
327.103119
326.605225
326.215729
326.147675
325.826843
325.857147
325.482544
325.318542
325.132233
324.444916
324.591583
324.087372
323.794281
323.327515
323.122498
322.553680
322.649353
322.555847
321.764526
321.852966
321.831696
321.277252
320.660675
320.590454
320.234344
319.981110
319.847107
319.444794
319.300873
319.362396
319.605499
319.132538
319.124725
318.707886
318.876221
318.607819
318.709137
318.518372
318.847046
318.693726
319.021515
319.111908
319.087219
319.009521
319.317078
319.551453
319.908447
319.789825
319.918518
320.445557
320.706238
321.103882
321.411591
321.418701
321.896637
321.984436
322.827393
322.979462
322.871796
323.160034
323.608490
323.970978
324.666809
324.920685
324.892639
325.427643
325.496674
326.087036
326.014343
325.912323
326.444000
326.573364
326.726227
326.749054
326.997437
327.123718
327.382355
327.125397
327.128387
327.373505
326.962311
326.795807
326.947479
326.534149
327.086945
326.951172
326.645874
326.507935
326.555481
326.100494
326.249908
325.868561
325.639221
325.434265
324.762970
324.925201
324.199341
323.967163
323.721588
323.086853
323.337921
323.130829
322.624451
322.296814
321.863281
321.562042
321.145325
320.954681
321.128876
320.244049
320.296051
319.879608
319.721863
319.702789
319.307709
319.158417
318.940308
319.105164
318.865570
318.713074
318.647583
318.645325
318.330170
318.114258
318.688110
318.501831
318.431213
318.724182
318.511658
318.536255
318.496246
318.888855
318.843933
319.184937
319.457184
319.638000
319.785065
320.324615
320.522186
320.999329
320.883331
320.971405
321.478912
322.073120
321.960388
322.384491
322.437164
322.863525
323.457306
323.144653
323.658936
323.917175
324.235260
324.515381
324.471588
324.762543
324.887878
325.506866
325.376617
325.749390
325.961029
325.739502
325.387360
325.864563
325.647339
326.317352
326.118195
325.838776
326.005798
326.318787
325.729980
325.800659
325.930054
325.761810
325.171204
325.691986
325.149567
325.020264
325.058807
324.634155
324.946014
324.514252
324.284576
323.840546
323.712402
323.299377
323.421661
323.097656
323.099487
322.881683
322.371460
322.135101
322.138580
321.735992
321.717957
321.562653
321.063599
320.689880
320.765564
320.661835
320.386597
320.671448
320.763245
319.906281
320.169464
320.069824
320.132660
319.846375
319.914337
320.127563
320.019409
320.488068
320.495453
320.664520
320.578369
320.438904
320.877075
320.585663
321.159454
321.547882
322.106171
321.717072
321.809540
322.079559
322.186951
322.632141
322.573517
323.173096
323.887695
323.968170
324.186646
323.978149
324.918243
324.373627
324.925018
325.640778
325.924805
325.479950
326.345276
326.854462
327.176697
327.517212
327.540131
327.295410
327.645172
327.739807
327.658813
327.709869
327.907379
328.091095
327.846375
328.768188
328.368469
328.497498
328.102356
327.981537
328.112701
327.569061
328.322083
327.611847
328.314362
327.759674
327.787689
327.805450
327.729095
327.494629
327.129242
326.949097
326.986542
326.724213
326.312866
326.629181
325.935181
325.954468
325.485687
325.344086
324.813629
324.716064
324.595886
324.437958
324.465118
324.086578
324.039948
323.726349
323.410400
323.325745
323.577454
322.745728
323.111816
323.202209
323.136658
322.781250
322.470184
322.544830
322.840179
322.585205
322.524414
322.457001
322.810242
322.859863
322.928192
322.941437
323.314240
323.703796
323.232147
323.793060
323.730194
323.790131
324.364624
324.531067
324.101196
324.394379
325.404358
325.614014
325.707092
325.816803
326.214691
326.483887
326.497467
326.968018
327.039703
327.274628
327.789093
327.973938
327.771881
328.207153
328.407074
329.100250
328.943878
329.266022
329.506317
329.439087
329.738495
330.345062
330.358246
330.330902
330.072571
330.194977
330.549744
330.131989
330.371002
330.166504
330.421417
330.617004
330.727905
330.544708
330.218964
330.414001
330.058838
329.723145
329.677765
329.656189
328.966919
329.008270
329.283112
329.183502
328.588501
328.239868
328.448151
328.452789
328.054688
327.719208
327.413879
327.222137
327.352081
326.745758
326.843079
326.595123
326.529663
326.123383
326.653168
325.984894
326.135223
325.598389
325.879120
325.959259
326.024902
325.667328
326.073334
326.045776
325.375671
326.700653
325.792755
326.017822
326.025909
326.038239
326.395569
326.150696
326.335999
327.177155
327.191742
327.553558
327.264130
327.695587
328.102661
328.015350
328.040802
328.747009
329.118286
329.193604
329.527313
330.165710
329.886230
330.435608
331.244995
331.277069
331.121887
331.733612
332.295410
332.733856
332.340790
332.667206
333.261810
333.511749
333.741333
333.885101
334.380768
333.998840
335.093323
334.532379
335.175018
335.067047
335.083191
335.364838
335.312683
335.458557
335.639954
335.789948
335.456818
335.579285
335.744293
335.100006
335.542267
335.059906
334.891449
335.248474
334.903412
334.622070
334.476654
334.310883
334.325531
334.093689
333.954132
333.719849
333.472809
333.152435
332.812958
332.807495
332.459503
332.003845
332.143951
331.482635
331.755920
331.465210
331.287048
331.059662
330.664673
330.374298
329.960907
330.233521
330.153381
329.391296
330.058929
329.881348
329.899414
329.719818
329.560730
329.859619
329.480652
329.721863
329.920105
330.009247
329.767792
330.025909
330.001495
330.326752
330.794983
330.914886
330.764374
330.728699
331.645294
331.727600
331.993439
332.240906
332.358063
332.638550
332.989624
333.327271
333.374084
334.206573
333.720459
334.370422
334.728394
335.569641
335.702576
336.066162
336.477783
336.376434
337.006256
337.544006
337.348999
337.965607
338.372559
338.479004
338.650940
338.849823
339.079651
339.437866
339.695374
339.446991
339.883026
339.340790
340.013733
340.118500
339.634796
339.772339
339.990082
340.519012
339.797302
340.098267
339.472198
339.579193
339.571777
339.766785
339.740875
339.276855
339.243988
338.557098
338.448944
338.263367
337.881866
337.512268
337.394562
337.008759
336.805664
336.729462
336.211670
336.087128
335.366577
335.308289
335.023438
334.815674
334.497406
334.406189
333.809875
333.945374
333.620422
332.910187
333.061066
332.756256
332.947815
332.581390
332.283783
332.149963
331.843201
331.808868
332.068207
331.407349
331.942078
332.140320
331.394073
331.725281
332.045807
331.647369
332.060089
332.147675
331.982971
332.282562
332.248840
332.523865
332.727051
332.807587
333.235992
333.088898
333.600403
333.259949
333.856201
333.703247
334.445129
334.986816
334.630157
335.272583
335.124390
335.530212
335.999298
336.356262
336.610596
336.810822
337.130554
337.333221
337.226624
337.707703
337.765198
337.625549
338.127075
337.921722
338.262451
338.499603
338.441711
338.632843
338.302490
338.393463
338.713318
338.606323
338.605042
338.260223
338.463501
338.585480
338.585052
338.561951
337.916992
338.564453
337.669159
337.810699
337.517822
337.278137
337.163940
336.806549
336.592743
336.342712
336.114227
336.030945
336.313324
335.697998
335.621643
335.264557
334.687225
334.589264
334.347046
334.358368
333.619354
333.729523
333.679016
333.639435
333.216919
332.833832
332.563538
332.820038
332.466248
332.814514
332.367981
332.403015
332.238159
331.952820
332.054260
332.179749
332.209503
331.890594
332.610840
332.382294
331.762512
332.224915
332.604980
332.540070
332.469177
332.690674
332.736847
333.149506
333.976349
333.315369
333.832397
333.953125
334.390228
334.121552
334.203430
334.647827
334.411041
334.878387
335.225189
335.105682
335.642822
335.821289
335.612976
335.878418
335.994171
336.897125
336.202362
336.715668
336.802124
336.889587
336.856537
336.971344
337.163849
337.043671
337.443512
337.231903
337.394409
337.007050
336.732056
337.209473
337.006866
336.575439
336.771912
336.425476
336.497650
336.230499
336.286713
335.791901
336.007629
335.170319
335.368469
335.130127
334.738464
334.530884
334.289154
334.058075
333.825409
333.512543
333.509216
333.470398
332.733643
332.202789
332.522797
332.295197
331.752716
331.935028
331.481262
331.713165
331.422241
330.885529
330.970764
330.807220
330.803131
331.003326
330.417023
330.405060
330.526276
330.271698
330.485474
330.979797
330.190643
330.364471
330.542389
330.548950
330.669189
331.037537
330.876068
330.928101
331.015900
331.767120
331.647736
331.783020
332.293945
332.336975
332.643494
332.702423
333.184753
333.209961
333.466522
333.384979
333.686981
333.914978
334.300659
334.486694
334.728058
334.804993
334.759583
334.764404
335.267914
335.356293
335.581268
335.227234
335.823700
335.840790
336.059082
335.695129
335.563110
335.276215
335.611664
335.618103
335.307465
335.459778
335.074799
334.680969
334.743286
334.313965
334.207092
333.781250
333.698578
332.997742
333.188141
333.121124
332.596649
332.151550
332.422577
331.990417
331.699524
330.910919
331.199066
331.021484
330.705597
330.652893
330.339722
330.096008
329.413605
329.364563
329.684387
329.599945
329.243866
328.559387
329.046844
329.245605
329.113556
329.040894
329.147400
328.919617
329.568695
329.837891
329.566742
329.709808
330.156403
330.073273
330.276428
330.531006
331.384491
331.405701
331.855560
331.978851
332.675690
332.889008
333.077301
333.645691
334.133881
334.497101
335.008362
334.850922
335.209320
335.534607
336.141144
336.077789
336.377197
336.143341
336.514984
336.091614
335.925446
335.947754
335.300110
335.074799
334.885040
334.164124
333.311646
332.338348
331.204712
330.368317
328.932678
327.977722
326.470551
324.490417
322.424133
320.516724
318.690735
315.887665
313.654449
310.933350
308.287476
305.743591
301.975647
299.180634
295.843475
292.171753
288.081451
284.800476
280.813660
277.102722
272.797363
268.881378
264.608582
260.341614
256.315460
251.955597
247.783142
243.382217
238.994461
235.045837
230.734406
226.939331
223.119873
219.109268
215.709686
211.827866
208.731323
205.408020
202.502548
199.496689
197.228729
194.871979
192.724854
190.896622
189.433685
188.146469
187.183868
186.350128
185.966614
186.235077

223.096085
184.411758
184.746994
185.261063
186.131500
187.599152
189.162979
190.659790
192.683670
195.096466
197.172638
200.064606
202.887451
205.788803
209.179306
212.159576
216.058884
219.381317
223.064941
227.019241
230.935181
234.642899
238.751495
242.714462
246.991287
251.001617
254.945374
258.850128
262.658600
266.775055
270.501587
274.246674
277.962341
281.404755
285.083862
288.410522
291.298798
294.445312
297.209290
299.968719
302.735504
305.077850
307.334747
309.683685
311.471924
313.358154
315.314941
316.853546
318.304749
319.774170
320.641022
321.341278
322.318604
323.218994
323.949127
324.695648
324.928375
325.404938
325.365540
325.697052
325.906799
325.731171
325.609528
325.428406
325.575531
325.172974
325.575439
325.046570
324.441193
324.383667
324.118591
323.704132
323.481689
322.934967
322.973663
322.507538
321.801910
322.117249
321.681854
321.292450
321.295013
320.531860
320.718872
320.193665
320.026489
319.825806
320.027405
319.563507
319.986237
319.967651
319.779419
319.855377
319.651001
320.114502
320.443573
320.286682
320.649078
320.694855
320.942535
321.483551
321.751740
321.906952
322.089233
322.409485
322.748108
322.807251
323.544464
323.825256
324.318390
324.286926
324.569427
324.649323
325.160431
325.589508
325.599762
325.585205
326.230957
326.250763
326.920563
326.846924
326.910645
327.011169
326.885620
327.341766
327.486206
327.300232
327.068787
327.645996
327.055969
326.997131
327.273376
327.369080
326.917511
326.486847
326.428711
326.110931
326.120728
325.756409
325.618866
325.422638
324.741089
324.815033
324.382050
324.110596
323.604645
323.399506
322.823700
322.973053
322.839722
322.037659
322.150604
322.140320
321.561340
320.991364
320.913757
320.579346
320.298615
320.157623
319.793365
319.640320
319.672424
319.926941
319.504578
319.494720
319.074585
319.218079
319.000000
319.100861
318.891022
319.248810
319.102081
319.409332
319.541931
319.500214
319.467926
319.757172
319.996429
320.346588
320.214478
320.414825
320.914581
321.200073
321.563721
321.891266
321.886383
322.404510
322.515747
323.319885
323.499512
323.394714
323.696167
324.171600
324.520599
325.230957
325.490540
325.481323
325.995667
326.040253
326.623108
326.608826
326.505737
327.024445
327.150208
327.286560
327.334808
327.568329
327.716400
327.976349
327.741089
327.714386
327.951355
327.562317
327.403320
327.503571
327.128967
327.662689
327.527344
327.205780
327.095276
327.111633
326.681274
326.799774
326.399200
326.215820
325.981720
325.307281
325.451721
324.775116
324.503845
324.244293
323.596069
323.836029
323.636017
323.117371
322.784607
322.355255
322.019409
321.609924
321.442657
321.585663
320.672852
320.738617
320.273895
320.136627
320.115265
319.709045
319.517731
319.335114
319.480408
319.217041
319.048431
318.983307
318.967224
318.649811
318.423462
318.983917
318.654968
318.727661
318.980286
318.759491
318.794434
318.755676
319.133423
319.088959
319.413666
319.661743
319.857208
319.981995
320.516907
320.725311
321.183014
321.056152
321.146301
321.648926
322.220428
322.109619
322.539825
322.608307
322.996490
323.577881
323.259918
323.791687
324.038116
324.330170
324.631683
324.577148
324.866699
325.024689
325.605682
325.510895
325.878143
326.060425
325.862885
325.492065
325.994537
325.755157
326.432465
326.241974
325.961945
326.144135
326.457703
325.839569
325.913940
326.061432
325.875244
325.287537
325.824493
325.325256
325.164246
325.222198
324.794128
325.083496
324.682922
324.443695
323.998505
323.893188
323.492188
323.597076
323.291473
323.300690
323.065399
322.584015
322.353271
322.328522
321.962585
321.945496
321.782104
321.279724
320.916077
320.981110
320.904083
320.633911
320.905029
320.997589
320.176147
320.440277
320.319427
320.409698
320.118500
320.191772
320.403656
320.298096
320.781921
320.779053
320.923950
320.837006
320.729370
321.187042
320.873016
321.432007
321.812408
322.373322
321.998840
322.086151
322.341003
322.439514
322.891571
322.836823
323.412323
324.121796
324.212616
324.439728
324.181732
325.160736
324.597656
325.141144
325.836517
326.109161
325.676331
326.535706
327.050049
327.346588
327.681183
327.709381
327.441010
327.788055
327.861053
327.755188
327.804565
327.984558
328.174957
327.924133
328.856750
328.420746
328.518890
328.148560
328.023560
328.124847
327.570038
328.299591
327.586304
328.258698
327.716980
327.702789
327.765106
327.668671
327.389069
327.027100
326.813629
326.861084
326.573181
326.178711
326.476013
325.771515
325.750610
325.307037
325.134247
324.591461
324.496216
324.356354
324.168182
324.240967
323.821991
323.775574
323.463440
323.147583
323.034302
323.290680
322.450165
322.793549
322.886261
322.820435
322.465851
322.145111
322.197784
322.492523
322.241547
322.163879
322.123444
322.455353
322.515381
322.566742
322.584564
322.964111
323.352753
322.907501
323.434326
323.393829
323.432434
324.028656
324.198456
323.772125
324.017578
325.074768
325.298035
325.438873
325.527161
325.866730
326.171631
326.167603
326.672028
326.724548
327.012177
327.511932
327.732422
327.525940
327.958191
328.159882
328.848511
328.740509
329.042816
329.314697
329.256409
329.586853
330.152374
330.226746
330.189392
329.915588
330.043701
330.418213
330.040100
330.260834
330.076141
330.341003
330.552460
330.688721
330.530670
330.185181
330.351105
330.062866
329.744324
329.685913
329.713135
329.029419
329.092865
329.355865
329.249329
328.654907
328.344543
328.549774
328.561310
328.178192
327.852112
327.542175
327.380371
327.500031
326.893372
326.997375
326.802917
326.740784
326.317657
326.841858
326.153381
326.345154
325.809509
326.105804
326.200958
326.260742
325.873260
326.251312
326.260468
325.606964
326.274750
326.062500
326.281769
326.272400
326.268433
326.656067
326.435059
326.597565
327.426331
327.504242
327.817719
327.530792
327.949585
328.368652
328.295258
328.263550
328.988922
329.348328
329.407257
329.728577
330.390411
330.101929
330.674438
331.464325
331.445099
331.318848
331.918701
332.504669
332.865845
332.487854
332.795959
333.410706
333.645935
333.846436
334.027283
334.490753
334.093353
335.196167
334.602020
335.258026
335.087799
335.125671
335.389679
335.362549
335.469696
335.641907
335.802887
335.439270
335.576843
335.718475
335.037292
335.472717
335.021332
334.804138
335.127960
334.819733
334.524445
334.349854
334.174896
334.175446
333.951782
333.786133
333.553345
333.288696
332.943512
332.608337
332.574127
332.211578
331.774048
331.896179
331.240021
331.475952
331.192474
331.016846
330.776062
330.349884
330.073334
329.627197
329.910370
329.842499
329.019440
329.711548
329.487091
329.533173
329.331299
329.152771
329.463318
329.051971
329.328857
329.503632
329.582367
329.344147
329.579712
329.581146
329.915741
330.329926
330.463867
330.303558
330.237701
331.164001
331.246948
331.489227
331.748413
331.851898
332.144135
332.499847
332.823486
332.870117
333.716980
333.228241
333.871613
334.201599
335.048523
335.170227
335.527130
335.926819
335.857849
336.477234
336.983673
336.806305
337.423096
337.857513
337.924316
338.098602
338.324951
338.578339
338.899109
339.165985
338.894501
339.341125
338.796478
339.473724
339.575165
339.102966
339.231995
339.454041
340.009216
339.269775
339.561249
338.902588
339.067261
339.057587
339.248840
339.215851
338.747040
338.715820
338.055939
337.952545
337.762024
337.362701
337.035767
336.881439
336.526306
336.297150
336.241669
335.732483
335.600433
334.915924
334.810333
334.565643
334.355896
334.019653
333.935730
333.351776
333.529480
333.136475
332.449310
332.631622
332.314270
332.556519
332.164551
331.890778
331.773071
331.467133
331.431183
331.701782
331.033478
331.567871
331.781189
331.025940
331.398285
331.684326
331.314331
331.731476
331.807617
331.646118
331.937195
331.943512
332.215393
332.448456
332.526367
332.943420
332.777252
333.354980
333.018860
333.603882
333.491516
334.218689
334.789795
334.434052
335.070709
334.961304
335.372650
335.828735
336.228271
336.482361
336.707001
337.012360
337.221680
337.105652
337.600342
337.683441
337.562073
338.041351
337.855591
338.213531
338.462494
338.385132
338.602417
338.321625
338.371704
338.705292
338.637756
338.650482
338.302948
338.505798
338.649384
338.643280
338.637726
338.018311
338.685883
337.762177
337.968750
337.666107
337.402832
337.310516
336.942627
336.753998
336.523926
336.285736
336.245056
336.513306
335.936096
335.864746
335.451599
334.915527
334.796448
334.617828
334.635406
333.842072
333.994629
333.900238
333.926422
333.489319
333.093689
332.832825
332.881531
332.792694
333.113953
332.719574
332.712494
332.551575
332.258118
332.350159
332.519897
332.533356
332.237793
332.974274
332.743317
332.095703
332.578400
332.944794
332.937042
332.811951
333.064209
333.119720
333.551575
334.359253
333.681854
334.205597
334.334229
334.764130
334.492065
334.581726
335.022949
334.742645
335.279541
335.590607
335.460022
336.031982
336.198730
335.984039
336.266205
336.389160
337.265991
336.603699
337.088623
337.171661
337.241699
337.251312
337.341675
337.557709
337.409119
337.806915
337.598328
337.763367
337.360809
337.077332
337.562286
337.360413
336.922943
337.111755
336.752655
336.820099
336.567200
336.635040
336.130798
336.320404
335.509949
335.698975
335.453125
335.061371
334.855072
334.589325
334.377777
334.140076
333.829651
333.793304
333.766632
333.028992
332.503937
332.829163
332.578766
332.057678
332.221161
331.777710
332.005188
331.685455
331.176727
331.244263
331.076599
331.062744
331.264435
330.670227
330.677002
330.810242
330.523743
330.753784
331.254303
330.438843
330.637848
330.796356
330.818085
330.888123
331.287903
331.149170
331.181427
331.280182
332.014954
331.914337
332.049469
332.545105
332.570312
332.896301
332.935211
333.445709
333.441956
333.725006
333.646423
333.932129
334.163300
334.541290
334.738831
334.953278
335.056244
335.013275
335.001434
335.539978
335.575745
335.831329
335.459900
336.074097
336.089539
336.289154
335.966400
335.824432
335.524506
335.839355
335.842957
335.556885
335.681396
335.336243
334.909515
334.975891
334.553162
334.461700
334.028046
333.961456
333.276886
333.443268
333.360413
332.862244
332.401733
332.661469
332.222870
331.927795
331.178558
331.461243
331.255341
330.935181
330.871948
330.571472
330.310150
329.653473
329.602844
329.941193
329.816803
329.475372
328.795502
329.257935
329.479797
329.323792
329.258575
329.372711
329.133789
329.789062
330.062988
329.773438
329.905304
330.370941
330.288544
330.481018
330.750916
331.575745
331.601135
332.052032
332.165649
332.862152
333.056244
333.249908
333.823303
334.313080
334.686462
335.164642
335.034088
335.375336
335.698303
336.309082
336.236969
336.520691
336.299347
336.667572
336.229523
336.072479
336.086700
335.440186
335.194489
335.011627
334.304749
333.442383
332.455536
331.337006
330.503082
329.065277
328.081604
326.573517
324.600922
322.536865
320.594208
318.794281
315.995972
313.766113
311.034088
308.381897
305.833008
302.042053
299.268433
295.915863
292.234955
288.148773
284.869293
280.898010
277.180511
272.871765
268.937012
264.666016
260.388428
256.331238
251.994476
247.824509
243.444122
239.055267
235.085114
230.766830
226.967728
223.145615
219.147171
215.735153
211.860626
208.761917
205.449142
202.507507
199.529160
197.247849
194.898575
192.739899
190.917725
189.451736
188.170441
187.200867
186.356781
185.993820
186.246124

