279.232758
173.048920
173.697098
173.981766
175.310150
176.152390
177.660980
178.919037
181.166229
182.997131
185.298141
187.840744
190.567047
193.319107
196.429123
199.581360
202.941757
206.041428
209.714676
213.243271
216.834839
220.473663
224.298676
228.019806
231.952820
235.481339
239.573715
242.930878
246.944290
250.652924
254.364075
257.703186
260.915192
264.385529
267.594849
270.877380
273.742584
277.003998
279.061646
282.072174
284.481537
286.847443
289.385773
291.277283
292.985077
294.914978
296.567291
298.409058
299.274628
300.646027
301.855560
302.816071
303.385376
304.405823
305.255768
305.897278
306.241608
306.543304
307.063995
307.488281
307.190369
307.464447
307.558777
307.331757
307.245483
307.441864
307.200623
307.533875
306.645569
306.535004
306.327209
306.314453
305.885773
305.858032
305.231506
305.165436
304.692780
304.510986
303.939575
303.991119
304.010315
303.908447
303.618652
303.457581
303.151703
303.643005
303.338715
303.405548
303.691437
303.765228
303.618347
303.907257
304.001129
304.132751
304.357544
304.575348
304.592438
304.896393
305.321472
305.484924
306.081024
306.259613
307.059784
306.957336
307.507416
307.353607
308.346771
308.428101
308.185638
309.163910
309.270477
309.805023
310.068207
310.488495
310.865479
310.850159
311.466339
311.186646
311.589996
311.943573
312.268555
312.349884
312.609497
312.669434
312.538330
312.725586
312.979309
312.709351
312.679291
313.157288
312.965759
313.084045
312.696686
312.694458
312.806366
312.278778
312.187836
312.642548
311.656281
311.888092
311.578247
311.181274
311.161530
310.976868
311.018768
310.412872
310.248474
309.774567
309.712494
309.305511
308.743378
308.673187
308.337555
308.531952
308.163147
307.966034
307.774445
307.491486
307.519043
307.308838
307.307251
307.434631
307.187256
306.970032
307.063080
306.811218
306.674591
307.248871
306.836426
307.323456
307.262512
307.354919
307.431305
307.633820
308.060547
308.050140
308.336639
308.668396
309.070343
308.889221
309.132690
309.879913
309.849762
310.155243
310.329895
310.823700
311.337006
311.774963
311.524689
312.518219
312.716919
312.993256
313.233429
313.468842
313.695282
313.970001
314.463409
314.870911
314.905731
315.052612
315.574188
315.786316
315.915222
316.291626
316.549530
316.202393
316.382782
316.850739
317.354523
317.064728
317.081055
316.940948
316.673737
317.074524
316.950470
316.958191
316.953033
316.488617
316.507233
316.209717
316.047699
315.934418
316.013000
315.702759
315.359039
315.419403
315.339417
314.832428
314.638824
314.344513
314.105835
313.927826
313.609833
312.873901
312.615814
313.131989
312.293854
312.240723
311.993317
311.931458
311.443848
311.407928
311.393372
310.799561
310.488373
310.274017
310.546143
310.376312
310.048889
309.911896
310.416901
309.936890
310.078186
310.160004
309.884735
310.262787
310.295319
309.988861
310.223145
310.145569
310.632751
310.259064
310.667664
311.179199
311.270325
311.037445
311.451294
311.790131
311.658051
312.270905
312.737976
312.938171
313.114655
313.582489
313.835419
313.662201
314.199982
314.693848
314.967712
315.627777
315.857483
315.870361
316.112946
315.999817
316.657562
316.816986
317.079895
317.107178
317.983551
317.591339
318.019653
317.596832
317.972229
318.391785
318.672058
318.184540
318.553314
318.865601
318.548950
318.852386
318.870514
319.185760
318.662201
318.346252
318.738220
318.430450
318.286011
317.939606
317.915375
317.886169
317.754547
317.272034
317.164917
317.163055
317.169769
316.766937
316.624359
316.316101
316.384216
315.873718
315.684784
315.621338
315.272614
314.982941
315.227356
315.355133
314.620697
314.288879
314.231964
314.433533
314.238739
313.996826
314.393646
313.903534
314.174377
313.873505
313.886871
313.812561
313.912567
314.062103
314.045990
313.883148
314.169769
314.049622
314.083649
314.301758
314.167450
314.965607
315.117828
314.897766
314.960052
315.512634
315.928955
315.758545
316.472076
316.103729
316.845337
317.045624
317.193024
317.528870
317.805176
318.185791
318.299561
318.670624
318.725250
319.761536
319.239380
319.574677
320.095551
320.243439
320.858337
320.737152
321.117065
321.140137
321.412018
321.926514
322.186096
321.919495
322.165741
322.303467
322.497437
322.529541
323.068634
322.892120
322.931427
322.774872
323.158478
322.967407
322.592133
323.204437
322.771881
322.766663
322.426178
322.239532
322.619751
322.428741
322.021149
322.128632
321.695099
321.826508
321.714905
321.097534
321.326782
320.871918
320.837128
320.537506
320.176575
320.028198
320.114288
320.053131
319.822632
319.163910
319.255402
319.214355
318.587769
319.191956
318.850830
318.473511
318.788696
318.504852
318.011963
318.202759
318.326263
318.297516
318.194153
317.848480
318.388153
318.036987
318.043518
318.699951
318.491943
318.711090
318.678284
318.999023
319.263794
319.064301
319.373260
319.631165
320.150146
320.224365
320.199219
320.423920
320.875183
320.958679
321.675751
321.984985
321.486725
322.508514
322.273132
322.702667
323.099304
323.665771
323.348511
323.711060
324.415161
324.384674
324.587250
324.721863
325.098480
325.190033
325.863861
325.864349
326.352661
325.944702
326.230591
326.521301
326.661041
326.562561
327.141083
327.269684
327.147644
326.962646
327.194702
327.145752
327.250397
326.955383
327.456573
327.274414
326.855316
327.150482
326.704529
326.797791
326.654297
326.599091
326.432465
326.414246
326.311157
325.666534
325.816376
325.094299
325.347565
325.447662
325.151978
325.683319
324.983856
324.704407
324.296783
324.426544
324.442047
324.182831
324.132202
324.278717
324.198639
323.393494
323.742798
323.876312
323.537323
323.888519
323.545837
323.652924
323.828918
323.677307
324.017365
323.924194
324.117065
323.972137
324.680237
324.725403
325.287323
325.196075
325.279816
325.405579
325.384247
326.257385
326.290619
326.632294
327.030548
327.204041
327.367554
328.214508
328.615479
328.990021
329.337738
329.067474
329.641541
330.215637
330.550812
330.705261
331.362488
331.604584
331.712799
332.171326
332.009338
333.293060
332.981812
333.631439
334.120300
334.535828
334.404755
334.828857
335.363373
335.181824
335.783508
335.769226
335.742676
335.626068
336.093964
335.760010
335.828491
336.250763
335.807800
336.434906
336.134949
336.439880
336.290497
336.103821
336.290131
335.541595
336.142700
335.978455
335.955780
335.349976
335.491180
335.300964
335.174866
335.084229
334.982819
334.270050
334.508392
334.394043
333.843140
333.788269
333.905670
333.321564
333.474121
333.287231
333.106842
332.840240
333.043579
333.050446
332.941681
332.512604
332.710999
332.354614
332.571136
332.940247
332.905792
332.846863
332.567383
332.964935
332.886383
332.497162
333.164093
333.117859
333.710175
333.704315
333.613739
333.760162
334.073364
334.392700
334.634552
335.039459
335.992950
335.679443
335.885712
336.109985
336.851410
337.371429
337.820923
338.134827
338.456238
338.739563
339.078369
339.649078
340.200012
340.409729
340.946503
341.298248
341.763092
342.082947
342.341339
342.489777
343.271790
342.992279
343.864807
343.851135
344.538025
344.592377
345.108398
345.232971
345.578766
345.207886
345.904816
345.879730
346.253601
346.675446
346.168488
346.472382
346.649445
346.157440
346.343018
346.554840
346.713379
346.194244
345.997467
345.842987
345.889526
345.645020
345.846497
345.718231
345.030457
344.719635
345.133087
344.534668
344.288757
344.260132
344.316650
343.665009
343.438660
343.024170
342.935120
343.292419
342.423126
341.922699
342.116791
341.563171
341.719208
341.273041
341.029694
341.348969
340.993866
340.639282
340.229950
340.290466
340.617645
340.341675
340.284119
340.278809
340.245270
340.169128
340.431671
339.865051
339.972229
340.437866
340.624573
340.388245
340.724915
340.980377
340.712799
341.096893
341.718842
341.988281
341.856384
342.441101
342.578827
343.037903
342.789429
343.110962
343.454895
343.711121
344.231842
344.479584
344.614685
344.914948
345.460327
345.634949
346.152344
346.555389
346.980499
347.002716
347.160950
346.994354
347.564850
348.211914
348.195343
348.789856
348.665771
348.699066
348.938568
349.249695
349.353943
349.453278
349.416840
349.781158
349.478210
349.557861
349.677429
349.561127
349.386078
349.326630
349.667084
349.188019
349.019928
348.684814
348.963959
348.538757
348.697235
348.245453
347.817657
348.139618
347.752533
347.629578
347.455170
347.628662
347.259399
346.744141
346.339325
346.337341
345.673218
345.989075
345.707733
345.487701
345.309448
345.208740
345.209412
344.919189
344.846802
345.208344
344.999176
344.313751
344.755951
345.071655
344.311218
343.847260
344.011261
344.076202
343.631714
344.265869
344.008667
344.198792
344.399597
343.764984
344.891083
344.649536
344.187866
344.783081
345.029419
345.430786
344.980347
345.657837
345.970886
346.123535
345.731232
346.351379
346.370087
347.026917
347.629883
347.001373
347.743011
347.901489
347.889984
348.713348
348.360413
348.602203
348.507202
349.083435
349.540863
349.126160
348.856476
349.450623
349.939148
349.626434
350.043640
349.712128
350.279114
350.272522
349.872040
350.175903
349.657135
350.104187
349.738800
349.751221
349.896576
349.799866
349.216461
349.612732
349.120575
349.357574
349.048828
349.173157
348.171967
348.355072
348.390015
347.851562
347.580261
347.421051
347.435516
346.258545
346.884827
346.721252
346.406067
346.120514
345.830200
345.319794
345.412811
344.691681
344.517365
344.778198
344.744934
344.695038
344.189270
343.798096
344.217072
344.118896
344.070648
343.457092
343.600311
344.115173
343.826080
343.406738
343.416412
343.763947
343.828522
344.427948
343.890778
344.146515
344.342804
343.872314
344.573608
344.738190
344.850525
345.474457
344.764252
345.395294
345.472198
345.742889
346.171326
345.998444
346.407532
346.902924
346.668823
347.365784
347.180511
347.818420
348.108276
348.482880
348.430542
348.427094
348.572693
348.328308
349.173676
348.818634
349.016541
349.053467
349.009674
349.092072
349.178680
349.302307
348.996368
348.905823
348.947266
348.535828
348.629333
348.202637
348.609070
348.611938
348.283203
347.833313
347.475006
347.627106
347.055786
346.912079
346.723267
346.326630
346.167816
345.597382
345.288086
345.265625
345.054382
344.288330
344.396942
344.227142
343.890533
343.849701
343.541809
343.473480
342.910492
343.176636
342.967499
343.083557
342.748505
342.729462
342.874603
342.005707
343.029663
342.568817
342.766296
342.882751
343.002747
343.049316
343.706757
343.876526
343.628662
343.971252
344.293945
344.844452
344.885162
345.997437
346.160797
346.610077
346.850189
347.388306
347.794098
348.338470
348.434387
348.301208
349.127960
349.788177
349.817871
350.176941
350.211823
350.402649
350.418823
350.568237
350.208527
350.458527
350.245758
350.001465
349.657990
348.687592
348.154297
347.625732
346.787872
345.384460
344.313904
343.104889
341.819794
340.069244
338.319153
336.000702
334.401550
331.714905
329.277222
326.785248
324.329071
321.789062
318.797760
315.480988
311.763214
308.322327
304.696442
300.867340
296.547821
292.877197
288.475342
284.713348
280.447693
275.800873
271.360901
267.003906
262.708252
258.272461
253.494659
249.351196
245.010910
240.758224
236.592407
232.625885
228.616959
224.579498
220.944168
217.382492
213.875534
211.062317
208.376068
205.492355
203.051468
201.159653
198.999664
197.340485
196.204300
195.224991
194.261551
193.856598
193.848755

275.148285
172.937958
173.578781
173.875107
175.213257
176.048752
177.572617
178.835907
181.096848
182.921265
185.248322
187.791870
190.552338
193.304474
196.419235
199.580719
202.986374
206.106049
209.766739
213.304474
216.923004
220.547623
224.422256
228.164017
232.095901
235.661133
239.817993
243.144043
247.239532
250.951248
254.668045
258.025269
261.269043
264.747131
267.994080
271.300018
274.225586
277.463959
279.601013
282.621765
285.043182
287.421661
290.004395
291.931641
293.653046
295.632568
297.292297
299.182922
300.024689
301.465027
302.694397
303.658447
304.269989
305.330627
306.209930
306.853546
307.232239
307.540100
308.103119
308.569489
308.289612
308.535980
308.652893
308.458069
308.397675
308.590485
308.416504
308.753052
307.871552
307.755066
307.537201
307.557831
307.163910
307.132507
306.542175
306.445923
306.016968
305.837708
305.270996
305.353149
305.359528
305.229492
304.988159
304.810547
304.483582
304.971222
304.652618
304.730164
305.051758
305.112915
304.931305
305.212128
305.307190
305.432251
305.659180
305.861420
305.839325
306.106995
306.565857
306.698853
307.302277
307.455963
308.230652
308.113464
308.656982
308.479584
309.443207
309.516266
309.260071
310.203644
310.272705
310.802734
311.067047
311.451172
311.794189
311.742065
312.350677
312.043304
312.389679
312.723572
313.027283
313.100433
313.336700
313.344147
313.168243
313.341827
313.568848
313.277588
313.213074
313.656250
313.433960
313.514404
313.121368
313.065247
313.153900
312.602875
312.489105
312.908417
311.869537
312.116821
311.778961
311.377838
311.314545
311.085083
311.097778
310.475067
310.295776
309.774384
309.683594
309.274231
308.687317
308.576416
308.238525
308.381012
308.025299
307.783844
307.580536
307.274078
307.274902
307.040924
307.030884
307.112610
306.873230
306.651947
306.721741
306.456909
306.303101
306.894714
306.460693
306.921692
306.831329
306.929718
307.003235
307.186829
307.588623
307.576233
307.842499
308.188873
308.593719
308.401245
308.623901
309.390686
309.367035
309.650299
309.811279
310.317627
310.820923
311.257965
310.995605
312.014771
312.220825
312.479919
312.762726
312.994263
313.221588
313.482513
313.997162
314.401978
314.444946
314.606079
315.177856
315.389130
315.468536
315.837189
316.187073
315.815765
316.024994
316.480499
316.993134
316.742432
316.764954
316.637024
316.345520
316.790558
316.683350
316.693085
316.699432
316.276642
316.283386
316.012695
315.882294
315.777374
315.880981
315.545868
315.232330
315.325500
315.299683
314.800629
314.598724
314.324615
314.098755
313.950592
313.644928
312.932526
312.716339
313.233856
312.426941
312.359985
312.112091
312.100342
311.636871
311.616974
311.614746
311.081665
310.776520
310.601746
310.883301
310.707733
310.427277
310.324860
310.829559
310.389404
310.557770
310.588043
310.363708
310.806488
310.856049
310.590454
310.808014
310.752899
311.261749
310.904175
311.313019
311.875214
311.994507
311.828186
312.269501
312.594086
312.477783
313.137024
313.614807
313.840515
314.017914
314.515594
314.794617
314.681091
315.194641
315.707123
316.025360
316.707367
316.979797
316.997498
317.267365
317.183472
317.881042
318.050598
318.329407
318.361328
319.281952
318.862885
319.345337
318.926788
319.325287
319.816101
320.085785
319.632599
320.022156
320.371033
320.071991
320.375763
320.382294
320.761414
320.261780
320.012207
320.371735
320.064636
319.964050
319.659332
319.579498
319.612946
319.478119
319.008545
318.899506
318.895752
319.017334
318.592010
318.468597
318.168427
318.274414
317.794983
317.579987
317.515442
317.218689
316.903046
317.196564
317.294891
316.558685
316.254456
316.233978
316.427155
316.266693
315.988129
316.391602
315.900726
316.150940
315.899231
315.922638
315.821228
315.973175
316.053680
316.076996
315.945221
316.215332
316.067352
316.134857
316.367889
316.206726
317.012451
317.147980
316.927460
316.971283
317.507599
317.924591
317.696716
318.446930
318.073456
318.824158
319.021606
319.088928
319.434143
319.719971
320.056793
320.157684
320.570557
320.594727
321.611267
321.067261
321.329529
321.865112
322.028534
322.574829
322.459381
322.781433
322.770782
323.052429
323.544006
323.821991
323.470490
323.707336
323.823120
324.020752
323.954956
324.446198
324.324493
324.307098
324.132660
324.456665
324.307404
323.891144
324.469971
323.986725
323.923950
323.538208
323.359833
323.773163
323.453583
323.099884
323.147217
322.644318
322.785126
322.594818
321.982239
322.163788
321.719269
321.634583
321.288208
320.893036
320.755676
320.775299
320.667877
320.442963
319.724091
319.799255
319.746979
319.115387
319.673492
319.306458
318.909058
319.171051
318.828583
318.355316
318.565613
318.595123
318.523193
318.402588
318.039276
318.541382
318.212860
318.193665
318.783813
318.601746
318.796875
318.746368
319.022552
319.291046
319.078094
319.324036
319.599579
320.089783
320.176697
320.115479
320.299072
320.777710
320.864410
321.519318
321.816071
321.295563
322.358002
322.099182
322.523163
322.885651
323.434570
323.139893
323.518036
324.151184
324.159760
324.332825
324.475922
324.837311
324.908173
325.608063
325.619019
326.099762
325.672760
325.947205
326.231781
326.379883
326.297394
326.871765
326.975891
326.908661
326.684082
326.904755
326.869324
326.944794
326.687225
327.186310
327.015350
326.626404
326.894714
326.450714
326.558105
326.420288
326.362457
326.175110
326.169464
326.081970
325.446045
325.617249
324.881042
325.147003
325.266144
324.997620
325.467651
324.826416
324.536133
324.089020
324.270386
324.304138
324.027832
323.979645
324.113556
324.099213
323.303101
323.606171
323.757446
323.395752
323.778595
323.447479
323.562744
323.751617
323.573090
323.868988
323.854675
324.056824
323.878357
324.625336
324.669464
325.235443
325.133606
325.233185
325.359375
325.346680
326.200409
326.220978
326.590851
327.009033
327.181152
327.324005
328.178040
328.616669
328.932068
329.293091
329.026581
329.593048
330.197571
330.508789
330.673981
331.331085
331.567627
331.684387
332.138519
331.962036
333.242981
332.917816
333.582306
334.063629
334.466858
334.317688
334.755157
335.291870
335.110626
335.712341
335.688812
335.655914
335.539551
335.987854
335.660278
335.724335
336.150360
335.667084
336.309784
335.992920
336.314514
336.165802
335.969910
336.161896
335.398834
335.995605
335.833527
335.798859
335.176361
335.320374
335.108337
335.012390
334.889038
334.773743
334.079681
334.310669
334.200256
333.618073
333.542084
333.648193
333.087921
333.215607
333.033417
332.852509
332.596466
332.773468
332.781555
332.664001
332.235931
332.426178
332.073578
332.260956
332.652557
332.599091
332.532104
332.275299
332.664154
332.587463
332.160828
332.842712
332.840820
333.380859
333.381531
333.286865
333.437683
333.749756
334.047638
334.267700
334.699036
335.625641
335.368713
335.575226
335.799561
336.490082
337.003723
337.491211
337.770813
338.115082
338.376801
338.724884
339.280701
339.842041
340.080170
340.597351
340.964905
341.413177
341.729919
341.956543
342.131348
342.947540
342.643127
343.501373
343.521637
344.209473
344.244263
344.761871
344.908447
345.263031
344.856598
345.573151
345.543823
345.914795
346.330078
345.885559
346.134583
346.297699
345.803406
346.033447
346.255737
346.386200
345.898590
345.666443
345.492401
345.550751
345.288177
345.528351
345.394409
344.729004
344.412384
344.796692
344.195740
343.978973
343.948761
343.998871
343.340698
343.165924
342.687683
342.614380
343.013000
342.120178
341.635864
341.821625
341.313843
341.413666
340.971069
340.753510
341.031403
340.697479
340.363159
339.935150
340.034576
340.329346
340.095795
340.022919
340.009735
339.985016
339.880676
340.182220
339.586304
339.721222
340.163208
340.376801
340.160004
340.482330
340.769501
340.440918
340.867645
341.466461
341.774078
341.636261
342.187012
342.341125
342.820099
342.537201
342.913910
343.228271
343.476807
344.013580
344.246643
344.401672
344.728394
345.267181
345.433472
345.997314
346.383270
346.826660
346.815613
346.969543
346.810760
347.371216
348.021149
347.979065
348.615723
348.495667
348.495819
348.795197
349.090851
349.183838
349.285370
349.271576
349.630585
349.310852
349.393646
349.517456
349.420471
349.212585
349.184143
349.528381
349.059723
348.896454
348.577606
348.843262
348.394958
348.562714
348.108215
347.713104
348.051392
347.680145
347.549133
347.344208
347.545929
347.179688
346.662720
346.255615
346.265289
345.603607
345.922699
345.638184
345.430359
345.257568
345.160065
345.173340
344.858185
344.807007
345.141846
344.974518
344.296875
344.724548
345.011871
344.261627
343.833862
343.978851
344.042542
343.606018
344.250824
343.989471
344.199280
344.400269
343.757904
344.862152
344.653870
344.178589
344.801727
345.051270
345.426453
345.003693
345.672211
346.007111
346.158539
345.781281
346.352661
346.381561
347.079102
347.640747
347.029938
347.782227
347.952789
347.906311
348.760223
348.421417
348.653778
348.571625
349.153412
349.577881
349.206696
348.945190
349.517853
350.007233
349.698883
350.113739
349.770721
350.361938
350.356720
349.948975
350.260834
349.727997
350.182281
349.816711
349.837738
349.970734
349.878418
349.303925
349.697662
349.201355
349.413666
349.154938
349.273956
348.237305
348.436279
348.486755
347.958923
347.679230
347.487549
347.508057
346.345612
346.958618
346.806458
346.493988
346.206482
345.901978
345.401581
345.489166
344.754578
344.621887
344.865479
344.830078
344.776184
344.292999
343.883423
344.298279
344.179474
344.139191
343.543732
343.696198
344.207245
343.911163
343.506897
343.513031
343.868713
343.888763
344.533295
343.974487
344.225769
344.441711
343.966553
344.687683
344.830261
344.952118
345.576691
344.891724
345.497803
345.570068
345.837006
346.252441
346.125610
346.503937
346.982574
346.767181
347.459290
347.285431
347.936371
348.223877
348.565369
348.518860
348.536407
348.685547
348.426910
349.264709
348.918915
349.123077
349.160889
349.124237
349.215881
349.289581
349.417267
349.102997
349.027740
349.033417
348.624176
348.757507
348.318024
348.704529
348.701050
348.400879
347.925629
347.532471
347.735321
347.146851
346.985352
346.809753
346.415619
346.263947
345.683167
345.411774
345.357178
345.155029
344.372009
344.490845
344.328644
344.019592
343.940643
343.636078
343.550140
343.007996
343.278809
343.104065
343.182831
342.837982
342.803131
342.949554
342.101379
343.096100
342.686401
342.851685
343.003174
343.083527
343.176483
343.820801
343.962433
343.723938
344.066742
344.409851
344.939911
345.007843
346.109497
346.269928
346.716125
346.938568
347.523376
347.893646
348.450623
348.521667
348.403900
349.250488
349.877991
349.944824
350.305481
350.298462
350.544891
350.532928
350.691193
350.336182
350.575806
350.378082
350.138214
349.798340
348.821930
348.263367
347.752869
346.906372
345.478729
344.477875
343.189545
341.927277
340.203369
338.441650
336.155060
334.508392
331.880402
329.439972
326.927246
324.463928
321.910492
318.938354
315.623444
311.913239
308.453278
304.828400
300.997925
296.683228
293.009644
288.609100
284.840332
280.601746
275.930695
271.500427
267.150940
262.832184
258.415070
253.641754
249.490601
245.168625
240.899277
236.747498
232.778152
228.764053
224.743912
221.078552
217.519882
214.024231
211.219345
208.542679
205.647110
203.209717
201.317230
199.161011
197.502609
196.359116
195.368393
194.413589
194.019043
194.139404

220.207214
184.582794
184.838501
185.562073
186.876556
188.014832
189.341003
190.944962
193.007507
195.072891
197.465561
200.224350
203.028610
206.058380
209.172729
212.586716
216.298187
219.725449
223.221115
227.214035
231.145737
235.338654
239.045486
242.984085
246.730942
251.135880
254.986267
259.183624
262.850586
266.908997
270.507599
274.167175
278.169464
281.506042
284.891235
288.317017
291.155060
294.597473
297.697876
299.980011
302.727722
304.978882
307.145508
309.181549
311.292999
313.557129
314.875824
316.731628
318.155426
319.570709
320.768341
321.458618
322.553070
323.091034
324.026367
324.475555
325.237976
325.380341
325.334198
325.774384
325.644684
326.245758
325.703339
325.541046
325.826721
325.706421
324.814911
325.130096
324.619202
324.093781
324.296143
323.445557
323.124054
322.821716
322.242279
322.514618
322.192322
321.645905
321.706726
320.600311
321.512726
320.518372
320.552948
320.258270
320.397583
319.608154
320.016663
319.596527
320.341614
319.623749
319.934570
320.021423
320.107880
320.460327
320.143921
320.343140
320.877960
321.018250
321.087982
321.125000
321.528595
322.185669
322.102692
322.926819
322.720154
323.108307
323.465729
324.059418
323.756226
324.732971
324.585663
325.448334
325.080170
325.615143
326.143341
326.300842
326.342316
326.457764
327.078552
327.097900
326.713654
327.360474
327.203461
327.656250
327.534882
327.920624
327.505493
327.775940
327.846558
327.485840
327.689148
327.069916
327.318909
326.869568
326.906586
327.095734
326.145660
326.189087
325.967529
325.611969
325.224823
325.277130
324.723663
324.579742
324.721161
324.032715
323.580414
323.456299
322.877106
322.762268
322.772522
322.154968
321.937164
321.428406
321.133514
321.310822
321.195343
320.475525
320.356567
320.208679
320.134613
320.049774
320.090240
319.811493
319.394958
319.466003
319.544617
319.757538
319.168793
319.304596
320.028748
319.838623
319.817261
319.783539
320.023529
320.306183
320.570038
320.951569
320.967285
321.044556
321.101257
321.623108
321.624664
322.119873
322.543945
322.611389
323.324402
323.629730
323.868835
323.722656
324.391113
324.948029
324.397980
324.761047
325.767609
325.300751
326.222717
326.477264
326.262207
326.869965
327.110199
327.605194
327.580688
327.367432
327.839874
327.699799
327.699219
328.041290
328.133453
328.184998
328.178619
328.055420
328.046661
328.018646
327.774414
328.002899
327.896240
327.425507
327.652130
326.936768
326.979248
326.917358
326.676636
326.063599
325.897949
325.708862
325.204956
325.470947
324.779236
324.804077
324.430145
324.111115
323.167542
323.237396
323.390900
322.605499
322.474701
321.853790
322.011780
321.826660
321.664703
321.065430
320.627747
320.642426
320.586792
320.459595
320.107849
319.818848
319.663940
319.653870
319.934906
319.617126
319.682373
319.085938
319.165009
319.445190
319.384186
319.205505
319.176544
319.528931
319.718475
319.841187
319.763794
319.716034
320.453461
320.595856
320.963867
320.839386
321.130920
321.460480
321.584564
321.608978
322.364899
322.114044
322.542908
322.847076
323.241821
323.411957
323.595215
323.860474
324.591095
324.274200
324.539948
324.907440
325.041992
325.181549
325.743073
325.505371
326.220490
326.123199
326.666473
326.971985
326.744904
326.538025
326.733826
326.870789
326.826721
326.618591
326.832001
326.785065
326.624390
326.837799
326.224854
326.377258
326.261414
326.381744
326.382324
326.322327
325.722473
325.763428
325.883575
325.314606
325.039032
324.864929
324.979492
324.544891
324.336975
324.062531
323.974304
323.637512
323.456635
322.971405
322.940857
322.238800
322.253967
322.469574
321.837128
321.990356
321.783844
321.542938
321.058655
320.576782
321.082672
320.732635
321.261444
320.791779
320.616425
320.410889
320.825623
320.404602
320.595795
320.772980
320.473480
320.992157
320.676025
321.086426
320.998932
321.411560
321.713440
321.382721
321.992676
322.231049
322.082916
322.566498
322.608887
323.335388
323.018372
323.549255
323.589111
324.043396
324.348358
324.794586
324.894226
325.043640
325.223846
325.843933
325.976166
326.197906
326.251801
326.748352
327.190308
327.211670
327.625580
327.874603
328.146210
328.328674
328.580109
328.548309
328.683136
328.736206
328.547729
328.921173
328.803528
329.061523
328.737396
329.012543
329.169220
329.082367
328.867004
328.942444
328.745483
328.477112
328.354401
327.999908
328.133087
328.126312
327.964417
327.756195
327.327545
327.425018
327.097321
327.039856
326.601532
326.376190
326.190186
325.849701
325.437622
326.053650
325.280548
324.961792
325.155304
325.028259
324.402527
324.585052
324.092621
324.094727
324.108398
324.136017
323.298645
323.150238
323.425995
323.565735
323.463165
323.374817
323.328674
323.206451
323.325256
323.243408
323.379150
323.144958
323.308044
323.681793
323.569275
323.536285
323.975006
323.898651
323.872314
324.323212
324.654327
324.789551
324.700928
325.045807
325.192230
326.217865
326.043610
326.376953
326.199799
326.798645
327.037140
327.258362
327.650391
327.582001
328.077332
328.307770
328.361450
328.452637
328.862335
329.432739
329.439667
329.917419
329.627197
329.998627
329.842041
330.236145
330.645508
330.390228
330.670044
330.577332
330.845123
331.209778
330.773193
330.785583
330.882355
331.319977
330.730743
330.608887
330.920288
330.815887
330.672729
330.744720
330.857849
329.990051
330.006989
329.917603
329.773956
329.786774
329.387726
329.599792
329.183197
328.714935
328.496643
328.375336
328.053741
328.057739
327.406158
327.556580
327.411804
327.636688
327.074341
326.753113
327.084320
326.457367
326.784729
325.974548
326.619934
326.036743
326.004181
326.081696
325.877563
326.274811
326.156494
326.241547
326.871613
325.897705
326.090607
326.441315
326.282379
326.896271
326.424835
326.821442
327.366455
326.969940
327.485718
327.814362
327.808716
328.246735
328.350281
328.621643
328.529572
329.726349
329.530731
329.969299
330.398254
331.052368
331.065308
331.316803
331.626038
331.763092
332.578339
332.554779
332.815674
333.072845
333.354767
333.853058
333.758820
334.312988
334.583954
334.616882
334.888214
335.075195
335.589478
335.370605
335.524689
335.586761
335.714081
335.815369
336.187225
336.023346
336.024719
335.898315
336.161926
335.890198
335.902740
336.026672
335.546539
335.445679
335.573334
335.488892
335.628937
334.890808
334.488800
334.661163
334.501190
333.965881
333.969299
333.933868
334.005585
333.450043
333.234131
333.023529
332.586517
332.192719
332.170654
331.865082
331.833344
331.482239
331.328857
331.474396
330.830048
330.823669
330.591492
330.445953
330.098541
329.958771
330.111633
329.888916
329.659607
330.027740
330.243408
329.592285
330.129913
330.049744
330.054688
329.969452
330.552856
330.714630
330.708130
330.525604
331.053558
330.965973
331.189148
331.721436
331.827209
332.066040
332.304199
332.420502
333.265411
333.163422
333.554749
334.231873
334.124207
334.142242
335.052490
335.164734
335.771729
335.763672
336.392517
336.715302
336.697418
337.141663
337.708710
337.895538
338.119080
338.298157
339.411285
339.007111
338.839172
339.689392
339.552032
339.629333
339.758057
340.046814
340.235413
340.189392
340.205872
340.064392
340.292694
340.124725
340.502930
340.314514
340.062836
340.070740
340.063232
339.463013
339.799530
339.593231
339.479401
339.085144
338.602081
338.775848
338.710571
338.481323
337.887604
337.903625
337.464905
337.078186
336.910034
336.843750
336.326355
336.040253
335.520294
335.169617
335.249481
334.842285
334.921936
334.423187
334.189056
333.974304
333.827942
333.775970
333.275909
332.754272
332.702087
332.400238
332.492584
332.728699
332.199799
332.396729
332.073273
332.438599
332.275391
332.289886
332.370819
331.851532
331.987061
332.239136
332.690979
332.223480
332.583008
332.892700
332.907837
333.269073
333.178467
333.526245
333.637299
334.017578
334.323151
334.261566
335.072510
334.874176
334.554047
335.141846
335.354034
335.491516
335.902313
336.389923
336.562439
337.022705
337.452332
337.406097
337.477692
338.181610
338.154999
338.434387
338.123169
338.454742
338.894684
338.682007
338.783020
339.127258
339.310455
339.078522
339.405151
339.426453
339.063385
339.118347
339.049622
339.420319
339.193604
339.281555
338.790375
338.931854
338.820465
338.456085
338.759125
338.247589
337.697327
337.758179
337.815460
337.475494
337.260132
337.082336
336.783661
336.346680
336.519592
336.276520
336.075134
335.727081
335.465057
335.190247
335.127197
334.586273
334.654633
334.489502
334.117920
333.815613
333.828552
333.791412
333.335876
332.981201
333.206635
333.243073
332.781708
332.513275
333.013184
332.774689
332.815308
333.204132
332.885925
333.080566
333.193359
333.274658
332.873322
333.148224
333.068665
333.568237
333.454498
333.331390
333.694336
333.823395
334.699402
334.598907
335.096802
334.848572
335.235046
335.147522
335.507629
335.583191
336.051697
336.391632
336.206360
336.158051
336.480286
336.372101
336.940247
336.887604
337.563293
337.590302
337.419128
337.942200
337.376617
337.002319
337.680267
337.695404
338.159485
338.037048
337.882355
337.898071
337.787079
337.896729
337.753693
337.789551
337.719452
337.403107
337.095764
337.313080
336.935577
336.741364
336.832123
336.529022
336.132141
336.773041
335.734955
335.548767
335.439575
335.450958
334.716980
334.518341
334.730042
333.873230
334.127472
333.665009
333.149597
333.468933
332.900482
332.709290
332.533112
332.410675
331.856934
332.235077
331.831390
331.932434
331.215942
331.294830
331.267059
331.274689
331.242188
331.238464
331.207062
331.209076
331.702301
331.502411
331.051086
331.352997
331.259247
331.607147
331.808228
331.853180
332.005341
331.956238
332.040710
332.211182
332.312561
332.623016
333.175262
332.958740
333.316956
333.651306
334.071991
333.855469
334.288513
334.156799
334.419312
334.604858
334.949097
335.232452
335.365784
335.743408
335.807800
335.557251
335.931030
335.915192
335.929718
336.207733
335.961487
336.127747
335.931763
335.992432
335.374084
335.897827
335.690155
336.068817
335.705780
335.144867
335.565430
335.287109
335.059937
335.057678
334.623688
334.366760
334.627625
333.937775
333.661377
333.021423
332.941315
333.008636
332.001343
332.322418
331.865448
331.455780
331.456055
330.983612
330.580933
330.538452
330.311890
330.687103
330.173309
330.241455
329.992371
329.787354
329.869812
329.750153
329.123871
329.786407
329.311951
329.873718
330.011536
329.667084
330.085999
330.136353
330.800598
330.966949
330.721344
331.101471
331.620544
331.721619
332.155579
332.508759
332.795776
333.191132
333.664978
334.083160
334.707886
334.573395
335.017151
335.526886
335.751129
336.090240
336.223328
336.959503
337.127502
337.333984
336.815002
336.958740
337.371735
337.005035
336.740540
336.346344
336.087524
335.381714
334.806030
334.207214
333.091522
332.672882
330.582977
329.922607
328.361450
326.959015
325.242249
323.149780
321.343872
319.056305
316.697998
314.508362
311.981537
308.698547
306.344177
302.967041
300.045319
296.508240
293.187286
289.394623
285.531616
281.801727
277.624512
273.393738
269.603180
265.570221
261.293976
257.271667
252.960495
248.359818
244.133865
240.280777
236.021225
231.570847
227.928528
223.926102
220.035172
216.288925
212.891647
209.715515
206.249573
203.360565
200.256927
198.070007
195.742493
193.815186
191.875656
190.381317
189.082672
187.957123
187.358810
186.873703
186.859329

222.313507
183.705109
183.950211
184.628098
185.969284
187.114227
188.460526
190.034729
192.092346
194.151566
196.557785
199.314774
202.091309
205.146133
208.247528
211.628128
215.350998
218.776505
222.307938
226.249451
230.230789
234.378983
238.125214
242.052155
245.773483
250.212173
253.998657
258.174530
261.913025
265.916046
269.532837
273.188507
277.209839
280.528839
283.931305
287.354065
290.223633
293.636719
296.764374
299.021515
301.721741
303.947723
306.192444
308.217194
310.267395
312.548859
313.894257
315.756714
317.205566
318.625061
319.786102
320.504364
321.588287
322.211670
323.081451
323.520081
324.263611
324.439056
324.349762
324.767151
324.679169
325.318787
324.720825
324.649139
324.861145
324.738281
323.881317
324.153046
323.628784
323.120117
323.345520
322.440887
322.152100
321.867889
321.218109
321.572357
321.227142
320.637665
320.739685
319.542694
320.495911
319.511658
319.463348
319.225098
319.397491
318.589142
318.975220
318.570740
319.301056
318.575439
318.890198
318.945129
319.055664
319.373047
319.009583
319.253632
319.737762
319.864502
319.970917
319.977173
320.378906
321.059113
321.011749
321.681580
321.508331
321.902740
322.191101
322.826721
322.478180
323.475922
323.320984
324.221313
323.814484
324.423859
324.911499
325.000580
325.012451
325.171509
325.723969
325.786743
325.357025
326.022705
325.866608
326.218964
326.187836
326.508759
326.079681
326.370544
326.448883
326.153259
326.259247
325.655029
325.938690
325.484497
325.438812
325.660217
324.732269
324.734161
324.573822
324.122711
323.850861
323.832916
323.287506
323.187317
323.241638
322.578613
322.169464
321.997498
321.459259
321.339935
321.278717
320.731201
320.461334
319.998077
319.698059
319.893707
319.759491
319.078552
318.849182
318.829437
318.744690
318.648407
318.704803
318.363373
318.004700
318.087585
318.186432
318.417786
317.820312
317.921844
318.648773
318.509216
318.500092
318.459900
318.713593
318.973969
319.294006
319.648285
319.651428
319.750946
319.859772
320.366608
320.392120
320.872742
321.251190
321.316956
322.046814
322.388184
322.604645
322.519073
323.188507
323.705658
323.109680
323.566101
324.629150
324.110870
325.002808
325.272858
325.105896
325.664673
325.879211
326.384521
326.398193
326.197357
326.631866
326.511810
326.508820
326.867767
327.014557
326.995209
327.018799
326.862671
326.847565
326.866577
326.623352
326.889648
326.740570
326.256409
326.381531
325.779663
325.847321
325.719147
325.491974
324.937256
324.739746
324.541290
324.022430
324.293396
323.587646
323.614807
323.217987
322.937592
322.000092
322.009766
322.135681
321.404724
321.232849
320.595764
320.748871
320.581146
320.435181
319.802795
319.369568
319.360291
319.339355
319.192657
318.834900
318.526978
318.335297
318.368866
318.627136
318.308716
318.379425
317.765289
317.863617
318.105377
318.040161
317.860107
317.850586
318.156647
318.306854
318.422455
318.366699
318.311310
319.075989
319.165619
319.564453
319.430176
319.716187
320.036194
320.175140
320.142670
320.941223
320.684296
321.103485
321.385376
321.803894
322.003357
322.186768
322.390594
323.139771
322.809784
323.084320
323.451752
323.601166
323.728485
324.259308
324.034790
324.764954
324.682648
325.205994
325.495728
325.292206
325.082062
325.295166
325.465546
325.398407
325.225739
325.408875
325.377808
325.229523
325.465210
324.868805
324.990875
324.897461
325.023621
325.061096
324.998596
324.400208
324.457611
324.566040
323.977448
323.739868
323.559845
323.674469
323.289307
323.067383
322.801544
322.756226
322.386108
322.226959
321.713257
321.727966
321.058594
321.065491
321.316803
320.683350
320.811768
320.646515
320.372406
319.901520
319.454254
319.950500
319.627350
320.128632
319.702698
319.521393
319.327759
319.757385
319.315643
319.540314
319.729034
319.459076
319.953430
319.641174
320.028625
319.981384
320.340820
320.687286
320.343597
320.998749
321.236572
321.080170
321.532135
321.577637
322.285400
322.042694
322.462219
322.603851
323.058594
323.352325
323.799225
323.877350
324.049133
324.159821
324.840210
324.905762
325.151398
325.198608
325.664062
326.122681
326.155731
326.566620
326.822632
327.072205
327.219299
327.443298
327.418243
327.594086
327.676117
327.409180
327.792755
327.719177
327.898132
327.568695
327.848846
328.006622
327.889343
327.683105
327.746033
327.561676
327.274292
327.143890
326.794952
326.934326
326.903717
326.722107
326.539734
326.050049
326.155701
325.847656
325.747742
325.337311
325.059174
324.931549
324.558685
324.161804
324.742798
323.960815
323.676086
323.790436
323.648682
323.035919
323.232117
322.721893
322.716278
322.743073
322.793030
321.934265
321.752777
322.000671
322.179657
322.071777
321.948517
321.969574
321.821259
321.924042
321.835388
321.988068
321.730743
321.904327
322.325195
322.122223
322.104828
322.609314
322.487274
322.457184
322.918793
323.249298
323.365936
323.284180
323.624756
323.782654
324.803955
324.680969
324.992767
324.818024
325.392914
325.668030
325.845398
326.296844
326.221130
326.745239
326.982849
326.999542
327.092682
327.552246
328.090271
328.175873
328.604462
328.332062
328.719727
328.599274
328.949921
329.357574
329.157990
329.474365
329.380127
329.631775
329.979462
329.544037
329.635651
329.739410
330.189514
329.569733
329.464539
329.809326
329.727386
329.606049
329.658936
329.808197
328.980133
328.926300
328.932098
328.772949
328.753082
328.366119
328.630219
328.208557
327.782227
327.549194
327.490448
327.115540
327.142120
326.503418
326.643005
326.549408
326.706085
326.160034
325.816833
326.202759
325.591614
325.888306
325.139587
325.729950
325.196014
325.141602
325.223602
325.060883
325.403748
325.394592
325.410706
325.594482
325.052307
325.329529
325.604980
325.463196
326.096680
325.612915
326.017883
326.528381
326.145172
326.634521
326.994080
326.988953
327.395905
327.548126
327.764282
327.669983
328.878693
328.654724
329.102020
329.488068
330.217499
330.210754
330.472595
330.710907
330.905060
331.665497
331.653748
331.909363
332.176575
332.435974
332.911987
332.782928
333.362610
333.611115
333.654572
333.919830
334.097595
334.560577
334.337311
334.505676
334.583649
334.632538
334.767822
335.167877
334.949402
334.973602
334.824371
335.016144
334.796051
334.829987
334.910950
334.449768
334.340668
334.439941
334.350769
334.449615
333.715729
333.327148
333.470062
333.305420
332.710541
332.738617
332.707031
332.778748
332.258301
331.980957
331.731842
331.331390
330.950653
330.899811
330.547791
330.540527
330.169586
330.041534
330.130615
329.478699
329.531158
329.228851
329.094543
328.732208
328.576538
328.769318
328.525024
328.224426
328.665253
328.841217
328.190765
328.716888
328.705902
328.619293
328.549286
329.129089
329.298431
329.280396
329.109009
329.623840
329.529846
329.784302
330.267151
330.425995
330.598419
330.772217
330.995087
331.763916
331.666077
332.047485
332.719604
332.616486
332.655975
333.572052
333.630463
334.250854
334.249969
334.886322
335.218384
335.208862
335.656738
336.186096
336.388367
336.598755
336.771515
337.888245
337.486816
337.315399
338.122131
337.989441
338.118286
338.225220
338.526184
338.696686
338.646027
338.697449
338.523926
338.739532
338.573730
338.982727
338.804260
338.523132
338.522614
338.517578
337.860992
338.264984
338.057861
337.996399
337.553131
337.105804
337.248077
337.185791
336.932892
336.321014
336.318329
335.897278
335.537445
335.383209
335.309631
334.754883
334.484894
333.960510
333.589813
333.678925
333.284943
333.341492
332.884369
332.646271
332.420258
332.253662
332.254547
331.740814
331.198792
331.164551
330.866425
330.929565
331.185425
330.658661
330.918121
330.539795
330.883728
330.706573
330.789246
330.825470
330.317383
330.458069
330.678833
331.130005
330.670135
331.040894
331.384521
331.357788
331.771088
331.671875
331.968719
332.098175
332.464996
332.791687
332.754669
333.559143
333.340240
333.061676
333.643341
333.839508
333.978088
334.387329
334.901672
335.012299
335.473511
335.906006
335.873291
336.042236
336.674377
336.683197
336.909332
336.584473
336.942078
337.366180
337.215088
337.351410
337.675415
337.850708
337.553589
337.922211
337.925476
337.578522
337.672119
337.601715
337.998169
337.726135
337.798126
337.353241
337.464478
337.372192
337.012115
337.304688
336.807983
336.242218
336.344238
336.381805
336.062805
335.831726
335.652863
335.378296
334.915161
335.094879
334.832184
334.695129
334.329315
334.076630
333.743225
333.759705
333.159760
333.272400
333.113464
332.729736
332.460693
332.430237
332.431824
331.757629
331.555420
331.816315
331.917358
331.421326
331.077759
331.613403
331.368774
331.391571
331.827911
331.513489
331.752991
331.857117
331.890137
331.508667
331.788727
331.736328
332.185181
332.112549
332.028809
332.325531
332.454407
333.318207
333.182739
333.740143
333.463898
333.926331
333.834381
334.183838
334.220734
334.679108
335.062408
334.850616
334.837708
335.127136
335.018524
335.579712
335.567108
336.186859
336.233826
336.107727
336.633820
336.028412
335.643433
336.327118
336.346924
336.816833
336.710876
336.556976
336.551025
336.433960
336.510468
336.411133
336.466431
336.378601
336.042999
335.739716
335.937073
335.590454
335.403931
335.523865
335.170807
334.754059
335.399963
334.405273
334.264862
334.107574
334.121582
333.384644
333.175720
333.413239
332.544098
332.793762
332.348419
331.874512
332.153687
331.577850
331.445435
331.204132
331.085297
330.586487
330.964813
330.554626
330.594147
329.928162
330.013855
330.002960
329.972412
329.946808
329.962799
329.962891
329.919098
330.411011
330.180969
329.771454
330.072815
329.963837
330.364594
330.556641
330.573364
330.754852
330.693298
330.787354
330.958435
331.084930
331.405396
331.885315
331.718750
332.039124
332.422516
332.825256
332.598846
333.052338
332.968018
333.212891
333.381500
333.752655
334.006836
334.100891
334.498230
334.564972
334.372131
334.708252
334.678223
334.724670
335.031738
334.834595
334.916199
334.722778
334.821320
334.204773
334.696289
334.512665
334.850372
334.526978
333.971985
334.366241
334.147064
333.876648
333.904419
333.450714
333.191772
333.406952
332.749237
332.459442
331.849396
331.747894
331.842743
330.874329
331.109039
330.662994
330.305145
330.227966
329.801300
329.356506
329.331909
329.115936
329.511841
329.007446
329.054413
328.821869
328.628326
328.683594
328.528625
327.911743
328.575348
328.097351
328.659241
328.756531
328.443085
328.845490
328.888031
329.569214
329.758026
329.503693
329.864441
330.402527
330.450195
330.908539
331.250458
331.553436
331.931824
332.448608
332.761688
333.432800
333.296234
333.679993
334.248962
334.398956
334.777832
334.916321
335.628479
335.805389
336.025879
335.474640
335.610107
336.037598
335.651459
335.351807
334.980133
334.686829
334.021027
333.442963
332.788116
331.700256
331.254944
329.182007
328.494110
327.002014
325.556519
323.838623
321.755157
319.935669
317.643707
315.290985
313.088226
310.550323
307.218536
304.919373
301.604584
298.649078
295.058380
291.787842
288.017761
284.136017
280.407898
276.220184
272.001465
268.223419
264.190552
259.935822
255.903152
251.574158
246.961105
242.751266
238.936676
234.664169
230.261337
226.615128
222.594711
218.703033
214.987625
211.594208
208.392136
204.965576
202.044983
198.980026
196.790222
194.479385
192.514435
190.598969
189.113235
187.808533
186.667572
186.098007
185.597458
185.572998

