315.234070
173.366776
173.894043
174.554062
175.422363
176.614075
177.676910
179.586075
181.267609
183.445496
185.704834
187.982422
190.855560
193.475388
196.448959
199.716690
203.321594
206.252197
209.577850
213.280746
216.753082
220.578796
224.485962
227.841003
231.658661
235.733276
239.463562
243.149414
246.940933
250.662766
254.217468
257.583038
261.015686
264.331451
267.419647
270.447449
273.673492
276.553497
279.138885
281.783264
284.083435
286.528412
289.004211
290.727631
292.458893
294.803040
296.381256
298.172577
298.883331
300.182800
301.689514
302.494537
302.816345
303.903717
304.486542
305.420624
305.959839
305.815613
306.669983
306.672272
306.919342
307.045868
306.931763
306.694092
306.774536
306.555603
306.560974
306.453247
305.882874
305.460052
305.841187
305.338287
305.124725
304.652740
304.722198
304.483612
304.090088
303.093048
303.674713
303.332764
303.104065
302.727051
302.940704
302.605743
302.982758
302.957336
302.840790
302.766632
302.377869
302.964264
302.760620
302.681580
303.375549
303.318634
303.570160
304.003021
303.912292
304.075226
304.167938
304.580170
305.016083
305.269684
305.732666
306.135162
306.484406
306.775208
307.207764
307.302887
307.605591
307.915070
308.671112
309.118896
309.199280
309.411560
309.728882
310.214569
310.323120
310.935669
311.385071
311.162720
311.217926
311.742493
311.662598
311.691559
312.388397
312.038971
312.082855
312.416901
312.144531
312.384399
312.424683
312.102661
312.295074
311.699707
312.142609
311.750854
311.475525
312.350006
311.215210
310.914124
310.602814
310.759155
310.115936
310.099701
310.229218
309.751038
309.576202
309.138306
309.224304
308.782440
308.338379
308.329651
308.043640
307.540100
307.296326
307.587463
307.238739
307.291107
307.039429
306.874786
306.947296
306.696167
306.671631
306.877991
306.482269
306.589966
306.593353
306.964539
306.723572
306.582062
307.098694
307.025177
307.316833
307.491455
307.731567
307.911224
308.394226
308.194733
308.526337
309.255463
309.565247
309.227905
309.679077
310.085022
310.412506
310.914734
311.579620
311.657166
312.136230
312.587921
312.712982
312.809082
313.705750
313.844635
314.497955
314.716278
314.756042
314.858856
315.647400
315.671387
315.772034
316.279510
316.172180
316.613678
316.844238
317.311951
317.496674
317.095245
317.555817
317.791168
317.725525
317.675903
317.647339
317.571198
317.892609
317.744354
317.913788
317.082672
317.452423
317.236908
317.206665
316.859528
317.482147
316.608521
316.873138
316.381073
315.764130
315.867828
315.569336
315.185059
314.934509
314.797577
314.362579
314.414734
314.261871
313.858795
313.836731
313.267639
312.834656
312.976135
312.741150
312.578979
312.396484
312.277374
311.974426
312.254303
312.108917
311.739838
311.726776
311.565765
311.823303
311.431702
311.278259
311.479218
311.910828
311.263428
311.677124
311.780975
312.174561
312.195465
312.294464
312.313446
312.370514
313.158020
312.966553
313.257904
313.697723
313.419830
313.968964
314.105560
314.856537
314.325104
315.041809
315.522278
315.790100
316.001251
316.621429
316.864502
316.893402
317.188782
318.015930
317.843842
318.450592
318.399200
319.233948
318.856689
319.425690
319.806824
319.662170
320.157837
319.895844
320.238770
320.473602
320.386169
320.560120
320.969086
321.037750
321.486908
321.134552
320.979950
321.266541
321.159790
320.949036
320.376160
321.306793
321.295441
320.995026
320.416656
320.793549
320.588531
320.272461
320.252930
320.019196
319.677948
319.651672
319.524689
319.142456
319.166321
318.893555
318.438232
318.505280
318.423340
318.246368
317.922241
317.744843
317.361908
317.622559
317.376221
317.359161
316.931732
316.815002
316.823242
316.671936
316.859131
316.573364
316.950867
316.657318
316.718109
316.750000
316.949463
316.732178
317.101440
316.855377
317.076385
317.138855
317.729675
317.533234
317.721100
317.629242
318.052185
317.926697
318.614441
318.525726
318.896332
319.088501
319.595367
319.843292
320.008972
320.412140
320.830444
320.738068
321.553284
321.567291
322.014069
322.141266
322.207275
322.642395
323.239746
323.189423
323.551544
323.996948
324.255585
324.224152
324.816071
325.209930
325.101318
324.971313
325.636169
325.255127
325.707092
326.014374
325.933655
326.057434
326.224426
326.330139
326.593231
326.041626
325.810791
326.106201
325.867218
326.382172
326.301605
326.206360
325.650940
325.915741
325.783691
325.314850
325.448761
325.155273
324.951691
325.155121
324.907471
324.389069
324.147675
324.305878
323.886261
324.169037
323.282837
323.689056
323.132874
322.611938
323.273621
322.421570
322.398346
322.332275
322.434265
322.101654
321.516998
321.776154
321.288422
321.767700
321.416107
321.759918
321.371185
321.837494
321.432129
321.581635
321.320892
321.900238
321.584106
321.772766
322.223328
322.294098
322.586761
322.312042
322.849426
322.787354
322.873047
322.963226
323.800842
323.791290
324.117615
324.459686
324.433838
324.821442
324.934540
325.146820
325.480591
325.715698
326.121857
326.619141
326.840149
327.285004
327.683868
327.249084
327.735535
327.639191
328.428375
328.753448
328.817352
328.930237
329.117523
329.348785
329.758759
329.712341
330.164795
329.981689
330.402435
330.322601
330.071533
330.252502
330.169189
330.659973
330.134247
330.862549
330.742218
330.680267
330.584869
330.307495
330.362579
330.441040
330.432007
330.330200
329.883911
330.347076
329.864349
329.307556
329.203278
328.944214
329.044128
329.204437
329.035309
328.816742
328.085144
328.417267
327.979919
328.042511
327.592499
327.640839
327.790070
327.293060
327.608154
327.057831
327.194031
327.388977
327.106720
327.414062
326.977570
327.133942
327.131775
326.922577
327.012329
327.276672
327.375061
327.327789
327.496979
328.182190
328.068115
327.930450
328.376038
328.362732
328.705383
329.021606
329.455200
329.630219
330.132050
330.164001
330.828430
331.115662
331.413788
331.546478
332.131256
332.345367
332.759399
333.128540
333.713989
334.153076
334.066101
334.416870
334.996460
335.509033
335.264587
335.930115
335.733215
336.743530
336.984222
337.245453
337.551300
337.723938
338.119568
337.862854
338.628021
338.554688
338.630829
338.783020
338.992310
339.454346
339.532471
339.537354
338.998962
339.427094
339.454926
339.121277
339.918152
339.547668
339.289062
338.979279
339.133057
339.219788
339.074066
339.259216
338.297760
338.555511
338.073181
338.338654
337.786774
338.089661
337.694794
337.553436
337.367096
337.712738
336.955872
336.708801
336.274231
336.464264
335.905731
336.641571
335.602478
335.866669
335.881897
335.202576
335.181976
335.434357
334.815765
335.013916
335.175720
335.336823
334.997467
335.202576
335.038727
335.128754
335.333099
335.564026
335.686401
335.933838
335.932190
336.218994
336.151550
336.775024
336.677490
337.352081
337.553406
337.934113
337.877502
338.412933
338.522125
339.011780
339.665527
339.988800
340.074768
340.592896
340.861542
341.513672
342.162994
342.462738
342.788849
342.528564
343.126984
343.971039
343.677429
344.488739
344.699280
345.158783
345.034271
345.319214
346.678650
346.022247
346.443329
346.726868
347.099152
346.742188
347.389282
346.962555
347.772736
347.153412
347.553558
347.629333
347.826050
347.924866
347.969818
347.853058
347.630615
348.206573
347.475281
347.427765
347.866150
347.129364
347.032715
346.632172
346.718048
346.576508
346.269104
346.244080
345.890442
345.354126
345.326721
345.294037
344.301727
344.665222
344.069366
344.022339
343.647064
343.772827
343.248749
342.947876
342.249725
342.489319
341.960205
341.640686
341.733490
341.581024
341.228241
341.260559
341.259430
341.117432
340.981201
340.795624
341.187927
340.870300
340.832733
340.765198
340.771332
340.757324
340.652252
340.692108
341.409637
341.529388
341.582855
341.499176
342.042725
341.862854
342.316864
342.118378
342.514709
342.834351
343.499054
343.465607
344.239960
343.593384
343.964905
344.861481
344.878143
344.811432
345.212006
345.933716
346.288025
346.338776
346.454193
347.346008
347.284973
348.025848
347.794495
347.947693
348.140503
348.785400
348.610657
349.095093
349.340881
349.555756
349.159149
349.715973
349.571320
349.825745
349.815063
350.381134
350.205780
349.800110
350.136597
349.936005
349.990295
349.806946
350.075226
349.484253
349.134033
349.186676
349.278534
348.776031
348.969238
348.299103
348.459229
348.104187
347.778809
348.260284
347.510742
347.850555
347.167633
347.115387
346.961426
346.276917
346.585388
346.222443
345.908478
345.991913
345.952484
345.893677
345.628723
345.278900
345.544861
345.586639
345.117889
345.297028
344.749268
345.132965
344.866455
344.470795
345.068481
344.712006
344.720398
345.172760
344.880402
345.165253
345.498779
345.353027
345.108917
345.557404
345.552765
345.487366
346.052185
346.280548
346.258667
346.572021
346.717926
347.129303
347.601074
347.009674
347.823029
348.015717
348.372070
348.442505
348.464111
349.129425
349.007782
349.829468
349.763245
349.743988
350.000122
350.646454
350.420013
350.613403
351.265991
351.259827
351.136292
350.763000
351.417389
351.408722
351.708191
351.342102
351.235626
351.529297
351.356903
351.412567
351.183472
350.717773
351.056885
351.017975
350.745178
350.601105
351.031250
350.255280
350.165344
349.910156
349.964355
349.657135
349.314850
349.123474
348.890778
348.475922
348.703644
348.460022
347.862000
347.729950
347.900238
347.316437
347.484924
347.179199
346.795227
346.398956
346.426361
346.070282
345.502716
345.995148
345.469604
345.326324
345.750854
345.600311
345.450623
345.183563
345.378754
345.627319
345.521179
345.519470
345.205292
345.470398
345.300598
345.520935
345.760529
345.984070
346.032227
346.200073
346.600983
346.976044
347.177338
347.092865
347.162781
347.682343
347.961761
347.963745
348.623291
348.272614
348.700439
348.834259
349.482391
349.502533
349.570831
349.910309
349.877777
350.200104
350.471313
351.127289
350.568207
350.777008
350.687317
350.926056
351.027100
351.227264
351.261963
350.999023
351.193939
351.200989
351.213226
351.192841
350.737976
350.762177
350.636169
350.545990
349.905151
350.529297
349.753082
350.148407
349.300720
349.362976
349.247681
348.375061
348.526031
348.486725
348.282440
347.642609
347.390930
347.675873
347.093140
346.856964
346.640594
346.183350
345.625458
345.111847
345.682861
345.767761
345.287140
345.100464
344.987793
344.138916
344.941589
344.791473
345.224487
344.845795
344.985748
344.864197
345.294861
345.560608
345.964783
346.296387
346.491211
346.870422
346.898743
346.975067
347.102844
347.206024
348.657196
348.358795
348.984619
349.595825
349.854370
350.100586
350.951141
351.430969
351.591125
351.950928
352.797791
352.957245
352.731750
353.239075
353.434723
353.470886
353.384064
353.502106
353.143036
352.871918
352.908356
352.389130
352.138641
351.609741
350.442871
349.459106
348.698822
347.310913
346.266876
344.597412
343.622986
341.387146
339.522186
337.285339
334.943390
333.030334
330.207489
327.296906
324.502014
321.545044
318.192657
314.904449
311.176910
307.491089
304.314819
299.708557
295.427734
291.520691
287.189545
282.939941
278.539307
274.530212
269.916412
265.271179
260.777344
256.278412
252.131470
247.657333
243.265167
238.952377
234.928528
230.907776
227.268951
223.446686
219.641129
216.662277
213.558228
210.496094
207.772156
205.576111
202.954956
201.386078
199.346909
198.479736
197.310623
196.520111
195.919434
196.281876

316.187012
173.251892
173.763672
174.461716
175.313843
176.511673
177.596695
179.514496
181.218872
183.383224
185.652863
187.966507
190.821304
193.484375
196.464096
199.747986
203.369720
206.331482
209.692795
213.403076
216.862671
220.734222
224.668655
228.042480
231.908310
235.989258
239.765976
243.476669
247.300613
251.054749
254.635056
258.027893
261.519318
264.833740
267.975677
271.035217
274.270050
277.196442
279.818878
282.503143
284.843811
287.266510
289.817413
291.561218
293.339508
295.713928
297.308502
299.171844
299.882904
301.233917
302.784149
303.617798
303.968414
305.081085
305.713928
306.668884
307.246124
307.146698
308.050110
308.045959
308.344452
308.499023
308.389008
308.145203
308.304443
308.104584
308.156189
308.044342
307.522278
307.117828
307.508575
307.035706
306.862549
306.444824
306.497162
306.291229
305.921112
304.889313
305.505249
305.179474
304.939697
304.612457
304.825226
304.504425
304.895538
304.850220
304.750214
304.709961
304.308685
304.895081
304.678619
304.650177
305.295593
305.207214
305.450500
305.928925
305.853241
305.976562
306.078094
306.454010
306.895447
307.124054
307.613281
307.983337
308.304565
308.560150
309.006256
309.067657
309.378510
309.665497
310.373901
310.858704
310.906006
311.066101
311.381989
311.793976
311.904175
312.524780
312.927368
312.668488
312.682800
313.188812
313.080078
313.123077
313.799591
313.391449
313.416290
313.719391
313.386749
313.617157
313.608673
313.261902
313.427094
312.785248
313.216309
312.806183
312.506897
313.375275
312.184174
311.851288
311.520447
311.626678
310.959595
310.913971
311.021545
310.498596
310.302887
309.835388
309.859161
309.421631
308.951538
308.920227
308.570984
308.060608
307.808319
308.041595
307.668091
307.681366
307.425476
307.239258
307.260284
307.009155
306.956909
307.150940
306.677063
306.825836
306.784271
307.150574
306.901520
306.726349
307.220276
307.111053
307.404877
307.533905
307.797852
307.956665
308.433502
308.200928
308.513153
309.252258
309.554688
309.197937
309.647217
310.008484
310.343628
310.851227
311.516205
311.551514
312.023071
312.494080
312.603882
312.726349
313.586945
313.717255
314.390533
314.601654
314.619934
314.725677
315.522797
315.562408
315.654602
316.159943
316.052765
316.474274
316.737732
317.210175
317.378693
316.969055
317.449677
317.699677
317.650635
317.588379
317.568665
317.515686
317.829193
317.692596
317.859894
317.025421
317.402893
317.233063
317.192749
316.855682
317.484650
316.626617
316.887360
316.418396
315.793488
315.921082
315.647675
315.273956
315.050781
314.939453
314.503418
314.565918
314.425140
314.061310
314.003021
313.455627
313.024567
313.184204
312.968353
312.810760
312.667053
312.543243
312.281281
312.588989
312.458099
312.102997
312.104065
311.958710
312.215790
311.871399
311.736938
311.950806
312.387482
311.771454
312.207184
312.366913
312.710419
312.815796
312.875641
312.914795
313.008362
313.776398
313.638214
313.959839
314.402161
314.149750
314.694183
314.878174
315.668671
315.208862
315.875610
316.393616
316.671570
316.934784
317.538361
317.783722
317.885101
318.182770
319.092560
318.935425
319.569977
319.494080
320.377014
319.970367
320.596619
320.985138
320.860931
321.359802
321.163269
321.491364
321.817627
321.672394
321.937805
322.366394
322.427521
322.886505
322.532837
322.458710
322.781891
322.687256
322.459320
322.020844
322.848267
322.881714
322.605804
322.070343
322.469879
322.259125
321.967834
321.998016
321.815826
321.466400
321.420654
321.316040
320.982819
321.035095
320.818329
320.314423
320.429901
320.308746
320.200623
319.859528
319.656372
319.334167
319.544067
319.370148
319.381897
318.965515
318.879303
318.895325
318.737030
318.890839
318.632965
319.034668
318.711090
318.855469
318.803253
319.038025
318.883606
319.265930
319.028381
319.178741
319.285706
319.885742
319.702820
319.871826
319.818756
320.204956
320.121674
320.751007
320.666504
321.030243
321.268677
321.720459
321.976654
322.129944
322.567657
322.984161
322.833008
323.678833
323.665558
324.105072
324.148895
324.233154
324.786072
325.233612
325.229156
325.533112
325.939423
326.219666
326.150940
326.759796
327.137299
327.005310
326.839874
327.439575
327.072449
327.551849
327.815002
327.654327
327.864532
327.984406
327.964508
328.262329
327.668976
327.473816
327.753204
327.439941
327.920868
327.898743
327.713745
327.139771
327.370300
327.218262
326.720642
326.873962
326.484741
326.309845
326.494080
326.202545
325.639496
325.399353
325.533905
325.056610
325.304199
324.369629
324.820831
324.219818
323.642761
324.306335
323.382324
323.393494
323.241699
323.346985
322.960999
322.347198
322.593445
322.057068
322.513611
322.182465
322.465271
322.050354
322.527222
322.067871
322.187073
321.940430
322.455444
322.155151
322.284515
322.722015
322.780273
323.047394
322.763000
323.322876
323.201202
323.298126
323.331024
324.151428
324.124023
324.414581
324.779694
324.714020
325.065216
325.164795
325.396515
325.681427
325.926788
326.323608
326.806732
327.004974
327.452301
327.811432
327.377808
327.857300
327.739471
328.542358
328.826569
328.887939
329.051331
329.156982
329.398926
329.815430
329.749420
330.174469
330.003998
330.413940
330.306030
330.066498
330.237000
330.134094
330.630981
330.121368
330.832825
330.693542
330.627594
330.526489
330.267487
330.312317
330.373932
330.335388
330.281525
329.802399
330.239838
329.756836
329.213318
329.107849
328.844391
328.933502
329.092529
328.905945
328.698883
327.956024
328.275513
327.840027
327.917053
327.459045
327.518066
327.635498
327.171509
327.412018
326.896179
327.041382
327.219604
326.947998
327.263519
326.800110
326.937439
326.938690
326.736389
326.814758
327.142609
327.162506
327.097565
327.264404
327.945709
327.826782
327.646423
328.104218
328.080170
328.422363
328.741791
329.131866
329.304352
329.833527
329.848633
330.516083
330.787415
331.071991
331.197235
331.766205
331.992279
332.366699
332.739838
333.331238
333.750519
333.674469
333.977631
334.580078
335.086975
334.806183
335.481537
335.312714
336.288361
336.487823
336.753448
337.040771
337.200867
337.605255
337.331696
338.115814
338.015228
338.059113
338.191101
338.421600
338.869995
338.947845
338.935181
338.331726
338.791779
338.816284
338.489288
339.294952
338.900146
338.632019
338.296387
338.467560
338.549042
338.403442
338.567413
337.620911
337.804504
337.368866
337.577881
337.047455
337.335907
336.939209
336.799988
336.576385
336.947601
336.157623
335.947601
335.480011
335.707520
335.089203
335.880707
334.847137
335.088654
335.081940
334.412109
334.387085
334.610779
334.017487
334.210205
334.390320
334.530518
334.202576
334.383484
334.250641
334.362823
334.544739
334.777252
334.907837
335.145386
335.160278
335.444885
335.387268
336.024048
335.928467
336.601471
336.803650
337.194305
337.137360
337.702271
337.787384
338.306976
338.966705
339.302643
339.383301
339.909485
340.200623
340.867218
341.514008
341.806824
342.175934
341.906433
342.517395
343.362030
343.088989
343.896057
344.156036
344.602905
344.510651
344.803894
346.134735
345.521820
345.959381
346.248352
346.612946
346.282837
346.941986
346.527191
347.356140
346.731201
347.139954
347.224030
347.440094
347.564636
347.623383
347.526703
347.297211
347.912262
347.152771
347.128204
347.599396
346.870941
346.776459
346.382874
346.483459
346.334106
346.079346
346.061005
345.690796
345.187744
345.170166
345.147125
344.165588
344.541321
343.965027
343.904968
343.566406
343.677673
343.147430
342.853546
342.197174
342.456512
341.921082
341.617859
341.713715
341.564148
341.246582
341.260376
341.286194
341.154114
341.004059
340.838989
341.238678
340.910828
340.889496
340.817444
340.850830
340.843140
340.742188
340.768951
341.496338
341.622833
341.688110
341.595398
342.161072
341.968781
342.448303
342.253510
342.632263
343.000549
343.644867
343.588806
344.377716
343.719177
344.105530
344.996338
345.034454
344.956207
345.376068
346.112366
346.428375
346.509491
346.614349
347.487030
347.448486
348.158783
347.949127
348.099091
348.284760
348.939850
348.760132
349.223114
349.510895
349.673553
349.308044
349.865936
349.686523
349.963318
349.950104
350.529419
350.321289
349.918762
350.232971
350.024628
350.128967
349.894104
350.184601
349.573242
349.221649
349.287476
349.367279
348.822784
349.006805
348.362976
348.528687
348.135712
347.811523
348.292542
347.556427
347.850128
347.193634
347.136902
346.963989
346.251648
346.559631
346.193115
345.843445
345.955841
345.915802
345.842285
345.566711
345.208954
345.456085
345.608948
345.044830
345.170807
344.639496
345.039734
344.734955
344.336426
344.926178
344.587067
344.590790
345.010345
344.731232
344.975647
345.319183
345.142212
344.908295
345.346741
345.352295
345.314636
345.849823
346.055756
346.016052
346.315948
346.458405
346.871674
347.361572
346.766113
347.540802
347.697693
348.098053
348.148315
348.193695
348.833221
348.668823
349.476318
349.440094
349.419586
349.661438
350.298676
350.072083
350.253754
350.925598
350.895630
350.760040
350.390137
351.051178
351.024628
351.299835
350.941254
350.852509
351.104218
350.936737
351.004333
350.776031
350.319366
350.651184
350.592529
350.276245
350.158569
350.622742
349.818512
349.691071
349.478302
349.529388
349.182892
348.898132
348.700623
348.437317
348.036163
348.220978
348.021423
347.406311
347.249756
347.452789
346.898590
347.052734
346.746399
346.359924
345.982513
345.983063
345.638214
345.036896
345.570709
345.038757
344.844513
345.259033
345.136688
344.993439
344.749939
344.950134
345.155243
345.102417
345.079437
344.826355
345.063049
344.873932
345.090851
345.360413
345.568085
345.575439
345.779266
346.204041
346.564392
346.762970
346.675293
346.759155
347.279907
347.565002
347.579987
348.272675
347.869507
348.270325
348.432770
349.098572
349.143158
349.182892
349.547852
349.495728
349.861511
350.120697
350.764709
350.201782
350.393555
350.337128
350.575470
350.697327
350.875214
350.947388
350.691010
350.873444
350.857483
350.888885
350.874176
350.406769
350.461395
350.322632
350.203674
349.565430
350.172241
349.430878
349.839172
349.015350
349.032562
348.918732
348.099091
348.246033
348.159546
347.961334
347.342468
347.074188
347.363647
346.815063
346.554352
346.359131
345.874359
345.317627
344.816589
345.385101
345.451752
345.001740
344.834503
344.704865
343.888855
344.646942
344.474487
344.921783
344.570618
344.689056
344.592041
344.983185
345.274261
345.683624
346.013611
346.216370
346.574219
346.574890
346.661346
346.796051
346.893311
348.342621
348.022614
348.702148
349.326263
349.563141
349.797241
350.629059
351.102325
351.221985
351.651459
352.481140
352.668701
352.394867
352.938416
353.132294
353.144775
353.099335
353.154419
352.810333
352.555389
352.598846
352.050812
351.807190
351.268585
350.108063
349.096100
348.374817
346.975159
345.924286
344.236694
343.267639
341.049164
339.171753
336.947510
334.603210
332.697174
329.867889
326.947327
324.124268
321.178741
317.821167
314.556549
310.821381
307.132935
303.933655
299.356110
295.053345
291.130096
286.829193
282.541626
278.150024
274.157166
269.532867
264.905334
260.398163
255.915802
251.729691
247.268661
242.879822
238.565262
234.545792
230.517090
226.868607
223.058243
219.255600
216.275131
213.191116
210.109741
207.375412
205.200302
202.554596
200.988144
198.956787
198.078674
196.936356
196.148956
195.532532
195.771698

219.395447
180.955688
181.236542
182.132599
183.144180
184.381714
186.187531
187.780212
189.974869
192.062073
194.409943
196.545135
199.015076
202.167847
205.263748
208.873184
211.996292
215.287064
218.788467
222.940933
226.989670
230.808640
234.505676
239.098907
243.319656
246.917007
250.716293
254.905792
258.824615
262.349884
265.601929
269.550659
273.283447
277.059631
281.137756
284.767700
288.122162
290.410522
293.368134
295.299164
297.904968
300.154419
302.941193
305.330902
306.525208
308.046875
310.019897
312.333160
313.632233
315.131531
316.197205
316.507233
318.432953
319.884949
321.156464
320.908752
321.102722
321.157806
321.345062
321.423553
321.881775
321.037750
321.409607
321.326691
321.535034
321.181427
320.869049
320.781830
320.410248
319.715485
319.471283
319.834808
320.222931
319.575439
319.410553
318.579437
318.397736
318.518646
319.041962
319.249573
317.654053
317.290833
316.206512
316.529419
316.533752
316.434265
317.030151
316.967926
317.718872
317.848633
317.538086
317.609406
318.119476
318.515808
318.231995
317.998810
317.695709
318.174316
318.916565
320.056610
320.808594
320.680634
320.049957
320.382477
321.534393
322.045532
322.394714
323.771759
324.955231
324.875580
323.142120
322.568359
321.930267
321.793335
322.463989
323.725067
323.848907
324.088074
323.814545
323.779907
324.150452
324.372559
325.329224
326.319458
326.756104
326.254913
326.006897
326.121582
327.181488
326.973328
326.378204
325.879303
326.451874
327.612366
327.489166
326.815430
327.238098
329.332947
328.896423
327.973358
327.282349
325.599976
325.025879
326.687256
326.336548
325.501923
324.877197
324.650085
325.014709
324.937164
324.542511
324.670746
322.844574
321.610077
321.091400
321.410736
321.984253
322.269043
321.046051
321.113953
321.911194
322.500977
321.216370
319.938538
319.694275
319.781830
320.128845
320.755310
322.085510
321.325195
320.786224
321.035492
322.095306
321.219849
321.878601
320.397919
320.330627
320.223358
321.694794
323.926727
326.426727
328.581116
328.988739
327.284546
325.516632
324.929260
325.541565
324.928101
326.078888
328.870911
329.346802
328.624878
327.382935
327.248352
328.034576
329.792297
329.841400
330.377228
331.537384
331.790100
332.967285
332.404083
332.916565
333.950256
333.487579
333.561951
334.463135
333.578033
332.204102
330.944275
331.130341
331.262085
332.239838
331.224670
331.049255
332.384705
331.047333
330.114746
330.877777
331.008423
332.023041
331.441925
328.436493
328.262360
329.287872
330.101959
329.088165
327.762238
325.953613
325.528290
326.179138
327.623749
326.580322
325.904816
325.528900
324.543884
325.181274
324.276520
323.477997
323.766663
324.717255
325.808990
325.069061
323.195709
323.126373
324.317291
324.800964
324.448883
324.294952
322.807739
320.633728
322.271851
322.420959
322.920013
322.464996
322.606476
322.822998
322.853271
321.787476
323.264801
323.433807
322.804016
322.434052
322.915070
322.290588
323.299561
323.577545
324.803284
326.917664
327.965820
328.122894
326.330536
325.680054
324.877991
326.456207
327.950745
327.509521
326.418182
325.890594
325.717560
325.053680
326.023621
328.000336
328.550964
326.946991
326.726166
327.204498
327.823761
327.841553
328.119537
328.701721
328.261902
328.620392
328.483093
328.179169
327.123962
326.765686
327.596222
328.666626
327.706207
327.034088
326.609222
326.842529
326.898529
327.787689
328.069336
328.970398
329.745697
328.128632
326.662842
326.921570
326.516663
326.705933
326.874023
326.753998
325.153046
324.528625
324.971710
325.301361
324.357727
324.667480
322.495789
322.160980
322.537262
323.469849
322.786530
321.247498
321.082275
321.441986
322.519775
321.553253
320.220825
321.144318
322.090881
321.592133
320.331665
319.443787
319.396179
320.052734
321.067047
320.854218
319.950012
319.919037
319.168671
319.041504
319.193085
319.296478
320.374542
320.119934
320.947540
320.999603
320.885406
319.561829
320.505341
321.329437
320.978638
320.569214
320.715881
321.103851
322.501038
321.949127
322.538971
323.116547
324.097626
324.629150
323.765839
323.651489
323.890961
323.916840
323.622070
323.309113
323.811249
324.367035
324.116089
324.345490
325.869141
326.814087
326.643677
326.007568
325.859528
325.006683
325.399841
326.257507
327.896179
327.245483
326.727905
326.840820
327.288391
327.749695
326.703186
325.867493
325.735260
326.064362
325.900146
325.902222
325.715088
325.475647
323.761200
323.322906
322.889252
322.145111
323.065704
322.901367
322.907867
322.230347
322.113098
321.441071
322.631531
322.611298
323.113892
322.243256
321.259491
320.744568
321.632538
320.760284
319.948547
320.305756
320.142548
320.137878
320.204620
319.942871
319.909729
320.554779
320.818298
319.908203
319.862518
320.225769
319.313354
318.863678
318.685394
318.842987
319.050171
319.193970
319.442535
318.469696
319.378967
319.625641
319.719818
320.142273
320.317169
320.439819
321.581238
321.762329
322.303101
323.161743
323.206299
324.029602
324.536682
324.320374
325.108826
324.825378
324.464661
324.288788
324.533356
324.724548
326.324646
327.057739
327.660431
326.263367
325.776337
326.352448
326.898438
327.010895
327.107391
327.512115
327.870026
326.962982
327.020538
326.984009
326.634399
326.486237
327.223358
327.382935
327.267426
326.932770
326.756958
326.828491
327.603241
326.938812
326.029877
325.450714
325.565826
325.588104
326.655365
326.127258
325.169037
324.954437
324.636719
324.248688
323.543945
324.679169
324.585754
324.714050
324.594757
324.526764
324.405853
323.826508
322.975372
323.267273
322.755524
322.620392
321.788330
321.699066
321.714813
321.695404
321.696747
321.370392
321.134369
320.848450
320.779633
321.281677
320.139679
321.698517
320.689972
320.750427
321.610046
322.261322
322.510345
322.479492
321.968658
321.369263
322.451538
322.894714
322.656738
322.823853
324.308258
325.081573
324.821533
324.385437
325.038666
325.196503
326.074249
325.525177
326.510925
327.056580
326.998901
326.604279
326.846985
327.866364
327.947968
328.035095
328.513611
328.722992
329.710358
329.982330
330.239563
330.115234
330.125458
330.896820
331.276672
330.743958
330.240875
330.716919
331.155823
331.164612
331.136902
330.839172
330.320312
330.797974
331.515717
332.123627
332.041687
331.706116
331.526825
332.224579
332.506836
332.594269
331.768066
331.511078
331.162689
331.589905
331.758057
330.824738
330.687195
330.226196
330.336548
330.678589
330.000671
329.836304
329.712921
330.781128
329.878662
329.404999
328.816437
327.951935
327.897400
327.854492
327.990082
327.494171
326.790649
327.154327
327.788147
327.634552
327.649261
327.031952
326.925842
327.162384
327.023041
327.257294
328.087677
327.540375
326.905396
327.822113
327.806915
327.922089
327.841095
328.279175
328.888489
329.363739
328.362427
328.852234
330.058441
329.990326
330.801758
331.121307
330.197449
330.587799
332.115692
332.437073
333.521301
333.438690
333.031311
334.054321
335.513824
336.223877
336.929901
337.157471
336.736847
336.240112
336.821472
335.793304
336.598114
337.369202
337.573212
338.436615
339.071533
339.897888
339.332764
339.297241
338.964355
339.531830
340.832428
340.149628
341.373566
341.822296
341.023743
340.569092
340.212463
341.025665
341.839264
341.211578
341.517120
341.277435
342.883484
342.947235
344.183136
343.331024
342.127228
339.769012
340.222107
340.101654
340.128265
340.172699
340.657715
339.764923
338.272614
339.532379
339.096558
339.671997
338.614746
336.671387
335.534912
336.503845
338.273651
339.272461
339.228394
337.592865
336.391388
336.244537
336.096710
336.064484
335.659119
334.830536
335.446259
335.747284
334.975372
334.451630
334.841980
335.577057
336.107819
336.434448
335.562958
335.222748
335.494843
335.869690
336.223328
335.361816
335.566132
337.268494
338.007172
338.041626
336.986359
337.128418
336.823639
336.501556
337.095703
336.960449
338.399231
340.512787
341.389404
340.892242
340.145081
340.059204
340.604492
341.435333
340.792419
341.539398
342.596954
344.558533
345.438629
343.354858
340.572418
341.566376
343.856873
343.822205
343.776794
343.487213
343.102081
343.443909
345.107056
345.849731
345.505524
345.863983
345.889130
346.690857
347.354462
347.405304
347.605621
348.022980
346.512177
346.243805
346.871307
347.190247
346.545288
345.402283
345.616547
344.771851
344.180145
342.897644
343.694427
344.958984
345.027008
343.764587
342.845947
342.859772
343.569275
342.647186
342.070068
342.407440
341.692078
340.847443
341.094910
341.944885
340.916901
340.976105
340.833252
341.037079
340.961029
341.175690
339.623260
338.998962
337.609894
337.557465
337.910736
338.476776
338.729706
339.490204
339.216644
338.425232
338.117859
338.558777
338.360962
339.427887
338.877380
339.262665
339.322266
339.370087
340.540253
340.979675
342.081512
342.109772
341.597382
339.578491
339.638062
341.299194
341.875275
341.863586
342.549377
340.959778
338.599457
338.925415
341.153046
341.358643
340.850952
342.147186
343.822479
343.501099
343.546722
344.170929
344.364441
341.981873
341.188263
342.060974
342.072388
342.670441
343.398102
344.669556
347.447479
347.752899
345.123383
343.798523
343.201782
343.879944
343.548004
342.376526
342.921875
342.567810
342.751984
343.105042
344.536011
344.584290
343.409363
342.717316
341.824463
340.929047
339.751984
339.188904
338.624451
338.004028
340.347412
341.552185
339.493347
339.670959
339.935242
338.250458
337.966644
336.282196
336.492615
337.116425
337.219116
336.337311
336.648224
338.031372
337.722687
336.654602
336.696259
337.248932
338.758118
337.919128
337.392242
337.225952
338.845215
338.662964
338.500458
338.046417
335.737335
335.725830
337.588959
338.504639
337.283386
337.146515
337.385040
336.946167
338.115540
337.444702
336.304596
336.421906
338.792328
339.580170
340.127930
339.665833
339.065552
337.040710
339.340240
340.414825
341.436066
342.715149
340.729309
340.569275
341.353546
340.545898
339.743134
342.007172
341.766754
339.385925
339.320343
340.026428
340.154968
339.323334
341.127258
343.150208
340.991302
341.040161
340.776855
339.353088
339.267242
341.574097
341.870636
340.255371
341.201935
340.393616
339.428436
338.292267
336.749176
335.629395
335.941528
336.570282
336.910645
336.185425
336.544769
335.740479
334.839142
333.533203
333.053802
332.410919
331.016205
331.158722
332.212769
334.122040
334.427948
333.955963
332.761536
332.402649
332.499420
333.555023
333.221649
330.843079
331.233490
332.019684
332.612946
333.476776
333.863983
334.750824
334.307678
335.165283
335.560608
334.650024
334.498596
335.113281
334.893738
334.747681
335.240143
336.777863
337.777557
338.409210
337.408997
336.646942
336.969147
337.457428
338.802185
340.591583
339.412170
338.392273
338.254456
338.140259
337.679352
337.070038
337.520508
337.948029
337.219879
336.198853
335.775269
334.857483
333.997253
331.378632
331.339050
329.688477
327.123108
324.639252
323.362549
322.686493
321.189606
316.835266
313.556061
311.021790
309.221771
307.364288
304.306763
300.451111
296.830292
294.066284
290.012024
286.192444
282.329041
278.800995
274.017151
268.928009
265.021118
262.075714
257.418701
252.888229
249.249542
244.628922
239.726746
235.899002
232.597275
229.229248
224.159409
218.894836
215.543167
211.701401
208.377029
206.106003
203.772369
200.865875
198.181381
196.158859
194.395248
192.977661
190.580612
188.523315
187.324799
186.785553
186.413025
186.816696

222.344162
181.224274
181.498215
182.403122
183.424042
184.647720
186.480515
188.054077
190.258591
192.329559
194.706131
196.847214
199.304825
202.457886
205.572739
209.178955
212.294342
215.601242
219.096344
223.275970
227.347153
231.173584
234.850449
239.489578
243.695175
247.327347
251.109528
255.296295
259.223267
262.753662
266.040863
269.965881
273.730499
277.529022
281.564301
285.246582
288.588409
290.875092
293.867432
295.801331
298.459229
300.691986
303.470978
305.892883
307.100311
308.599518
310.586548
312.954254
314.234863
315.724487
316.803986
317.095978
319.053619
320.527039
321.802917
321.547180
321.780151
321.834961
322.011322
322.124481
322.541199
321.720245
322.116089
321.989227
322.248291
321.866638
321.567017
321.490875
321.136597
320.469513
320.169006
320.539307
320.940338
320.345276
320.126434
319.305542
319.150238
319.293823
319.808990
320.026123
318.398468
317.992096
316.923157
317.298767
317.271698
317.141205
317.777527
317.706146
318.443634
318.563263
318.206421
318.318756
318.772034
319.204254
318.912659
318.652466
318.383636
318.825348
319.583038
320.717529
321.467346
321.314209
320.666565
320.973816
322.099213
322.645660
322.942505
324.326813
325.521942
325.428375
323.685242
323.067535
322.482361
322.333984
322.952271
324.204956
324.361389
324.575531
324.288635
324.268372
324.582794
324.808197
325.778351
326.745056
327.192505
326.655884
326.408203
326.512177
327.577484
327.392914
326.726044
326.240845
326.836884
327.945465
327.817352
327.170013
327.569244
329.662354
329.194977
328.279358
327.594330
325.891022
325.310699
327.006439
326.671326
325.785522
325.170074
324.911224
325.296509
325.201569
324.790558
324.970520
323.072235
321.879700
321.351715
321.656158
322.273468
322.503967
321.307159
321.342712
322.200256
322.719360
321.464447
320.182098
319.933533
319.996643
320.347626
321.005524
322.344666
321.572571
321.043304
321.304962
322.335480
321.479401
322.165100
320.644104
320.549561
320.483612
321.961029
324.176880
326.691498
328.826843
329.275421
327.571106
325.800629
325.164734
325.796173
325.214264
326.364136
329.141296
329.600739
328.906769
327.632874
327.545471
328.295929
330.053741
330.073303
330.670807
331.857147
332.054993
333.264038
332.652435
333.187744
334.238281
333.753632
333.800995
334.729187
333.843231
332.483459
331.193085
331.390259
331.480042
332.476074
331.475555
331.300262
332.616638
331.277863
330.359741
331.122467
331.235626
332.240997
331.657715
328.647369
328.482910
329.490906
330.284882
329.275848
327.961456
326.123322
325.694489
326.348419
327.802063
326.755554
326.044830
325.685486
324.674500
325.300018
324.406097
323.582458
323.891510
324.806671
325.910370
325.167023
323.246918
323.185699
324.359070
324.847900
324.504761
324.351837
322.846802
320.700745
322.282196
322.434845
322.923157
322.471771
322.625092
322.809052
322.830109
321.781525
323.256866
323.395630
322.798584
322.399628
322.875397
322.279480
323.267517
323.541290
324.766876
326.890808
327.903961
328.091156
326.280792
325.641541
324.825409
326.406219
327.880005
327.476135
326.377625
325.832520
325.678894
325.037964
325.946747
327.967773
328.490967
326.916046
326.703857
327.205231
327.819336
327.849731
328.112305
328.707153
328.273438
328.643372
328.478363
328.185822
327.145508
326.814484
327.643738
328.722412
327.766266
327.109436
326.681183
326.948700
326.994598
327.919556
328.206604
329.103851
329.874725
328.292572
326.843689
327.100220
326.705994
326.912628
327.070557
326.974609
325.366333
324.776855
325.189423
325.551147
324.630341
324.935822
322.802216
322.508270
322.837677
323.787201
323.110901
321.608398
321.453552
321.821777
322.904999
321.927429
320.590820
321.514343
322.483582
322.001495
320.740265
319.886749
319.807159
320.500549
321.539307
321.290192
320.423920
320.375061
319.626495
319.511597
319.682861
319.768433
320.840912
320.630615
321.458374
321.485992
321.358246
320.076416
320.980316
321.814087
321.466614
321.069794
321.201477
321.608246
322.981506
322.407898
323.016022
323.575745
324.577118
325.099274
324.208435
324.113953
324.318146
324.322815
324.042053
323.745850
324.193420
324.755524
324.533020
324.760956
326.212952
327.191498
326.983276
326.331909
326.167175
325.313019
325.707611
326.538544
328.185577
327.481506
326.948456
327.051422
327.529480
327.970215
326.899139
326.061707
325.915985
326.246399
326.021851
326.049622
325.815887
325.594238
323.859955
323.393646
322.947540
322.190247
323.110260
322.919830
322.928711
322.235809
322.092834
321.423950
322.600159
322.581696
323.043365
322.154358
321.166229
320.638580
321.503998
320.620544
319.798126
320.144165
319.999146
319.939148
320.018463
319.757721
319.699219
320.332886
320.604309
319.679596
319.624420
319.986511
319.085052
318.625336
318.415771
318.555084
318.783234
318.895569
319.169525
318.161255
319.087616
319.352081
319.407379
319.832458
320.004456
320.127869
321.248596
321.474335
322.002533
322.863708
322.915344
323.739441
324.235046
324.033447
324.838074
324.533264
324.157898
324.003235
324.233002
324.463501
326.059143
326.781769
327.425629
325.980896
325.571198
326.115143
326.692688
326.805908
326.927429
327.315216
327.656219
326.749359
326.789001
326.819183
326.460785
326.330750
327.052216
327.236938
327.138947
326.817474
326.661560
326.755585
327.539368
326.849731
325.994202
325.387085
325.514893
325.541962
326.641479
326.101624
325.179932
324.992859
324.654999
324.240997
323.565369
324.745361
324.692078
324.765991
324.670227
324.616791
324.525787
323.943634
323.073059
323.406036
322.872467
322.787506
321.928253
321.858826
321.894440
321.919037
321.882904
321.577087
321.298248
321.069366
320.986420
321.511139
320.316254
321.404602
320.915283
320.995941
321.817169
322.496674
322.739716
322.702271
322.160553
321.616241
322.698486
323.126434
322.888275
323.042114
324.549683
325.342896
325.049500
324.614990
325.292664
325.473206
326.298553
325.735046
326.743195
327.323761
327.217712
326.839325
327.029907
328.084564
328.184998
328.230530
328.686462
328.898773
329.905060
330.164703
330.440857
330.291687
330.301758
331.050537
331.484558
330.939362
330.378784
330.876770
331.311584
331.327850
331.262390
330.965790
330.440460
330.892059
331.610016
332.242889
332.092529
331.783295
331.587006
332.267303
332.564087
332.632385
331.806824
331.545380
331.180878
331.609528
331.772614
330.852783
330.688629
330.202576
330.320984
330.667908
329.955536
329.789337
329.675873
330.723297
329.797272
329.334473
328.721497
327.849854
327.771240
327.742340
327.882904
327.382446
326.662720
327.008301
327.641052
327.484985
327.465790
326.858948
326.766968
326.974884
326.842957
327.067993
327.912781
327.313477
326.675140
327.615997
327.570740
327.675934
327.595581
328.066925
328.642609
329.108032
328.085968
328.582520
329.766907
329.723022
330.502563
330.850281
329.897339
330.269775
331.786072
332.109161
333.210785
333.123627
332.704498
333.698822
335.185364
335.883850
336.579315
336.797424
336.371948
335.886627
336.467377
335.433350
336.217743
336.963074
337.183350
338.040405
338.685394
339.509827
338.942108
338.878937
338.562714
339.145142
340.449371
339.721649
340.957367
341.403107
340.588196
340.117798
339.771027
340.583984
341.405090
340.802124
341.098999
340.808258
342.417999
342.518921
343.722748
342.866180
341.690002
339.314362
339.719269
339.637512
339.707855
339.705170
340.212646
339.290985
337.783295
339.063965
338.633331
339.230988
338.151428
336.187592
335.050995
336.031677
337.801056
338.823517
338.772186
337.134735
335.906799
335.759491
335.646271
335.578705
335.173065
334.347412
334.983093
335.246826
334.501007
333.999908
334.404114
335.109070
335.651245
335.986847
335.134003
334.785400
335.040833
335.398010
335.777222
334.907410
335.110626
336.825043
337.569702
337.620758
336.548035
336.734100
336.401520
336.104034
336.673706
336.578186
337.972961
340.146240
340.988708
340.544983
339.763885
339.695068
340.259949
341.108887
340.448334
341.192535
342.287140
344.209717
345.079620
343.034393
340.268707
341.280884
343.553101
343.522644
343.502533
343.221069
342.821259
343.175415
344.836609
345.605011
345.283112
345.633728
345.631744
346.486755
347.127655
347.245087
347.416656
347.830017
346.351471
346.062195
346.678070
347.014526
346.402130
345.246155
345.471832
344.630402
344.054993
342.790955
343.595673
344.882965
344.948212
343.703033
342.771545
342.787018
343.498444
342.583893
342.001862
342.394501
341.676849
340.837311
341.071777
341.928986
340.886383
340.981445
340.795105
340.999878
340.941864
341.006836
339.662292
339.001678
337.641571
337.569122
337.993988
338.546692
338.772278
339.557953
339.277802
338.496063
338.211548
338.625488
338.472473
339.516571
338.945312
339.339539
339.443573
339.497864
340.627625
341.070312
342.191437
342.223267
341.701050
339.689636
339.745148
341.398224
341.945496
342.003113
342.687561
341.116547
338.762909
339.052368
341.292542
341.478607
341.035156
342.266266
343.946075
343.622559
343.726288
344.342957
344.511810
342.126740
341.290619
342.195892
342.209320
342.827148
343.536774
344.836914
347.550842
347.899994
345.277863
343.932251
343.291626
343.989197
343.681305
342.497620
343.064178
342.695068
342.860077
343.244904
344.682739
344.721924
343.531433
342.830658
341.964539
341.074280
339.880005
339.316101
338.762848
338.143372
340.466125
341.668610
339.599304
339.766968
340.046204
338.375977
338.067871
336.381897
336.593658
337.238068
337.323669
336.445282
336.745605
338.151276
337.839233
336.776794
336.820312
337.357941
338.878235
338.028320
337.501495
337.334869
338.935608
338.780121
338.592743
338.136108
335.832977
335.844849
337.690155
338.612061
337.361023
337.238098
337.472107
337.057556
338.239014
337.535522
336.371979
336.532104
338.902954
339.686890
340.212524
339.749634
339.159973
337.144562
339.427307
340.511047
341.516663
342.805389
340.811768
340.671204
341.467407
340.647888
339.857971
342.098663
341.874756
339.484467
339.401337
340.137329
340.244781
339.406799
341.225311
343.243011
341.099274
341.136749
340.904572
339.454803
339.373199
341.674133
341.995911
340.336670
341.317108
340.476654
339.515717
338.351257
336.850616
335.700439
336.033234
336.657379
337.025055
336.273010
336.622406
335.826935
334.928009
333.613831
333.149078
332.512756
331.094147
331.260071
332.300629
334.208435
334.504852
334.012054
332.850616
332.491943
332.602600
333.683075
333.289307
330.935516
331.286346
332.078735
332.691284
333.547791
333.931915
334.792572
334.343658
335.234985
335.623566
334.699371
334.554779
335.154816
334.925629
334.797729
335.290253
336.820190
337.802917
338.417084
337.414917
336.671021
337.013733
337.475922
338.777527
340.592743
339.427551
338.375244
338.240265
338.140472
337.645599
337.054504
337.519684
337.944519
337.207336
336.186401
335.736908
334.844574
333.977295
331.364838
331.267548
329.662048
327.080688
324.628418
323.320984
322.644287
321.137970
316.780487
313.503204
310.975098
309.175385
307.290344
304.241333
300.387848
296.748322
293.990875
289.931335
286.139801
282.256989
278.708008
273.913635
268.830383
264.958496
261.975067
257.310486
252.800003
249.166107
244.536377
239.652634
235.805206
232.495468
229.129898
224.046127
218.783920
215.441711
211.611099
208.272064
206.011734
203.679581
200.765762
198.069839
196.056458
194.280731
192.848083
190.476669
188.428040
187.222046
186.675186
186.287598
186.715363

