266.867065
174.081024
174.565231
174.960861
175.831558
177.083618
178.587097
179.861511
181.979950
183.949890
186.265488
188.533798
191.551666
194.174225
197.183136
200.342453
203.438721
206.895447
210.396484
214.016251
217.540237
221.619751
225.122696
229.311081
232.782852
236.924088
240.624405
244.205902
247.965607
251.549744
255.319016
258.985870
262.358276
265.576141
268.638275
271.791321
274.872314
277.744202
280.529968
283.388184
285.752197
287.820770
290.278473
292.377167
294.214111
295.886688
297.689789
299.399902
300.392578
301.547791
302.744781
304.110687
304.788727
305.613220
306.082794
307.007233
307.050171
307.499054
307.941162
307.967499
308.399811
308.586670
308.653625
308.342316
308.002136
307.790314
308.309052
307.874603
307.439758
307.247284
307.119232
306.913483
306.805939
306.337128
306.574463
305.416595
305.772675
305.888611
305.130554
304.968903
304.223083
304.559204
304.688812
304.638184
304.236206
304.271301
304.299286
304.114868
304.126190
304.276947
304.376038
304.564209
304.481445
304.922974
305.048431
305.498810
305.328278
305.667511
306.344604
306.519409
306.536987
307.002167
307.119476
307.384216
307.904663
308.269104
308.735229
308.512604
309.424896
309.994537
310.082458
310.259003
310.987640
310.826050
311.168304
311.596680
311.511047
312.396301
312.317596
312.570312
312.681244
313.549408
313.137085
313.558838
313.501526
313.430847
313.208527
313.148376
313.213562
313.298187
313.294312
313.386108
313.452332
313.314423
312.862061
312.717957
312.605133
312.963745
311.951355
312.317505
311.874786
311.687805
311.504852
311.218842
310.739716
310.567627
310.341064
310.325104
309.831604
310.089600
309.222076
308.811249
308.815430
308.560852
308.524719
308.325287
308.127350
308.087555
307.967163
307.681213
307.571228
307.531342
307.758881
307.290222
307.309082
307.439819
307.321625
307.224548
307.246643
307.342682
307.415619
307.653442
307.714813
308.066467
308.133850
308.325562
308.489319
308.494690
308.851318
309.357391
309.421936
309.699158
310.136047
310.451233
310.407471
311.250732
311.119965
311.723145
311.766479
312.207916
312.801575
313.351776
313.697876
313.554443
314.218231
314.449554
314.725311
314.784210
315.426575
315.325745
315.356018
315.617004
315.900757
316.486542
317.055481
316.782654
316.689972
316.718231
317.402863
317.147369
317.014526
317.094482
317.556000
317.185303
317.235596
317.128876
316.927673
316.628662
316.702271
316.362579
316.412445
316.107147
316.335205
315.725342
315.668915
315.189911
315.198608
314.989685
314.814819
314.592072
314.187561
313.825287
313.514587
313.477905
313.125275
312.944183
312.514160
312.354858
312.044586
311.736572
311.640594
311.071472
310.903625
310.616425
310.993927
310.686493
310.657471
310.470581
310.406677
310.085297
310.157990
310.287354
309.714355
310.148926
310.162598
310.709045
310.219788
310.405243
310.494843
310.540222
310.468018
310.802460
310.934265
311.112000
311.212280
311.336243
311.570831
312.114532
312.402435
312.777924
313.012543
313.070801
313.303650
313.605591
313.775909
314.123718
314.884949
314.846130
315.343262
315.619415
315.948273
316.377747
316.340240
316.468079
316.553192
316.931671
317.392639
317.270660
317.896942
317.841431
318.237823
318.543518
318.447845
318.506073
318.577911
318.906647
318.614594
319.059845
319.254974
319.194244
318.900269
318.942261
319.505493
319.251160
318.899353
319.046082
319.009338
318.463013
318.491211
318.280945
317.843811
317.867615
317.819672
318.104279
317.415680
317.420593
316.635712
316.997345
316.715851
316.682922
316.216766
316.431213
315.868195
315.695282
315.490662
315.458527
314.810608
315.283386
314.812073
314.452087
314.591461
314.948700
314.809723
314.287598
314.175140
314.461151
314.147064
314.330414
313.932892
314.305145
314.016296
314.462280
314.388123
314.527649
314.791046
314.932678
314.955353
315.458832
315.099854
315.528748
315.966156
315.780670
316.599976
316.583679
316.461945
316.941345
317.117462
318.071198
318.018280
318.567230
317.993439
319.014343
319.308716
319.580841
319.801453
320.097260
320.682495
320.725830
320.993591
321.483826
321.649170
321.860138
321.989197
322.187164
322.526093
322.428375
322.865326
323.166077
323.328186
323.203461
323.277863
323.440735
324.023834
323.720673
323.959839
324.244385
323.998474
323.905548
323.808685
323.904846
323.359222
323.738556
323.594452
323.778534
323.746918
323.459564
323.350739
323.249359
322.801758
322.864441
322.592896
322.571838
322.213379
321.754089
321.656036
321.785187
321.899231
321.435669
320.844879
321.224518
320.985504
320.800934
320.757507
320.531036
320.122009
320.040070
319.817139
319.436340
319.818939
319.674774
319.517181
319.526306
319.320404
319.686188
319.731262
319.442871
319.059875
319.770050
319.695465
319.517090
319.755371
320.108582
320.338379
319.948761
320.509705
320.658295
321.084076
321.113800
321.384705
321.672363
321.869751
322.006836
321.990112
322.051666
322.578888
323.258759
322.968018
323.604919
324.086578
324.339966
324.256866
325.074707
324.724670
325.545929
325.741638
325.771637
326.104279
326.486603
326.589264
326.540771
327.044769
327.427734
327.665253
327.647491
327.089050
328.147156
328.035126
328.092743
328.466553
328.400482
328.662262
328.592255
328.988098
328.980469
328.720459
328.340454
328.913483
328.607758
328.576324
328.390686
328.317963
328.558350
328.277374
327.741791
328.221283
327.871735
327.804138
327.558289
327.181549
327.654877
327.483612
327.200073
327.076752
327.060852
326.593872
326.671661
326.626068
325.871368
326.071106
325.906921
325.601959
325.380554
325.487061
325.372894
325.698486
325.845612
325.282959
325.715210
325.517029
325.575500
325.537842
325.226929
325.485443
326.100220
325.754761
326.134247
326.062012
326.431885
326.736603
326.334045
327.168945
327.640350
327.588959
327.612579
328.634216
328.329285
328.765320
329.273834
329.224976
329.943695
330.209595
330.574707
330.860748
331.497894
331.710052
332.428650
332.403839
332.909821
333.245575
333.608429
334.030609
334.810791
334.548065
334.622009
335.373138
335.367645
335.830841
336.064911
336.316071
336.850922
336.839264
337.142212
337.300201
337.782013
337.540863
337.951263
338.101624
338.416016
338.762024
338.342499
338.175476
338.437439
338.386078
338.665680
338.344910
338.367767
338.366150
337.902466
337.844696
337.749725
337.807678
337.498169
337.439056
337.903076
337.401154
336.852142
336.667511
336.735687
336.699921
336.311829
336.445160
336.448730
335.951721
335.548462
335.252899
334.961914
335.433319
335.359924
335.025696
334.877228
334.969269
335.040863
335.105164
334.911530
334.646576
334.430786
334.899078
334.527985
334.696686
335.704163
334.954529
334.791138
335.055847
335.421051
335.494965
335.654419
336.144409
336.214539
336.264771
336.849060
337.158173
337.055359
337.315674
337.795959
338.200104
338.742432
338.819031
339.326202
339.897644
340.157867
340.804260
340.897247
341.471436
341.842865
342.210297
342.344696
343.221802
343.814758
344.177124
344.121552
344.643494
344.966248
345.413330
345.956024
346.083038
346.516632
346.848206
346.768158
347.265137
347.003448
347.367157
347.721222
347.894836
348.203857
348.650177
348.522552
348.553528
348.545502
348.308502
348.392181
348.613037
348.453400
348.560486
348.474365
348.576904
348.073822
347.819641
347.788696
347.828857
347.394531
347.239380
347.181854
347.148285
346.860840
346.225800
346.686340
345.913483
345.362488
345.700012
345.087402
344.855133
344.613861
344.472992
344.327423
343.979126
343.808136
343.787811
343.723572
343.064117
342.781158
342.874329
343.153229
342.583130
342.300690
342.332031
341.980927
341.900757
341.565247
342.379364
341.965759
342.170380
341.991394
342.356812
342.169342
342.529663
342.731689
342.905823
342.781921
343.066559
343.338013
343.434387
343.220337
343.910828
344.206543
344.003662
344.141571
344.870605
345.004303
345.300690
345.569092
345.968842
345.704620
346.553955
346.778015
347.005676
347.257843
347.951721
347.723724
348.595886
348.524628
348.881714
349.097046
349.864716
349.774536
349.769592
350.438171
349.906250
350.764465
350.677521
351.034393
350.858032
351.209381
351.311401
351.298584
350.863068
351.247894
351.239075
350.925873
351.016144
350.913696
350.782776
350.982574
351.329163
350.593689
350.409790
350.538666
350.005798
350.335419
349.895721
349.303040
348.880157
349.309998
349.155640
348.487457
348.458710
348.317200
347.971954
347.992462
347.614960
347.290527
347.199860
347.322571
346.543793
346.572815
346.214905
345.729248
346.308716
346.335632
345.912994
345.575409
345.742279
345.238861
345.292084
345.435120
345.630249
345.281219
345.314941
345.419708
345.458038
345.560730
345.460022
345.655060
345.786102
345.784851
345.550903
345.863434
345.922668
346.241028
346.495941
346.842529
346.432587
346.696655
347.394196
347.474121
347.411743
347.632599
348.630859
348.602386
348.325531
349.022614
348.939667
349.373993
349.322601
349.896576
349.776184
350.116913
349.959869
350.205688
350.357086
350.781555
350.995056
350.660126
350.393951
350.857666
351.025879
350.697998
350.945587
350.712341
350.981140
350.912842
351.072113
350.831696
350.552063
350.608795
350.982452
350.295532
350.127930
350.119751
349.628082
349.981354
349.334839
349.403442
348.975586
348.623993
348.095947
348.268921
348.174591
348.038757
347.326447
347.712219
347.039978
346.881104
346.584167
346.250549
345.880096
345.680847
346.013092
345.394226
344.959015
345.208038
344.796234
344.778320
344.685730
344.256348
344.401733
344.098572
343.989197
344.543182
343.987488
344.141449
344.521240
344.576385
344.217285
344.359406
344.392212
344.914581
344.611572
344.872070
345.011810
345.344086
345.424103
345.378693
345.889862
345.992218
346.018707
346.541412
346.462128
346.760162
347.194489
347.093292
347.645203
347.906189
347.947571
348.690338
348.599976
348.730103
348.749939
348.878662
348.768066
349.203552
349.049316
349.183929
349.672302
349.522644
349.960022
349.377899
348.948822
349.786713
349.370056
349.407013
349.351501
349.149353
349.015472
348.973877
348.965515
349.094177
348.345642
348.317841
347.973816
347.809540
347.790955
347.391022
347.001404
346.543762
346.649109
345.981567
345.829285
345.760529
345.652191
345.217712
345.049438
344.582642
344.126404
344.412537
343.927521
343.471893
343.772797
343.686340
343.324799
343.228516
343.308807
342.824158
343.161865
343.156372
343.069977
342.678009
343.024994
343.416046
343.303131
344.069611
343.671326
344.313965
344.621490
344.233582
345.333252
345.438385
345.508545
346.331024
346.483215
346.925873
347.627441
348.088196
348.228485
348.594208
348.900696
349.390625
349.406219
349.660217
350.427704
350.645447
351.019562
350.746033
351.413361
350.982544
351.053741
351.028870
350.460999
350.007141
349.758362
349.290344
348.673828
348.422119
347.300690
346.206207
345.093506
343.805695
342.135620
340.667480
338.694977
336.845367
334.991241
332.540375
330.222900
327.324310
324.504303
321.710388
318.774261
315.497498
312.450775
308.605072
305.057739
301.555054
297.372040
293.589691
289.023346
284.890900
280.711273
276.178650
272.079681
267.526306
262.979431
258.702087
254.138016
249.506729
245.528168
241.240646
237.320709
232.996857
228.974960
225.116379
221.075500
217.850571
214.359604
211.485260
208.633133
205.871323
203.328735
201.357346
199.539536
197.900436
196.475967
195.234024
194.690491
194.348267
194.449829

263.358154
173.977966
174.445648
174.849106
175.731888
176.992615
178.471695
179.770416
181.892212
183.889404
186.194656
188.480011
191.520233
194.132172
197.157669
200.329651
203.487381
206.939178
210.434326
214.087738
217.644852
221.707748
225.253143
229.464920
232.942719
237.128983
240.836670
244.448059
248.223923
251.830338
255.652191
259.295807
262.723145
265.962524
269.024200
272.228394
275.365479
278.244659
281.035706
283.947937
286.362152
288.419769
290.905182
293.027405
294.921600
296.608459
298.431946
300.136108
301.172211
302.376587
303.617737
304.963226
305.707367
306.585541
307.043793
307.993256
308.038971
308.560486
308.986542
309.023529
309.478271
309.699249
309.842285
309.518341
309.195160
308.996490
309.532990
309.104919
308.665802
308.508179
308.401855
308.188141
308.121185
307.655273
307.906311
306.747803
307.133087
307.252228
306.512512
306.342346
305.628906
305.966858
306.050690
306.023071
305.620300
305.675446
305.727264
305.494598
305.517212
305.656464
305.767517
305.910126
305.840698
306.302277
306.387299
306.820282
306.641266
306.992249
307.634521
307.829926
307.807037
308.251221
308.377960
308.598694
309.133240
309.447510
309.901154
309.674438
310.540192
311.095001
311.144318
311.309692
312.044098
311.838257
312.145172
312.577637
312.453430
313.337006
313.222931
313.421906
313.512512
314.367340
313.888123
314.320801
314.218658
314.107361
313.900635
313.784454
313.809448
313.906219
313.836304
313.906708
313.958984
313.800537
313.304321
313.113312
312.996979
313.314911
312.242065
312.594116
312.152588
311.937225
311.717407
311.396576
310.886475
310.717987
310.435272
310.405273
309.878204
310.092468
309.203461
308.782501
308.750000
308.475952
308.431366
308.207367
307.992310
307.930389
307.782196
307.492096
307.360840
307.292572
307.489563
307.005981
307.029114
307.135437
307.004059
306.893219
306.918304
306.979584
307.047241
307.268463
307.313171
307.658966
307.717316
307.890350
308.041321
308.052124
308.395081
308.898621
308.931641
309.250671
309.654907
309.982117
309.939575
310.754120
310.667725
311.252533
311.312622
311.736572
312.288361
312.877747
313.247040
313.087158
313.752991
313.957977
314.271393
314.344696
314.998352
314.901550
314.915710
315.225250
315.484406
316.091675
316.640167
316.405548
316.301117
316.354492
317.048920
316.813751
316.689209
316.766418
317.257538
316.897339
316.947388
316.869537
316.702911
316.387665
316.483673
316.185944
316.182526
315.933563
316.191956
315.568268
315.546417
315.107025
315.101135
314.932800
314.753601
314.570648
314.166382
313.841278
313.524445
313.544647
313.216278
313.035583
312.641693
312.483093
312.213409
311.888245
311.833588
311.324188
311.099121
310.844421
311.256256
311.017181
310.939056
310.798767
310.744751
310.472229
310.539948
310.693573
310.144440
310.636078
310.635895
311.213196
310.754974
310.946686
311.065826
311.143402
311.096985
311.439880
311.581604
311.822845
311.957153
312.024597
312.384705
312.939301
313.244690
313.597260
313.876099
313.944916
314.223938
314.554779
314.752991
315.092285
315.937866
315.910828
316.381531
316.673248
317.034637
317.475464
317.475952
317.645050
317.782227
318.193878
318.634033
318.553619
319.203461
319.165192
319.590302
319.913025
319.830750
319.913635
319.984863
320.338409
320.104553
320.555786
320.776733
320.773102
320.470917
320.505493
321.153900
320.877289
320.572357
320.730469
320.677704
320.172699
320.217957
320.054474
319.642548
319.642242
319.636810
319.934753
319.227875
319.264923
318.562256
318.918549
318.655609
318.601593
318.141754
318.338165
317.828217
317.674408
317.483765
317.454895
316.807800
317.330048
316.877197
316.460358
316.635376
316.951538
316.870331
316.379028
316.227600
316.515991
316.235443
316.443573
316.038452
316.453583
316.114471
316.619995
316.492432
316.624359
316.868164
317.070526
317.009735
317.607971
317.183838
317.614777
318.029846
317.787262
318.641174
318.670135
318.542175
318.982697
319.182922
320.050842
320.036072
320.578918
319.959717
320.921204
321.252869
321.524261
321.709808
321.966095
322.567688
322.615204
322.824799
323.280823
323.419220
323.609528
323.750458
323.971680
324.228577
324.149292
324.565765
324.786041
324.994629
324.796661
324.863647
324.964722
325.532379
325.232574
325.440094
325.703674
325.422363
325.318207
325.113495
325.206299
324.658569
324.987427
324.821777
325.003113
324.949402
324.571381
324.443451
324.332214
323.880127
323.907501
323.563019
323.499481
323.129242
322.616943
322.492859
322.653778
322.662781
322.265686
321.593872
321.930908
321.611725
321.388580
321.358063
321.142303
320.665466
320.516205
320.336304
319.844940
320.258423
320.084198
319.876953
319.931854
319.656342
319.994171
320.009521
319.684662
319.285858
320.008789
319.904633
319.677185
319.877930
320.227753
320.465607
320.003723
320.556458
320.723267
321.123199
321.072174
321.352448
321.633972
321.804962
321.897186
321.937256
321.990417
322.501770
323.100220
322.815125
323.462402
323.900513
324.191223
324.032257
324.891266
324.510193
325.334534
325.526337
325.567383
325.859009
326.242126
326.332275
326.300629
326.789215
327.160522
327.419830
327.407318
326.838409
327.905457
327.786438
327.848541
328.176636
328.140259
328.400604
328.348846
328.710968
328.687775
328.439270
328.062897
328.634735
328.326843
328.325439
328.134949
328.072113
328.304962
328.046234
327.514771
327.982513
327.656036
327.617584
327.337891
326.933472
327.480133
327.281158
327.017609
326.892273
326.888824
326.401154
326.507263
326.430786
325.718872
325.917267
325.743530
325.434174
325.244324
325.352661
325.255341
325.579926
325.711456
325.157288
325.594299
325.396240
325.457184
325.434784
325.140656
325.348907
326.004669
325.677704
326.053986
325.987854
326.387329
326.667969
326.247742
327.104004
327.580292
327.515900
327.576233
328.606781
328.272797
328.716797
329.230988
329.172028
329.911804
330.158325
330.516907
330.824371
331.470520
331.679688
332.357239
332.344940
332.870453
333.164703
333.533020
333.996246
334.741608
334.488708
334.559540
335.269775
335.291870
335.764648
336.003571
336.220428
336.769958
336.772095
337.048645
337.223022
337.698853
337.464050
337.831970
337.990051
338.314148
338.638062
338.219635
338.043488
338.300873
338.243958
338.517242
338.170624
338.199738
338.220306
337.729828
337.664581
337.579803
337.629852
337.333466
337.249146
337.717865
337.187653
336.628082
336.453186
336.518433
336.470306
336.074127
336.202362
336.228546
335.715912
335.312592
335.019989
334.708313
335.124207
335.090576
334.733826
334.569305
334.695770
334.760010
334.796509
334.606659
334.366119
334.121613
334.563019
334.230103
334.380493
335.369781
334.655243
334.479889
334.721252
335.093750
335.157898
335.316711
335.774170
335.888153
335.936829
336.498627
336.783386
336.687225
336.963684
337.456482
337.860107
338.366241
338.456848
338.952606
339.549774
339.787903
340.436707
340.526031
341.108459
341.448517
341.817780
341.983459
342.828888
343.456024
343.804077
343.761047
344.281799
344.593475
345.058258
345.571716
345.666168
346.128479
346.475586
346.371063
346.931610
346.669006
347.010651
347.366699
347.532684
347.860565
348.276398
348.177002
348.190094
348.219421
347.954529
348.028015
348.335266
348.110291
348.167511
348.099182
348.227356
347.709290
347.460327
347.418945
347.495605
347.053497
346.907043
346.866882
346.828583
346.555756
345.884369
346.355103
345.561249
345.035767
345.383881
344.745544
344.517548
344.293640
344.153809
343.992310
343.655090
343.500885
343.515778
343.428955
342.758636
342.463013
342.596893
342.866730
342.267029
342.001007
342.022430
341.704987
341.595673
341.294617
342.085327
341.669861
341.875519
341.736969
342.056702
341.860138
342.206024
342.411652
342.645447
342.507294
342.770813
343.051727
343.197144
342.962708
343.626129
343.967682
343.723389
343.877136
344.612579
344.785614
345.040680
345.304108
345.729370
345.476776
346.313019
346.556641
346.733887
347.041016
347.705933
347.499023
348.356720
348.270874
348.672852
348.911438
349.625824
349.563202
349.560486
350.197113
349.694458
350.579437
350.498505
350.836945
350.683014
351.021667
351.122833
351.122131
350.678162
351.064575
351.095581
350.778351
350.879913
350.743683
350.616333
350.809662
351.173340
350.468781
350.239655
350.407104
349.856110
350.219086
349.767487
349.180420
348.780304
349.194550
349.056427
348.376984
348.360535
348.191254
347.886719
347.909607
347.497925
347.195923
347.115448
347.219330
346.466583
346.506927
346.161896
345.642731
346.262207
346.305054
345.837463
345.518738
345.700684
345.196869
345.264343
345.414215
345.608429
345.254822
345.274536
345.382172
345.452057
345.538300
345.441528
345.624847
345.787842
345.764496
345.556763
345.848267
345.928406
346.249237
346.473694
346.846283
346.469879
346.703186
347.417480
347.507568
347.407715
347.654663
348.638641
348.621277
348.354553
349.056458
348.954315
349.393311
349.357483
349.961273
349.823029
350.171600
349.995575
350.246887
350.391418
350.824158
351.020569
350.699158
350.462463
350.891388
351.082245
350.736664
351.009796
350.787750
351.030426
350.985626
351.090027
350.870392
350.612244
350.650513
351.045837
350.354034
350.191528
350.172180
349.685944
350.046387
349.376740
349.464722
349.027954
348.671509
348.119904
348.319000
348.229797
348.107208
347.372742
347.800232
347.126099
346.927948
346.640503
346.313354
345.939575
345.772369
346.088318
345.478882
345.017731
345.277161
344.906403
344.853790
344.730103
344.322754
344.456635
344.181396
344.051788
344.609406
344.056122
344.219086
344.566528
344.656006
344.273499
344.429199
344.444550
344.974396
344.683655
344.931763
345.040039
345.403809
345.510101
345.439575
345.946045
346.071014
346.096680
346.618561
346.525879
346.855804
347.275177
347.151215
347.711090
347.979889
348.051575
348.754578
348.700592
348.821106
348.829773
348.939972
348.843536
349.276703
349.112579
349.273743
349.711975
349.605469
350.035645
349.482605
349.024872
349.850067
349.426575
349.508392
349.414276
349.221741
349.097321
349.047424
349.062469
349.145355
348.419830
348.387543
348.067657
347.860840
347.884552
347.455353
347.088928
346.605530
346.741852
346.069427
345.919708
345.850800
345.720795
345.285919
345.127045
344.630219
344.194977
344.505432
344.025574
343.547241
343.853271
343.778259
343.406372
343.291351
343.392365
342.907349
343.277344
343.245361
343.130402
342.769043
343.127075
343.515991
343.411285
344.174927
343.765656
344.408295
344.753845
344.342621
345.441254
345.538452
345.617645
346.469421
346.600220
347.027374
347.727539
348.197937
348.339569
348.697784
349.040680
349.549103
349.492615
349.779114
350.545074
350.744202
351.146576
350.863220
351.503540
351.101196
351.163727
351.157013
350.586121
350.147736
349.908325
349.455994
348.798157
348.541626
347.442047
346.337433
345.236450
343.940247
342.276459
340.798248
338.842194
336.994781
335.116577
332.713989
330.393799
327.469604
324.689789
321.871399
318.942017
315.664856
312.631622
308.756531
305.225891
301.719086
297.519775
293.755096
289.188263
285.045776
280.892181
276.347870
272.277222
267.690765
263.155457
258.875427
254.317261
249.697296
245.693878
241.416275
237.511002
233.176422
229.152664
225.309341
221.269592
218.044128
214.536255
211.699860
208.809418
206.068069
203.511642
201.532990
199.720276
198.076004
196.647690
195.429337
194.870728
194.533798
194.778061

219.431839
184.723602
185.155487
185.953217
186.723709
187.877258
189.289948
191.225388
192.941055
195.254578
197.401276
200.156799
203.240494
205.954773
209.576447
212.952652
216.547592
219.973083
223.491882
227.474655
231.090836
235.094788
239.100555
243.256866
247.279022
250.755737
255.600616
259.319244
263.056885
266.876953
270.798401
274.595825
278.165314
281.955597
285.190002
288.595581
291.668243
294.597412
297.385529
300.090942
302.576782
305.432861
307.914246
309.748901
311.830780
313.527985
315.671997
317.004700
317.905334
319.630890
321.083771
321.668304
322.711578
323.466309
324.185242
324.065643
324.401245
324.954071
325.366486
325.663757
325.799927
325.786102
325.812805
325.630737
325.567780
324.985229
324.773376
324.814117
324.313660
324.299835
323.861359
323.707245
322.940155
322.871155
322.439545
322.300934
321.684479
321.397675
321.402161
320.971191
320.637634
320.280762
320.127838
319.695740
319.761505
319.781464
319.534668
319.625763
319.635315
319.325195
319.262726
319.536591
319.234222
319.748444
319.745026
320.025604
320.189117
320.526031
320.348419
320.972198
321.127441
321.527618
321.785278
322.108429
322.533478
322.751770
322.681702
323.364319
323.567535
323.867065
324.097198
324.449738
324.827209
325.233337
325.433258
325.107025
325.792297
326.243866
326.066498
326.534363
326.843750
327.002716
326.780426
326.647034
327.003845
327.248047
327.070160
327.319550
326.572021
326.961243
326.615906
326.810303
326.433350
326.400543
326.444031
325.851410
325.810120
325.616486
325.110138
325.267670
324.495544
324.137421
323.925781
323.716614
323.369415
323.299255
322.540924
322.437592
322.657013
322.141541
321.769806
321.320648
320.896973
320.883636
320.369904
320.231964
320.104309
319.551636
319.932556
319.345612
319.353943
319.105255
318.750946
318.735474
318.357056
318.524536
318.795044
318.920471
318.349243
318.408997
318.853851
319.013397
319.203735
318.903748
319.136078
319.486481
319.645203
319.413116
320.013306
320.603058
320.485748
320.743042
320.891541
321.565491
321.664856
322.340363
322.146179
322.439087
322.513336
323.425232
323.497620
323.925385
324.420319
324.068390
324.812073
325.171600
324.796021
325.563538
326.035858
325.886963
326.038483
326.875610
326.885895
326.494171
326.851990
327.031616
327.064575
327.228363
327.158997
327.086090
327.272156
326.979248
327.255859
327.058838
327.174469
327.690552
327.057343
326.600800
326.450836
326.703186
326.384521
326.111115
325.804108
325.644897
325.278534
325.126556
325.191467
324.420563
323.964661
323.898529
323.661713
323.464020
323.138672
322.505920
322.626434
322.000549
321.733978
321.999481
321.243469
321.042572
320.475647
320.337128
320.341919
320.029663
319.719604
319.300873
319.179016
319.335846
319.341156
318.955109
319.080292
319.045898
319.060944
319.024323
318.921234
318.645081
318.701813
318.970337
319.253662
319.277679
319.277557
319.147003
319.850922
319.528870
319.632935
319.911530
320.276733
320.775513
321.101593
321.044525
321.100891
321.596375
321.551300
322.273529
322.112671
322.905518
322.899139
323.389648
323.304657
323.878693
323.829712
324.279968
324.705017
324.684814
324.825836
325.174713
325.800415
325.812561
325.496735
326.006958
326.257690
326.399689
326.424072
326.737213
326.838745
326.370972
326.864227
327.029266
326.744537
326.842560
327.016937
326.502869
326.633728
326.828125
326.546539
326.409332
326.206909
325.942902
326.177856
325.749268
325.912445
325.483826
325.426910
325.415100
325.023621
324.801208
324.477814
324.140320
324.226654
323.723083
323.574646
323.415253
323.599274
322.656464
322.717316
322.279633
322.334381
322.242004
322.043762
321.536438
321.621857
321.849182
321.073395
320.933075
321.487549
321.569427
321.345642
321.239655
320.636475
321.318176
321.454834
321.177094
321.473572
320.991791
321.487030
321.748138
322.068481
322.095490
322.195709
322.199097
322.590027
322.869080
322.835510
323.437958
322.972076
323.319977
324.346771
324.288300
324.289185
324.641724
324.941101
325.351532
325.519775
325.700836
326.158173
326.281342
326.559113
326.803223
327.141388
327.275024
327.846252
328.423431
328.144501
328.345856
328.568481
328.631622
328.938049
329.231964
329.452576
329.587402
329.247803
329.474213
330.122833
329.655914
329.613922
329.820374
329.936554
329.520020
329.777954
329.683716
329.801514
329.208466
329.293854
329.320435
328.711456
329.216187
329.047058
328.394073
328.615570
328.414368
328.418732
328.503082
327.204895
327.714905
327.137512
326.764099
327.083466
326.690948
326.805145
326.327271
326.473083
325.785187
325.565094
325.394714
325.646271
324.823120
325.115570
325.041626
325.065155
324.474091
325.219116
324.275909
324.253571
324.313110
324.350922
324.159576
324.690308
324.366638
324.353638
324.382935
324.588318
324.855652
324.585327
325.061340
325.359589
325.481445
325.079529
325.851501
325.380890
326.042542
326.070190
326.201508
326.471069
326.817383
327.278839
327.216949
327.912354
327.367462
328.162079
328.236237
328.196747
328.986542
329.267548
329.363495
330.500244
330.020660
330.430359
330.606079
330.453308
330.534180
331.231384
331.034027
331.394043
331.738281
331.548492
331.955811
331.595734
332.190460
332.218781
332.156708
332.189697
332.350952
332.313354
332.489777
331.830780
332.059082
332.179016
332.248383
332.001556
332.134125
331.929108
331.267181
331.382263
331.055634
331.237183
330.663574
330.993469
330.555084
330.205444
330.339783
330.425751
330.282715
329.698395
329.403381
329.275574
328.584320
328.752716
328.589935
328.629791
328.364655
328.143036
327.791931
327.991516
327.692627
327.362732
327.447113
327.482452
327.345428
327.262634
327.712036
327.507263
327.247131
328.306030
326.978729
327.613129
327.356812
328.010803
328.275116
328.010071
328.360046
328.257690
328.921112
328.787720
328.904541
329.615479
329.764252
329.814819
330.076508
330.579468
331.110107
330.639557
331.401550
331.796295
332.363098
332.326294
332.871552
332.879974
333.463043
333.654083
334.222900
334.385803
334.757996
335.004944
334.750671
335.588409
335.654572
336.268738
336.291779
336.338715
336.937286
336.291534
337.025391
336.947083
337.541229
337.178711
337.473846
337.875061
337.362701
337.228180
337.525452
337.410309
337.318848
336.814575
337.298096
337.534729
336.839386
336.998596
336.809021
336.660767
336.684967
336.401703
336.224335
336.150085
336.062561
335.195190
335.504730
334.921661
334.561737
335.104370
334.469238
334.417206
333.518311
333.569366
333.565125
332.956482
333.004852
332.856354
332.674377
332.312408
332.506714
331.968933
332.168762
331.892365
332.239380
331.707977
331.810364
331.771332
331.957703
331.651215
331.528290
331.397949
331.806763
331.505005
332.114746
331.832458
332.146240
332.092102
332.524597
332.553528
333.240234
332.919128
333.239990
333.262634
334.211731
333.823090
333.957733
334.467560
334.641693
334.837067
335.410370
336.113617
336.416016
336.634125
336.804749
337.210876
337.610992
338.041260
338.559448
338.839233
338.807556
339.601135
339.598297
339.756439
340.018555
340.087646
340.602753
341.028656
340.671570
341.492432
341.394897
341.038788
341.389038
342.064697
341.771912
341.839020
342.214996
341.750458
341.973175
342.085358
341.568420
341.948334
341.570251
341.957367
341.972382
341.417236
341.635132
341.294952
340.854553
340.708435
340.367584
340.205505
339.659088
339.470001
339.473145
338.334839
338.901428
338.717499
338.246490
337.914581
337.506592
337.273346
337.077057
336.156799
336.375275
336.252350
336.006470
335.407715
335.676819
335.166565
335.207214
335.002838
334.578949
334.127228
334.618958
333.920105
333.760956
333.836670
333.593323
333.804352
333.473511
333.224731
333.387177
333.185394
333.830780
333.538269
333.520721
333.706085
333.954407
333.633453
334.006042
333.849213
334.520264
334.711853
334.703522
334.831146
335.230286
335.183838
335.590668
336.075500
336.358429
336.283997
336.561096
337.009949
337.130646
337.611664
337.869263
338.123901
337.977234
338.477386
338.522400
338.644592
338.955597
338.878540
339.359283
339.446136
339.726685
340.125763
340.291077
340.051727
340.588104
339.986328
340.023010
340.633545
340.708130
340.465424
340.572815
340.380219
340.394318
340.401520
339.998871
340.250671
339.755554
339.717407
339.689178
339.462067
339.357269
339.200928
338.823242
338.758331
338.248383
338.295197
337.921021
337.542419
337.274963
337.007080
337.207977
336.589966
336.565277
335.806763
336.083221
335.683655
335.558380
335.819580
334.971832
335.016937
334.534821
334.412842
334.401184
334.616028
334.095062
334.006317
333.546478
333.213074
333.792847
333.394135
333.716248
333.301117
333.825317
333.868408
333.473358
333.233307
333.689301
333.476501
333.109650
334.015228
333.845947
334.234528
334.170990
334.569244
334.768890
334.579376
334.751770
334.760986
335.343536
335.400757
335.462524
335.600159
336.335846
335.708008
336.265778
336.736755
336.592621
337.034363
336.589905
337.754700
337.408508
337.165985
337.711182
337.605560
337.568878
337.765808
337.904022
337.971191
337.881622
338.501434
338.279846
338.078583
338.018585
338.089722
337.884766
337.953156
338.282440
337.614319
337.803741
337.234955
337.246582
337.256348
336.684509
336.713837
336.516632
336.188263
335.907715
335.692993
335.484589
335.383911
334.851959
334.615234
334.202972
334.337158
334.343628
333.696014
333.641510
333.084412
332.816589
332.591522
332.593048
332.207428
332.129272
331.869751
331.570618
331.847382
331.440125
331.878204
331.303986
331.088562
330.860291
330.896545
331.155792
331.054840
330.411407
330.733521
331.010010
331.218628
331.014893
331.297668
331.338104
331.195251
331.419037
331.753448
331.820038
331.943481
332.117371
332.325134
332.412201
332.581512
332.640594
333.065186
332.522064
332.910217
333.469330
333.654968
334.058624
334.300140
334.005737
334.739136
335.006805
334.933075
335.107056
335.135986
334.962921
335.456482
335.677124
335.693817
335.631317
335.475861
335.857269
335.433563
335.936859
335.265656
335.410614
335.910889
335.335266
334.966736
335.272858
334.965485
334.966370
334.326447
334.124329
333.854187
333.969879
333.806488
332.942261
332.893433
332.632263
332.500580
332.220673
331.737671
331.925354
331.306824
331.283905
330.578186
330.483582
330.395935
330.380615
329.796448
329.728699
329.084045
329.509918
328.832306
329.159821
328.861938
328.890411
328.682800
328.753479
329.155762
329.344696
329.374634
329.003937
329.524658
329.516022
329.677643
330.262512
330.505920
330.311920
330.644073
331.104340
331.379395
331.765778
332.501862
332.369995
332.725891
333.200195
333.569611
333.951660
333.935272
334.571106
334.758575
335.633911
335.248901
335.403168
336.212646
336.216614
336.308716
336.156921
336.095154
336.227875
335.944946
335.071747
335.239685
334.285828
333.989868
333.377167
332.359741
331.522888
330.728149
328.925934
327.650482
325.637024
324.353333
322.444763
320.270020
318.068756
315.622772
313.492828
310.613403
307.854980
304.914154
302.226440
298.905396
295.184998
291.994263
288.633850
284.603485
280.749023
277.096252
272.771393
268.739532
264.511627
260.258118
256.394257
252.112595
248.046234
243.337280
239.107834
235.151566
231.079315
227.067230
223.274460
219.282898
215.591629
212.279419
208.713852
205.571396
202.606644
199.956741
197.266068
195.192627
193.135269
191.203827
189.589111
188.391953
187.456879
186.660126
185.922821
185.941864

223.969299
185.333740
185.736877
186.540955
187.331421
188.482300
189.910355
191.835709
193.563278
195.869858
198.010239
200.761612
203.875565
206.591278
210.213089
213.592529
217.196152
220.630966
224.163910
228.123596
231.762665
235.779526
239.796936
243.965836
248.008240
251.504547
256.290710
260.061066
263.786377
267.604767
271.587738
275.331604
278.962128
282.754639
286.010437
289.418732
292.485931
295.440063
298.230164
300.948822
303.481537
306.349457
308.799713
310.679718
312.742462
314.475616
316.617462
317.965210
318.866943
320.570129
322.063202
322.628754
323.686188
324.492706
325.198212
325.096832
325.488495
326.014008
326.454193
326.731110
326.847107
326.852142
326.911072
326.733032
326.666016
326.118286
325.879120
325.940338
325.420532
325.431549
325.027222
324.826172
324.082733
323.974609
323.571259
323.452637
322.785828
322.523834
322.554718
322.153381
321.782837
321.431702
321.289001
320.842957
320.862610
320.903503
320.658203
320.767761
320.742554
320.408966
320.363373
320.633392
320.346863
320.819885
320.829285
321.102142
321.227692
321.591492
321.390717
322.004028
322.110992
322.565887
322.780365
323.118530
323.506958
323.737640
323.662018
324.298462
324.519135
324.815125
325.019989
325.326172
325.701294
326.126556
326.286438
325.910492
326.611603
327.106232
326.865021
327.349976
327.607635
327.712219
327.481628
327.399353
327.696716
327.982666
327.799805
328.025848
327.277252
327.610199
327.282135
327.436005
327.065613
327.003479
327.023346
326.464966
326.409058
326.204651
325.651978
325.841278
325.045197
324.631104
324.434448
324.188324
323.879089
323.795990
323.029633
322.886719
323.092865
322.595886
322.157654
321.721252
321.306244
321.298279
320.771729
320.585602
320.488525
319.953461
320.305725
319.712921
319.676117
319.431763
319.107269
319.098267
318.687653
318.810425
319.118622
319.227203
318.653748
318.685852
319.155487
319.319946
319.482208
319.147247
319.389038
319.719269
319.913330
319.644958
320.255646
320.801941
320.705017
320.966156
321.129883
321.769775
321.872955
322.545898
322.367737
322.618622
322.690674
323.580078
323.685669
324.080383
324.606323
324.217133
324.960876
325.346924
324.923004
325.719269
326.177246
326.033234
326.141815
326.983856
326.990662
326.605011
326.924896
327.126312
327.137207
327.312653
327.219666
327.194519
327.369537
327.042480
327.290070
327.111237
327.205536
327.697815
327.037872
326.623474
326.465942
326.699097
326.399658
326.110992
325.807770
325.593719
325.253113
325.087036
325.175385
324.353973
323.904388
323.829620
323.613190
323.410065
323.075012
322.410156
322.521484
321.886139
321.635590
321.905579
321.147491
320.924744
320.351837
320.209106
320.196411
319.877930
319.564819
319.136139
319.016235
319.190948
319.196075
318.789093
318.916718
318.874878
318.907532
318.878784
318.772064
318.468506
318.584106
318.781128
319.086090
319.080597
319.104065
318.970306
319.660400
319.375549
319.472443
319.760437
320.128845
320.616302
320.957031
320.900116
320.945404
321.472839
321.422424
322.155792
321.992035
322.790283
322.807129
323.300964
323.219849
323.801819
323.754120
324.206238
324.652710
324.648193
324.820770
325.170319
325.787598
325.809082
325.516327
326.035431
326.274017
326.462585
326.505219
326.826843
326.931824
326.513519
326.992950
327.159027
326.922150
327.009949
327.203918
326.732269
326.872009
327.054688
326.821838
326.682800
326.502563
326.251373
326.490814
326.107727
326.307800
325.886047
325.839081
325.813629
325.436615
325.257629
324.923035
324.622925
324.738556
324.251160
324.127167
323.984558
324.162811
323.252686
323.328156
322.926575
322.975250
322.880432
322.701019
322.252960
322.326996
322.555908
321.790314
321.668793
322.224487
322.300873
322.094879
322.026794
321.458405
322.114716
322.282684
322.041199
322.345856
321.875793
322.364471
322.602753
322.939270
322.955933
323.034912
323.078766
323.473999
323.760834
323.770691
324.342407
323.865509
324.181244
325.261383
325.177185
325.161133
325.555420
325.817810
326.234283
326.380341
326.562347
327.058380
327.140991
327.443878
327.682892
328.002899
328.111267
328.680969
329.255371
328.999146
329.168488
329.345734
329.446838
329.684235
330.003418
330.211700
330.323761
329.962769
330.177155
330.806549
330.329224
330.241028
330.459076
330.563416
330.124908
330.397827
330.278778
330.394745
329.748322
329.853363
329.849030
329.241455
329.699951
329.490082
328.831451
329.038086
328.828339
328.816071
328.882782
327.553162
328.070221
327.467102
327.105927
327.369751
326.967041
327.066925
326.545807
326.712616
325.998291
325.736725
325.580841
325.797150
324.961243
325.236145
325.157776
325.151337
324.555511
325.276794
324.322693
324.291351
324.334564
324.355072
324.154236
324.663147
324.352661
324.341705
324.335724
324.526947
324.781769
324.510559
324.956573
325.258636
325.362793
324.949554
325.735443
325.264740
325.911926
325.936798
326.067535
326.324799
326.670105
327.100372
327.070190
327.728699
327.213806
327.990997
328.074036
328.011017
328.807465
329.110687
329.212433
330.356628
329.879486
330.262207
330.450165
330.289062
330.381042
331.099091
330.916809
331.250366
331.623047
331.420563
331.825287
331.496338
332.101196
332.108124
332.082336
332.122559
332.314484
332.265625
332.449036
331.789642
332.031860
332.173340
332.204559
331.994354
332.138702
331.941528
331.327026
331.456268
331.125244
331.298615
330.716217
331.073578
330.664429
330.312561
330.443634
330.516266
330.385925
329.827576
329.550415
329.463654
328.741333
328.941833
328.800903
328.845459
328.564148
328.356842
328.021179
328.246338
327.930054
327.620148
327.713715
327.758179
327.591949
327.531647
328.006226
327.825226
327.543152
328.308380
327.289520
327.931000
327.693665
328.344635
328.637665
328.377625
328.723419
328.633728
329.287262
329.165192
329.262115
330.014740
330.169891
330.184631
330.465240
330.990173
331.529999
331.066223
331.822174
332.186005
332.779327
332.773682
333.318390
333.303223
333.890930
334.078735
334.633881
334.780304
335.198303
335.384094
335.186249
336.022827
336.076477
336.667633
336.688690
336.732147
337.341309
336.710144
337.415771
337.336578
337.934387
337.535248
337.850586
338.283630
337.739288
337.627747
337.891235
337.796448
337.681793
337.168793
337.667084
337.857178
337.188446
337.324982
337.116699
336.978577
337.028015
336.701050
336.544006
336.480560
336.369843
335.494537
335.804047
335.199677
334.830963
335.368927
334.737152
334.672913
333.779907
333.785034
333.808258
333.182190
333.216644
333.068115
332.869812
332.533203
332.733978
332.164215
332.372742
332.082794
332.395874
331.874084
331.951080
331.903809
332.101746
331.800018
331.656555
331.519501
331.921478
331.622009
332.233704
331.958710
332.212860
332.183655
332.617767
332.622314
333.312561
332.974487
333.295776
333.272247
334.247833
333.872772
333.938751
334.492340
334.647003
334.838104
335.384369
336.076447
336.395386
336.596588
336.760406
337.155792
337.557892
338.005096
338.499786
338.774994
338.733521
339.517151
339.513580
339.676208
339.898499
339.987671
340.468781
340.898499
340.542023
341.359100
341.248260
340.875610
341.225311
341.903992
341.587891
341.670593
342.042023
341.558441
341.744568
341.872375
341.362396
341.718262
341.357635
341.709900
341.713470
341.165436
341.393951
341.041229
340.561340
340.409698
340.065704
339.931152
339.378693
339.161194
339.144592
338.006012
338.574738
338.398956
337.916199
337.580719
337.168060
336.937622
336.711700
335.785400
335.996704
335.879303
335.647491
335.009521
335.284607
334.778992
334.798431
334.601898
334.176788
333.706604
334.229919
333.488678
333.355225
333.400940
333.187561
333.361725
333.034363
332.775421
332.978088
332.745514
333.385010
333.126495
333.071686
333.267395
333.520599
333.174866
333.558533
333.397400
334.071472
334.264435
334.248566
334.401276
334.773560
334.730560
335.131500
335.637817
335.915009
335.835266
336.152679
336.581696
336.698792
337.185822
337.424408
337.704529
337.567535
338.067627
338.086670
338.236755
338.509521
338.459198
338.943848
339.056610
339.343292
339.703156
339.882080
339.634460
340.214081
339.621002
339.656708
340.274780
340.339630
340.102570
340.230896
340.032379
340.023376
340.045319
339.676605
339.917633
339.465546
339.367737
339.399750
339.148895
339.053925
338.909485
338.543549
338.494720
337.975800
338.010803
337.688660
337.256836
337.009735
336.776031
336.980072
336.395844
336.367157
335.603912
335.866486
335.489716
335.377777
335.664948
334.829590
334.837555
334.367615
334.258362
334.248566
334.349152
333.929840
333.850342
333.399384
333.073944
333.661285
333.305817
333.595551
333.215973
333.735046
333.759613
333.370270
333.140839
333.602661
333.416595
333.010437
333.962341
333.770844
334.140564
334.124878
334.515961
334.722229
334.539062
334.744415
334.735107
335.322937
335.387604
335.431732
335.592194
336.289978
335.710175
336.261719
336.729767
336.559692
337.028076
336.598724
337.748810
337.415222
337.180145
337.732269
337.627899
337.588226
337.785706
337.915070
337.989532
337.888977
338.532043
338.300323
338.093475
338.036163
338.108582
337.909119
337.993927
338.315948
337.640350
337.833740
337.285004
337.240753
337.263885
336.707764
336.737640
336.534119
336.231476
335.947723
335.719940
335.534882
335.416901
334.883301
334.666321
334.215790
334.347595
334.367889
333.742828
333.709351
333.141327
332.833069
332.642548
332.627808
332.239532
332.143555
331.904327
331.587219
331.871307
331.470520
331.907227
331.336426
331.121979
330.907776
330.948547
331.197632
331.098114
330.463135
330.763733
331.029724
331.269165
331.061615
331.335480
331.401367
331.219391
331.456268
331.788757
331.847748
331.987854
332.163300
332.377686
332.448242
332.607880
332.687378
333.105286
332.549011
332.972961
333.518890
333.699524
334.101196
334.352539
334.040161
334.806671
335.046783
334.976440
335.147705
335.183258
335.029297
335.500732
335.718414
335.746185
335.695312
335.510101
335.923920
335.459839
335.985718
335.307983
335.470062
335.958038
335.378845
335.017059
335.341827
335.015411
335.019562
334.368103
334.175385
333.920105
334.016998
333.837433
332.996399
332.952881
332.643707
332.565765
332.291016
331.799744
331.973053
331.331970
331.336792
330.606537
330.489136
330.430481
330.436340
329.827484
329.759277
329.128448
329.526093
328.866486
329.182953
328.891174
328.935608
328.699432
328.777222
329.177429
329.357819
329.389374
329.027863
329.553772
329.540710
329.688293
330.265228
330.492096
330.328247
330.639587
331.131805
331.384644
331.765137
332.511078
332.337860
332.708008
333.215210
333.572540
333.918976
333.927063
334.574829
334.734833
335.602325
335.232269
335.358887
336.199066
336.186829
336.256958
336.111359
336.043915
336.194092
335.901947
335.029541
335.175751
334.259125
333.944855
333.329803
332.290710
331.455750
330.661896
328.869354
327.596497
325.553131
324.265472
322.372375
320.198853
317.967499
315.527954
313.412201
310.523010
307.798676
304.823090
302.140747
298.794617
295.078522
291.893005
288.556305
284.518188
280.637421
277.001556
272.639893
268.603394
264.404572
260.164642
256.277069
252.003189
247.914230
243.230026
238.995453
235.040939
230.946442
226.943390
223.134277
219.136444
215.468811
212.145142
208.574173
205.454086
202.481766
199.822739
197.146942
195.072922
192.991776
191.074585
189.466461
188.257858
187.318268
186.529007
185.797394
185.830368

