296.579041
173.421021
173.798706
174.258484
175.311066
176.163010
177.872589
179.401123
181.233536
183.332184
185.796890
187.971268
190.708435
193.533737
196.506958
199.427643
202.872421
206.248764
209.717850
213.380447
217.106506
220.975403
224.286652
228.296082
232.172104
236.028488
239.600861
243.313141
247.130615
250.986832
254.361588
258.055176
261.746246
264.567749
267.920776
271.074982
274.283905
277.298309
279.853638
282.361115
284.977478
287.371338
289.420837
291.448883
293.284576
295.396149
296.607391
298.372894
299.890442
301.035187
302.320587
303.663605
304.565063
304.791809
305.883392
306.272156
306.893951
306.908600
307.556793
307.247253
308.092346
307.562714
307.602600
308.239807
307.909698
307.721924
307.868500
307.361145
307.213257
306.860168
306.704132
306.557281
306.245117
306.008209
305.572784
305.420380
305.337891
305.046082
304.847198
304.867096
304.574707
304.486023
304.276581
304.268036
304.014587
304.073547
304.200653
304.269226
303.637878
304.620667
304.298065
303.846832
304.442200
304.540253
304.689575
304.907410
305.337341
305.628357
305.744781
306.690491
306.123962
306.626373
306.870178
307.228241
307.612854
308.450684
308.845795
308.739044
309.012238
309.700592
310.026520
310.074707
310.507111
310.925690
311.059967
311.104462
311.682281
311.653503
312.444611
312.511017
312.282532
312.819580
313.437836
313.198364
313.405548
313.070465
313.669952
313.605164
313.669922
313.844177
313.633606
313.511383
313.516449
312.822815
313.156433
312.829132
312.945465
312.798737
312.378601
312.124756
312.040527
311.800385
311.439545
311.332458
310.699890
310.962738
310.598816
310.329773
310.031464
309.885071
309.463226
309.577759
309.006439
309.077850
308.798248
308.573944
308.405243
307.986450
307.781647
307.526062
307.427612
307.647003
307.367798
307.258209
307.665955
307.276733
307.092896
307.164337
307.657288
307.517853
307.354797
307.604828
308.291870
308.188904
308.272430
308.391541
308.964691
308.719391
309.142761
309.161102
309.556305
309.564178
310.614471
310.522980
310.755676
311.079437
311.434326
311.733215
312.343597
312.150787
312.844391
313.243073
313.196198
313.806763
314.037140
314.146057
314.881409
315.035950
315.254303
315.489868
315.715088
315.652588
316.764038
316.285797
316.524811
316.959534
317.238800
317.102631
317.084747
317.204437
317.081543
317.171265
317.179871
316.935822
317.068665
316.869629
316.920654
316.867310
316.712616
316.570465
315.936157
316.196289
316.106262
315.886902
315.196869
315.094604
315.090057
314.789185
314.469391
314.161407
314.038483
313.801239
313.263947
313.277100
312.732422
312.663757
312.277008
312.500824
311.714752
311.661011
311.416870
311.226471
310.814575
310.729828
310.530670
310.732025
310.401794
310.554962
310.245758
309.951416
309.862701
309.877075
309.959412
310.081207
309.745422
309.906494
309.663757
309.849213
310.024872
309.837860
309.961212
310.485931
310.597717
310.514008
310.910645
310.935699
311.134827
311.295227
311.496460
311.866364
311.812347
312.529205
312.586273
312.405975
313.312286
314.089447
313.590912
314.402954
314.362305
314.655487
314.780029
315.073792
315.109009
315.395020
316.016724
316.298218
316.640625
316.451416
317.205261
316.918091
317.462494
317.401184
317.263397
317.525970
317.696564
317.578156
318.239471
317.980530
317.943115
317.757385
317.851227
317.855591
317.821991
317.714600
317.240479
317.459869
317.624176
317.459198
317.105011
317.127930
316.592407
316.364929
316.491638
316.219849
315.889587
315.725769
315.772247
315.580139
315.366882
315.023743
314.970337
314.934204
314.376556
313.940857
313.679138
313.715179
313.648132
313.543823
313.378571
313.307556
313.394653
312.931610
312.728333
312.653809
312.995636
312.979828
312.557709
312.749634
312.665497
312.599731
312.551483
312.565216
312.810272
312.920685
312.827881
313.111420
313.463837
313.758728
313.846924
314.095032
314.200684
314.074890
314.442078
314.659119
314.857330
314.780273
315.440826
315.668182
316.014099
316.285828
316.349213
316.799713
317.368744
317.565399
317.681915
317.927612
317.924164
318.659027
319.073792
318.634430
319.154022
319.563843
319.564362
319.837555
319.969269
319.929504
320.601624
321.009064
321.099884
320.903412
321.057434
321.080414
321.213715
321.409790
321.074890
321.504425
321.571381
321.153137
321.654816
321.774933
321.409851
321.293732
321.128967
321.187469
320.836121
320.892975
320.579498
320.770966
320.304199
320.032990
319.745300
320.001007
319.633850
319.643738
319.342194
318.999573
318.897705
319.152069
318.652466
318.421936
318.262085
318.093109
317.601471
317.773621
317.165741
317.279144
316.809357
317.568451
316.677338
316.718231
316.990112
316.937500
316.783630
317.095673
316.587708
316.709076
316.704285
316.838013
317.238983
316.876892
317.327057
317.483643
317.327209
317.626129
317.843628
317.664398
317.788452
318.375244
318.543518
318.662811
319.187958
318.787048
319.602142
319.497223
319.978943
320.185913
320.671326
321.305420
320.835144
321.690857
321.604706
322.121918
322.438904
322.416626
322.978760
323.017548
323.438416
323.444580
323.814667
324.087677
324.177917
324.172791
324.785034
324.771851
324.800629
325.012360
325.267090
325.205750
325.206970
325.908539
326.083679
325.668182
325.699280
325.737488
325.717590
325.819672
325.401581
325.463715
325.773743
325.827332
325.167023
325.558441
325.209778
325.072693
325.194855
325.243286
324.763885
324.734772
324.248016
324.176971
324.701111
324.030823
324.111969
324.100372
323.259979
323.508606
322.848358
322.992767
323.011505
323.275238
322.847137
322.952637
322.940277
322.897125
322.984985
322.588776
322.312469
322.586731
322.623199
323.006042
322.433624
322.516113
322.896729
322.906738
322.965057
323.077728
323.399963
323.207489
323.507324
324.028198
324.346344
324.284241
324.614502
324.659454
325.345520
325.587463
326.145447
326.332306
326.398407
326.643127
327.309509
327.603394
327.976471
328.398254
328.474213
328.987762
329.178986
329.689697
330.186646
330.312592
330.913300
331.584320
331.911163
331.789642
332.334442
332.095642
332.929138
333.158112
333.627686
333.530090
333.882690
334.282837
334.273254
334.832550
334.691864
334.726776
334.911804
334.940277
335.051300
334.871582
335.034515
335.195618
334.902130
335.138855
335.363098
335.202789
335.148285
335.045380
335.430298
335.100922
334.704407
334.781281
334.401947
334.626221
334.413239
333.965485
333.778809
333.391876
333.269501
333.745697
333.151855
333.394226
332.935577
332.950897
332.248322
332.180573
332.625031
332.209412
332.009705
332.120605
331.931549
332.001099
331.799835
331.785065
331.955231
331.560120
331.433655
331.628845
332.024750
332.208191
331.841095
332.133820
331.774841
332.040771
332.136993
332.941223
332.829742
333.496307
333.622742
333.349060
334.149628
334.249603
334.891083
335.353119
335.242706
335.746490
335.898926
336.512512
336.882538
336.790100
337.887329
337.982269
338.123871
338.571960
339.476837
339.565887
339.509583
340.265106
340.875580
341.534332
341.540680
342.023895
342.176086
342.898376
343.104065
342.947083
343.777740
344.000458
344.162262
344.473145
345.243225
344.830414
345.324371
345.367981
345.607697
344.958588
345.734009
345.392456
345.458008
345.274048
345.964935
345.345978
345.440369
345.639709
345.212952
345.066559
344.883911
344.854858
344.837952
344.586151
344.363739
344.045685
344.427704
343.871857
343.405792
343.190033
343.527588
342.890015
342.523956
342.454956
342.212585
341.938293
342.033813
341.260010
341.143372
340.817352
341.164490
340.674835
340.760956
340.194092
340.054291
340.330536
340.127380
339.917572
339.782349
339.394012
339.496735
339.895569
339.868896
339.445618
339.524353
339.456696
339.655060
339.913361
339.880554
340.243713
340.042053
340.203278
340.557068
340.876465
340.751678
341.325928
341.506104
341.209808
341.634705
342.252441
342.532471
342.650452
342.845459
343.755707
343.473999
343.888916
343.799194
345.041992
344.637909
345.327820
345.408203
345.939240
346.256104
346.635559
346.840302
346.838562
347.865631
347.458984
347.496735
347.914032
348.374969
348.109406
348.563843
348.870667
348.553253
349.063660
349.176544
349.056915
349.552429
349.167267
349.320618
349.044678
348.928223
348.896301
349.213013
348.735016
348.605774
348.344788
348.912201
348.571533
348.245972
348.385773
347.933228
348.049683
347.464935
347.168732
347.092346
346.822083
346.785400
346.684052
346.551422
346.081085
345.659424
346.025360
345.550201
345.317169
345.066376
344.753387
345.345795
345.275665
344.907227
344.629211
344.548218
344.648071
344.323547
344.338043
343.777344
343.658173
344.263458
344.038483
344.321533
343.739990
343.840912
344.483185
344.216522
344.253113
344.430817
344.582336
344.796753
344.934326
344.584930
345.115906
345.488312
345.610443
345.598114
345.788391
346.559113
346.358215
346.442871
346.730347
346.969849
347.518188
347.776703
347.567841
348.223297
348.188904
348.566345
348.807404
348.895538
349.331116
349.531158
349.433838
349.569397
350.141815
349.934540
350.056641
350.307068
350.069458
350.160095
349.878143
350.238434
350.508575
350.311523
350.178925
350.414276
350.141205
350.180054
349.773682
349.622406
349.248016
349.540833
349.430206
349.419647
349.157166
348.600647
348.226471
348.590332
348.257599
348.385803
347.987396
347.642395
347.331055
347.262787
346.838348
346.897125
346.469025
346.208069
345.776886
345.669830
345.088684
345.237823
345.001404
344.895325
344.515076
345.160095
344.450806
344.653320
344.532013
344.431580
343.901184
344.073700
343.930634
344.006989
343.775635
344.060944
344.322327
344.380981
344.091125
344.205933
344.662781
344.621460
344.429779
344.794128
345.201965
345.263641
345.394836
345.664551
345.808472
345.907898
346.408356
346.549622
346.736420
346.703400
347.440948
347.726898
347.338593
347.762573
348.273956
348.451294
348.460358
348.763428
348.839081
348.642212
349.099060
349.258514
349.277496
349.048981
349.231720
349.549683
349.302948
349.331482
349.653137
349.799347
349.367188
349.384369
349.741180
349.188721
348.640808
348.900085
348.603302
348.440308
348.099823
347.891663
347.832550
347.876617
347.528870
347.009644
346.380157
346.543671
346.219147
346.110321
345.526245
345.302979
345.083466
344.983612
344.556915
344.118530
343.937347
343.727295
343.711700
343.589966
343.427460
343.212036
343.364441
343.107300
342.950256
343.013489
343.140411
342.790039
343.062683
343.100006
343.324280
343.606506
343.695496
343.908112
343.983643
344.022797
344.009766
345.285889
345.298187
345.350555
346.281067
346.282562
346.919098
347.233582
347.535828
347.908966
348.077423
348.672974
349.384918
349.495972
349.825409
349.905243
350.342987
350.438202
350.763153
350.866669
350.937347
350.821106
350.272217
350.321381
349.838409
349.661438
349.549164
348.336578
347.924683
347.092834
346.061737
344.970306
343.324615
342.168121
340.488892
338.247742
336.607025
334.552277
332.478058
329.973206
327.712646
324.538788
321.559540
318.755188
314.919678
311.538605
307.936890
304.687836
301.206879
296.644135
293.084045
288.282318
284.882355
280.417206
275.999542
271.494324
266.822754
262.727631
257.956177
253.589630
249.375076
245.259521
240.772766
236.249939
232.070450
228.549423
224.536469
221.112350
217.725006
214.191864
210.809814
208.315567
205.507828
203.017792
200.774734
198.751984
197.270599
195.950256
195.058380
193.983810
193.559357
193.706299

292.742035
173.257309
173.626221
174.105698
175.155075
176.010254
177.750641
179.259949
181.089890
183.222382
185.674179
187.865280
190.608948
193.438065
196.443588
199.366653
202.853806
206.242035
209.737106
213.395554
217.145111
221.022385
224.365204
228.433365
232.298645
236.181503
239.777618
243.523712
247.340790
251.252228
254.650894
258.381287
262.100708
264.899811
268.315796
271.519165
274.736115
277.783875
280.364044
282.896637
285.561707
287.982910
290.055756
292.093475
293.940338
296.126617
297.358582
299.168762
300.697784
301.892914
303.182404
304.553528
305.483704
305.768646
306.878082
307.272217
307.900543
307.962250
308.671661
308.377075
309.225555
308.724335
308.753754
309.467804
309.148987
308.959076
309.176178
308.665405
308.528381
308.166290
308.035461
307.911102
307.600037
307.398315
306.967224
306.839844
306.759918
306.496643
306.287292
306.308411
305.996277
305.950378
305.750702
305.742676
305.466827
305.537567
305.689606
305.725464
305.093109
306.092102
305.765564
305.332367
305.892517
305.968292
306.137665
306.330109
306.761200
307.050446
307.157990
308.075531
307.518463
308.003601
308.235382
308.546295
308.915985
309.756531
310.108887
310.003418
310.230347
310.917877
311.226746
311.218292
311.652161
312.033508
312.175171
312.152527
312.702942
312.669342
313.448608
313.496216
313.232605
313.690735
314.320587
314.056213
314.251251
313.845825
314.422211
314.342499
314.363312
314.495331
314.281708
314.111542
314.068817
313.358704
313.664520
313.314362
313.380096
313.212219
312.771362
312.476196
312.371063
312.074921
311.711975
311.576843
310.942139
311.141113
310.749908
310.460083
310.163849
309.956757
309.489227
309.577240
308.994904
309.028900
308.731140
308.518188
308.280487
307.866821
307.635315
307.346497
307.253052
307.417572
307.135864
307.018677
307.394196
306.958588
306.799347
306.830963
307.283936
307.168121
306.993500
307.210297
307.882599
307.772766
307.851868
307.946686
308.505310
308.227936
308.661835
308.681915
309.075806
309.060638
310.121216
310.015350
310.215942
310.566162
310.917786
311.205536
311.818054
311.619751
312.307251
312.727875
312.661011
313.285431
313.526031
313.633484
314.353760
314.532043
314.769073
314.970673
315.199738
315.171112
316.263397
315.811096
316.049713
316.485931
316.785400
316.657379
316.663208
316.792114
316.688934
316.748291
316.774048
316.506561
316.682343
316.513733
316.576721
316.500671
316.410980
316.259796
315.635651
315.905426
315.826355
315.672333
314.989563
314.887329
314.921661
314.620056
314.327454
314.043213
313.984680
313.706787
313.184326
313.189667
312.661438
312.636078
312.269135
312.547577
311.759399
311.721893
311.494995
311.353119
310.932434
310.855347
310.691345
310.929474
310.628143
310.796631
310.512726
310.215240
310.159821
310.195007
310.304993
310.462952
310.130310
310.344788
310.134003
310.311432
310.520721
310.344543
310.511993
311.043945
311.221680
311.136383
311.560760
311.618439
311.866547
311.986969
312.262787
312.633179
312.584717
313.371063
313.465454
313.306732
314.222168
315.030762
314.602600
315.422119
315.359314
315.740417
315.836426
316.178101
316.269775
316.578125
317.201263
317.543915
317.881104
317.699554
318.503143
318.225616
318.847046
318.826569
318.700592
318.958527
319.172607
319.038788
319.771698
319.529541
319.545135
319.384583
319.454895
319.492279
319.518127
319.432861
318.986572
319.201813
319.408203
319.268555
318.962189
318.993317
318.447937
318.270081
318.404541
318.137024
317.880951
317.734741
317.814423
317.562439
317.426697
317.111298
317.063538
317.053925
316.479187
316.095490
315.813385
315.869080
315.827301
315.677887
315.595978
315.513824
315.681610
315.145294
314.952209
314.872955
315.261475
315.276611
314.838043
315.047272
315.016571
314.941559
314.872314
314.911835
315.142212
315.257111
315.262299
315.461670
315.754303
316.103668
316.244324
316.465698
316.495331
316.390991
316.797791
316.993469
317.199249
317.132324
317.738159
317.963379
318.276855
318.557556
318.600281
319.078979
319.598724
319.770142
319.910461
320.060028
320.051758
320.780518
321.173889
320.716705
321.236572
321.590820
321.626312
321.875671
321.995239
321.912415
322.545135
322.949280
323.000275
322.794983
322.898346
322.959656
323.062225
323.211548
322.861176
323.223480
323.322571
322.827850
323.306580
323.309509
322.996826
322.875885
322.654602
322.678955
322.304749
322.329651
321.988647
322.113525
321.617584
321.353668
321.013336
321.196747
320.833923
320.812012
320.457153
320.060425
319.960999
320.201477
319.685333
319.350433
319.189331
318.962982
318.477478
318.577484
317.924133
318.074615
317.518524
318.228088
317.302277
317.326508
317.603821
317.547119
317.326843
317.652985
317.041077
317.179138
317.150787
317.257599
317.599243
317.243683
317.662903
317.798828
317.620453
317.905304
318.078827
317.901520
317.958557
318.568756
318.687531
318.792633
319.323334
318.864899
319.697815
319.566406
319.985199
320.207977
320.709351
321.291199
320.781372
321.655731
321.530914
322.057770
322.364349
322.347351
322.855743
322.901642
323.290070
323.302032
323.692902
323.931824
324.025970
323.994446
324.589325
324.583160
324.619110
324.787750
325.054657
325.007263
325.033508
325.655273
325.866364
325.433716
325.481201
325.526123
325.523193
325.590607
325.179504
325.237274
325.524841
325.610352
324.928589
325.328613
324.984039
324.853699
324.996185
325.021576
324.564453
324.527466
324.043701
323.977173
324.490417
323.852203
323.920227
323.900787
323.091461
323.346130
322.700958
322.797302
322.838654
323.110657
322.673584
322.817017
322.797699
322.731140
322.818207
322.453552
322.182159
322.461365
322.491943
322.870056
322.326294
322.421814
322.738464
322.793304
322.875488
322.997498
323.286560
323.094269
323.418396
323.946228
324.246643
324.200958
324.548523
324.587219
325.272736
325.531799
326.066132
326.273163
326.334473
326.564789
327.243256
327.529907
327.899384
328.352142
328.406494
328.926422
329.069824
329.603912
330.097778
330.242615
330.859222
331.501190
331.839172
331.710968
332.274170
332.013489
332.850006
333.073364
333.550842
333.456207
333.789337
334.173035
334.190521
334.728149
334.563324
334.608246
334.817780
334.836456
334.938690
334.715973
334.912811
335.059204
334.759979
335.019348
335.221069
335.057495
334.989258
334.900665
335.274536
334.941315
334.525696
334.627289
334.200989
334.448639
334.225433
333.780029
333.617798
333.194733
333.047455
333.539856
332.958191
333.201691
332.720825
332.746033
332.036011
331.970764
332.393311
331.979126
331.783203
331.893280
331.692474
331.744873
331.550354
331.527740
331.701172
331.304169
331.145599
331.361542
331.773926
331.950470
331.573608
331.874451
331.514404
331.764160
331.851227
332.662506
332.577698
333.209259
333.329315
333.062561
333.870911
333.976868
334.622192
335.044556
334.966827
335.455719
335.612457
336.252045
336.572479
336.499542
337.587555
337.662079
337.819733
338.278290
339.178589
339.295227
339.209412
339.991852
340.567566
341.227386
341.249664
341.759003
341.884796
342.604218
342.803406
342.651245
343.496399
343.733704
343.869751
344.185333
344.966736
344.528076
345.081879
345.065552
345.371521
344.682556
345.464264
345.132904
345.183411
345.044067
345.650543
345.078827
345.165405
345.347290
344.930450
344.791412
344.583282
344.615845
344.558044
344.328644
344.124176
343.772736
344.158081
343.600525
343.115662
342.895142
343.275024
342.658875
342.250122
342.189209
341.952972
341.725403
341.779510
341.013916
340.891632
340.609619
340.885406
340.420776
340.508820
339.947021
339.847473
340.128845
339.884979
339.701782
339.574463
339.149323
339.254547
339.676727
339.630493
339.253601
339.341736
339.216980
339.443909
339.686157
339.639343
340.014465
339.823700
339.970795
340.333893
340.691040
340.514832
341.107147
341.294983
340.993805
341.430511
342.015747
342.331116
342.435883
342.674347
343.513458
343.313416
343.711182
343.589600
344.801086
344.450348
345.132660
345.203003
345.750519
346.059814
346.429047
346.624939
346.636139
347.674744
347.286011
347.266235
347.722626
348.187531
347.898315
348.376892
348.721710
348.408264
348.900055
349.002716
348.930664
349.370422
349.045349
349.160889
348.873993
348.776184
348.730713
349.049255
348.605621
348.457642
348.217072
348.762299
348.432037
348.108978
348.297913
347.805084
347.898224
347.326569
347.024933
346.987396
346.682068
346.678192
346.583252
346.444366
345.959961
345.553375
345.903351
345.424927
345.226562
344.989410
344.662079
345.255219
345.177826
344.833252
344.562653
344.475891
344.577606
344.245819
344.253357
343.710388
343.591156
344.191895
343.973267
344.254639
343.684906
343.780762
344.423157
344.157593
344.199707
344.380920
344.564392
344.756592
344.897797
344.562653
345.097443
345.449493
345.580658
345.551361
345.746246
346.518341
346.311890
346.428253
346.725006
346.962402
347.485931
347.735687
347.559509
348.214264
348.164520
348.551819
348.771332
348.864899
349.293915
349.523224
349.393219
349.555725
350.138489
349.911194
350.002258
350.304901
350.052551
350.156281
349.885376
350.231873
350.484833
350.288330
350.183960
350.401154
350.141937
350.155273
349.753937
349.627319
349.247986
349.532501
349.403381
349.424072
349.128204
348.590302
348.227661
348.569580
348.249207
348.378448
347.972595
347.623596
347.340118
347.254211
346.816010
346.883942
346.464630
346.209503
345.772705
345.670959
345.091827
345.210510
345.014862
344.908264
344.504395
345.150513
344.461517
344.649780
344.525543
344.406830
343.870514
344.077515
343.915283
344.022858
343.782898
344.047394
344.301605
344.378693
344.077759
344.175690
344.665192
344.615601
344.403717
344.802460
345.190216
345.256897
345.378723
345.675232
345.820892
345.906982
346.400940
346.521515
346.726379
346.701660
347.452148
347.709564
347.344025
347.755768
348.275726
348.452057
348.477783
348.760101
348.847198
348.635498
349.104736
349.255859
349.273346
349.055603
349.217529
349.583710
349.303345
349.367340
349.634979
349.781372
349.375427
349.399109
349.721649
349.186890
348.661438
348.912140
348.628296
348.462311
348.154633
347.902100
347.831940
347.910278
347.565857
347.052490
346.413147
346.578217
346.261047
346.131470
345.546967
345.319214
345.132446
345.009949
344.604004
344.189423
343.973267
343.762878
343.743073
343.639496
343.477051
343.235474
343.434662
343.176086
342.983337
343.075958
343.225616
342.839691
343.145081
343.202484
343.407990
343.712372
343.788818
343.997986
344.063293
344.134186
344.101471
345.378143
345.396088
345.439697
346.376434
346.399048
347.041840
347.358215
347.671936
348.039520
348.224976
348.803131
349.521362
349.616577
349.959015
350.064636
350.486206
350.579803
350.927399
351.023773
351.082336
350.955505
350.432922
350.495026
350.001923
349.851471
349.714447
348.519653
348.099915
347.253845
346.263458
345.183075
343.533813
342.369354
340.679901
338.436707
336.813293
334.739990
332.682861
330.182129
327.933685
324.769836
321.801361
318.976868
315.152527
311.782654
308.166382
304.932556
301.476318
296.895752
293.326660
288.551300
285.137238
280.658661
276.289398
271.769501
267.078278
262.976868
258.236725
253.870514
249.665909
245.517197
241.036957
236.518707
232.344223
228.833984
224.804733
221.377457
218.000351
214.467270
211.102798
208.583389
205.807465
203.309937
201.072510
199.027557
197.558563
196.241501
195.351898
194.282928
193.838730
194.135620

218.457260
184.751144
185.115448
185.844345
187.208130
188.078659
189.907883
191.559372
193.345993
195.566467
197.933334
200.651566
203.702072
206.514175
209.779007
213.301849
216.560150
219.936279
224.107147
227.969437
231.596191
235.499146
239.989380
243.624878
247.851654
251.856232
255.596878
259.986206
263.770935
267.798462
271.136353
275.239716
278.972656
282.428833
285.956207
289.039215
292.585480
295.744141
298.311951
301.362183
303.979797
306.135468
308.537415
310.600159
312.811584
314.554108
316.396118
317.582733
319.546234
320.672455
321.898651
322.982300
323.712006
324.593201
325.259369
325.537628
326.071533
326.147919
326.275055
326.929413
326.993805
327.211029
326.905121
326.834686
326.474365
326.416412
325.773560
326.033539
325.627594
325.728668
324.953430
324.697021
324.455963
324.014008
323.827515
323.351562
323.557343
322.800842
322.932892
322.679779
322.021149
321.553436
321.668610
321.734253
321.387817
321.440979
321.159943
321.090881
320.846558
321.312927
320.772095
321.237061
320.985840
321.947021
321.540436
321.597534
322.129517
322.047302
322.648163
322.823242
322.769836
323.390411
323.321960
323.709930
323.994415
324.238617
324.795715
325.122223
325.092407
325.555908
325.869415
326.245361
326.357513
326.564087
327.278748
327.272736
327.366333
327.893066
327.811188
328.376221
328.107544
328.563599
328.519989
328.334106
328.750763
328.412170
328.409912
328.885254
328.592346
328.912048
328.720276
328.485199
328.496002
327.871521
328.184174
328.003510
327.631531
327.426331
326.905823
326.707642
326.213562
326.296112
325.904419
325.952087
325.322876
324.996948
324.787018
325.129211
323.973816
323.811310
323.315033
322.912689
323.036316
322.573334
322.039093
321.757568
321.733398
321.516785
321.267487
321.087372
320.862823
321.126953
320.661682
320.748779
320.772949
320.208008
320.639923
320.531616
320.408051
320.751038
320.637085
320.417389
320.480225
320.441437
320.817352
321.175140
321.344208
321.431396
321.508850
322.266449
322.346924
322.266327
323.104370
323.288879
323.307617
323.530853
324.017639
324.307129
324.261322
324.762512
325.109222
325.569397
325.542084
326.025146
326.310791
327.045593
327.108734
327.101440
327.542694
327.556305
327.829956
328.204559
328.396667
328.500793
328.747101
328.752533
328.644958
328.525330
328.598938
328.868683
329.299133
328.736176
329.036194
328.764832
328.764465
328.335480
328.390198
327.855042
327.967743
327.618683
327.803040
327.695099
327.446930
327.054626
327.036865
327.027252
325.848328
325.849915
325.594482
325.714569
324.670105
324.324646
324.405060
323.590546
323.651306
323.566956
323.148895
322.739380
321.988342
322.068726
321.967743
321.841431
321.382080
321.237488
320.700287
321.129211
320.261902
320.598969
320.041656
319.874084
320.074249
319.870300
320.028625
319.630707
319.559753
319.608307
320.091644
319.862213
320.275085
319.797699
319.862030
320.594635
320.335114
320.429596
320.716431
320.641785
321.004028
321.294556
321.327393
321.889923
321.771667
321.949890
322.536346
322.958923
323.014038
323.149323
323.210907
323.834839
323.754303
324.229156
324.619202
324.710480
325.122040
325.262024
325.453735
325.711121
325.910400
326.235474
326.013947
325.900299
326.715271
326.644196
327.016205
326.421356
326.644287
327.069702
326.761993
326.931244
326.828857
327.613647
326.673340
327.389252
326.877441
326.707397
326.191040
326.696472
326.441681
326.152008
325.912384
326.016693
325.799042
325.553223
325.171783
324.982758
325.056915
324.080475
324.009369
324.267181
323.847626
323.575928
322.994873
323.114807
322.674774
323.297333
322.432983
322.312012
321.940979
321.792206
321.458435
321.423248
321.165894
320.691406
320.922546
321.104034
320.883362
321.192749
320.431946
320.676849
320.465118
320.987549
320.620300
320.800293
320.873627
320.718628
320.987579
320.867859
320.577759
321.175537
321.882111
321.421356
321.801331
322.063080
322.115387
322.669281
322.788574
322.704193
322.633331
323.105988
323.588562
323.997528
323.885986
324.177826
325.055664
324.686951
325.650055
325.543335
326.025116
325.737152
326.334747
326.498535
326.633820
326.950897
327.281403
327.731293
327.384125
327.746429
327.790100
328.190979
328.227509
328.154144
328.579376
328.522095
328.455750
328.500977
328.542664
328.851929
328.639221
328.151581
328.611145
328.470551
328.411224
328.571899
328.345886
328.213470
327.846252
327.894440
327.341705
327.473572
327.503845
326.996033
326.667389
326.513184
326.154144
326.014496
325.932953
325.837372
325.258026
325.045746
325.140839
324.724884
324.623566
324.086578
324.049957
323.704285
323.828522
323.778229
323.712708
323.261261
323.330444
323.268036
322.692078
323.127625
322.915100
322.722076
322.721558
322.834351
322.799957
323.127502
323.084778
322.816376
322.701721
323.236603
323.259125
323.066895
323.538940
323.707336
323.373199
324.238098
324.070526
324.570068
324.661316
324.625122
324.973511
324.838928
325.449860
325.514709
325.957031
326.336914
326.560059
326.465332
327.135132
326.897644
327.346771
327.271515
327.987213
327.993103
328.625610
328.900665
329.123901
328.788177
329.471100
329.375793
329.544556
329.403320
330.209900
330.162842
330.432007
330.145599
329.992188
330.427948
330.215302
330.184601
330.210663
330.747650
330.487915
330.268341
330.212219
330.177307
330.051941
329.960297
329.715454
330.158722
329.396729
329.552002
329.427094
328.416687
328.796997
328.724304
328.866119
328.551819
328.101501
327.924530
327.956421
327.591370
327.402405
326.812836
327.161407
326.721344
326.827087
326.692261
326.265991
326.030762
326.233978
325.910187
325.736023
325.464752
326.052155
325.707245
325.976013
325.731354
325.943542
325.657043
326.615143
325.936310
325.692261
325.962341
326.182037
326.365417
326.271729
326.588745
326.531616
327.113800
326.926117
327.304443
327.475922
328.101013
327.840637
328.392944
328.441772
328.874512
328.976318
329.717285
329.877991
329.906067
330.449463
330.620758
331.319733
331.363373
331.802460
332.099182
332.504913
332.516266
332.825470
333.241180
333.308472
333.922333
334.445129
334.297058
334.649414
334.920135
334.570099
335.147400
335.095123
334.925232
335.560486
335.786987
335.455048
335.576447
335.197418
335.280304
335.634216
334.979248
335.693909
335.529694
335.684814
334.956848
335.138062
335.167542
335.080505
334.683838
334.423676
334.526917
334.115021
334.097198
333.876862
333.601776
333.563141
333.648071
332.510223
332.444733
332.269684
332.158691
332.006287
331.966034
331.432709
331.427460
331.224121
330.729736
330.716034
331.180786
330.207214
330.289978
330.009705
329.679840
330.113129
329.710815
329.885071
330.010071
329.781189
329.708130
329.720947
329.820953
329.738220
329.856934
330.178528
330.210785
330.478668
330.687408
330.963196
331.184143
330.868561
331.469849
331.687653
332.192108
332.203827
332.547272
333.084717
333.482086
333.697571
334.287811
334.038116
335.171234
334.848145
335.036377
335.474213
336.025330
336.386292
336.859985
336.991547
337.264160
337.635010
337.991119
337.766235
338.777954
338.730316
339.344727
339.067322
339.767151
339.576538
339.970642
339.702667
340.310730
340.471344
340.608459
340.447205
340.411041
340.548767
340.950867
341.081970
340.759064
340.578613
340.382599
340.227753
340.343689
339.717957
339.865723
339.707245
339.448975
339.200653
338.800415
339.252167
338.796448
338.374817
338.023010
337.708893
337.664062
337.299011
336.875427
336.451599
335.850861
335.942902
336.089020
335.466248
335.221771
334.986603
334.781372
334.806061
334.422852
333.811676
333.698547
333.180023
333.296783
333.032806
333.279846
332.728485
332.770355
332.623657
333.033661
332.900177
332.582214
332.406921
332.464752
332.169525
332.372528
332.818512
332.590637
332.686890
333.088470
333.128296
333.302765
333.384277
333.131165
333.759460
333.976288
334.289185
334.387177
334.749756
335.021698
335.369965
335.787292
335.499695
336.273743
335.989349
336.658447
336.312622
336.898102
337.247162
337.500275
337.361450
337.902222
338.579803
338.541504
338.707825
338.989044
338.830841
339.264313
339.830017
339.477814
339.584442
339.812073
340.062927
339.935577
340.102478
339.780457
340.428467
340.078583
340.162872
339.979126
339.895630
340.044525
339.609314
339.899231
339.535156
339.475616
339.331604
339.179871
339.288544
338.827057
338.590485
338.475067
337.865662
337.722015
337.650055
337.708160
337.379150
336.996704
337.041504
336.966156
335.923737
336.112488
335.859985
335.693939
335.409851
335.054077
334.666748
334.755066
334.581482
334.889862
334.666565
334.156372
333.898041
334.118164
333.814453
333.750000
334.192291
333.756104
334.126312
333.773834
333.822906
333.792633
334.046753
334.264923
334.155731
334.120148
334.639526
334.774750
334.796906
334.619781
334.825348
334.597015
335.322815
335.382874
335.494171
335.371613
336.128204
336.368225
336.465118
336.630554
336.791412
336.921265
337.349823
337.282104
337.469696
338.311829
338.173553
338.185730
338.701141
338.469177
338.701508
338.915649
338.614319
338.891541
339.336853
339.846283
338.899445
339.151886
339.308807
339.605042
339.155029
339.178070
338.708435
339.091187
338.896576
338.850891
338.521851
338.497681
337.858704
337.920624
338.146454
337.642242
338.234955
337.186035
337.176849
336.765228
337.180481
336.342560
336.153748
336.037048
335.832916
335.378052
335.263641
334.857361
334.672119
334.743225
334.351929
334.315491
334.138245
333.961212
333.675476
333.617981
333.127136
332.868011
333.013336
333.195312
332.868347
333.164398
332.371094
332.915497
332.582062
333.028473
332.639679
332.493683
332.708130
332.936035
332.874634
333.115845
333.310608
333.613831
333.221161
333.262054
334.150330
333.846954
334.005737
334.201080
334.408600
334.850616
334.760803
334.836121
334.998627
335.774689
335.901978
336.207184
336.201447
336.070068
336.813538
336.407623
336.937744
336.916229
336.722107
337.521973
337.379242
337.426086
337.501831
337.401428
337.904510
337.605316
337.616516
337.890228
337.493896
337.439423
337.376587
337.412750
337.418304
336.899048
336.611755
336.957062
336.695801
336.445618
336.234619
335.844391
335.682526
335.375702
335.258606
335.021698
334.718170
334.598328
333.916595
333.691681
333.054565
333.356812
333.253998
332.763367
332.108307
332.089844
331.989014
332.082306
331.790619
331.795807
331.184814
331.019958
331.441589
331.098328
330.931091
331.503571
330.845459
331.352417
330.883850
331.368134
331.526276
331.664307
331.896027
332.131958
332.321289
332.661896
332.632202
333.728851
333.589905
333.394043
334.309906
334.779602
335.499084
334.937042
335.794434
335.783661
336.449127
336.942688
337.239166
337.564789
337.530823
337.690704
338.165588
337.917603
338.191986
337.921570
337.950928
337.565613
337.711792
337.723480
337.200775
336.393646
335.948547
334.969391
334.539032
333.122314
332.412140
331.221680
329.332550
327.716583
325.972961
324.439941
322.577820
320.128326
318.070709
315.206940
312.300201
309.914917
306.532623
303.712189
300.329956
296.802246
293.436310
289.653076
286.140320
282.527679
278.345001
274.426971
269.870270
266.048065
261.496216
257.205170
253.073456
249.074020
244.363144
240.459686
235.991699
231.826080
227.853973
223.674866
220.339523
216.391296
212.954987
209.512711
206.501541
203.419800
200.541550
197.898071
195.778107
193.595657
191.759903
190.352234
189.095627
188.077042
187.342728
186.908646
186.710922

220.700928
184.904144
185.238785
185.971375
187.372375
188.222107
190.060944
191.731140
193.511902
195.716949
198.102509
200.810333
203.875885
206.678329
209.970581
213.507462
216.733002
220.130630
224.316559
228.151642
231.785416
235.714966
240.214828
243.828720
248.056152
252.065094
255.846863
260.234650
264.025146
268.045746
271.391724
275.495148
279.201508
282.726593
286.235291
289.323883
292.873779
296.055786
298.631714
301.697937
304.298889
306.446625
308.889740
310.963074
313.145325
314.921387
316.787384
317.965881
319.911316
321.042328
322.292053
323.364105
324.128265
324.991089
325.673431
325.943207
326.455322
326.567078
326.685913
327.327606
327.435364
327.590363
327.341675
327.233032
326.924225
326.861176
326.245911
326.505951
326.075226
326.172577
325.423309
325.137939
324.872375
324.441864
324.279236
323.812683
323.967682
323.192932
323.365051
323.093079
322.424255
321.981842
322.081085
322.129578
321.756653
321.834473
321.585999
321.476746
321.221405
321.725128
321.143433
321.628082
321.371887
322.315063
321.871613
321.965027
322.451202
322.391449
322.991394
323.166107
323.094879
323.649689
323.630737
324.003571
324.302460
324.482269
325.082520
325.396332
325.377686
325.816162
326.115326
326.496521
326.608429
326.771790
327.482391
327.493439
327.619598
328.087341
328.024200
328.570435
328.288452
328.756897
328.699738
328.524628
328.892731
328.605377
328.529480
329.039581
328.691162
329.055634
328.876709
328.662933
328.656677
327.990570
328.314789
328.140625
327.729187
327.562286
327.038879
326.821320
326.365417
326.431519
326.058960
326.029663
325.428772
325.088837
324.913879
325.226715
324.078796
323.972839
323.430817
323.017426
323.204071
322.680267
322.167786
321.899475
321.895721
321.689819
321.456299
321.240021
321.072632
321.331329
320.827820
320.920593
320.959045
320.426025
320.841431
320.717865
320.647369
320.989136
320.848846
320.624847
320.718536
320.707092
321.070496
321.448669
321.576569
321.709229
321.796753
322.594055
322.644745
322.598083
323.399689
323.624023
323.628326
323.892670
324.362823
324.665039
324.612823
325.122070
325.514526
325.944824
325.955811
326.437897
326.711548
327.441895
327.495514
327.484528
327.944824
327.952026
328.256104
328.619019
328.820343
328.947113
329.171509
329.169983
329.086639
328.955902
329.038361
329.298553
329.756592
329.161926
329.475647
329.206970
329.220062
328.761566
328.837372
328.279968
328.384674
328.034729
328.231659
328.126831
327.886688
327.464447
327.442719
327.449280
326.268036
326.246216
326.008911
326.095001
325.080841
324.693573
324.773407
323.954529
324.011719
323.915131
323.494110
323.086365
322.328735
322.406616
322.254669
322.115875
321.678528
321.533051
320.977356
321.407654
320.555573
320.866241
320.299713
320.108154
320.295685
320.091522
320.266296
319.839813
319.749695
319.790314
320.203979
320.035553
320.428070
319.927643
320.037048
320.725281
320.499908
320.567841
320.849548
320.747864
321.128601
321.404175
321.437073
321.989960
321.854004
322.028381
322.615387
323.020508
323.081543
323.232666
323.280365
323.903931
323.819305
324.286560
324.662750
324.764893
325.186127
325.316040
325.508911
325.773132
325.968689
326.288391
326.066193
325.922791
326.774628
326.713379
327.067291
326.464966
326.694458
327.122498
326.812958
326.982025
326.914307
327.683533
326.748169
327.470306
326.956390
326.797272
326.277954
326.791351
326.526123
326.274200
326.023407
326.129425
325.929596
325.663055
325.320984
325.103760
325.217010
324.233337
324.148163
324.437500
324.026367
323.761505
323.190796
323.317902
322.861755
323.507965
322.656616
322.498199
322.142059
322.059265
321.680969
321.678833
321.418396
320.944824
321.176788
321.368042
321.154480
321.469025
320.702362
320.960693
320.757751
321.291260
320.884918
321.073364
321.152069
321.042786
321.304382
321.172546
320.907410
321.474182
322.205780
321.758728
322.130707
322.353668
322.411469
322.978210
323.104584
323.040558
322.950317
323.424805
323.899017
324.309998
324.187103
324.458496
325.339081
324.978241
325.905975
325.842896
326.282166
326.008514
326.615814
326.775787
326.886108
327.191589
327.513245
327.939911
327.590790
327.955444
327.992401
328.399200
328.421082
328.335693
328.753235
328.681061
328.607697
328.634979
328.649811
329.002960
328.762726
328.264465
328.686279
328.571167
328.504822
328.615875
328.397919
328.250397
327.890533
327.923004
327.345551
327.466827
327.512360
327.002045
326.635468
326.472839
326.123047
325.986847
325.876526
325.761292
325.185303
324.963928
325.060242
324.636383
324.525146
323.973236
323.929596
323.580902
323.692383
323.643311
323.569305
323.104095
323.177673
323.101257
322.509552
322.962494
322.740021
322.544617
322.534729
322.646637
322.606171
322.927582
322.865723
322.644592
322.484711
323.033447
323.057617
322.866608
323.304932
323.493988
323.164520
324.030640
323.877930
324.371735
324.473114
324.431091
324.781647
324.656158
325.260895
325.344147
325.784851
326.173035
326.375092
326.328278
326.984344
326.773438
327.231018
327.158813
327.868469
327.889801
328.530212
328.803436
329.059998
328.726929
329.410217
329.343170
329.530151
329.373962
330.218872
330.187042
330.445221
330.122833
330.004364
330.444672
330.268982
330.263763
330.268097
330.811218
330.584503
330.352112
330.331238
330.297546
330.205414
330.125275
329.864868
330.347046
329.570892
329.776276
329.651886
328.638489
329.017303
328.962189
329.086761
328.801239
328.366455
328.179413
328.225006
327.909912
327.704468
327.126282
327.455109
327.070801
327.181152
327.038483
326.602997
326.345917
326.592285
326.315216
326.118591
325.847321
326.448364
326.068787
326.338043
326.130402
326.343292
326.071503
326.453949
326.323730
326.061035
326.359161
326.563049
326.790009
326.650940
327.012665
326.922272
327.485046
327.326660
327.697083
327.891266
328.530029
328.241028
328.746002
328.846680
329.284668
329.350189
330.073944
330.278931
330.281738
330.806305
330.962921
331.666199
331.743988
332.146057
332.384247
332.816742
332.846375
333.109009
333.542511
333.571655
334.221161
334.729156
334.565002
334.879059
335.166229
334.798126
335.403870
335.255798
335.125366
335.728027
335.973358
335.599457
335.729553
335.343353
335.418884
335.778381
335.104248
335.820953
335.644806
335.774323
335.044159
335.190491
335.196838
335.123016
334.715881
334.453003
334.525696
334.150482
334.103821
333.878143
333.556061
333.514557
333.606445
332.473114
332.408386
332.193817
332.062134
331.928284
331.856110
331.326324
331.298370
331.101929
330.602417
330.574615
331.029510
330.072510
330.114655
329.864258
329.504181
329.954712
329.520782
329.690918
329.819916
329.562469
329.495148
329.461517
329.614136
329.498932
329.617798
329.932190
329.956512
330.218811
330.430664
330.699463
330.927643
330.578522
331.198395
331.408264
331.905426
331.923767
332.262390
332.805695
333.164124
333.388672
333.983032
333.716675
334.838562
334.529205
334.683655
335.151245
335.682098
336.044098
336.533875
336.638153
336.905640
337.312012
337.663757
337.434143
338.437164
338.377258
338.993927
338.736725
339.407043
339.224091
339.612518
339.362885
339.949402
340.111115
340.238464
340.081085
340.056152
340.211578
340.574066
340.725769
340.396912
340.218201
340.031372
339.889618
339.972198
339.380493
339.492340
339.343262
339.117523
338.825470
338.454010
338.892670
338.434357
338.028625
337.703796
337.359161
337.337524
336.992889
336.551636
336.112213
335.500671
335.618042
335.747589
335.135071
334.878204
334.698456
334.470703
334.510040
334.099396
333.491913
333.373871
332.832245
332.995514
332.732544
332.996674
332.401337
332.482727
332.363312
332.718658
332.624878
332.279175
332.107452
332.193359
331.921448
332.156342
332.560120
332.349518
332.453461
332.857605
332.886749
333.080994
333.196838
332.891296
333.563416
333.798584
334.109528
334.175079
334.599121
334.831970
335.128540
335.588959
335.340851
336.092072
335.836426
336.516022
336.167542
336.780701
337.124481
337.391693
337.246033
337.794037
338.458710
338.424622
338.624817
338.885010
338.767090
339.234802
339.733215
339.379395
339.519409
339.760590
340.013397
339.904175
340.018829
339.800354
340.446075
340.056396
340.149292
340.036774
339.902832
340.080139
339.643768
339.933228
339.604950
339.524963
339.389771
339.261871
339.381744
338.915497
338.686218
338.570435
338.004730
337.783783
337.779510
337.826416
337.495483
337.137390
337.149536
337.064972
336.045898
336.242950
336.003876
335.878784
335.562042
335.236053
334.817596
334.939697
334.750824
335.074829
334.639160
334.332001
334.107635
334.307709
334.003601
333.934418
334.402496
333.946655
334.328400
334.008972
334.040283
334.035492
334.269379
334.500977
334.415924
334.373077
334.865234
335.008240
335.055389
334.836334
335.023224
334.847168
335.554504
335.611023
335.710663
335.618256
336.365662
336.589874
336.681793
336.879608
337.025482
337.156006
337.574036
337.518311
337.707977
338.577148
338.414490
338.415283
338.926544
338.711517
338.923065
339.139923
338.848114
339.113342
339.571503
340.082764
339.135162
339.370972
339.596954
339.839630
339.381714
339.422913
338.922180
339.290405
339.117676
339.087311
338.734467
338.710785
338.070068
338.153748
338.358032
337.834442
338.434692
337.407867
337.391296
337.009003
337.385406
336.546936
336.351196
336.221741
336.041016
335.585480
335.439178
335.067413
334.868286
334.948303
334.548187
334.510895
334.333832
334.153229
333.884308
333.823914
333.306946
333.056946
333.223877
333.370148
333.063171
333.360840
332.545532
333.104248
332.769379
333.219940
332.827271
332.687195
332.886566
333.114685
333.068024
333.295013
333.512573
333.808258
333.408661
333.452118
334.349762
334.037079
334.181122
334.383575
334.611664
335.049591
334.977448
335.037506
335.222656
335.961090
336.107727
336.392059
336.406372
336.271149
337.011566
336.624695
337.135315
337.121460
336.918121
337.723846
337.608215
337.639618
337.711914
337.638062
338.128754
337.842865
337.828888
338.097015
337.684692
337.656921
337.597046
337.598236
337.653809
337.115814
336.821564
337.160645
336.914398
336.664581
336.462250
336.061310
335.889679
335.583099
335.476074
335.241516
334.934143
334.802429
334.127167
333.918793
333.272614
333.546326
333.477692
332.964722
332.302032
332.288483
332.160553
332.270142
332.001007
331.996429
331.352661
331.215759
331.634735
331.311371
331.121002
331.701752
331.010376
331.555084
331.049957
331.556122
331.693237
331.843048
332.062378
332.275970
332.479767
332.829773
332.776917
333.877655
333.762909
333.551147
334.444336
334.928162
335.635162
335.064240
335.909027
335.876984
336.573517
337.060181
337.349030
337.672577
337.635651
337.818756
338.246246
338.031830
338.270538
338.008087
338.021301
337.633240
337.773621
337.790222
337.239777
336.452942
336.008453
335.014221
334.578644
333.148468
332.481750
331.262512
329.355347
327.752899
326.002075
324.436859
322.592316
320.138702
318.087769
315.216614
312.295959
309.888153
306.535553
303.676483
300.312073
296.774933
293.402130
289.616608
286.097229
282.484894
278.317871
274.376831
269.837067
266.007690
261.451324
257.161377
253.013199
249.019348
244.300598
240.392700
235.932541
231.748001
227.766724
223.597885
220.271606
216.304855
212.870346
209.421600
206.426834
203.321823
200.458298
197.800446
195.693008
193.500702
191.681030
190.269165
189.007324
187.976837
187.234161
186.829178
186.594620

