274.981903
173.111893
173.606857
174.125412
175.271667
176.236176
177.393799
179.509476
181.024170
183.245148
185.444839
187.929459
190.485733
193.507874
196.424088
199.537964
202.568542
206.359085
209.755554
213.242279
216.933517
220.478134
224.321213
228.385025
231.836151
235.809082
239.513901
243.320328
247.023285
250.598511
254.015915
257.544373
261.373016
264.397156
267.628448
270.738159
274.036530
276.809601
279.287598
282.109802
284.727570
287.214844
289.483093
291.120758
292.964935
295.066101
296.989899
298.205017
298.997620
300.638000
301.694183
303.062561
303.899231
304.691559
305.407501
306.012970
306.144531
306.593933
307.086945
307.193512
307.440674
307.545746
307.795166
307.423920
307.636353
307.379425
307.203735
306.801361
306.964478
306.577911
306.692871
305.864563
305.951355
305.424957
305.500000
305.381897
305.072235
304.949249
304.479828
304.520966
304.240021
303.952972
304.202301
304.016296
303.867371
303.899658
303.596771
303.529846
303.724274
303.911377
303.735840
304.018677
304.013733
304.464020
304.642029
304.362274
305.102905
304.769745
305.139160
305.807281
306.322388
306.449493
306.660126
307.168762
307.600281
307.822571
308.101349
308.461945
308.713379
309.211212
309.753021
310.006287
310.358521
310.635620
310.852600
311.159943
311.450928
312.024750
312.481354
312.386963
313.054260
312.725342
312.974457
313.083557
313.482574
313.294678
313.504608
313.281250
313.652802
313.362885
313.283234
313.300842
313.079529
313.387299
313.418884
313.075195
313.187958
312.634094
312.793701
312.425232
312.111969
311.856903
311.621277
311.950592
311.360779
311.428589
310.574249
310.406921
310.316986
310.155090
309.824005
309.661835
309.598999
309.256226
309.148560
309.007324
308.613525
308.639801
308.427582
308.311127
308.315918
307.776794
308.034058
308.428070
307.938721
307.999969
307.954010
307.855042
307.733795
308.144714
308.634918
308.529999
308.144836
309.079132
309.289368
309.329468
309.622162
309.990875
310.575409
310.379852
310.484344
310.843475
311.419128
311.520416
311.872803
312.312958
312.416260
312.994354
313.305634
313.669952
313.803955
314.365479
315.156281
314.881165
315.386566
315.986023
316.754456
316.476379
316.626892
316.839386
317.306213
317.303101
317.849548
318.113159
318.335022
318.331909
318.106110
318.522247
318.613129
318.830109
318.746307
319.139648
318.969604
319.182007
318.542053
318.499969
318.628601
318.405884
318.790894
317.870697
317.798218
317.609863
318.308533
317.867096
317.409668
317.498291
316.869843
316.235443
316.792297
316.373840
316.102844
316.049805
315.706940
315.355743
315.352264
315.085724
314.448151
314.046478
314.064697
313.928223
313.734589
313.812653
313.067322
313.051514
313.067139
312.580078
312.460815
312.591949
312.791229
312.421234
312.771210
312.066254
312.467834
312.365112
312.546692
312.773651
312.842010
312.681091
312.537811
312.704468
312.806061
313.138031
313.181488
313.233673
313.787292
313.546051
313.836700
314.171387
314.940613
315.031860
314.906891
315.257080
315.711212
315.718018
316.772552
316.720184
316.753265
317.594849
317.561890
317.550476
318.458038
318.422638
318.732483
319.091156
319.444092
319.420471
319.827179
320.555573
320.120056
320.325989
320.729126
320.385712
320.571625
321.164825
321.413849
320.902283
321.143890
321.206085
321.257690
320.989807
321.474731
321.004059
321.024261
321.236633
321.260895
320.868652
320.908051
321.033691
320.763824
320.536407
320.395416
320.128418
320.111389
319.757721
319.522766
319.448395
319.280518
318.932556
318.856354
318.401367
317.949677
318.530518
317.389496
317.983246
317.467865
317.473663
317.520081
317.031860
317.073975
317.080627
316.692261
316.325897
316.602234
316.654846
316.806824
316.312256
315.911102
316.183868
316.243042
316.301147
316.358948
316.023041
316.225739
316.237885
316.432892
316.904297
316.825592
317.112274
317.249237
317.305359
317.933716
317.840637
317.974304
318.441772
318.581360
319.405029
319.183838
319.304108
319.753784
319.634766
320.020477
320.289642
320.807159
320.648376
321.289185
321.687408
321.730896
321.970795
322.493195
322.988922
323.096619
322.987366
323.395538
323.910858
324.071686
324.499817
324.170135
323.598145
324.775421
324.745911
324.647644
324.919250
324.945953
324.785339
325.220032
324.944489
324.969666
325.082825
324.910248
325.347046
324.788940
324.703339
324.475830
324.296631
324.239716
324.165039
324.073822
323.490448
323.704102
323.676788
323.671265
323.278259
322.888855
322.964661
322.613037
322.250305
321.911621
321.828217
321.695221
321.682831
321.234650
321.229340
320.801208
320.846497
320.179352
319.929077
320.423950
320.243134
319.969757
319.544861
319.783752
319.824677
319.638031
319.632477
319.589142
319.841278
319.835876
319.885742
319.909088
319.928131
319.593964
320.172485
320.060486
319.959351
320.190216
320.427734
320.652710
320.447937
321.548950
321.102509
321.516083
321.942688
322.192657
322.586548
322.325409
322.939301
323.019928
323.050659
323.865570
323.586243
324.453949
324.415100
324.818359
324.856720
325.369415
325.422485
325.488770
325.601074
326.115509
326.396362
326.566284
326.921814
327.050232
327.167328
327.449493
327.331970
327.629456
327.885895
327.576660
328.091766
327.873230
328.023102
327.915833
327.924591
327.971039
328.552704
327.642273
327.877289
327.984100
327.966522
327.586395
327.722198
327.378662
326.865570
327.165558
327.062378
326.761749
326.601288
326.401367
326.074860
326.013153
325.952118
325.407410
325.595551
325.679352
325.243622
325.423157
325.049561
324.854370
324.387665
324.715363
324.345123
324.461670
324.382843
324.407318
324.068817
324.120300
324.441956
324.022369
324.030762
324.487274
324.131134
324.236298
324.552185
324.495056
324.680634
324.665497
325.125092
325.404114
325.490082
325.559601
325.532043
325.886322
326.572998
326.701141
327.229218
327.307648
327.674316
327.681854
328.477600
328.563202
328.812012
329.094330
329.544922
330.126892
330.106445
331.253845
331.301758
331.862000
331.742340
332.082184
332.831390
332.794067
333.637024
333.543060
333.777740
333.710236
334.621918
335.165405
334.638214
335.051880
335.238983
335.525116
335.628662
335.853729
335.891754
336.702942
336.569092
336.102264
336.193604
336.653290
336.292786
336.589661
336.434814
336.475220
336.450256
336.265015
336.317108
336.304993
336.088440
335.859802
335.420349
335.295013
335.436188
335.389648
334.875092
334.848938
334.312164
334.706055
333.980835
334.473602
334.239899
333.304779
333.667114
333.409149
333.401489
333.107971
333.078888
332.957062
332.689026
332.900543
332.610870
332.551300
332.223541
332.484955
332.316956
332.117310
332.163391
332.309326
332.778900
333.065643
332.917938
333.284698
332.923523
333.193359
333.556458
334.087555
333.960449
334.155457
334.452454
334.559662
335.218201
335.117554
335.783020
335.800720
336.428528
336.927582
336.956451
337.403839
337.407806
338.587372
338.626831
339.066681
339.435669
339.646820
340.078094
340.681030
341.177002
341.508087
341.463959
341.974884
342.367035
342.649872
343.784851
343.201691
343.590271
344.202850
343.994171
344.485657
344.927765
345.098114
345.463531
345.203857
345.758209
345.970337
345.758728
345.963531
345.733093
346.249329
345.680054
346.073944
345.532349
345.871735
345.813873
345.561584
345.839874
345.173523
345.467712
345.235992
344.887726
344.464264
344.435547
343.904053
343.662628
344.016693
343.585388
342.931824
343.031128
342.507202
342.678284
342.376709
341.890411
341.594391
341.592407
341.551849
340.902649
341.024078
340.792236
340.863098
340.504364
339.876160
339.869415
340.084717
339.941711
339.804749
339.652435
339.591125
339.337860
339.257721
339.141541
339.585175
339.683807
339.629150
339.585724
339.692627
340.161194
340.032043
339.997375
340.556702
340.812225
341.060547
341.284271
341.797424
341.820862
342.075134
342.268494
342.536591
342.800140
343.303467
343.454590
343.633240
344.002869
344.092896
344.335144
344.835632
344.859863
345.476990
345.733368
346.348602
347.017303
346.600555
347.120514
347.836517
347.198883
347.887512
348.537842
348.167755
348.547729
348.751953
348.889435
348.705383
349.283417
349.218903
349.171692
349.677673
349.111725
349.330841
349.290100
349.503479
349.415527
349.377991
349.134766
349.052582
348.425537
349.363861
348.672943
348.472565
348.477417
348.856293
348.071838
348.131958
347.773315
347.721527
347.074677
347.248566
346.867340
346.662964
346.704193
346.476837
346.318817
345.894470
346.129425
345.480591
345.786713
345.581451
345.553162
345.271301
345.447144
345.466797
345.600311
344.720459
344.793304
345.114349
344.851624
344.731720
344.329346
344.898499
344.773651
344.503510
344.704468
344.978973
344.952515
344.942902
345.015503
345.197998
346.026428
346.111542
345.808044
346.539368
346.427063
346.246307
346.741058
347.302246
347.381927
347.704193
347.748566
347.918182
349.147919
348.764771
348.919678
349.109924
349.281189
349.528931
349.779114
349.902222
350.799194
350.779633
350.738373
351.081390
351.160370
351.286224
351.215302
351.099487
351.412476
352.166351
351.715637
351.772003
351.695862
351.686920
351.717346
351.649963
351.090698
351.654053
351.366455
351.410461
351.353851
351.371155
350.783264
350.636810
350.287628
350.462311
350.089417
350.130524
349.932648
349.566437
349.342804
348.783142
348.970795
348.912170
348.538544
348.720612
348.023438
347.616821
347.930359
347.294312
347.024170
347.103668
347.056641
346.906189
346.746002
346.476501
346.296051
346.157074
346.319122
346.105103
346.089783
345.943024
346.066406
345.701447
346.385620
346.477295
346.138336
346.308502
346.288269
346.350586
346.433990
346.749298
346.914917
347.167206
347.507904
347.204681
347.490326
347.766510
347.579620
348.425018
348.774017
348.917389
348.643005
349.009247
349.548248
349.821533
349.809387
349.998199
350.250885
350.497375
351.023438
351.295380
351.317230
351.460999
351.752197
351.691864
351.498688
351.714874
352.094635
351.697815
351.860443
352.158752
351.969910
351.589081
351.745270
351.780426
351.625092
351.534210
351.647644
351.508057
351.427643
351.638824
350.861755
350.279022
350.705414
350.264221
349.683960
349.621460
349.773041
348.944489
348.922241
348.630859
348.675049
348.052338
347.803253
347.117188
347.526886
347.046692
346.693542
346.776428
346.967896
346.295074
346.123657
346.077271
345.984680
345.863373
346.165588
345.899567
346.012726
346.074646
346.091187
345.998871
346.448151
346.716187
346.855774
346.583435
347.262695
347.091980
347.707123
347.869537
348.282562
348.591614
349.332001
349.525635
349.931793
350.480438
350.315582
351.496643
351.674652
351.831665
352.193878
352.450317
353.244110
353.503876
353.721008
353.860199
354.353821
354.427643
354.059174
353.903107
354.137604
353.514740
353.411804
352.946320
352.275543
351.996185
351.250336
350.365753
349.399078
348.444763
346.785950
345.564453
343.818878
341.971802
340.131287
338.060150
335.823761
333.207550
330.246887
327.881470
324.716858
321.782654
318.499207
315.191895
311.815277
307.782990
303.853363
299.971802
295.954254
291.992188
287.416321
283.418732
278.538788
274.214600
270.079071
265.368713
261.158173
256.615540
252.075974
247.957245
243.436569
239.200562
234.946701
230.982712
227.168213
223.148514
220.048584
216.371078
213.223434
210.198761
207.839066
205.368958
203.053467
201.024231
199.437714
198.282349
196.995804
196.527420
196.239578
196.414444

269.283051
173.590271
174.090515
174.625687
175.765198
176.753906
177.896896
180.029327
181.512238
183.755524
185.961884
188.445007
191.005219
194.036514
196.958511
200.095322
203.116089
206.943283
210.337265
213.813354
217.533157
221.093628
224.956177
229.020187
232.464752
236.433884
240.146790
243.989578
247.699829
251.296509
254.692795
258.238068
262.111298
265.147308
268.364166
271.508301
274.836365
277.597961
280.087494
282.912384
285.544342
288.045837
290.313507
291.976685
293.849701
295.960602
297.903900
299.134247
299.922211
301.568634
302.630524
303.992279
304.865509
305.646851
306.388947
306.959015
307.152710
307.617889
308.078949
308.183350
308.421753
308.542297
308.802887
308.413940
308.660736
308.431519
308.229156
307.790497
307.994171
307.615814
307.726990
306.852783
306.988647
306.436951
306.514832
306.377380
306.098877
305.919952
305.501617
305.534302
305.219177
304.920288
305.147736
304.958160
304.801849
304.831451
304.533142
304.413666
304.625000
304.789734
304.593414
304.878510
304.861206
305.273865
305.458710
305.148285
305.834167
305.519775
305.855682
306.496796
307.031738
307.111359
307.297363
307.823578
308.206543
308.415466
308.651703
309.011963
309.220245
309.707275
310.237457
310.452118
310.768311
311.065338
311.239777
311.523621
311.778473
312.346069
312.764557
312.662476
313.306702
312.934937
313.197662
313.275604
313.666626
313.430756
313.623657
313.389740
313.735657
313.409454
313.301697
313.315460
313.093933
313.363129
313.398315
313.027771
313.131622
312.517456
312.690948
312.330505
311.949768
311.679291
311.439575
311.767456
311.187408
311.225708
310.377777
310.174225
310.085022
309.920624
309.565552
309.407593
309.314850
308.963593
308.879333
308.741241
308.331085
308.359497
308.124481
308.014893
308.000977
307.468323
307.708130
308.119171
307.646606
307.685608
307.641083
307.561401
307.447174
307.847839
308.329224
308.257751
307.883942
308.807526
309.045044
309.078125
309.393311
309.770264
310.371948
310.168213
310.288544
310.647583
311.240295
311.386963
311.726074
312.188507
312.311920
312.901093
313.186676
313.600433
313.768005
314.327179
315.133850
314.822876
315.399994
316.014252
316.755646
316.515747
316.690430
316.925293
317.382996
317.427521
318.009796
318.260895
318.495941
318.520966
318.302429
318.722626
318.859070
319.065186
318.990143
319.462097
319.255829
319.506378
318.867310
318.863495
318.976044
318.798492
319.207855
318.302155
318.208435
318.084442
318.768311
318.395264
317.888763
317.950684
317.394348
316.779572
317.317047
316.950226
316.657898
316.629517
316.320099
315.979980
315.967407
315.682678
315.117401
314.648193
314.736206
314.550110
314.379791
314.495667
313.750977
313.778992
313.767914
313.287842
313.156830
313.309875
313.517517
313.194336
313.533142
312.783539
313.237915
313.131287
313.312225
313.572449
313.609131
313.440247
313.310333
313.476349
313.573944
313.918518
313.984070
314.037415
314.600922
314.360596
314.629517
314.986267
315.747284
315.849640
315.694489
316.066925
316.518646
316.552704
317.580200
317.496399
317.555298
318.419952
318.395477
318.332245
319.293396
319.236725
319.526733
319.879700
320.266113
320.272034
320.638885
321.360809
320.962250
321.133820
321.522766
321.215515
321.412018
321.978149
322.249237
321.727722
321.969482
322.042786
322.117218
321.796570
322.316498
321.811676
321.844238
322.074677
322.068146
321.739716
321.715088
321.893280
321.621887
321.344482
321.273315
320.969849
320.930969
320.558075
320.407776
320.310486
320.123108
319.794281
319.698059
319.263031
318.827148
319.381500
318.246765
318.833069
318.320526
318.316376
318.354889
317.874481
317.928955
317.953796
317.538116
317.204437
317.481598
317.542908
317.672607
317.204315
316.741486
317.084167
317.086761
317.136932
317.189484
316.897888
317.110016
317.101501
317.265289
317.727112
317.659363
317.882721
318.069458
318.142059
318.753723
318.607544
318.798218
319.291443
319.400543
320.220978
319.969788
320.113037
320.567230
320.434021
320.822937
321.057983
321.598083
321.367096
322.051361
322.486969
322.483154
322.719666
323.173950
323.719971
323.753052
323.625305
324.060150
324.562134
324.757874
325.153625
324.832733
324.285370
325.360535
325.375916
325.274689
325.524536
325.549774
325.367432
325.774780
325.490021
325.485382
325.658051
325.433807
325.810455
325.314392
325.162170
324.923798
324.734070
324.712738
324.614258
324.503235
323.926086
324.130524
324.054596
324.067871
323.644104
323.275055
323.304535
322.972687
322.585419
322.209106
322.125885
321.977081
321.953979
321.460510
321.496094
320.977203
321.055878
320.394196
320.150208
320.643463
320.446960
320.172882
319.787323
319.976349
320.023621
319.804779
319.788239
319.726440
319.971741
319.945129
320.021057
320.048157
320.057892
319.677063
320.304596
320.174377
320.042664
320.270569
320.493866
320.682648
320.522949
321.622742
321.163361
321.559448
321.970917
322.236115
322.615997
322.358093
322.966919
323.052399
323.066254
323.920502
323.648987
324.516479
324.483582
324.870575
324.908325
325.391235
325.471100
325.524780
325.691711
326.142303
326.444244
326.631195
326.979218
327.087341
327.229004
327.472961
327.420532
327.704712
327.932068
327.652039
328.153717
327.945007
328.081635
327.989014
328.006897
328.040588
328.659637
327.744934
327.978394
328.089661
328.078735
327.710052
327.842377
327.501068
326.985870
327.302887
327.201996
326.894104
326.745056
326.545563
326.235870
326.171478
326.082855
325.534454
325.729645
325.802551
325.381500
325.568939
325.221008
324.978790
324.575500
324.882477
324.498138
324.639679
324.537933
324.574066
324.224731
324.294312
324.583893
324.154633
324.159393
324.624084
324.272552
324.296509
324.665741
324.649811
324.805023
324.772278
325.277161
325.548309
325.615723
325.642456
325.655518
326.008240
326.664001
326.803986
327.303314
327.396362
327.773529
327.759369
328.559662
328.640503
328.882751
329.149231
329.592316
330.181244
330.120239
331.277527
331.338989
331.916168
331.757324
332.081573
332.832916
332.795593
333.644806
333.534363
333.761261
333.708801
334.559296
335.114532
334.598450
334.955353
335.143463
335.452179
335.551117
335.763184
335.810913
336.590027
336.449005
335.997742
336.068237
336.517517
336.174652
336.457062
336.301666
336.326508
336.282593
336.099365
336.160828
336.136993
335.909027
335.682587
335.227509
335.106018
335.245850
335.196808
334.656769
334.645935
334.091705
334.475403
333.768616
334.243561
334.020721
333.090210
333.456024
333.193420
333.189850
332.883301
332.850342
332.723297
332.451813
332.682617
332.386230
332.345978
332.013458
332.276459
332.105164
331.894958
331.973267
332.140015
332.585968
332.873199
332.721619
333.099884
332.753265
333.050537
333.382751
333.935852
333.801483
333.998566
334.296844
334.434937
335.078949
334.980652
335.662506
335.677856
336.334412
336.825073
336.901917
337.327972
337.335449
338.520111
338.553894
339.023621
339.390564
339.618713
340.033295
340.662292
341.187592
341.535492
341.459290
341.976196
342.406067
342.702667
343.851227
343.247803
343.660248
344.277374
344.084442
344.583862
345.044586
345.227234
345.610168
345.324066
345.923157
346.113525
345.936768
346.134949
345.918457
346.454010
345.892822
346.283478
345.760773
346.110901
346.043884
345.795105
346.134888
345.441895
345.721893
345.498108
345.195862
344.750244
344.738007
344.210114
343.977722
344.360626
343.916748
343.281616
343.350586
342.860962
343.055664
342.730530
342.272614
341.958466
341.964783
341.951904
341.310059
341.409576
341.190125
341.265076
340.911926
340.290497
340.274597
340.495911
340.405151
340.222748
340.066467
340.036713
339.785522
339.681244
339.599487
340.042572
340.143433
340.097992
340.042816
340.141327
340.633911
340.525940
340.451050
341.028687
341.294006
341.522766
341.723907
342.284149
342.244568
342.532593
342.713226
343.002441
343.275665
343.755920
343.913818
344.075562
344.436279
344.540375
344.777161
345.292725
345.293365
345.960419
346.178223
346.803986
347.435699
347.054626
347.547638
348.238800
347.628876
348.307892
348.969177
348.601288
348.964844
349.183594
349.329010
349.107941
349.669525
349.605286
349.555847
350.048950
349.498199
349.693939
349.647217
349.862518
349.795074
349.738342
349.491455
349.364014
348.800323
349.736969
349.024933
348.846344
348.812744
349.198639
348.407257
348.464050
348.076691
348.042603
347.386261
347.572296
347.169647
346.952179
346.998260
346.756866
346.632507
346.144012
346.379364
345.726624
346.022583
345.841095
345.791382
345.495789
345.691223
345.715027
345.857635
344.908356
345.005310
345.311523
345.081329
344.932922
344.527649
345.113708
344.967377
344.676758
344.871887
345.121277
345.100159
345.122772
345.170319
345.337616
346.188934
346.215790
345.952881
346.664185
346.537872
346.351868
346.851074
347.396088
347.474243
347.788422
347.807068
347.982208
349.231812
348.826996
348.991150
349.164948
349.367889
349.588837
349.779449
349.927002
350.834229
350.788605
350.782227
351.086029
351.151886
351.316498
351.233124
351.107208
351.414490
352.132202
351.695343
351.764923
351.633942
351.649902
351.635590
351.594086
351.029724
351.597443
351.298981
351.358246
351.302185
351.276093
350.714233
350.564240
350.240692
350.422546
349.988678
350.080780
349.837250
349.472565
349.259247
348.676056
348.893036
348.796753
348.406647
348.610809
347.904297
347.521515
347.779877
347.197205
346.889618
346.958282
346.918793
346.777771
346.588165
346.349792
346.192871
346.039307
346.177460
345.950684
345.947876
345.751587
345.920959
345.543793
346.205902
346.318176
345.987305
346.160004
346.167023
346.172516
346.246674
346.556274
346.744537
347.008575
347.334015
347.034027
347.312836
347.583099
347.419556
348.243713
348.626953
348.706085
348.460388
348.840790
349.358154
349.665253
349.643005
349.813812
350.092804
350.318939
350.849335
351.095673
351.125366
351.291809
351.584534
351.490509
351.316498
351.534027
351.916901
351.504639
351.691132
351.957367
351.794617
351.429443
351.585358
351.616577
351.437683
351.375641
351.479736
351.347351
351.262482
351.479645
350.705933
350.094574
350.558655
350.113800
349.539551
349.437164
349.630920
348.771667
348.763641
348.451874
348.481384
347.924194
347.634857
346.963501
347.370758
346.896942
346.535522
346.605194
346.822052
346.178680
345.964020
345.944763
345.844391
345.721222
346.011597
345.748169
345.864807
345.955353
345.956329
345.877716
346.316498
346.580627
346.748230
346.438019
347.149658
346.960999
347.590027
347.764191
348.141327
348.488312
349.238464
349.429962
349.838257
350.377594
350.207214
351.378510
351.565277
351.746735
352.090485
352.355835
353.172394
353.426056
353.630676
353.761444
354.284302
354.348724
353.994568
353.836365
354.078583
353.461334
353.365234
352.899048
352.192413
351.924194
351.173615
350.328247
349.370117
348.390472
346.745331
345.515686
343.794647
341.921356
340.086700
338.039124
335.794098
333.193970
330.215424
327.844543
324.702515
321.800110
318.476837
315.154572
311.814270
307.772980
303.842957
299.954803
295.951752
291.986969
287.422028
283.423798
278.546844
274.217041
270.098785
265.385803
261.162354
256.615540
252.085434
247.977295
243.435242
239.212051
234.942810
230.986542
227.166489
223.153198
220.080673
216.388748
213.251038
210.217941
207.880844
205.406006
203.090759
201.043839
199.449188
198.295578
197.025269
196.544601
196.262009
196.445251

219.996887
183.494598
183.826736
184.346436
185.568329
186.634354
188.172256
189.995804
192.096497
194.165207
196.405624
199.162827
202.049225
204.915558
208.147049
211.557724
215.048447
218.580414
222.270386
225.983490
229.937790
233.922333
238.153107
241.645523
245.980103
249.894226
254.016403
257.681213
261.722748
265.571503
269.552368
273.192749
276.972412
280.418396
283.376038
287.138306
290.806030
293.145905
296.060364
298.859924
301.694885
304.181152
306.552246
308.484863
310.706116
312.287018
314.252258
315.512939
316.760132
318.383484
319.340942
320.431091
321.069916
322.083435
322.602844
323.167664
323.740997
324.115662
324.576080
324.472229
324.660614
324.919128
324.749878
324.216949
324.705078
324.352661
324.148560
323.608887
323.446564
323.424530
323.061401
322.899017
322.116791
321.996307
321.650726
321.203400
320.788177
320.859894
320.380005
320.103210
319.823456
319.866394
319.723267
319.719116
319.269287
319.603607
319.232758
318.904022
318.976349
319.366455
319.134430
319.330444
319.128967
319.202759
319.536407
319.497711
319.688873
320.275574
320.282410
321.057953
321.138702
321.304504
321.328705
321.652008
322.043762
323.071594
322.912048
323.388306
323.210846
323.959045
323.933960
324.366974
324.622589
325.057404
325.507507
325.672577
326.079315
326.091827
326.522675
326.651642
327.086151
326.805054
327.174408
327.116241
327.041351
326.900421
326.779236
327.091461
327.059753
327.495361
326.904205
326.936981
326.806396
326.566925
326.531464
326.370483
326.105255
326.038330
325.980682
325.748352
325.394409
324.912109
324.460480
324.000397
324.046661
324.146027
323.823090
323.452118
322.525757
322.816956
322.388916
321.945831
321.606201
321.537415
321.132660
320.605804
320.728943
320.437164
320.137909
319.858459
319.697540
320.008850
319.553589
319.406342
319.416809
319.324371
319.538544
319.596588
319.689117
319.339996
319.820831
319.651215
320.073822
319.731934
319.983582
320.237122
320.469788
320.809875
320.694885
321.238464
321.402405
321.983582
321.930389
322.358826
323.171631
322.962524
323.120789
323.454224
324.102692
324.012695
324.715851
325.065308
325.482208
325.099640
325.925079
325.955658
326.495483
326.785645
326.959259
327.320526
327.692688
327.698578
327.879822
327.998657
328.383911
328.872589
328.526917
328.611664
328.693756
328.694061
328.794800
328.394775
328.618134
328.347626
328.568939
328.447052
328.711609
327.980408
328.605560
327.950226
327.396179
327.515167
327.313293
327.011139
326.549133
326.353149
326.055725
326.105713
325.255432
325.484680
325.378601
324.832947
324.404175
324.178589
323.789703
323.754974
323.530334
323.042450
322.404663
322.420135
322.062897
322.198517
322.038574
321.416382
321.191742
321.509674
321.126770
320.694153
320.709351
321.000214
320.864532
320.290527
320.262360
320.187378
320.307983
320.367920
320.628845
320.201294
320.542511
320.490295
320.711060
320.829987
320.693390
321.110321
321.454651
321.601349
321.606445
322.105103
322.258026
322.425415
322.380127
322.782043
323.167694
323.652435
323.755585
324.245300
323.764008
324.521942
325.383972
325.171051
325.458405
325.383179
325.949860
326.059021
326.414124
326.921967
326.775269
326.737274
327.008240
327.427094
327.382538
327.522797
328.009491
328.005463
328.090973
328.229675
328.151367
328.438354
327.931213
327.889282
328.026154
327.943787
328.005432
327.334442
327.511993
327.625397
327.615265
326.808136
327.413757
326.560822
327.023438
326.699738
326.350952
326.020294
326.012207
325.691956
325.377899
324.936462
324.852814
324.485443
324.540375
324.577301
323.843445
323.846130
323.809875
323.417664
323.340088
323.012177
322.396484
322.511047
322.696960
322.476898
321.989777
322.159271
322.130493
322.095123
321.767059
321.815155
321.764191
321.836731
322.340881
322.233063
321.796844
322.121643
322.309570
322.367523
322.613434
322.450714
322.556274
323.174500
323.171722
323.269592
323.366547
323.650116
323.623657
324.040863
324.410889
324.885742
324.843750
325.470703
325.430725
325.709229
326.265564
326.101562
326.592316
326.900665
326.861847
327.174042
327.533813
327.946381
328.005310
328.803680
328.702637
328.777405
328.737579
329.091705
329.120636
329.492096
329.454865
329.877258
330.104858
329.729126
330.133911
329.903259
329.704834
329.894592
330.065033
329.789093
329.878387
329.873413
329.521759
329.685242
329.370148
329.167572
329.789886
329.144287
328.880188
328.712280
328.533234
328.540405
328.011841
327.699890
327.372925
327.162964
327.023804
326.444489
326.914948
326.701324
326.095886
326.015778
326.068542
325.596710
325.548218
325.086121
325.436401
324.788635
324.744049
324.775177
324.346863
324.441620
324.168884
324.211548
323.688568
324.185760
323.720825
324.072327
324.417572
323.713257
323.681396
323.973877
323.959534
324.198547
324.603607
324.186218
324.548615
324.373596
324.713959
325.328491
325.491669
325.665985
325.566132
325.746735
325.924744
326.141083
326.952026
326.828430
326.831696
327.599274
327.431854
327.971313
328.303986
328.413330
328.643494
329.295746
328.917847
329.590271
329.371124
329.817078
329.900452
330.272888
330.334869
330.552948
330.719025
330.801483
330.987305
331.251526
331.122742
331.523102
331.444275
331.241516
330.847260
331.442017
331.286041
331.499634
331.567139
331.483398
331.349091
331.338013
330.934235
330.597748
330.327576
330.718048
330.487335
330.178375
329.879913
330.040436
329.786682
329.595642
329.576843
329.541046
329.204834
328.926300
328.535553
328.334198
328.000122
328.377472
327.657806
327.646667
327.252380
327.448303
327.115540
327.098938
326.803467
326.845398
326.711945
326.559570
326.279297
326.189697
326.631439
326.330261
326.408142
326.391632
327.058716
326.618988
326.816345
326.857849
326.764587
327.064789
326.967468
326.895325
327.293640
327.413330
327.474030
328.224518
328.568024
328.309723
329.038300
328.846680
329.287079
329.700806
329.877960
330.436584
330.748169
330.626923
331.354065
331.409607
331.744843
331.844940
332.414551
332.957123
333.008972
333.462891
333.390076
333.756470
333.955109
334.469940
334.404633
334.830231
335.028442
335.278687
335.407288
335.404816
335.563904
335.581848
335.795563
335.621765
335.938171
335.831787
335.534180
336.088745
336.148529
335.942108
335.923462
335.815521
335.383636
335.296234
335.535858
335.406311
334.894257
335.417267
334.842346
334.453186
333.921356
333.713379
333.986969
333.826202
333.339233
333.301971
333.137268
332.591583
332.631256
332.238312
332.396057
332.030090
331.755981
331.666931
330.780945
331.226196
330.616974
330.527252
330.225677
330.444946
330.403015
329.867126
329.851227
330.039246
330.164490
329.929596
330.006653
329.551392
329.648712
329.654846
329.610748
329.950104
329.841370
329.929260
330.393036
330.567413
330.809692
330.431366
330.964417
331.322144
332.109436
332.287659
332.318939
331.850037
332.650818
332.916718
333.570465
333.844635
334.000732
334.153015
334.445374
334.845673
335.600006
335.740692
336.140381
336.553772
336.471313
337.034943
336.965240
337.320251
337.823273
338.220886
338.157593
338.498260
338.993408
338.815277
338.989197
339.159119
339.357147
339.134644
339.864044
339.470947
339.583191
340.049805
339.676880
339.984406
339.687897
339.855713
339.545746
339.490723
339.446564
339.674255
339.368225
339.459625
338.630859
338.599060
338.066650
338.200043
337.656982
337.567963
337.141602
336.774017
336.760437
336.524231
336.165375
336.064667
335.581482
334.799225
334.385498
334.469421
334.419281
333.923615
333.869965
333.402161
332.653198
332.966187
332.737396
332.649536
332.404999
331.985840
331.736755
332.024780
331.543457
331.181213
331.242371
331.383667
331.144836
331.114258
331.302460
330.802155
330.809937
331.204102
331.230530
331.091339
331.307220
331.040955
331.486206
331.790741
332.197784
331.837952
331.864746
332.368073
332.378632
332.326813
332.802185
333.162933
333.405579
333.468231
333.995239
333.724915
334.591461
334.627014
334.739502
335.278931
335.263031
335.545074
335.941345
336.253326
336.585571
336.231201
336.932709
336.721100
336.912079
337.421875
337.585205
337.367340
337.603363
338.004395
337.849945
338.161987
337.983276
337.805634
338.140808
338.416809
338.309937
337.701416
337.503082
337.862915
337.295074
337.712738
337.442566
337.303284
337.102234
336.647827
336.603180
336.517548
336.280701
336.148682
335.740997
335.513855
335.274689
335.068329
335.456848
334.930450
334.666962
334.370239
333.789520
333.811615
333.321869
333.758392
332.973633
333.248688
332.679932
331.972260
332.090820
332.077637
332.016754
332.382019
331.466034
331.436768
331.323975
330.922577
331.493591
331.538635
331.469482
331.759521
331.322601
331.646240
331.507507
331.285217
331.432312
331.788055
331.803162
332.163452
332.380219
332.190216
332.652283
332.868134
332.971893
333.236603
333.467194
333.519470
333.429932
334.353912
334.120361
334.184784
334.830353
334.310028
334.367401
335.569794
335.436432
335.409790
336.033447
335.913574
335.977661
335.931152
336.540558
336.440399
336.225830
336.302948
336.417572
336.367157
336.601196
336.381470
337.125488
336.573517
336.739044
336.551147
336.766571
336.648865
336.526398
336.610168
336.350403
335.977539
335.688049
335.683838
336.225250
335.251740
335.675995
335.326385
334.897858
335.062500
334.564728
334.414703
333.973450
333.721527
333.787048
333.432434
333.005096
332.811188
332.998230
332.433533
332.084595
331.753723
331.308289
331.548401
331.617065
331.010132
331.265198
330.929596
330.504883
330.695709
330.484192
330.268158
331.055084
330.431030
330.617645
330.605347
330.422272
330.243378
330.749084
330.836914
330.886353
330.979523
330.757935
331.299713
331.272980
331.227600
331.743164
332.068573
332.015839
332.100647
332.502441
332.903595
332.746948
333.444580
333.480042
334.028717
333.735107
334.043457
334.084167
334.142273
335.199677
334.843597
335.473267
335.590424
335.124359
335.926300
335.561951
335.783234
335.584808
335.763458
335.695587
335.905731
336.018829
336.078491
335.729065
335.935089
335.958679
335.676605
336.115387
335.954437
335.445953
335.544586
334.941040
335.100433
334.723267
334.712280
334.191193
334.018829
333.333923
333.575439
333.200012
332.589172
332.377136
332.158783
332.332520
331.972137
331.440582
331.717804
331.226379
330.869965
330.674225
330.596466
330.300568
330.569855
329.934631
330.203430
329.914154
329.794159
330.030975
329.829132
329.615417
330.173462
330.017059
330.153534
330.597015
330.121399
330.730682
330.999756
330.926697
331.819153
331.672058
332.126801
332.843719
332.533875
333.240997
333.805908
334.105835
334.967346
334.969330
335.274017
335.899933
335.851501
336.326416
336.889496
336.771667
337.259918
337.420654
337.914642
337.744568
337.366272
337.714294
337.348480
337.149384
337.126831
336.662567
335.774658
335.193146
334.633362
333.742493
332.807007
331.553314
330.372314
329.011536
327.566833
325.812012
323.583801
321.782684
319.895844
317.239594
314.674042
312.440491
309.568451
306.786865
303.482086
300.288452
296.826508
293.402191
289.450958
285.701477
282.285736
277.653687
273.824951
269.709595
265.954590
261.543976
256.908264
253.084015
248.622238
244.558609
240.254227
236.012924
231.824371
227.978729
224.200821
220.409470
216.430573
212.913589
209.809769
206.505325
203.323608
200.869202
198.271072
195.922256
193.736359
191.704514
190.331711
188.991226
188.135040
187.302689
186.882431
186.418274

222.313416
183.671463
183.993835
184.526413
185.727814
186.787979
188.322968
190.181793
192.250397
194.326584
196.582153
199.330063
202.233643
205.102005
208.334885
211.753204
215.268112
218.787354
222.470779
226.188889
230.153275
234.153397
238.398819
241.882904
246.194733
250.139954
254.248230
257.907623
261.964783
265.833466
269.844269
273.490570
277.268524
280.727081
283.684906
287.454376
291.133118
293.468353
296.408020
299.188873
302.046753
304.527374
306.922363
308.836334
311.052795
312.680145
314.644165
315.922424
317.130554
318.794098
319.764191
320.852905
321.483765
322.511078
322.992462
323.599182
324.153015
324.551453
325.040253
324.915527
325.096954
325.366943
325.197784
324.717773
325.135681
324.817444
324.616913
324.030518
323.958771
323.915222
323.533997
323.335052
322.610504
322.471558
322.092621
321.634766
321.226013
321.296661
320.815186
320.506134
320.272247
320.298523
320.205322
320.170746
319.680603
319.991302
319.645538
319.308746
319.366821
319.787201
319.552002
319.742371
319.506958
319.554169
319.905090
319.898041
320.045166
320.607178
320.604523
321.388214
321.471161
321.621338
321.686127
321.979889
322.344330
323.349274
323.178223
323.631683
323.482544
324.221161
324.145660
324.611603
324.867432
325.303101
325.767639
325.893768
326.291962
326.279633
326.731628
326.872864
327.291626
326.961609
327.358673
327.329224
327.227051
327.055054
326.921082
327.265472
327.201813
327.589203
327.056732
327.063110
326.943878
326.720123
326.616547
326.494568
326.231384
326.184174
326.139008
325.857147
325.494202
325.043182
324.595123
324.126587
324.128601
324.224670
323.853180
323.555481
322.618988
322.917389
322.495605
322.064240
321.764282
321.637817
321.249939
320.711212
320.818848
320.566528
320.275757
319.994812
319.843567
320.153625
319.737488
319.580261
319.618866
319.478729
319.716064
319.779907
319.900116
319.526367
320.043823
319.891144
320.319061
319.978485
320.244202
320.505371
320.738068
321.095581
320.969116
321.501770
321.677032
322.297028
322.221039
322.675995
323.452637
323.267303
323.430511
323.778564
324.449524
324.340973
325.051910
325.403259
325.836151
325.444611
326.300659
326.317444
326.837250
327.166138
327.348755
327.707275
328.062592
328.082886
328.277008
328.397705
328.808960
329.274017
328.937805
329.015656
329.094727
329.100098
329.229523
328.805511
329.027405
328.753143
328.993713
328.874603
329.134583
328.404419
328.982880
328.358978
327.814087
327.914520
327.717346
327.408173
326.938202
326.743011
326.449982
326.464233
325.620697
325.857666
325.757050
325.166351
324.740387
324.514160
324.145386
324.084351
323.867737
323.368256
322.729370
322.730865
322.347717
322.503418
322.309723
321.706512
321.476776
321.772156
321.399963
320.940613
320.937286
321.212219
321.060760
320.505005
320.449738
320.391113
320.479675
320.551270
320.754272
320.368103
320.699158
320.642395
320.865265
320.956604
320.809265
321.227051
321.591553
321.718689
321.703674
322.217621
322.343475
322.522156
322.477356
322.854950
323.246338
323.717773
323.783112
324.299530
323.804688
324.562256
325.438049
325.216736
325.507080
325.434998
325.996094
326.093506
326.454407
326.952789
326.805786
326.751373
327.034332
327.452057
327.416992
327.550018
328.052917
328.055511
328.131378
328.275848
328.202240
328.500458
327.964996
327.943329
328.083344
328.022675
328.071106
327.416534
327.596527
327.723297
327.724640
326.932770
327.507751
326.686096
327.129791
326.837494
326.494873
326.141724
326.145905
325.825867
325.532104
325.100037
325.014954
324.656219
324.712189
324.775726
324.035675
324.037140
323.998474
323.649170
323.558685
323.228363
322.632965
322.720978
322.956390
322.728455
322.242371
322.429352
322.423431
322.346313
322.038940
322.078522
322.041351
322.135620
322.620514
322.549408
322.098694
322.410309
322.628479
322.695648
322.922638
322.781281
322.846436
323.468903
323.474396
323.559052
323.676788
323.947327
323.932526
324.339325
324.755127
325.210022
325.138855
325.761780
325.728088
326.011414
326.566132
326.390839
326.884796
327.170349
327.127167
327.440399
327.795593
328.217621
328.246735
329.044495
328.947388
329.019958
328.943970
329.307434
329.324982
329.706543
329.636597
330.068542
330.253784
329.898529
330.272949
330.034393
329.841461
330.008942
330.174713
329.901001
329.977783
329.969971
329.632599
329.771606
329.439911
329.219513
329.822876
329.189514
328.910522
328.737152
328.534424
328.545929
328.025635
327.679260
327.357391
327.141479
326.980438
326.394135
326.851044
326.609131
326.035431
325.926147
325.959381
325.505798
325.440094
324.952240
325.298981
324.665070
324.602905
324.620361
324.209045
324.310089
324.010529
324.043274
323.509735
324.009430
323.545685
323.896301
324.245087
323.519135
323.491943
323.801666
323.748169
323.997925
324.409302
323.978577
324.363220
324.196136
324.536316
325.150848
325.316711
325.488373
325.392609
325.567078
325.758850
325.944458
326.775574
326.655365
326.686676
327.442108
327.304352
327.832367
328.192780
328.293884
328.563751
329.190247
328.848022
329.466919
329.280518
329.754639
329.823029
330.228912
330.265747
330.514069
330.686829
330.778046
330.999298
331.263702
331.149445
331.550903
331.505920
331.275146
330.892731
331.513031
331.352386
331.590912
331.671417
331.560608
331.465393
331.484467
331.063751
330.739685
330.490387
330.887085
330.689941
330.392883
330.089294
330.252563
330.022095
329.842346
329.810791
329.810577
329.466461
329.201996
328.810425
328.628693
328.295471
328.682831
327.937897
327.941559
327.578247
327.784882
327.450653
327.449188
327.157104
327.178040
327.090973
326.911682
326.668823
326.565826
326.985809
326.709015
326.822968
326.750854
326.887024
327.008362
327.206970
327.260437
327.126434
327.448212
327.371796
327.251526
327.662720
327.799652
327.867035
328.603760
328.960938
328.683136
329.402405
329.233521
329.641479
330.084869
330.254791
330.833313
331.096649
330.962006
331.714417
331.758453
332.077026
332.179352
332.694031
333.321106
333.316467
333.776794
333.661041
333.996368
334.195740
334.717682
334.652649
335.067352
335.253448
335.508667
335.621002
335.579010
335.778137
335.755096
335.985352
335.789551
336.087189
335.991608
335.691254
336.218414
336.248444
336.077332
336.040588
335.926483
335.469604
335.359711
335.601532
335.467773
334.928436
335.482727
334.878632
334.475250
333.949036
333.686310
333.964874
333.800201
333.313873
333.268524
333.062805
332.544312
332.564636
332.148071
332.321167
331.940338
331.680573
331.550385
330.649353
331.090454
330.488525
330.407013
330.074646
330.282043
330.237915
329.695923
329.656616
329.858704
329.954712
329.731689
329.819702
329.325592
329.437805
329.438721
329.390228
329.720795
329.599548
329.681030
330.130035
330.313293
330.542419
330.188568
330.702972
331.067688
331.841187
331.999908
332.053040
331.570557
332.357391
332.620178
333.277283
333.542877
333.678345
333.834167
334.120148
334.547180
335.298126
335.436981
335.826874
336.250702
336.186401
336.727417
336.633514
337.005066
337.509064
337.912598
337.823425
338.197937
338.665344
338.490540
338.670593
338.848694
339.028198
338.816803
339.527344
339.155853
339.266968
339.721863
339.356812
339.657440
339.370056
339.509857
339.201202
339.178955
339.119446
339.356201
339.043213
339.148102
338.320282
338.267578
337.737732
337.881775
337.340668
337.274384
336.840698
336.442108
336.447418
336.205750
335.853455
335.756287
335.270966
334.546692
334.105042
334.147705
334.113556
333.613525
333.597260
333.116241
332.386505
332.698090
332.432739
332.381317
332.123077
331.700470
331.487183
331.756317
331.263245
330.927490
331.009247
331.118500
330.909149
330.877716
331.068726
330.581970
330.583099
330.998627
331.008423
330.866882
331.099609
330.811493
331.266937
331.584473
331.985626
331.645905
331.678619
332.170502
332.206970
332.116821
332.615540
332.958740
333.237122
333.344604
333.846863
333.552551
334.437958
334.484100
334.609131
335.140656
335.128265
335.433228
335.831360
336.146454
336.497131
336.150574
336.851807
336.667175
336.837677
337.364441
337.489960
337.322601
337.553711
337.934998
337.786407
338.107422
337.946899
337.773743
338.120972
338.429871
338.317993
337.723969
337.470551
337.892914
337.308136
337.758698
337.464386
337.327972
337.119629
336.689392
336.683838
336.557709
336.350922
336.233673
335.821564
335.588379
335.326416
335.178741
335.563263
335.036438
334.763367
334.483948
333.888062
333.918854
333.443573
333.856049
333.133942
333.393707
332.821259
332.104614
332.247406
332.240021
331.975128
332.566467
331.629089
331.615967
331.484680
331.107391
331.688812
331.725067
331.654419
331.947662
331.523132
331.832581
331.694397
331.459259
331.647461
331.964417
331.993134
332.388367
332.598755
332.406830
332.884888
333.072388
333.193359
333.448669
333.690277
333.738770
333.674438
334.562592
334.330750
334.413391
335.044434
334.523315
334.589600
335.805786
335.642303
335.619263
336.251404
336.153381
336.235168
336.160950
336.753418
336.671387
336.440552
336.554962
336.623993
336.565948
336.813019
336.570404
337.362762
336.796295
336.956177
336.775970
336.967834
336.862274
336.760712
336.808960
336.551117
336.222687
335.907562
335.880707
336.429077
335.460846
335.888916
335.528809
335.103577
335.263641
334.761078
334.622803
334.175934
333.911865
333.961060
333.626343
333.184387
333.018799
333.173431
332.637451
332.267609
331.955963
331.502197
331.765930
331.828094
331.198669
331.461182
331.120880
330.702240
330.909912
330.696991
330.471161
331.257233
330.626892
330.824310
330.816071
330.627838
330.456604
330.943481
331.043823
331.106079
331.176483
330.963837
331.494781
331.473022
331.423004
331.963989
332.286194
332.210144
332.315674
332.707703
333.125702
332.956665
333.658997
333.705780
334.245087
333.956055
334.267212
334.294556
334.373322
335.407776
335.077087
335.703278
335.822296
335.366119
336.155487
335.782471
336.027039
335.805237
335.998932
335.942413
336.149231
336.253876
336.306305
335.949921
336.199951
336.189667
335.908447
336.332428
336.168457
335.689117
335.751434
335.165161
335.366028
334.945404
334.948181
334.432495
334.244476
333.547882
333.807953
333.451660
332.815033
332.620636
332.402283
332.540863
332.202789
331.665558
331.919495
331.438324
331.087006
330.894348
330.799957
330.507446
330.805328
330.144226
330.434082
330.100739
330.004333
330.227539
330.005096
329.807709
330.406738
330.200653
330.359314
330.779907
330.313293
330.930664
331.172394
331.111023
331.992432
331.847595
332.299622
333.019073
332.685944
333.385071
333.945892
334.264343
335.101105
335.103333
335.444763
336.028961
335.978180
336.456696
337.007050
336.867188
337.373444
337.527344
338.010101
337.822479
337.460602
337.802155
337.415649
337.248474
337.215393
336.726227
335.833252
335.258392
334.704437
333.823364
332.842987
331.601074
330.396606
329.035675
327.592499
325.847351
323.595551
321.813477
319.901215
317.261993
314.684784
312.437775
309.575928
306.790436
303.476166
300.277069
296.795166
293.387329
289.440002
285.670166
282.262451
277.616364
273.810516
269.676483
265.932068
261.481018
256.859863
253.025940
248.554443
244.503281
240.204926
235.945389
231.756622
227.918411
224.151947
220.340134
216.353394
212.851852
209.725586
206.431458
203.255310
200.790665
198.188843
195.841705
193.672623
191.617096
190.248581
188.908096
188.045120
187.225861
186.807693
186.342224

