271.819824
172.391937
172.844147
173.490387
174.279755
175.530899
176.895538
178.409409
180.394394
182.548126
184.610123
187.199310
189.920898
192.578262
195.622864
198.828384
201.793335
205.210388
208.629257
212.549591
215.950287
219.951935
223.309708
227.087799
231.201782
234.638000
238.460022
242.267181
246.276169
249.566833
253.449036
256.584106
259.786011
263.316467
266.309570
269.651520
273.045410
275.774933
278.417023
281.084900
283.688812
285.652771
287.987091
289.835632
292.036133
293.930481
295.689606
296.948700
298.527893
299.314941
301.249176
301.779724
302.459961
302.964264
304.022034
304.595551
305.141754
305.370667
306.141510
306.406281
305.882294
305.980530
306.417084
306.466583
305.997040
306.061615
306.092377
305.982513
305.419983
305.457153
304.737976
304.515839
304.562164
304.450653
304.492676
303.465820
303.693634
303.259552
302.962799
303.252838
302.888458
302.864838
302.501740
302.582550
302.583679
302.373474
302.608215
301.972260
302.289398
302.090912
302.717560
302.650848
302.710297
302.546387
303.036896
303.477020
303.633484
303.807739
304.474884
304.080017
304.790710
305.023621
305.395447
305.974030
306.005005
306.706390
306.717896
307.407806
307.611359
307.385986
308.404266
308.988708
308.840973
309.341248
309.684235
309.544312
310.154633
310.337708
310.503021
311.035309
310.933350
311.236359
311.114136
311.353699
311.499298
311.746277
311.780762
312.016510
311.905884
311.741211
312.045135
311.299744
311.690247
312.017517
311.173859
311.260132
311.279510
311.175110
310.999420
310.622681
310.354034
310.482788
309.844208
309.591278
309.346954
309.310425
309.063690
308.975952
308.517700
307.894989
307.890839
307.645660
307.412323
307.163788
306.864044
306.877625
306.664825
306.725708
306.553864
306.166565
306.269409
306.032074
305.924774
305.899597
305.903961
306.178253
306.102356
306.128632
306.014465
306.230164
306.287384
306.040680
306.239105
306.725525
306.781158
306.973145
307.113342
307.551788
307.539795
307.905304
308.260437
308.704254
308.540497
309.180145
309.639771
309.721649
310.101807
310.661133
310.988953
311.334900
311.710632
311.833466
312.086395
312.513062
312.909210
313.092773
313.641113
313.901062
313.511993
314.548584
314.803833
314.839050
315.008850
314.843292
315.077271
315.120300
315.950531
315.460388
315.694824
316.167175
315.855530
315.831207
315.878571
315.942810
316.137848
315.590546
316.104462
315.589752
315.295166
315.466644
315.008728
315.230347
314.889099
314.833832
314.821014
314.449677
314.139648
313.758026
313.611938
313.235321
313.126434
312.725311
312.598846
312.212280
312.161316
311.900177
311.413727
311.183258
310.937103
311.097565
310.373077
310.214355
310.139801
309.962891
310.075378
309.683197
308.853607
309.406647
309.538605
309.462646
308.809509
309.211700
309.204376
308.825623
308.787598
308.932495
309.050201
309.184235
309.343781
309.192749
309.545105
309.795715
310.130219
309.699493
310.252533
310.378967
310.640350
311.109924
310.911743
311.076172
311.960846
312.001282
312.403961
312.165894
312.661438
312.789459
313.299866
313.787018
314.297485
314.188446
314.687195
314.966827
315.474274
315.344391
315.313690
315.916382
316.073517
316.588257
316.593201
316.996704
316.932251
317.029053
317.045654
317.452667
317.184296
317.685364
317.402588
317.689575
317.713837
317.876709
317.158905
317.609711
317.492645
317.684845
317.712219
317.669891
317.275146
317.256775
317.095551
316.888702
316.643188
316.832825
316.336761
316.082977
316.124451
315.944427
315.931305
315.629700
315.458374
315.064545
315.055359
314.577850
314.556915
314.207367
313.959198
314.407379
313.893768
313.589478
313.777649
313.418732
313.102844
313.559967
313.127075
313.064545
313.290375
313.076477
312.957458
312.613861
312.844208
312.645233
313.279785
312.970154
312.610992
313.042786
313.556244
313.436951
313.774200
313.711700
313.780518
313.539459
314.349457
314.699921
315.057007
315.130005
315.309021
315.814362
316.037231
316.530029
316.522583
316.592255
316.964813
317.095795
317.641846
318.138733
318.348969
318.629852
318.584351
318.956604
319.303375
319.478119
319.761627
319.766693
320.543030
320.538635
321.007568
320.723450
321.015900
321.236542
321.517029
322.076233
321.735596
321.743988
322.060394
321.793121
322.097382
321.720734
322.108307
322.037384
321.999359
321.706940
322.215515
321.777313
322.005798
321.302795
321.271912
321.134399
321.496887
321.019623
321.081787
321.042328
320.883820
320.414246
320.098145
320.280121
319.678497
320.086243
319.019379
319.200195
319.025299
319.344116
318.937500
318.711578
318.452209
318.140442
317.820618
317.724609
318.204041
317.724640
317.666809
317.704529
317.408661
317.615845
317.391754
317.944061
317.623077
317.356171
317.674957
317.553619
317.473083
317.972870
318.018494
317.847992
317.871399
318.232422
318.941742
318.858551
318.546783
318.770416
318.943207
319.174042
319.587982
320.070465
320.283508
320.633179
320.403961
321.251587
321.074280
321.257660
321.591339
322.091309
322.138855
322.655182
323.071777
323.389740
323.463867
323.847595
324.067200
323.802429
324.414978
324.877014
324.848877
325.100525
325.391846
325.493927
325.799652
325.530273
326.226410
325.883026
326.182648
326.573608
326.129547
326.378113
326.314606
326.249207
326.587616
326.423798
326.012695
326.178558
326.348938
326.137146
325.979431
325.961243
325.980072
325.504242
325.680634
325.407471
325.219818
325.083252
324.874023
324.439209
324.664978
324.595032
324.315125
323.856079
323.660431
323.654541
323.758789
323.504883
323.423676
323.241119
323.238647
323.309235
323.187134
323.321411
323.119781
322.866913
323.124023
323.138489
322.830383
322.869934
322.904022
322.965363
323.447693
323.566223
323.153381
323.555145
323.778656
323.939301
324.380432
324.192444
324.019073
324.768005
325.034637
325.133728
325.772095
325.903046
326.315704
326.449493
326.470978
327.338837
327.723053
328.172974
328.208405
328.654541
329.336517
329.402222
329.685333
329.855469
330.371796
331.000427
331.432953
331.525940
332.029266
332.084473
332.429565
332.938416
333.178192
333.557526
333.655365
333.987640
334.353302
334.544067
334.686096
334.536957
334.918610
335.320435
335.293854
335.570953
335.082245
335.310303
335.910614
335.548065
335.293335
335.742126
335.588135
335.756897
335.553619
335.454712
335.118103
335.091614
335.438721
334.945190
334.933136
334.587738
334.508057
334.144775
333.979706
333.588531
334.087128
333.436310
333.429047
333.089752
333.410736
333.187927
332.786346
332.363647
332.979126
332.626953
331.909241
332.413849
332.293518
331.476105
332.149567
331.838013
331.908051
331.824341
331.645905
331.716888
331.855225
332.298889
332.050659
332.217346
332.278168
332.488953
332.517365
332.498444
332.724213
333.742554
333.238434
333.557343
333.918243
334.460846
334.949646
334.570251
335.012268
335.702332
336.149902
336.465424
337.195435
337.373535
337.992340
338.134735
338.362640
338.797668
339.533813
339.768402
340.380951
340.506836
341.448914
341.705963
341.840790
342.188995
342.631134
342.435516
343.024567
342.986237
343.406189
343.979919
344.143799
344.293793
344.617493
345.140656
345.067688
345.297882
345.175995
345.411835
345.385040
345.769287
345.528168
345.826172
345.454376
345.282013
345.917664
345.296661
345.106873
345.762909
345.182587
344.971771
344.464661
344.831970
344.277344
344.521332
343.997162
343.857208
343.509094
343.644165
343.178741
343.016266
342.348541
342.710480
342.140961
342.278412
341.681885
341.354919
340.988617
340.893677
340.739990
340.901276
340.191803
340.615448
340.566284
339.877136
340.014954
339.726440
339.610321
339.574158
339.792450
339.173462
339.414734
339.770325
339.555054
339.473694
339.909943
340.003723
339.569611
339.734680
340.014008
340.083038
340.229126
340.800598
340.326141
340.983978
341.136261
341.734039
341.243103
342.200745
342.028687
342.882080
342.879150
343.042816
342.992035
343.459625
344.209839
344.221924
343.997345
345.307739
345.567657
345.467407
345.653320
345.787872
346.543762
346.450073
346.750854
346.818970
347.457703
347.345825
347.988678
347.644775
348.546173
348.272003
348.483032
348.416565
348.284851
349.062958
348.895935
348.592194
348.906250
348.576782
348.547089
348.130646
348.784210
348.514954
348.303009
347.977844
348.298401
347.889191
347.269958
347.685242
347.022430
347.304413
346.631866
346.817749
346.829559
346.338867
346.093872
346.123260
345.509308
345.186188
345.330048
344.715088
344.832275
344.577515
344.579956
344.422211
344.318115
344.384583
343.766602
343.440094
344.164703
343.477844
343.787781
343.222717
343.341644
343.060852
343.215820
343.003448
342.993134
343.518799
342.821960
343.284271
343.353668
343.406769
343.540771
343.506317
343.880585
344.003967
344.029388
344.311584
344.386078
344.289124
344.586517
345.203003
345.608185
345.584045
345.641510
345.927002
345.698822
346.154205
346.469421
346.662506
346.934052
346.776550
347.629730
347.782776
347.571472
347.903351
348.240631
348.048370
348.497925
348.359497
348.681030
348.578033
348.900116
348.697510
349.012695
349.082642
349.322693
348.991760
349.274597
349.011383
348.920258
348.538452
348.699036
349.084198
348.737518
348.179047
348.250336
348.207672
347.978912
347.825104
347.602386
347.313019
346.905975
346.853058
346.497040
346.512085
346.230865
345.883453
345.736389
345.401825
345.100159
344.837036
344.552185
344.327576
344.453522
344.135651
343.820892
343.846832
343.432678
343.101196
343.249603
342.880310
342.550629
342.996216
342.648529
342.745331
342.391144
342.322388
342.691559
342.489227
342.304047
342.639923
342.607727
342.956482
343.184479
342.912689
342.922913
343.128845
343.038452
343.308289
343.536835
343.772430
343.703827
344.206329
344.703857
345.252686
344.722260
345.454376
345.178802
345.808105
345.996246
346.439484
346.452240
346.838501
346.851349
346.696716
347.050140
347.260406
347.811859
347.728821
347.464355
347.592102
347.596802
347.456360
348.045166
348.092834
347.945160
347.731384
347.582489
347.894531
347.496124
347.599701
347.714630
347.494019
346.933929
347.342194
347.184479
346.658600
346.673920
346.214569
345.879059
345.533661
345.307343
344.873138
344.691772
344.482300
344.566162
343.814087
343.792694
343.505768
343.116760
342.750275
342.797211
342.157013
342.269897
342.027893
341.464417
342.205017
341.477295
341.671295
341.416534
341.237579
341.390381
341.284149
341.535248
341.314453
341.661499
341.461914
341.759796
341.930542
342.227814
342.228821
342.236206
342.837677
343.153107
343.795807
344.195923
344.610687
344.887665
345.289520
345.305603
345.802338
346.725677
346.921478
347.289673
347.638977
347.683502
348.576630
348.599304
349.169647
348.642151
348.916534
349.139832
349.554565
349.294128
349.010925
348.863037
348.130493
347.554718
347.773224
346.996216
346.249969
345.543793
344.178284
343.495117
341.979645
340.757446
338.664093
336.959961
334.989777
332.745148
330.946838
328.617340
325.757843
323.195282
320.418427
317.285706
313.822205
310.597504
306.889557
303.341583
299.719452
295.779846
291.822723
287.917389
283.190033
279.141815
274.911469
270.704895
266.164978
261.509247
256.997711
252.672607
248.215759
243.984024
239.875214
235.621902
231.978226
227.524826
223.906128
219.825607
216.691208
213.403793
210.316071
207.310822
204.747009
202.275040
200.075867
198.313324
196.753387
195.138535
194.127350
193.407608
193.091965
192.811111

269.210876
172.302750
172.740982
173.395737
174.180298
175.440399
176.810074
178.352982
180.333511
182.486755
184.559097
187.175583
189.912582
192.561508
195.624649
198.832230
201.818420
205.261032
208.701324
212.645554
216.060806
220.076675
223.467270
227.257660
231.423950
234.852753
238.715363
242.564072
246.576340
249.851089
253.802002
256.959595
260.189789
263.757477
266.750763
270.131134
273.549103
276.317078
278.979736
281.702057
284.303528
286.317444
288.660706
290.583862
292.796936
294.711548
296.501862
297.784973
299.374420
300.222778
302.173523
302.719604
303.463196
303.970551
305.060150
305.674133
306.238251
306.484802
307.283936
307.582306
307.093201
307.198029
307.665894
307.715515
307.283203
307.367889
307.415710
307.352631
306.781311
306.827301
306.153717
305.941589
305.996185
305.889465
305.936829
304.925751
305.186005
304.767120
304.457367
304.788788
304.411591
304.366638
304.014954
304.168457
304.121613
303.888245
304.135742
303.501709
303.825104
303.615387
304.247284
304.185669
304.274536
304.093079
304.570648
304.972260
305.114319
305.304993
305.945160
305.570068
306.256287
306.482483
306.833160
307.375732
307.378265
308.079987
308.078796
308.725952
308.936340
308.654602
309.682800
310.253510
310.067657
310.533081
310.859131
310.692627
311.294067
311.423615
311.580719
312.093506
311.943695
312.250732
312.095093
312.302704
312.450317
312.637482
312.643463
312.883148
312.706879
312.520905
312.772614
312.011139
312.386749
312.675598
311.795929
311.856842
311.862061
311.696716
311.511139
311.094666
310.795807
310.891144
310.236847
309.940948
309.702698
309.621826
309.333649
309.233612
308.745636
308.096039
308.095093
307.803192
307.531860
307.279846
306.946747
306.943207
306.711945
306.716675
306.543610
306.151825
306.222900
305.944427
305.836487
305.788513
305.774170
306.040771
305.936096
305.942932
305.813934
306.019226
306.081787
305.803436
305.956909
306.448700
306.486298
306.669891
306.817444
307.245819
307.222351
307.579376
307.923340
308.369415
308.214081
308.840637
309.282288
309.346924
309.746063
310.278503
310.600403
310.958405
311.345795
311.459747
311.703705
312.147980
312.528625
312.711853
313.253448
313.535248
313.132202
314.185425
314.435516
314.486603
314.700500
314.500000
314.748779
314.786560
315.653503
315.185486
315.378479
315.863647
315.574677
315.548279
315.631439
315.714386
315.888153
315.352814
315.887756
315.381683
315.090790
315.297638
314.856659
315.102112
314.754486
314.687500
314.704498
314.339691
314.036896
313.690033
313.583679
313.207916
313.121094
312.732483
312.630371
312.268738
312.188080
311.983673
311.522400
311.288666
311.100647
311.273285
310.542450
310.382721
310.360107
310.207825
310.311005
309.990814
309.136658
309.721985
309.884613
309.856842
309.170471
309.628906
309.634460
309.282593
309.309601
309.458221
309.541901
309.715424
309.919159
309.785126
310.120758
310.437531
310.775269
310.393097
310.953766
311.073486
311.393707
311.890442
311.746063
311.885468
312.816925
312.871979
313.320343
313.097198
313.612610
313.792938
314.271729
314.847992
315.382874
315.274902
315.755768
316.081177
316.631683
316.536346
316.524048
317.169250
317.329865
317.881805
317.903625
318.293915
318.284943
318.395203
318.433899
318.889221
318.600586
319.161621
318.859985
319.220184
319.217255
319.412476
318.784576
319.260925
319.151764
319.357483
319.364716
319.359833
319.018402
318.975983
318.931366
318.724792
318.499176
318.696167
318.189240
317.939117
317.971130
317.904388
317.884216
317.572266
317.432251
317.081390
317.151367
316.628174
316.563385
316.286743
316.061951
316.483612
315.935822
315.714783
315.920807
315.551117
315.259491
315.710114
315.213959
315.229797
315.452423
315.301971
315.135162
314.813232
315.082489
314.855743
315.501923
315.138092
314.884918
315.305206
315.774872
315.639496
315.974396
315.955719
315.982605
315.767242
316.546509
316.882629
317.237366
317.331390
317.459869
317.972473
318.231293
318.686401
318.638336
318.712097
319.082458
319.137177
319.735291
320.191650
320.406219
320.709412
320.632416
321.011719
321.248535
321.470764
321.714874
321.680603
322.419250
322.425903
322.920166
322.487823
322.771118
323.035400
323.297394
323.789520
323.432953
323.412384
323.663696
323.421356
323.657074
323.311218
323.624664
323.545898
323.473602
323.163055
323.632111
323.167358
323.379089
322.610443
322.613678
322.386627
322.764008
322.263367
322.259552
322.155518
321.965912
321.519653
321.098602
321.248016
320.683716
321.022675
319.913025
320.032837
319.940216
320.172180
319.722504
319.474060
319.165314
318.834534
318.458496
318.413086
318.787842
318.300934
318.195404
318.205170
317.920105
318.056641
317.848419
318.349701
317.993256
317.705078
317.978699
317.831848
317.714600
318.191315
318.250824
318.057587
318.078064
318.426300
319.049713
318.981628
318.626099
318.863678
319.011566
319.197174
319.579498
320.067505
320.276489
320.611267
320.376740
321.183655
320.975311
321.204895
321.503723
321.968903
322.014130
322.469116
322.921844
323.229034
323.302765
323.667725
323.870178
323.618042
324.219635
324.641876
324.638550
324.904144
325.146759
325.267303
325.564240
325.297882
325.997192
325.637909
325.936432
326.314514
325.860779
326.186798
326.056824
326.021820
326.341644
326.183533
325.761780
325.904724
326.108368
325.916595
325.752289
325.749756
325.765076
325.286316
325.423370
325.203888
324.999817
324.849365
324.666168
324.230438
324.469177
324.371796
324.111694
323.645782
323.453796
323.479492
323.584167
323.332184
323.250122
323.075714
323.076935
323.179260
323.042725
323.173767
322.986908
322.726471
322.998962
323.021942
322.709717
322.736725
322.783936
322.860718
323.296753
323.477783
323.077881
323.471222
323.684204
323.847839
324.303680
324.117340
323.937012
324.682312
324.976166
325.074219
325.703369
325.850098
326.268768
326.358185
326.414154
327.264771
327.639069
328.130737
328.141052
328.591217
329.253326
329.324249
329.585297
329.773956
330.291779
330.935730
331.369995
331.428406
331.944305
331.992432
332.351013
332.854523
333.063690
333.465942
333.546387
333.869232
334.232666
334.429169
334.563812
334.427307
334.787903
335.158569
335.149445
335.422607
334.901123
335.143646
335.736389
335.393188
335.123108
335.554047
335.397003
335.560333
335.354706
335.238617
334.917114
334.877319
335.219482
334.681458
334.672150
334.352509
334.240295
333.883759
333.713531
333.323334
333.799225
333.169098
333.141327
332.800781
333.100464
332.875916
332.505341
332.043365
332.632507
332.295044
331.572510
332.073883
331.952545
331.106415
331.781555
331.471313
331.555725
331.459290
331.278534
331.341278
331.475525
331.888824
331.677795
331.846558
331.900604
332.085876
332.111603
332.081329
332.320587
333.358795
332.800903
333.125122
333.528534
334.025635
334.514404
334.122467
334.565765
335.249268
335.702026
336.036621
336.767670
336.939514
337.542572
337.672211
337.916779
338.319122
339.085541
339.334900
339.878174
340.032166
340.993347
341.241821
341.381500
341.739532
342.126190
341.979218
342.577972
342.508118
342.919312
343.494202
343.706482
343.828613
344.147736
344.702698
344.588715
344.827881
344.694061
344.933533
344.945679
345.295807
345.094849
345.341736
344.977936
344.817963
345.441376
344.859650
344.659851
345.294434
344.710327
344.495941
343.998474
344.354095
343.816742
344.032501
343.549042
343.417816
343.041779
343.224335
342.684784
342.554169
341.878082
342.273651
341.690674
341.820465
341.236938
340.975677
340.545227
340.451904
340.300690
340.460236
339.748016
340.224396
340.125885
339.475677
339.613495
339.326324
339.220032
339.150665
339.344147
338.778748
339.035095
339.365234
339.130249
339.113892
339.514771
339.592163
339.180603
339.359985
339.610931
339.682251
339.865906
340.438354
339.953308
340.619537
340.780029
341.348602
340.879272
341.894165
341.685364
342.505615
342.516205
342.739594
342.653564
343.158203
343.862488
343.871246
343.669891
345.010193
345.227203
345.158752
345.318146
345.481201
346.256317
346.123718
346.481415
346.533386
347.170837
347.059845
347.707123
347.349640
348.264313
348.005676
348.229675
348.180908
348.061279
348.829376
348.653625
348.340332
348.659454
348.339172
348.325653
347.871033
348.564636
348.297058
348.068604
347.782410
348.080261
347.663544
347.092529
347.503723
346.833374
347.119934
346.482269
346.681519
346.694061
346.179047
345.937683
345.959503
345.359222
345.055817
345.185181
344.590118
344.704254
344.476105
344.452972
344.306641
344.221375
344.269867
343.668030
343.341522
344.066681
343.399994
343.702667
343.143097
343.261719
343.011292
343.158234
342.947998
342.915741
343.434204
342.752319
343.222015
343.304626
343.364105
343.511383
343.455719
343.850098
343.962677
344.004425
344.286194
344.365723
344.262482
344.570312
345.216339
345.618744
345.595428
345.644379
345.944122
345.714508
346.178894
346.473236
346.650726
346.926697
346.776123
347.625641
347.804565
347.587616
347.901245
348.260193
348.069458
348.518616
348.362000
348.693573
348.622284
348.916779
348.750458
349.050262
349.096497
349.352051
349.023438
349.328369
349.064453
348.973602
348.575745
348.730255
349.128052
348.757660
348.223785
348.255371
348.249542
348.014801
347.857819
347.617401
347.332764
346.942841
346.881409
346.534027
346.557037
346.263794
345.924377
345.768616
345.405426
345.113434
344.873871
344.580688
344.359528
344.492523
344.177429
343.873138
343.890808
343.458984
343.152832
343.270966
342.901154
342.608459
343.016510
342.694946
342.770752
342.427856
342.356598
342.712097
342.520081
342.358276
342.681641
342.623260
342.982483
343.211792
342.947968
342.948273
343.168518
343.041321
343.323334
343.562073
343.805023
343.736877
344.222931
344.732544
345.280334
344.739807
345.485138
345.203094
345.816986
346.025208
346.467041
346.456970
346.879333
346.885406
346.724762
347.075958
347.298828
347.839905
347.749054
347.505341
347.594574
347.642151
347.482727
348.055725
348.133942
347.954681
347.757812
347.627960
347.925720
347.520294
347.601227
347.748077
347.492554
346.939240
347.398499
347.209656
346.675720
346.711365
346.250977
345.916168
345.579346
345.346405
344.906891
344.757385
344.515991
344.604858
343.873657
343.845703
343.562195
343.155853
342.819641
342.842926
342.231750
342.329407
342.092621
341.536743
342.281158
341.535614
341.751129
341.505859
341.325287
341.469666
341.356934
341.606812
341.391602
341.753326
341.539032
341.866486
342.027222
342.297485
342.303436
342.349243
342.943848
343.223267
343.867981
344.293610
344.726013
344.992615
345.391968
345.437592
345.905121
346.861633
347.079132
347.431702
347.770203
347.815369
348.729034
348.729340
349.302734
348.821777
349.064911
349.326324
349.710083
349.464539
349.195251
348.998047
348.281464
347.731628
347.937347
347.157745
346.438965
345.727936
344.358795
343.681580
342.160858
340.915863
338.835815
337.183411
335.186768
332.980347
331.162170
328.824554
325.978577
323.420990
320.640076
317.514618
314.078827
310.832428
307.118195
303.588470
299.953796
295.992767
292.057281
288.153687
283.461914
279.395050
275.154663
270.946991
266.424835
261.752441
257.251007
252.927856
248.456970
244.249039
240.151764
235.888855
232.230652
227.807892
224.189529
220.081573
216.974960
213.693863
210.602829
207.580475
205.025436
202.562149
200.349182
198.589951
197.018692
195.408508
194.415573
193.664078
193.371628
193.253128

220.517746
184.789429
185.114532
185.818390
186.655121
187.931519
189.752380
191.505157
193.391785
195.516861
198.050583
200.522202
203.221695
206.645721
209.502396
212.743469
216.301682
220.025574
223.885880
227.784790
231.366608
235.467972
239.444443
243.297165
247.772766
251.411392
255.796143
259.780670
263.513123
267.415710
271.393768
275.090607
278.330109
281.783173
285.834900
288.780426
291.832428
295.310028
297.701111
300.665955
303.265320
305.772308
308.132935
310.147919
312.324554
314.066833
315.798401
317.148285
318.892090
320.038300
321.019165
322.004578
323.114990
324.066223
324.461823
325.274780
325.540619
326.046082
326.162628
326.024628
326.053162
326.458313
326.114746
326.343201
326.031891
325.797241
325.981598
325.506561
324.870605
324.526947
324.384369
324.145691
323.982483
323.754944
322.752533
322.573151
322.345642
322.267578
321.285248
321.653107
321.300262
321.047119
320.676208
320.626678
320.467651
320.391846
320.427246
320.469604
320.507080
320.104004
320.020477
320.382843
320.204468
320.122314
320.667175
320.416931
320.606293
321.005951
321.313110
321.932007
322.074799
322.080078
322.563995
322.458771
323.154327
323.013306
323.758301
323.837494
323.850372
324.253265
325.182251
325.281738
325.271637
325.727783
326.074280
326.747345
326.213013
326.794312
326.766083
327.314514
326.839752
327.070923
327.616364
327.578308
327.708923
327.588074
327.990234
327.614716
327.545746
327.865082
327.375732
327.742767
327.546814
327.197052
326.820343
326.498352
326.741425
325.933746
326.209259
325.692200
325.167358
325.200409
324.821167
324.590088
324.434509
323.790985
323.380035
323.255066
323.050110
322.751160
322.427185
322.114899
321.664185
321.256531
321.430603
320.903503
320.679474
320.212463
320.319885
320.691772
319.732239
319.677368
319.765717
319.619293
319.214447
319.769836
319.338898
319.399292
319.173828
319.601044
319.450592
319.725891
319.825409
319.680115
319.584290
320.153992
320.064545
320.418182
320.250122
320.869781
321.412659
321.754852
321.612946
321.933594
322.273254
322.717133
322.638031
322.606720
323.306122
323.769684
324.236694
324.478516
324.685944
324.959473
325.164215
325.400696
325.589355
325.905579
326.557495
326.809540
326.358704
327.113159
327.133545
327.348877
327.392578
327.505371
327.828339
327.983032
327.681244
327.702881
327.704987
328.248505
327.984741
328.274902
327.705383
327.797577
327.420685
327.360931
327.150696
326.587280
326.954498
326.610016
326.895691
325.891663
325.732086
325.569763
325.552643
324.504791
324.431122
324.417847
324.358154
323.695435
323.305756
323.347656
322.670166
322.715820
322.066956
321.913940
322.132111
321.751465
321.370636
321.206696
320.708160
320.356659
320.188751
319.505615
319.656952
319.808594
319.627258
319.575165
319.538757
319.530609
319.318481
319.268433
319.198730
319.475006
319.400116
319.426880
318.899811
319.373138
319.654083
320.001251
320.177002
319.991547
320.435364
320.771973
320.584137
320.956573
321.074921
321.743683
321.884155
322.168152
322.121124
322.657074
322.529724
323.152496
323.467743
323.602844
323.978363
324.149811
324.220428
324.610260
325.236389
325.403229
325.674835
325.268280
325.370850
325.830658
326.584290
325.729523
326.308472
326.863098
326.665192
326.834412
327.186829
326.934692
326.992493
327.052124
327.018494
327.050385
327.649658
326.802246
326.846741
326.583679
326.867096
326.537964
326.575653
326.788177
326.430481
326.225128
325.986420
325.285828
325.507233
325.213409
325.307373
324.778900
324.420807
324.346466
324.078583
324.070984
323.514191
323.596436
323.386597
323.265137
322.933929
322.868896
322.595123
322.164856
322.169769
322.031921
321.927277
321.600983
321.652039
321.598480
321.688202
321.358154
321.194855
321.301636
320.895447
321.293091
321.487305
320.759796
321.283783
321.447601
321.556946
321.613129
321.627594
321.780029
322.264282
322.250977
322.338745
322.636871
322.998016
323.177307
323.584442
323.851471
323.891998
324.334961
324.689453
324.924133
324.919189
324.984070
325.563354
325.600037
325.733032
326.417786
327.214813
327.510315
327.355957
327.705200
327.690125
328.130829
328.453430
328.504883
328.711639
328.668579
329.058167
329.159363
329.455994
329.311859
329.520355
329.693085
330.098694
330.122833
329.984863
329.618530
329.906738
329.916290
329.828735
329.943512
329.335968
329.832703
329.717163
329.197479
329.122162
328.950958
328.785248
328.974670
328.911865
328.273376
328.078857
327.752258
328.017365
327.845428
327.622650
326.987854
327.192810
326.487701
326.543213
326.327515
326.070526
325.775177
325.642487
325.807922
325.232574
325.264679
325.084045
324.598358
324.897034
324.519318
324.451202
324.589966
324.571472
324.525513
324.175751
324.535828
324.715942
324.524841
324.283264
324.458954
325.040741
324.712433
325.123627
324.672943
325.521454
325.281952
325.530396
325.347626
325.797974
326.168579
326.247955
326.934631
326.696228
326.575745
327.335693
327.312042
327.792542
328.184265
328.175995
328.500122
329.220734
329.301666
329.632324
329.464447
329.497620
330.345734
330.337463
330.868073
331.211426
331.000549
331.457581
331.705017
331.775208
331.704376
331.699768
332.271057
331.920319
331.964294
332.403198
332.131287
332.219818
332.178223
332.402496
332.006470
332.451904
332.265564
332.335846
332.187408
331.917786
331.736237
331.723816
331.711517
331.611359
331.518250
331.082336
331.186646
330.537292
330.924072
330.648590
330.215637
329.956665
329.952820
329.820374
329.468964
329.324127
329.018616
329.012451
328.766449
328.592163
328.229431
328.127625
328.287109
328.051300
327.694519
327.935547
328.119507
327.559204
327.373932
327.736633
327.831909
328.002502
327.359802
328.532806
327.992920
327.801727
327.984375
327.548676
328.005615
328.292114
328.673950
328.862885
328.454346
329.052979
329.332947
329.093781
330.038086
330.146881
329.795166
330.819550
331.042847
331.142273
331.325470
331.663361
332.545288
332.243439
332.630096
333.154510
333.584869
334.056458
333.995636
334.307495
335.009735
334.837616
335.414459
335.733032
336.341309
335.970032
336.309174
336.916931
336.958435
337.054779
336.928375
337.115479
337.406342
337.438324
337.197540
337.382812
337.467896
337.273956
337.496613
337.143341
337.424469
337.751892
337.383789
337.358002
336.927368
337.368530
336.773865
336.664612
336.597321
336.368835
336.308563
335.951538
335.667267
335.435242
334.855957
335.207245
334.881104
335.026306
334.630737
333.710999
334.141907
333.388550
333.308258
333.048126
332.908051
332.857788
332.760101
332.533813
332.008698
331.978180
332.181549
331.629913
331.840149
331.751404
331.458405
331.370728
331.449158
331.799683
331.165253
331.328644
331.595428
331.704193
331.934753
331.882477
332.110840
332.404968
332.482849
332.613861
332.456970
332.871582
332.974152
333.485718
333.897064
333.457550
334.200684
333.937744
334.512115
334.916168
335.189880
335.626984
336.049133
336.339233
336.670868
337.013153
337.138550
337.829437
338.069855
338.491608
338.376038
339.023407
339.573090
339.543945
339.961548
340.109619
340.362213
341.067352
340.902405
340.735474
341.185364
341.679565
341.473022
341.499573
341.851746
341.988922
341.631073
341.980804
341.598053
341.548798
341.541473
341.595673
341.406921
341.410522
341.011902
341.334442
341.109955
341.120239
341.137390
340.517639
339.514740
339.754059
339.682953
339.425964
339.688446
338.551605
338.414154
338.204529
338.275696
337.662659
337.423309
336.969330
336.537750
336.036926
336.147552
335.802094
335.532654
335.418121
334.835968
334.617950
334.578033
334.321350
334.180969
333.812347
333.990448
333.641846
333.938690
333.053040
333.320343
333.218811
333.339874
333.114655
333.184784
333.169464
333.303192
333.398590
333.718323
333.476135
333.732758
333.741333
333.746918
334.384735
334.427246
334.421967
334.269226
334.626556
334.895172
335.196228
335.580414
335.771301
335.827026
336.099884
336.484772
336.473724
336.770660
336.944550
337.552032
337.547394
338.091553
337.824219
338.273895
338.451904
338.724365
338.593018
338.689972
339.208252
339.919037
339.472168
339.647522
340.210266
339.856323
340.316101
339.910278
340.127075
340.146423
340.222565
340.278656
339.968933
340.258881
340.385406
339.806305
339.542694
339.810455
339.325592
339.152374
339.391327
338.856598
338.374786
338.651611
338.121155
338.120911
338.050232
337.650421
337.331299
337.210083
337.234283
336.823700
336.316803
336.645813
335.925232
335.801300
335.245605
335.196991
335.177734
335.186340
334.627777
334.561707
334.151031
334.462219
334.020477
333.575653
333.811890
333.163055
333.789001
333.089417
333.404388
333.444275
333.104523
333.102081
333.351501
333.444183
333.118713
333.396484
333.895599
333.565613
333.778900
333.407898
333.876526
333.597137
334.042267
334.505524
334.596588
334.940704
334.976562
334.713440
335.635925
335.369720
335.504608
335.946106
335.972961
336.474762
336.227631
336.488556
336.740082
336.707642
337.216095
337.418152
337.762085
337.313080
338.168121
337.634186
337.638428
338.206818
337.650452
337.873474
338.487091
337.873505
338.042145
338.047852
337.943024
338.068268
337.901642
337.633362
337.712891
337.554474
337.344330
337.756744
337.081085
336.716980
336.740234
336.591522
336.209625
335.986816
336.017914
335.475800
335.426727
335.216858
334.731323
334.805084
334.107513
333.845428
334.033783
333.776703
333.706024
332.894379
332.484497
332.213440
332.582764
332.203278
332.160767
331.811310
331.502380
331.619324
331.456604
331.978638
331.401581
331.274689
330.937042
331.527893
331.467865
331.240265
331.209320
330.631866
331.299896
331.484558
331.355865
331.792572
331.662659
331.685425
331.854431
331.833862
331.979370
331.921906
332.585602
332.365997
332.888489
333.146393
333.358124
333.404053
333.412506
333.714233
334.383942
333.948883
334.281006
334.504639
334.725586
334.928070
335.573059
335.697510
335.374634
335.922058
335.703278
335.720154
335.866730
335.773285
336.265198
336.104065
336.197937
336.160828
336.082275
336.107971
336.030334
336.011658
335.693176
335.496185
335.317261
334.717621
334.712982
334.912384
334.010498
334.345001
333.962158
334.127808
333.230652
333.251984
332.902985
332.475983
332.042419
332.105347
331.743866
331.456573
331.441254
331.437042
330.874390
330.642059
330.439697
330.205353
330.275238
330.172638
330.089020
329.396729
329.515381
329.559357
329.616364
329.460388
329.567230
329.845306
329.834381
330.080200
330.357483
330.148956
330.535522
330.406708
330.624695
331.396912
330.956116
331.716461
332.090363
332.618958
332.937805
333.528168
333.238190
333.824921
334.212738
334.718353
334.974060
335.406128
335.755066
335.980499
336.131653
336.597595
337.142059
336.863556
336.948029
336.972473
337.122437
336.640839
336.659851
336.360626
335.555511
335.098938
334.912079
333.881165
332.894653
332.443481
331.621063
329.980103
328.235718
327.247833
325.284668
323.342834
321.218292
319.007538
316.986450
314.019287
311.740112
308.656372
305.839600
302.844116
299.657043
296.015869
292.556366
288.951752
284.925079
281.447540
277.264099
273.657715
269.163940
264.841888
260.670441
257.020996
252.457825
248.096497
243.837784
239.709030
235.542252
231.446762
227.457703
223.675674
219.602219
215.859390
212.617950
209.079773
206.002335
203.035873
200.090714
197.719299
195.312164
193.429092
191.432159
190.001907
188.662918
187.592865
187.032959
186.241837
186.367676

224.137466
185.358963
185.670807
186.373596
187.230789
188.476837
190.306824
192.055481
193.961685
196.103119
198.616211
201.098755
203.786697
207.264099
210.112061
213.333359
216.902908
220.642471
224.521179
228.435013
232.027969
236.130997
240.099503
243.987854
248.463181
252.120514
256.492249
260.475037
264.226746
268.138245
272.120117
275.856506
279.128235
282.581635
286.646454
289.589661
292.659027
296.140594
298.530640
301.519958
304.136200
306.620239
309.030914
311.028107
313.237976
314.992554
316.684113
318.073517
319.842957
321.011139
322.000427
322.984314
324.153046
325.066925
325.486511
326.315887
326.582184
327.119873
327.216187
327.093109
327.198151
327.572449
327.245667
327.486084
327.169922
326.868713
327.159637
326.636871
326.023041
325.662048
325.539948
325.320709
325.118134
324.909393
323.980774
323.766693
323.496063
323.431458
322.458893
322.845428
322.496246
322.248138
321.822266
321.809540
321.689148
321.579437
321.592896
321.603699
321.688721
321.247681
321.228302
321.562714
321.388428
321.282654
321.840485
321.556671
321.765961
322.161499
322.458618
323.094452
323.179291
323.192749
323.641205
323.547577
324.236481
324.102142
324.782623
324.861267
324.864471
325.283173
326.248627
326.270569
326.240692
326.745911
327.016174
327.708038
327.192078
327.724152
327.720428
328.259766
327.770569
327.979523
328.478729
328.486053
328.567566
328.472412
328.894165
328.447296
328.373169
328.685699
328.157166
328.552490
328.293457
327.931580
327.572601
327.257782
327.502838
326.637299
326.943298
326.427368
325.828583
325.834076
325.491150
325.280426
325.030090
324.461395
323.996613
323.886536
323.679382
323.370117
323.003021
322.727783
322.212067
321.789551
321.967255
321.449371
321.221954
320.795532
320.857361
321.194275
320.212616
320.190948
320.276581
320.105957
319.722351
320.263672
319.785065
319.896667
319.640350
320.018646
319.915741
320.191406
320.249786
320.078857
320.024933
320.573883
320.463257
320.826202
320.651215
321.271881
321.807495
322.168854
322.023224
322.290283
322.666382
323.071381
323.003815
322.969299
323.655396
324.132385
324.592651
324.837952
325.014374
325.283508
325.478546
325.728973
325.899994
326.233459
326.839111
327.117981
326.624695
327.392883
327.406158
327.605255
327.630157
327.765900
328.080078
328.217194
327.921570
327.936066
327.948730
328.480682
328.202759
328.496124
327.949005
327.993286
327.628693
327.561829
327.339569
326.758057
327.104401
326.767853
327.038361
326.009796
325.875397
325.679779
325.669708
324.607513
324.522827
324.534271
324.427063
323.769348
323.379913
323.417908
322.723358
322.765442
322.121399
321.956085
322.167480
321.767487
321.402802
321.223053
320.721588
320.332367
320.198456
319.521637
319.648804
319.782684
319.605042
319.544617
319.499146
319.481873
319.263977
319.210693
319.157959
319.419128
319.345642
319.370361
318.851135
319.309082
319.596222
319.952515
320.135315
319.924622
320.386139
320.708527
320.549561
320.892578
321.053284
321.700653
321.833191
322.128876
322.088928
322.612671
322.506866
323.133026
323.460693
323.600067
323.970917
324.153595
324.257019
324.634827
325.269623
325.446472
325.737061
325.324249
325.451965
325.893799
326.695648
325.848816
326.418396
327.001709
326.821472
326.979156
327.341431
327.112885
327.182251
327.230011
327.242340
327.276703
327.904816
327.089172
327.134003
326.897583
327.152466
326.872131
326.935272
327.155884
326.808899
326.643707
326.392670
325.713654
325.950134
325.666046
325.788696
325.293915
324.941498
324.886200
324.601746
324.659698
324.055145
324.171661
324.013550
323.839233
323.542755
323.532684
323.285706
322.815765
322.846985
322.708496
322.622772
322.322113
322.387817
322.309326
322.423584
322.100677
321.966187
322.074860
321.684601
322.095215
322.285553
321.571320
322.108765
322.237885
322.417297
322.441071
322.471375
322.652527
323.109222
323.101105
323.189148
323.493134
323.877991
324.025055
324.433441
324.707733
324.748291
325.190216
325.562073
325.769806
325.751434
325.872498
326.387421
326.440735
326.534393
327.245148
328.015656
328.329376
328.143799
328.475006
328.444733
328.897125
329.244934
329.247345
329.427216
329.401825
329.736176
329.820343
330.124908
329.970978
330.178314
330.324829
330.699280
330.712952
330.513031
330.192078
330.460907
330.441406
330.350006
330.446014
329.799652
330.280518
330.170990
329.638763
329.529694
329.313568
329.170502
329.323639
329.251221
328.580658
328.363342
328.033783
328.260986
328.092926
327.847870
327.176483
327.384979
326.628418
326.693756
326.455536
326.173187
325.851349
325.702393
325.864136
325.268951
325.278595
325.085876
324.583099
324.867523
324.467102
324.388184
324.522461
324.487701
324.424347
324.025818
324.419830
324.540192
324.363373
324.088348
324.270996
324.859039
324.494843
324.897430
324.443939
325.301971
325.038727
325.264130
325.086182
325.530609
325.886414
325.955505
326.665070
326.409943
326.296143
327.048950
327.024384
327.501312
327.890961
327.873932
328.180359
328.925415
329.009277
329.315552
329.174652
329.175385
330.076508
330.036346
330.581787
330.908813
330.707153
331.173004
331.425690
331.502075
331.419403
331.444427
331.989075
331.678314
331.744385
332.178802
331.896362
331.988159
331.934143
332.192352
331.815582
332.272614
332.101685
332.148163
332.002686
331.753815
331.577545
331.580780
331.578003
331.470490
331.405396
330.997620
331.097687
330.480927
330.865082
330.612640
330.165833
329.909637
329.942291
329.814240
329.484772
329.336609
329.040588
329.035828
328.817871
328.632538
328.287903
328.193634
328.369415
328.136078
327.816467
328.065033
328.228821
327.634094
327.522705
327.906555
327.975281
328.129028
327.541351
328.277252
328.179108
327.972534
328.169891
327.751770
328.214722
328.498413
328.894226
329.092987
328.692627
329.293121
329.593872
329.324799
330.295105
330.387207
330.059875
331.074707
331.288971
331.402191
331.595245
331.915253
332.792969
332.530457
332.902466
333.416626
333.889252
334.288086
334.278229
334.581543
335.286316
335.133911
335.657196
335.999725
336.592773
336.246368
336.513641
337.159882
337.181488
337.311554
337.160339
337.351318
337.629028
337.689972
337.418976
337.609863
337.695648
337.470795
337.698914
337.363983
337.641571
337.958557
337.588257
337.538269
337.089722
337.537109
336.929260
336.833771
336.743866
336.517334
336.450134
336.085297
335.811035
335.577911
334.968140
335.291229
334.971619
335.106323
334.720551
333.771057
334.219391
333.441345
333.369812
333.136871
332.935791
332.883606
332.786957
332.575928
332.033173
331.998810
332.177002
331.612701
331.826233
331.727234
331.440430
331.327789
331.400696
331.767670
331.110748
331.245209
331.543518
331.622498
331.839050
331.777588
332.001190
332.292969
332.366852
332.514801
332.338623
332.747650
332.833160
333.334442
333.744965
333.295380
334.023376
333.742920
334.320587
334.728149
335.006714
335.437927
335.835419
336.138184
336.433838
336.761841
336.913147
337.604126
337.811462
338.226440
338.114960
338.753845
339.304718
339.273499
339.655273
339.821960
340.067963
340.775452
340.569916
340.425232
340.850494
341.338074
341.154297
341.163391
341.497314
341.639374
341.273285
341.623047
341.217896
341.155914
341.155090
341.202606
341.017639
341.008331
340.602753
340.904968
340.670502
340.679596
340.685303
340.085571
339.082611
339.295959
339.238068
338.968994
339.246002
338.098389
337.960785
337.715485
337.802399
337.205139
336.937836
336.466766
336.065857
335.539062
335.664642
335.319855
335.038696
334.931274
334.338074
334.155365
334.078400
333.843445
333.689423
333.285095
333.485321
333.136230
333.427155
332.558319
332.794220
332.715424
332.824310
332.599274
332.674133
332.654816
332.778503
332.895386
333.209991
332.983215
333.209076
333.231750
333.244110
333.866486
333.934967
333.916779
333.797668
334.145905
334.442261
334.697174
335.117889
335.315338
335.386292
335.615997
336.003418
336.029053
336.317108
336.512451
337.132751
337.105560
337.661163
337.411682
337.881073
338.040680
338.318207
338.209259
338.304932
338.810120
339.509796
339.099487
339.273010
339.858917
339.507202
339.958038
339.560242
339.805481
339.839203
339.905212
339.953552
339.680939
339.947601
340.121887
339.523285
339.275360
339.508942
339.097473
338.903931
339.142731
338.643921
338.154938
338.446289
337.935364
337.940887
337.896179
337.465881
337.147522
337.041962
337.105225
336.684418
336.195740
336.525696
335.807159
335.690399
335.118958
335.106873
335.106476
335.105255
334.560913
334.479889
334.102264
334.425140
333.840088
333.567078
333.797119
333.139496
333.755890
333.105011
333.394409
333.450745
333.144196
333.141632
333.384613
333.520111
333.151337
333.438507
333.971191
333.612976
333.835114
333.462006
333.973938
333.685333
334.151825
334.581177
334.670959
335.040527
335.074097
334.813202
335.754639
335.471313
335.621704
336.065399
336.116425
336.617706
336.366791
336.631012
336.891876
336.814392
337.359833
337.537537
337.889130
337.420776
338.321106
337.792450
337.781952
338.347443
337.754120
338.005066
338.611633
338.015350
338.217560
338.192810
338.117767
338.198517
338.059967
337.780640
337.903351
337.700836
337.499023
337.908264
337.222534
336.864197
336.874725
336.725067
336.356903
336.134125
336.163513
335.627838
335.583649
335.360962
334.880341
334.950653
334.239685
334.002533
334.159271
333.903534
333.829834
333.014496
332.607971
332.345459
332.700287
332.328766
332.301544
331.945282
331.631165
331.750122
331.574097
332.080292
331.524963
331.379608
331.033234
331.614227
331.583099
331.354614
331.302826
330.743195
331.400146
331.584351
331.449646
331.887024
331.755646
331.801758
331.941650
331.917603
332.081238
332.030823
332.680389
332.440704
332.961975
333.216888
333.430023
333.485809
333.488556
333.774323
334.479797
334.029633
334.372040
334.573822
334.801605
335.010498
335.639343
335.780426
335.456177
336.001678
335.770905
335.795197
335.941315
335.844971
336.340088
336.159363
336.280243
336.239990
336.142151
336.169434
336.081482
336.071289
335.744110
335.578766
335.390137
334.787109
334.759644
334.960480
334.067444
334.407013
334.033722
334.188965
333.288849
333.298309
332.941437
332.538086
332.091187
332.147095
331.807892
331.495270
331.506714
331.498260
330.927582
330.682495
330.470703
330.251709
330.324066
330.216187
330.145569
329.430908
329.556915
329.600433
329.666016
329.511383
329.601562
329.892578
329.864777
330.100739
330.389313
330.158051
330.551361
330.443451
330.641327
331.430389
330.996368
331.726440
332.096588
332.634064
332.966217
333.545441
333.251770
333.828979
334.221313
334.739960
334.972015
335.432190
335.771362
335.980530
336.135803
336.628265
337.146118
336.874908
336.936310
336.984711
337.123047
336.643280
336.656494
336.367249
335.567017
335.084381
334.918976
333.891937
332.877563
332.454956
331.602539
329.935608
328.200470
327.240845
325.265594
323.306549
321.191406
318.978790
316.954987
314.008423
311.706512
308.637268
305.819702
302.838867
299.614868
295.977600
292.535309
288.934906
284.913422
281.406281
277.218842
273.624390
269.101990
264.794403
260.621460
256.965363
252.438080
248.059433
243.788330
239.661499
235.487411
231.394226
227.399414
223.635452
219.547562
215.800522
212.569000
209.027161
205.943207
202.985886
200.034470
197.661530
195.261581
193.378601
191.374084
189.956116
188.611755
187.540787
186.984573
186.190155
186.340317

