280.353973
171.589264
171.913956
172.588303
173.403427
174.792206
176.050232
177.309784
179.688110
181.322418
183.644058
186.380966
188.711151
191.480804
194.320282
197.686646
200.890259
204.308853
207.391159
211.351593
214.558578
218.352249
222.232162
226.001038
229.437668
233.302795
237.084351
240.904099
244.298431
247.666290
251.766357
254.704590
258.088226
261.664978
264.864319
268.257935
271.069122
273.643372
276.569214
279.181976
281.393158
283.806946
286.045868
288.058167
290.036438
291.526306
293.716797
295.156128
295.932098
297.429688
298.483093
299.578949
300.266296
301.213623
301.396240
302.386810
302.985931
303.387482
303.190247
303.856171
303.563324
303.745575
303.905548
303.935059
303.903687
303.329285
303.271973
303.656494
303.065369
303.293518
302.648163
302.768616
302.253448
302.255463
301.684967
301.726318
301.313385
300.988525
300.890259
300.618805
300.725555
300.229736
300.167480
299.983887
299.908020
299.403198
299.659271
299.808136
299.778748
300.091400
299.827606
300.206116
300.617676
300.482147
301.012268
300.947754
300.983124
301.508728
301.532898
301.743927
302.308472
302.548523
303.011047
303.364929
303.749786
303.957489
304.323792
304.507568
305.067413
305.643768
305.663513
306.648254
306.486298
306.666046
307.113922
307.228088
307.674500
308.122833
308.039276
308.678741
308.578674
308.485107
309.104340
308.969360
309.402832
309.700775
309.221344
309.497162
309.642212
309.550476
309.354218
309.511017
309.302612
309.085724
309.052368
309.160370
309.240051
308.821228
308.670929
308.140289
308.481293
308.494446
307.773743
307.706573
307.663147
306.757446
307.130676
306.924988
305.792175
306.598755
306.103119
305.988098
305.460144
305.049927
305.205933
305.007202
304.957306
304.681549
304.692963
304.176422
304.174286
304.348175
304.023193
304.257660
304.085480
304.356110
304.403015
304.385498
304.512939
304.654358
304.274750
304.840759
304.885406
305.162811
305.147125
305.188751
305.128296
305.996307
306.399719
306.531982
306.883698
307.333130
307.284363
307.638397
307.823059
308.662415
309.036041
308.934265
309.537201
309.824890
310.353912
310.549988
311.011047
311.644989
312.111267
312.299103
312.193024
312.412720
312.993835
313.364777
313.021606
313.660706
313.851746
314.478882
314.508087
314.710205
314.920929
315.434174
315.261902
315.669861
315.333344
315.199219
314.971466
314.914185
314.923187
315.323547
315.371521
315.015137
314.992096
314.735687
314.886383
314.340363
314.134216
314.011261
314.234802
313.610565
313.343048
313.536194
313.252502
312.720184
312.591705
312.130127
312.043884
311.976624
311.843811
311.333618
311.163635
310.985870
310.808777
310.592255
310.480682
310.293396
310.143311
309.618988
309.618469
309.583618
309.319183
309.054840
309.244995
308.976654
308.962799
308.895782
308.973267
308.755096
309.437012
309.282349
309.254578
309.701721
309.468231
309.464111
309.868073
310.132660
310.483582
310.250366
310.781158
310.777985
311.090088
311.317291
311.550720
312.359039
312.046692
312.736084
312.720032
312.598419
313.278473
313.469116
314.038544
313.936310
314.583984
314.625244
315.455048
315.333252
315.698944
315.942627
316.318268
316.356598
317.098389
317.078979
317.087189
317.256531
317.566437
317.931946
318.183044
317.940948
318.269440
318.454437
318.692139
318.507965
318.704468
318.995636
318.626190
318.716583
318.628143
318.589783
318.599731
318.516937
318.181030
318.226227
318.322357
317.857361
317.878265
317.487183
317.356293
317.567810
317.348480
316.943390
317.002838
316.758362
316.269440
316.059998
315.836517
315.851501
315.480591
315.105530
315.140137
315.367462
315.540314
315.108521
314.787628
314.187256
314.396393
314.346802
314.629791
313.875427
314.205017
314.157806
314.221222
314.667664
313.927246
314.278290
314.614258
314.467773
314.702118
314.551300
315.174835
315.021576
314.579926
315.031403
315.358826
315.527130
315.770294
315.543945
316.513397
316.293701
316.888428
317.017426
316.852753
317.579376
317.996460
318.152222
318.285400
318.671661
319.080994
319.183594
319.662750
320.057251
320.142670
320.569763
320.900360
321.134247
321.729584
321.422974
321.636108
321.960327
322.165863
322.395050
322.480652
322.887115
322.942261
323.205017
322.930786
323.362732
323.044159
323.603394
323.738098
323.873199
323.782074
323.188721
323.327087
323.640594
323.323853
323.868134
323.385010
323.243347
323.125397
323.477722
322.815430
322.711456
322.585175
322.278320
321.878113
322.078278
321.700714
321.765594
321.414734
320.976135
320.511414
320.761871
320.533569
320.617432
319.781860
320.153503
319.492981
319.435730
319.521790
318.986908
319.313538
318.859863
319.138947
318.757385
318.845703
318.918060
318.828400
318.896179
318.193207
318.537292
318.669678
318.861664
318.802521
318.867493
318.720947
318.973022
319.208740
319.597382
319.502411
319.597931
319.761566
319.585999
320.312836
319.946136
320.887756
320.927856
320.989471
321.140015
321.636658
321.928253
322.549835
322.404236
322.590607
323.013824
323.357025
323.597168
324.016907
324.112946
324.182220
324.828186
324.844147
325.375427
324.828033
325.870850
325.901733
325.873199
326.201416
326.547760
326.353424
326.742981
327.034027
326.949585
326.930573
327.117218
327.066193
326.938751
326.921417
327.315063
327.013519
327.222290
327.249756
326.778656
326.578156
327.107422
327.077362
326.915283
326.752014
326.692505
326.362854
326.037659
326.037354
325.800354
325.925262
325.509674
325.448181
325.130188
325.438629
324.922516
325.042145
324.476654
324.511139
324.379364
324.316772
323.819214
324.163788
324.128113
323.975861
323.423004
323.738464
323.753784
323.924469
323.614441
323.795929
323.446045
323.374176
323.879517
323.612701
323.480927
324.021851
323.839325
324.412567
324.521515
324.709442
324.871307
325.474213
325.033997
325.641235
325.692139
326.004578
326.474548
326.619263
326.682465
327.508606
327.515350
328.288025
328.632935
328.441010
329.105621
329.570221
329.375000
329.887939
330.170563
330.323395
331.204010
331.736450
332.005524
332.128967
332.055756
332.733643
333.567993
333.324097
333.797272
334.205475
334.049988
334.335541
334.894012
334.970703
334.962250
334.929138
334.717041
335.175629
335.885925
335.900543
335.809845
335.612488
335.723328
335.851929
335.288574
335.608185
335.378479
335.408325
335.201263
335.290314
335.052734
335.320160
334.813080
334.838440
334.504059
334.481750
333.956726
334.061401
333.777283
333.881134
333.234131
333.592529
332.842194
332.849976
332.438293
332.579590
331.806885
331.900818
332.106964
331.379608
331.428162
331.443878
331.706116
331.403595
331.625366
331.581726
331.253540
331.006348
331.437164
331.211273
331.454071
331.603546
331.467194
331.885254
332.127777
331.795105
331.954956
332.452789
332.572571
332.520538
333.141815
332.789795
333.639191
334.207947
334.486359
334.442291
334.914429
335.136505
335.499725
335.749634
335.823883
336.947174
337.008972
337.077698
337.995911
338.324890
338.826111
338.757751
338.903778
340.068878
340.110321
340.048218
340.900543
340.823273
341.435516
341.794830
341.782471
342.093292
342.174347
342.253143
342.665131
343.330627
343.390686
343.583618
343.184845
343.405212
344.209961
343.953827
343.812195
344.082611
344.187347
343.805939
343.391724
343.986359
343.507965
343.673096
343.123383
342.976715
342.789185
342.716492
342.735535
342.025604
341.571045
342.072906
341.701263
341.610535
341.178619
341.004669
340.735840
340.678497
340.406464
339.668854
339.654846
339.943359
339.366364
338.975464
339.028381
338.231171
338.215240
338.038574
338.107330
337.904510
337.686737
337.127289
337.046753
337.563599
336.865845
336.636505
336.965637
336.514496
336.906097
337.372772
336.864716
336.919312
336.967468
337.001923
337.693542
337.284088
337.755646
337.976013
337.516937
338.150330
338.433899
338.872650
338.937256
339.078522
339.185242
339.286407
339.559937
340.080566
340.515564
340.692352
341.136322
341.152771
341.872803
341.516418
342.379272
342.612244
342.531525
343.565094
343.394165
343.731598
344.019073
344.095825
344.540863
344.762817
344.862671
345.004456
345.025513
345.629700
345.299835
345.544403
345.530518
346.133911
345.801239
345.689789
346.425110
345.731445
346.309570
345.932892
345.973114
345.729492
345.949524
345.816559
345.422424
344.651855
345.123444
345.281677
345.016510
344.651062
345.110260
344.727356
344.815735
343.849274
344.173370
343.659637
343.572693
343.664093
343.090546
342.908142
342.878510
342.321960
342.196686
342.118042
341.921082
342.063416
342.268860
342.110291
341.335236
341.351044
341.821259
341.605103
341.620758
341.315033
341.207489
341.062195
341.088440
341.094727
340.689819
341.290680
341.345642
341.408051
341.548706
341.670197
341.646912
341.717346
342.255280
342.439209
342.604065
342.929688
342.533508
343.030121
343.599304
343.640991
343.906555
344.279419
344.369537
344.555328
344.551758
345.160156
345.560486
345.383606
345.769775
345.932831
346.138275
346.457855
346.904633
346.703888
347.326569
347.343079
347.337128
347.579102
348.022827
347.969421
347.764679
347.925049
347.808105
347.780518
347.716156
347.863037
347.892395
347.994049
348.149506
347.430267
347.689362
347.508514
347.490509
347.126678
346.828308
347.283173
346.665131
346.949036
346.668671
346.151093
345.979645
345.814453
345.713684
345.765411
344.910980
345.297302
344.565857
344.449402
344.750977
344.427948
344.049316
343.419342
343.266113
343.513336
342.987305
343.252411
342.678070
342.760895
342.662567
342.507019
342.690979
342.190826
342.533569
342.268799
342.005005
342.106171
342.612549
342.431458
342.177673
342.412170
342.739197
342.888885
343.030701
342.913239
343.020294
343.275330
342.984802
343.442719
343.769135
344.212097
344.346222
344.362976
344.754028
344.736572
345.255524
345.421570
345.802551
345.782593
346.233673
346.692474
346.648987
346.571320
346.790619
347.113861
347.361053
347.511383
347.648773
347.806549
348.169159
348.105774
348.320374
348.271729
348.458893
348.350708
348.656372
348.094269
347.896942
348.300690
348.072723
348.027405
347.474731
347.593872
347.609955
347.105896
347.076447
346.687317
346.599243
346.136017
345.770477
346.187531
345.710236
345.481842
345.815430
344.382721
344.909363
344.513947
343.929779
343.735809
344.085602
343.155701
343.317017
343.055908
342.920898
343.154846
342.728058
342.889709
342.790985
342.595856
342.195312
342.242950
342.076904
342.215668
342.856415
342.835388
343.006683
342.884308
342.790802
343.735748
343.970612
344.025696
344.675781
344.241913
344.657166
345.119385
345.420471
346.120239
346.093475
347.045044
347.440674
347.909515
348.476227
348.768066
348.695190
349.328247
349.672363
349.860565
350.224121
350.196899
350.664948
350.862640
350.909302
350.897125
350.466339
350.889282
350.573181
349.573853
349.113953
348.831268
348.114014
346.942200
345.579254
344.607269
343.673096
342.311066
340.420685
338.594055
336.402435
335.060455
332.681305
330.197021
327.859955
325.083527
321.969543
318.914795
315.722504
312.354126
308.919800
305.204712
301.384583
297.237000
293.429749
289.364624
285.023773
280.621063
276.301025
272.277740
267.815582
263.427734
258.399170
254.286774
249.841766
245.780716
241.441162
237.236557
233.271622
229.041168
225.278687
221.399628
217.868317
214.824661
211.417984
208.636017
206.036911
203.602081
201.698166
199.641083
198.060593
196.672363
195.710785
194.809830
194.374023
194.965271

280.425415
171.514771
171.832993
172.498535
173.322006
174.709900
175.984222
177.230270
179.631943
181.265305
183.595779
186.363602
188.696136
191.495255
194.337204
197.719650
200.927490
204.374146
207.482178
211.469528
214.690628
218.496933
222.433899
226.234802
229.646790
233.561859
237.359619
241.216949
244.652908
248.023254
252.163300
255.136230
258.520844
262.146027
265.359802
268.819153
271.652344
274.273010
277.204651
279.857330
282.110870
284.553253
286.801971
288.880005
290.885406
292.404541
294.621582
296.091949
296.899506
298.421417
299.486847
300.635193
301.356506
302.343872
302.535980
303.572754
304.256104
304.633484
304.476746
305.167877
304.932770
305.116699
305.292786
305.347839
305.346527
304.792694
304.757629
305.173828
304.577972
304.890839
304.259979
304.355408
303.867310
303.860016
303.313293
303.394043
303.014832
302.676514
302.630615
302.311493
302.489319
301.968567
301.928864
301.740387
301.697723
301.175751
301.407990
301.579224
301.551544
301.849854
301.622314
301.975677
302.395233
302.221161
302.749512
302.672333
302.722046
303.234894
303.274902
303.471283
304.007843
304.245270
304.724243
305.048737
305.406036
305.590240
305.926605
306.111969
306.659149
307.216858
307.232910
308.204315
308.013092
308.151672
308.579285
308.664246
309.095459
309.497498
309.391846
310.038055
309.911682
309.744263
310.383118
310.210693
310.603027
310.895172
310.351532
310.628204
310.738464
310.604340
310.377991
310.539520
310.285522
310.030640
309.977234
310.051971
310.081146
309.630005
309.466095
308.919464
309.211700
309.198944
308.454285
308.347534
308.279419
307.350830
307.695526
307.462402
306.292084
307.068665
306.554749
306.419037
305.879761
305.443176
305.556915
305.326080
305.259338
304.979584
304.967438
304.408539
304.394409
304.535797
304.207886
304.399139
304.218140
304.464386
304.498413
304.471344
304.570709
304.717529
304.297272
304.861420
304.865601
305.142487
305.132446
305.157104
305.090424
305.941345
306.345734
306.466461
306.793701
307.230530
307.173706
307.532440
307.705505
308.545074
308.898987
308.794403
309.413788
309.701172
310.206573
310.404388
310.863739
311.469879
311.950043
312.150757
312.050598
312.264740
312.847931
313.217651
312.885712
313.521393
313.741608
314.348267
314.411285
314.598297
314.842194
315.311554
315.180939
315.589478
315.257996
315.135101
314.913635
314.884979
314.897552
315.285675
315.336365
315.008087
314.988739
314.783813
314.879761
314.360413
314.161865
314.062469
314.302826
313.685791
313.475586
313.638916
313.354126
312.862946
312.763092
312.269653
312.191040
312.167084
312.046997
311.557037
311.371368
311.252411
311.040039
310.844208
310.782410
310.578796
310.474457
309.970673
309.990204
309.932159
309.697754
309.416382
309.655121
309.430664
309.428406
309.348419
309.448425
309.278748
309.956451
309.842712
309.855499
310.274780
310.045502
310.065887
310.439850
310.776489
311.170715
310.938171
311.515839
311.492218
311.832458
312.092346
312.337372
313.149933
312.862762
313.600586
313.535431
313.454620
314.203949
314.406342
314.995422
314.883820
315.588745
315.615570
316.452850
316.332855
316.765686
317.044617
317.405365
317.489685
318.278931
318.218964
318.281250
318.447144
318.795471
319.168488
319.428955
319.258911
319.574310
319.848694
320.025665
319.876740
320.039795
320.343048
320.031647
320.097595
320.059845
320.034058
320.071198
319.961548
319.749573
319.794556
319.880035
319.468964
319.443298
319.151245
319.026428
319.207092
319.054932
318.589142
318.709259
318.489624
318.000732
317.776459
317.589508
317.644836
317.285065
316.916046
317.011597
317.176666
317.383575
316.992920
316.676819
316.025787
316.264832
316.265656
316.522461
315.816650
316.187469
316.047943
316.148743
316.607117
315.834473
316.157440
316.550507
316.436096
316.703583
316.505310
317.102448
317.005127
316.514771
317.014069
317.366394
317.494568
317.722870
317.477905
318.420258
318.190826
318.792633
318.922699
318.788910
319.484528
319.895752
320.025360
320.172974
320.524811
320.969604
321.016296
321.486023
321.912628
321.977722
322.372162
322.712128
322.935883
323.505676
323.138153
323.380554
323.691681
323.874268
324.095154
324.077423
324.567108
324.544800
324.807495
324.522247
324.896179
324.569580
325.124725
325.230835
325.342682
325.212372
324.631287
324.688568
325.041107
324.705170
325.171906
324.716431
324.570953
324.357086
324.726074
324.063232
323.904938
323.708282
323.395966
323.007324
323.162384
322.783844
322.792694
322.425781
321.938110
321.506775
321.656403
321.489777
321.543427
320.640137
320.974792
320.300842
320.182159
320.298126
319.743317
320.031982
319.554474
319.791687
319.424103
319.459625
319.514801
319.379181
319.478363
318.708435
319.047913
319.151733
319.312103
319.216736
319.288055
319.120758
319.354706
319.557800
319.948273
319.835541
319.875092
320.026794
319.831085
320.589233
320.219177
321.122711
321.108551
321.194702
321.325317
321.802612
322.071899
322.653046
322.510742
322.693909
323.115387
323.466370
323.701965
324.071075
324.191254
324.238220
324.890137
324.892670
325.408478
324.834290
325.883575
325.907593
325.872589
326.206879
326.514374
326.328949
326.719971
326.981293
326.906128
326.890015
327.070282
327.015533
326.854034
326.822266
327.236572
326.938171
327.137817
327.165131
326.692078
326.491425
327.028809
327.003021
326.806488
326.652863
326.601746
326.272156
325.912598
325.939362
325.687500
325.797882
325.405914
325.341888
325.009308
325.342499
324.786560
324.900024
324.363525
324.381531
324.248108
324.166901
323.654297
324.008179
323.986237
323.828064
323.266144
323.569550
323.581879
323.761719
323.457123
323.601105
323.255646
323.198517
323.698730
323.497894
323.274689
323.830750
323.601105
324.186340
324.293213
324.482666
324.622314
325.229645
324.774048
325.357208
325.439209
325.759552
326.182587
326.349823
326.410522
327.187897
327.220398
327.960815
328.290863
328.125854
328.774689
329.176788
329.012543
329.536560
329.799438
329.939178
330.804199
331.334412
331.593140
331.713287
331.609161
332.290222
333.098358
332.870483
333.322418
333.719147
333.551514
333.812744
334.372772
334.414856
334.409668
334.360992
334.137817
334.570374
335.281250
335.294495
335.218994
334.966492
335.117340
335.242035
334.622559
334.967224
334.716339
334.742798
334.531158
334.591919
334.376190
334.615631
334.074951
334.136200
333.798706
333.754791
333.194031
333.298920
333.026489
333.129303
332.491699
332.838409
332.045593
332.087494
331.651276
331.811829
331.016724
331.123291
331.338409
330.596588
330.646667
330.642365
330.918976
330.596527
330.829926
330.801910
330.442932
330.213440
330.630493
330.429932
330.660095
330.830048
330.697845
331.108093
331.375793
331.004486
331.159912
331.684906
331.810242
331.744659
332.408997
332.027893
332.874664
333.509705
333.766174
333.730682
334.208527
334.456146
334.804382
335.060730
335.167450
336.269073
336.350708
336.422455
337.363068
337.689056
338.190277
338.138367
338.285492
339.476929
339.514832
339.460052
340.332916
340.278107
340.910126
341.273315
341.273468
341.602295
341.706726
341.802399
342.188965
342.874237
342.953369
343.170563
342.772217
342.994843
343.814178
343.571533
343.451294
343.723999
343.835144
343.497375
343.075409
343.693512
343.217743
343.394257
342.878632
342.729492
342.549988
342.489624
342.509155
341.833008
341.389679
341.907532
341.544983
341.439636
341.019623
340.892609
340.620972
340.558899
340.309998
339.594788
339.585358
339.877258
339.299194
338.945007
338.988464
338.223969
338.216125
338.026489
338.128845
337.936157
337.705261
337.161530
337.080627
337.619965
336.915344
336.718292
337.038788
336.590942
337.014557
337.478973
336.969513
337.017761
337.066986
337.130890
337.814392
337.436890
337.914185
338.121429
337.675751
338.301910
338.601776
339.027466
339.107178
339.253571
339.339355
339.451874
339.739502
340.216278
340.689240
340.882812
341.332275
341.328033
342.049561
341.696777
342.572723
342.786011
342.739227
343.727234
343.578735
343.898865
344.215149
344.264648
344.739319
344.954620
345.022980
345.189270
345.189850
345.808960
345.442719
345.735016
345.690216
346.312286
345.981689
345.859711
346.573090
345.914093
346.493927
346.053406
346.105682
345.882416
346.067780
345.921936
345.538818
344.757355
345.213135
345.394653
345.102356
344.739594
345.175659
344.813843
344.944061
343.947540
344.256531
343.694885
343.624603
343.705414
343.161224
342.944153
342.921478
342.353912
342.195618
342.116699
341.925110
342.077728
342.257385
342.058899
341.311707
341.391296
341.793762
341.525757
341.554596
341.239929
341.134399
340.960938
341.005798
341.014069
340.545593
341.187988
341.173737
341.267029
341.395416
341.526489
341.492676
341.573700
342.084778
342.247070
342.450287
342.734650
342.325897
342.799042
343.412659
343.448120
343.691040
344.050812
344.128510
344.318176
344.291260
344.877075
345.287048
345.133728
345.466370
345.661102
345.848236
346.218872
346.641510
346.427063
347.007233
347.016449
347.025299
347.272339
347.694672
347.613464
347.452698
347.591034
347.487671
347.416534
347.349274
347.476837
347.535492
347.707153
347.808685
347.067535
347.303375
347.133270
347.135834
346.765411
346.467010
346.913635
346.304657
346.558258
346.316895
345.768127
345.564728
345.400787
345.344086
345.348694
344.536041
344.850769
344.198334
344.054779
344.361633
344.042938
343.683075
342.997498
342.905914
343.133636
342.566040
342.881042
342.332489
342.375000
342.314819
342.123779
342.308472
341.821442
342.131989
341.895172
341.605072
341.743469
342.237885
342.048187
341.790558
342.087799
342.360016
342.513000
342.653290
342.560242
342.655701
342.906433
342.682343
343.058350
343.400940
343.854980
344.015808
344.041718
344.427704
344.415741
344.879700
345.074280
345.457581
345.459198
345.927338
346.397339
346.314880
346.262451
346.514252
346.838196
347.078674
347.199127
347.360718
347.460388
347.924255
347.820953
348.039337
348.008484
348.165558
348.134033
348.353302
347.794373
347.616974
348.057404
347.813873
347.765900
347.233215
347.359039
347.325745
346.819519
346.788879
346.388336
346.336609
345.891022
345.505341
345.921906
345.469391
345.221161
345.538849
344.118256
344.653076
344.234619
343.651062
343.426514
343.843018
342.912140
343.094055
342.766541
342.656952
342.894135
342.472717
342.632477
342.509949
342.348083
341.955383
341.939972
341.817322
341.972626
342.601257
342.571075
342.737213
342.565613
342.547424
343.436035
343.672699
343.726746
344.377350
343.945740
344.350616
344.854767
345.171326
345.806030
345.770050
346.731659
347.137817
347.574768
348.150299
348.471130
348.350189
348.976166
349.340881
349.507263
349.885559
349.849060
350.309265
350.524689
350.580322
350.544006
350.105408
350.495972
350.201904
349.216248
348.733093
348.461548
347.740479
346.577545
345.199036
344.223663
343.280396
341.922424
340.028992
338.181885
336.020355
334.650055
332.304413
329.763306
327.444366
324.658905
321.570557
318.522156
315.286804
311.956146
308.480927
304.805511
300.952728
296.798096
292.994232
288.901855
284.580231
280.176697
275.860107
271.810211
267.326721
262.973694
257.936768
253.838852
249.355133
245.325867
240.996002
236.770081
232.804230
228.569016
224.823990
220.944656
217.391205
214.352097
210.944199
208.170380
205.564453
203.119492
201.204193
199.166153
197.577209
196.192383
195.224579
194.319901
193.912537
194.351440

222.637451
183.573318
183.946701
184.667038
185.669891
186.900558
188.461670
189.905548
192.161438
194.636856
196.655182
199.209671
201.971222
205.025635
208.249771
211.596771
215.014862
218.695465
222.283447
226.257645
230.080353
234.195999
237.859299
241.872238
246.287506
250.137894
254.360260
257.870483
262.204590
265.935516
269.489990
273.472015
276.823151
280.738190
284.762695
287.815735
291.030090
294.023163
296.871857
299.100800
301.679199
304.510406
306.733368
309.325958
310.782837
312.711090
314.436432
315.865509
317.288483
318.694672
319.868134
320.667633
321.664398
323.084778
323.322815
323.968689
324.497803
324.795258
325.352753
324.878021
325.053406
324.486420
325.380768
324.825043
324.937012
324.755890
324.623657
324.217682
324.127106
324.142151
323.645813
323.205475
323.087952
322.753876
322.644043
322.372559
321.780365
321.450592
321.460022
321.411896
320.824615
320.896851
320.393463
319.965179
320.409302
320.369324
320.216583
320.094604
320.445618
320.462067
320.261505
320.471680
320.847321
320.950500
320.672333
321.053314
321.161835
321.004547
322.354004
322.112946
322.796478
322.644928
323.111359
322.825165
323.804565
324.736389
324.567902
325.606812
326.104858
326.515594
326.317505
325.867737
325.763336
325.597717
326.490997
326.953705
327.217072
327.137146
327.916290
327.733215
327.789551
327.895050
328.593292
329.348785
329.033997
328.997681
329.241486
328.875183
329.006958
329.146851
328.700836
328.929169
328.873352
329.257690
329.160461
328.652649
328.807709
329.450897
328.849335
328.436371
327.874756
327.206451
327.168365
327.245148
326.763519
326.256165
325.946320
325.785828
325.614594
325.155792
325.505066
325.094147
323.871582
323.486084
323.127563
322.932922
323.394592
323.646179
322.984802
322.595367
323.015625
322.900330
322.343994
321.685883
321.619537
321.710114
321.494537
322.359436
321.849701
321.892181
321.632782
321.560303
322.467010
321.864838
322.112793
322.129883
321.987610
322.240082
322.806763
323.907959
325.002045
325.579407
326.181885
325.835297
325.240753
325.525726
325.588623
325.944489
326.211517
327.513794
327.794281
327.972351
327.810638
327.605652
327.489441
328.652832
328.566864
329.196106
329.822754
330.308380
330.442657
330.809296
330.981873
330.960785
330.986908
330.999725
331.471497
331.130096
330.981445
330.257599
330.559601
330.581177
330.755859
330.607544
330.354614
330.416779
330.097473
329.643921
329.634827
329.443237
329.490051
328.992462
328.072754
328.323151
328.162842
328.144897
327.787048
327.500641
326.349884
326.067352
326.011261
325.976074
325.868927
325.010101
324.233643
324.413116
324.072662
323.559723
323.204651
323.194794
323.464813
323.448639
322.565521
322.221497
322.047943
322.277252
322.416565
322.237244
321.829956
321.103088
321.062103
320.859100
321.029480
321.235229
320.791229
320.975952
321.074890
320.805603
320.748535
321.158478
321.136200
321.310272
321.069794
321.575958
321.729095
321.811462
322.072723
322.513794
323.190704
323.697632
323.799225
323.762787
324.218750
324.068878
324.321136
324.912567
324.688324
324.858124
324.848969
325.197968
325.379303
325.712860
326.679260
326.820282
327.110199
326.651611
326.720459
327.413483
327.145782
327.788391
327.949066
327.924835
327.849548
327.817596
327.913391
327.876007
327.959625
328.135010
328.291565
328.042633
328.035828
327.622681
327.455231
327.726105
327.650879
328.032806
327.781891
328.006775
327.074005
326.762573
327.110291
326.380096
326.650452
325.855011
326.164459
325.515533
325.060699
325.008331
324.525360
323.915741
324.273132
323.276825
323.445892
323.024841
323.564972
323.135681
322.324463
321.721954
322.371887
322.130676
321.937408
321.833069
321.922028
321.639374
321.281616
321.047150
321.140778
320.940979
320.929413
321.381165
321.324280
321.217621
320.932831
321.080719
320.524719
321.120392
321.732483
321.559265
321.471405
321.961823
322.547455
322.309113
322.343140
322.532013
322.795471
323.144012
323.242706
323.222107
323.822784
324.331543
324.478058
324.351685
324.924347
325.329620
325.643890
325.638702
326.059418
326.561737
326.275024
326.829468
326.804016
326.938599
327.361755
327.335022
327.591583
327.996063
328.233856
328.269409
328.561157
328.772125
328.355774
328.683472
328.608917
329.469238
329.038086
329.001526
328.946320
328.925781
329.090149
328.864075
329.134674
328.587555
328.728088
328.356354
328.470001
328.071625
328.376556
327.467560
327.178070
327.196136
326.789307
327.055267
326.725098
326.750000
326.133453
325.919220
325.253571
325.838318
325.671661
325.867310
325.118378
324.841370
325.066406
323.957153
324.070160
324.222260
323.753448
323.909393
323.644928
323.830872
323.649963
323.737335
323.588257
323.590546
323.357849
323.260071
323.202148
323.355591
323.462921
323.190338
323.267273
323.391022
323.334015
323.981445
323.785553
323.829529
323.872559
324.453888
324.546753
325.007416
325.300873
325.657135
325.651184
326.093353
326.514557
326.695251
327.075043
326.968964
327.666840
327.509491
328.154053
327.898376
328.510010
328.132874
328.594727
329.680664
329.830292
330.082153
330.097870
329.842285
330.270081
330.804749
331.112305
330.953064
331.136475
330.964111
331.081299
331.001160
330.914185
331.564514
331.411896
331.665741
331.315796
331.330933
331.420532
331.494385
331.353149
331.283905
331.485229
331.107788
330.819855
330.694580
330.478699
330.662140
330.666687
330.031952
329.910370
329.853851
329.349304
329.569977
329.373688
329.221313
328.854065
328.870789
328.443359
328.522552
328.190216
328.488098
327.576202
328.032196
327.102661
327.091827
327.080139
326.817413
326.811523
326.458191
327.020172
326.738098
326.432770
326.682404
326.834595
326.644836
327.326111
326.821930
326.853485
326.717407
327.363861
327.151245
327.699982
327.402039
327.587677
327.638580
328.280945
328.319916
328.891388
329.383179
329.620453
329.946655
329.646729
330.323425
330.417206
330.572266
331.051605
331.650848
331.806030
331.778961
332.323364
332.603180
332.758331
333.001160
333.270111
334.031128
334.236847
334.707947
334.556519
335.166443
335.571808
335.666229
336.245575
335.950745
336.188416
336.490753
336.267670
336.511902
336.747375
336.329468
336.873199
336.275085
336.611389
336.885651
337.195526
337.086823
336.817810
336.852539
337.064240
336.934052
336.588165
337.084076
336.535736
336.232452
335.715759
335.765594
335.915894
335.157318
334.941589
334.944672
334.849243
334.275757
334.577362
333.894287
334.018616
334.252441
333.509430
333.091003
332.544647
332.628845
332.190918
332.142731
332.231567
331.669556
331.682281
331.608032
332.059662
331.759674
330.904022
331.353027
330.829407
331.169495
331.145325
331.030243
331.204498
330.957001
331.468689
330.907593
331.593719
331.691315
331.994232
332.319122
332.267639
332.447113
332.936615
333.064758
333.357880
333.701813
333.713043
334.033356
334.252350
334.403839
334.571503
335.579834
335.811829
335.910309
336.388733
336.591034
337.632812
338.322235
338.314362
338.431458
338.338104
338.801697
338.577545
339.319672
339.585938
339.981201
340.168121
340.621094
340.843781
340.919281
341.043427
341.278748
341.309204
341.618774
341.488586
341.629120
342.210785
342.010254
341.550171
341.786346
341.801147
342.059570
341.651306
341.478577
341.476898
341.688416
341.888458
342.139984
341.522797
340.977112
340.361969
340.161896
340.202148
339.816650
339.847168
339.251770
339.247375
338.629059
338.557281
338.554718
338.189728
337.765015
337.115997
336.079376
336.606171
336.694702
336.818085
336.707764
336.160339
335.476440
334.999084
335.066864
335.010712
334.429352
334.194641
334.411377
334.085510
333.547638
333.700439
333.721283
333.931244
334.013580
333.829803
333.860901
333.953217
333.926849
333.844574
333.867920
334.041962
334.028076
334.583893
334.828064
334.903595
334.573486
335.205536
334.783752
334.579926
334.908600
335.177734
335.872437
337.022156
336.900421
337.659363
336.984406
337.458038
338.073456
338.374146
338.015533
338.511780
339.209015
339.709015
340.535645
339.727234
339.127014
339.213074
339.961548
340.058228
340.787323
340.900848
340.624237
340.718353
340.782928
341.179413
341.179413
341.105988
341.466766
342.020935
341.479523
341.834412
341.313385
341.663391
341.156219
340.754883
341.326324
341.089355
340.494354
340.474152
340.568970
340.609009
339.513763
339.356720
339.401367
339.294373
339.152466
338.344727
337.757294
337.412415
338.234344
337.714325
337.398560
337.531464
336.738739
336.192596
336.055298
336.161682
336.098663
335.813995
335.543915
335.633209
334.997559
335.234589
334.769806
334.075165
334.285767
333.815216
333.807892
334.013824
334.251007
334.240479
334.379333
334.023499
333.715240
334.420532
333.979370
334.376862
334.078003
333.904266
334.003540
335.067566
335.294983
335.163727
335.702606
335.606964
335.905853
335.623688
335.544159
336.274078
336.550598
336.426453
336.880066
336.520294
336.212646
336.401642
337.292969
337.004883
337.132111
337.987457
337.925690
338.147583
338.061310
338.445587
338.655548
338.504425
338.242004
338.223633
338.358521
338.201019
339.100433
338.895325
339.321442
340.085693
338.675842
338.606079
338.323914
338.384521
338.053436
337.693542
337.722931
337.906738
337.610535
337.470856
337.740540
337.428040
336.803650
336.420868
336.148682
336.030151
335.505951
335.300476
334.584930
334.728455
335.110504
335.171844
334.565216
334.308563
334.355927
333.773895
333.301453
332.511597
332.796692
332.947388
332.633484
332.542267
332.309387
332.665222
332.296997
331.984131
332.191498
332.197815
332.769684
332.685730
331.739288
332.230865
332.543121
333.003815
332.576019
332.118591
331.931152
332.461914
332.565308
333.145935
333.016815
332.852631
333.032532
333.280670
333.126434
333.271545
333.381897
333.637054
334.680084
334.451721
335.537994
335.116394
334.907928
335.015991
335.663147
336.292603
337.293396
337.197296
336.776733
337.131805
337.029907
336.984711
336.670319
336.881561
337.531006
336.942261
336.906219
337.235962
337.028473
336.703918
337.261047
337.958740
337.382355
337.499054
337.364471
336.506470
336.546906
337.339111
337.025513
336.219604
336.981903
336.236145
335.949280
335.463409
334.731506
334.241211
333.955170
334.096283
334.033936
333.513367
333.819580
333.431610
332.557922
332.281799
332.002869
331.617737
330.775269
331.105927
331.641388
331.721771
331.856506
331.625854
331.417603
331.233276
331.350708
331.775482
331.528259
330.673157
331.184570
331.565186
331.821747
332.156830
332.808685
333.231293
333.179443
334.067108
333.928375
334.199799
334.529327
334.707062
335.417267
335.319794
335.526611
336.735992
337.640869
337.626129
337.553528
337.728607
337.871185
338.354523
338.775665
339.894012
339.883606
339.587219
339.399109
338.732239
339.050507
338.418518
338.361664
338.324463
338.050171
337.574554
336.239197
335.593597
334.312042
333.249084
331.923035
331.052338
329.168304
326.997681
325.418182
323.202057
321.883026
318.476166
316.227783
313.230652
311.251251
308.502960
305.801208
301.667542
298.122528
295.300781
291.524841
287.376953
284.199982
279.565918
275.958649
271.314484
267.027802
263.251709
259.130402
254.656250
250.593674
245.755096
241.333740
237.507782
233.325867
229.706375
225.093643
221.193390
217.308517
213.835632
210.685425
207.467194
204.645706
201.592041
199.544067
197.257324
195.372345
193.532608
191.403946
189.992233
188.924393
188.497665
188.023148
187.926132

224.968552
183.731445
184.103561
184.838425
185.850403
187.079559
188.639374
190.086945
192.331024
194.792435
196.831665
199.389694
202.152435
205.218628
208.443665
211.788254
215.227631
218.905731
222.499359
226.460434
230.306259
234.424850
238.075043
242.097946
246.517670
250.393234
254.634521
258.128479
262.452911
266.207031
269.795624
273.773224
277.131012
281.037109
285.074463
288.142365
291.335144
294.326202
297.213531
299.444275
302.040039
304.877869
307.105927
309.690948
311.151520
313.071136
314.820953
316.294128
317.705261
319.112000
320.296448
321.055878
322.079224
323.507965
323.769989
324.445068
324.907623
325.283508
325.768799
325.277069
325.522308
324.972107
325.863373
325.302460
325.379547
325.246887
325.086823
324.691315
324.593292
324.618011
324.125336
323.686371
323.585876
323.208801
323.122559
322.834229
322.267334
321.908478
321.904510
321.891174
321.251801
321.337982
320.828186
320.430878
320.840210
320.852661
320.684174
320.517365
320.864990
320.871185
320.681824
320.879761
321.262085
321.337372
321.065613
321.469116
321.522217
321.358093
322.750702
322.487762
323.127014
322.968567
323.477234
323.157074
324.124481
325.032959
324.879425
325.866364
326.418182
326.774139
326.593842
326.169403
325.993347
325.834290
326.745636
327.188293
327.462524
327.341461
328.145416
327.916473
327.967316
328.141632
328.781128
329.559631
329.239777
329.176697
329.422180
329.051514
329.230896
329.282227
328.847778
329.106903
329.026855
329.383789
329.313599
328.826691
328.944702
329.614777
328.967072
328.614746
328.029663
327.336578
327.325562
327.406586
326.906799
326.407898
326.079468
325.944458
325.779999
325.323822
325.667786
325.286957
324.027435
323.656403
323.295898
323.107727
323.556366
323.837372
323.153931
322.794098
323.180420
323.073517
322.532745
321.866547
321.842316
321.941864
321.759979
322.601715
322.111603
322.133301
321.866699
321.814362
322.744232
322.131134
322.420624
322.407562
322.281860
322.558197
323.090515
324.248627
325.303955
325.918365
326.518677
326.164307
325.587677
325.879272
325.948181
326.335693
326.596283
327.883606
328.192902
328.381897
328.205414
327.992950
327.882446
329.058258
328.995605
329.599457
330.246704
330.737976
330.913177
331.239319
331.420776
331.412292
331.439484
331.456421
331.907715
331.594360
331.417664
330.700684
331.027283
331.024506
331.216949
331.053925
330.799835
330.878845
330.556610
330.104584
330.109314
329.870300
329.959717
329.464783
328.489716
328.744171
328.611603
328.575348
328.233032
327.919342
326.759674
326.465515
326.421173
326.377411
326.269226
325.395477
324.607574
324.805756
324.443451
323.892090
323.558289
323.536407
323.788269
323.794128
322.900848
322.542023
322.348267
322.551971
322.697906
322.511658
322.092072
321.362946
321.310211
321.111328
321.263855
321.460205
321.023193
321.172302
321.212921
320.995605
320.945221
321.340118
321.298859
321.470520
321.228790
321.712494
321.876007
321.928497
322.200867
322.644196
323.315491
323.804596
323.902710
323.853027
324.306793
324.172760
324.413025
325.000854
324.772308
324.911499
324.942719
325.268738
325.439484
325.781982
326.741638
326.878510
327.168884
326.716919
326.790405
327.470917
327.207367
327.856323
328.014832
328.005219
327.897858
327.887817
327.978180
327.939728
328.036926
328.209259
328.360260
328.103088
328.095032
327.712677
327.517975
327.792847
327.764954
328.143463
327.893768
328.090851
327.163116
326.881104
327.216919
326.511627
326.786713
325.966064
326.303802
325.650604
325.179596
325.172607
324.690735
324.082397
324.450867
323.442963
323.642914
323.241913
323.761139
323.359711
322.546051
321.954926
322.609039
322.363373
322.171295
322.080627
322.166443
321.907196
321.548981
321.310150
321.395752
321.192627
321.199493
321.660950
321.583160
321.478607
321.223053
321.377167
320.847717
321.419434
322.038330
321.862549
321.751831
322.244324
322.832458
322.597076
322.628448
322.840729
323.089020
323.440704
323.513458
323.526611
324.084167
324.622467
324.722687
324.648987
325.222900
325.602234
325.924286
325.908875
326.291473
326.795868
326.484863
327.071991
327.021454
327.157104
327.582672
327.549805
327.786469
328.184174
328.401337
328.444183
328.728027
328.923126
328.516602
328.811249
328.711945
329.601196
329.147247
329.108093
329.042816
328.999695
329.154724
328.919800
329.182983
328.627899
328.760803
328.348907
328.476868
328.066223
328.366058
327.423126
327.136780
327.149139
326.730682
326.990997
326.636993
326.677216
326.025543
325.831970
325.144257
325.737640
325.558929
325.730804
324.991058
324.683807
324.952332
323.802734
323.899292
324.049225
323.554169
323.709595
323.443848
323.623108
323.455292
323.528931
323.379791
323.360382
323.155060
323.033173
322.987640
323.135254
323.229736
322.955780
323.025665
323.144653
323.084717
323.761322
323.547852
323.573578
323.667877
324.218536
324.313141
324.789581
325.101257
325.438965
325.432007
325.858307
326.303802
326.494598
326.876465
326.790527
327.487152
327.299683
327.981506
327.744995
328.355621
327.998169
328.428436
329.568970
329.706177
329.986450
329.983582
329.735352
330.192383
330.716827
331.046234
330.859650
331.102722
330.921387
331.078796
330.992340
330.882324
331.565430
331.424957
331.659515
331.344788
331.383820
331.443268
331.577026
331.432098
331.373688
331.599457
331.245819
330.911987
330.799805
330.625092
330.818817
330.809875
330.198730
330.076477
330.065002
329.562408
329.799164
329.619049
329.457611
329.113129
329.108429
328.693359
328.786530
328.461548
328.773041
327.898193
328.312805
327.410950
327.373688
327.400604
327.137360
327.153473
326.780853
327.360138
327.030029
326.793396
327.066162
327.162720
326.981171
327.107422
327.188995
327.186829
327.081848
327.728180
327.538116
328.054291
327.791382
327.946014
328.012878
328.667084
328.696198
329.262329
329.740631
330.001923
330.263763
329.973328
330.642639
330.736908
330.896332
331.394043
331.977142
332.104279
332.095062
332.658173
332.894836
333.030090
333.262909
333.524872
334.322327
334.496674
334.930023
334.802734
335.389709
335.813446
335.914703
336.440186
336.172821
336.389404
336.668182
336.460907
336.680328
336.902649
336.468994
336.988159
336.403839
336.710480
336.989014
337.266357
337.173126
336.917236
336.934296
337.141602
336.986572
336.607025
337.109253
336.579926
336.235687
335.712799
335.756714
335.895721
335.134949
334.898712
334.901611
334.771729
334.201660
334.484222
333.799713
333.913208
334.118622
333.410645
332.964691
332.424042
332.462555
332.035706
331.971191
332.058838
331.494019
331.474091
331.394348
331.844849
331.569702
330.667725
331.135864
330.590088
330.931091
330.887329
330.780884
330.943542
330.707611
331.193817
330.641693
331.320404
331.420197
331.702240
332.019257
331.971313
332.130249
332.630035
332.762970
333.029968
333.370178
333.377625
333.701813
333.909119
334.065094
334.239990
335.254486
335.471924
335.535309
336.054230
336.234802
337.272125
337.971344
337.938965
338.056396
337.965302
338.431976
338.218719
338.948425
339.203796
339.601929
339.800232
340.210449
340.449799
340.536926
340.659180
340.898926
340.912842
341.234558
341.104248
341.224030
341.823334
341.623260
341.159393
341.382141
341.410889
341.659363
341.265381
341.098114
341.082703
341.295410
341.497559
341.766388
341.123657
340.598694
340.003296
339.794739
339.841919
339.412537
339.464264
338.853424
338.855347
338.265533
338.187805
338.182007
337.804230
337.413757
336.764771
335.727966
336.269196
336.377563
336.427765
336.334534
335.802734
335.150452
334.669556
334.704407
334.691620
334.111053
333.852325
334.107788
333.775574
333.263794
333.395203
333.398041
333.577240
333.705902
333.570404
333.574890
333.677002
333.630219
333.573853
333.633392
333.782990
333.757080
334.318420
334.561157
334.674622
334.323303
334.974670
334.552338
334.368103
334.693695
334.976013
335.652222
336.793701
336.692078
337.463440
336.776703
337.297882
337.925476
338.219482
337.860992
338.338318
339.083374
339.587952
340.412689
339.620361
339.048096
339.117493
339.856018
339.973206
340.667786
340.798187
340.534729
340.651978
340.716522
341.149597
341.115356
341.088745
341.451569
342.001984
341.491180
341.821106
341.312775
341.675049
341.189789
340.771606
341.378876
341.122009
340.580444
340.533600
340.636505
340.686401
339.610046
339.448700
339.475800
339.428284
339.230591
338.453064
337.908356
337.529877
338.356781
337.870575
337.546478
337.676666
336.899261
336.348083
336.216248
336.324799
336.286987
335.981720
335.734955
335.835571
335.199799
335.210388
334.965088
334.293457
334.488556
334.036682
334.022247
334.248932
334.455109
334.467438
334.593475
334.217529
333.974487
334.648712
334.244293
334.638092
334.302063
334.167694
334.238647
335.358307
335.554291
335.410980
335.959686
335.883484
336.161133
335.904388
335.798157
336.531982
336.811340
336.695587
337.156281
336.764221
336.472351
336.687042
337.560516
337.264069
337.401520
338.249115
338.214935
338.422272
338.317657
338.741333
338.962433
338.774261
338.501923
338.501801
338.609039
338.482147
339.376801
339.160645
339.592712
340.352722
338.917480
338.882050
338.591644
338.647369
338.318146
337.956635
337.979004
338.173584
337.857086
337.733185
337.981781
337.689209
337.039642
336.654785
336.363953
336.286682
335.735657
335.516083
334.826172
334.961761
335.339691
335.389130
334.806244
334.531219
334.581238
333.993713
333.512634
332.752289
333.044495
333.183868
332.858124
332.790100
332.538849
332.892029
332.504303
332.200562
332.410980
332.412872
332.979919
332.890961
331.968506
332.460114
332.762573
333.232574
332.814056
332.338989
332.130310
332.704468
332.800873
333.369415
333.235168
333.099091
333.242126
333.511475
333.351501
333.485138
333.592407
333.838928
334.903656
334.687836
335.769989
335.335297
335.133484
335.254578
335.901001
336.521637
337.537537
337.421143
336.988983
337.354706
337.254425
337.206116
336.913239
337.126587
337.771545
337.170868
337.145905
337.500610
337.253906
336.924225
337.491852
338.196259
337.626740
337.731628
337.621094
336.751556
336.803711
337.594574
337.240784
336.459137
337.235107
336.457520
336.185852
335.705322
334.968658
334.463165
334.188568
334.334869
334.286438
333.721649
334.048706
333.683289
332.783173
332.510193
332.246674
331.866974
330.990326
331.322754
331.877075
331.939209
332.070435
331.865173
331.655640
331.448242
331.544159
332.002777
331.745331
330.875092
331.389282
331.779297
332.041595
332.361176
332.977631
333.406555
333.362946
334.268616
334.109436
334.353973
334.713318
334.895020
335.595093
335.485535
335.696472
336.927277
337.798492
337.805725
337.689972
337.858704
338.031738
338.499359
338.926025
340.020294
339.974121
339.727783
339.513458
338.804443
339.178223
338.520996
338.460327
338.414825
338.135468
337.688751
336.318176
335.653931
334.391937
333.310303
331.992493
331.129242
329.194641
327.044220
325.476440
323.236237
321.936829
318.515747
316.270691
313.238220
311.278412
308.517548
305.801819
301.706879
298.143677
295.300171
291.520294
287.405487
284.191376
279.565094
275.939972
271.305725
267.023743
263.244598
259.102539
254.639801
250.572220
245.754730
241.311691
237.473679
233.309052
229.662292
225.065842
221.161682
217.262573
213.789825
210.657944
207.425812
204.587891
201.549179
199.508118
197.209076
195.329666
193.491943
191.349640
189.941635
188.891724
188.426651
187.964706
187.872787

