290.225769
172.091476
172.598618
173.040848
173.938751
175.242493
176.536438
177.965912
179.891022
181.890274
183.932404
186.723877
189.195908
192.068344
194.864334
198.242310
201.508209
204.516617
208.335205
211.655670
215.284027
219.076279
222.820007
226.718689
230.164780
233.835129
237.590240
241.421127
245.037888
248.980118
252.555786
255.891144
259.063873
262.644501
265.681183
268.621460
271.984711
274.830078
277.516022
280.091064
282.233795
284.906891
286.792236
289.352417
290.956207
292.599457
294.270264
295.801331
297.417511
298.402100
299.680176
300.553589
301.678680
302.467194
302.531250
303.602814
303.957336
304.718414
304.621613
304.991608
305.042694
305.235504
305.500885
304.772614
304.780762
305.319733
304.895142
304.326965
304.499176
304.317596
304.174652
303.918243
303.758911
303.285156
302.992523
302.944611
302.708099
302.564636
301.964935
302.248352
301.578918
301.868286
301.788727
301.432404
301.529572
301.471710
301.349701
301.444122
301.483643
301.534668
301.263092
301.704651
302.035797
302.375610
302.617004
302.641754
302.668304
303.161469
303.010193
303.847992
303.977478
304.413452
304.432648
304.809814
305.630157
305.486328
305.593475
306.626984
307.117218
306.942017
307.182709
307.850983
308.333313
308.327362
308.627167
308.592438
309.276398
310.015503
310.030273
310.023071
310.740417
310.617798
310.897064
311.169769
311.218842
311.010498
310.921753
311.055725
311.675781
310.960175
311.114929
310.797455
311.155914
311.407104
310.679718
311.228760
310.564148
310.901367
310.647369
310.594910
309.779022
309.771088
309.617737
309.531372
309.139160
308.881775
308.444214
308.226196
308.235168
307.741699
307.436340
307.672852
307.007629
307.318909
307.078430
306.995087
306.505951
306.647766
306.001495
305.936554
305.946930
306.042816
306.053650
306.104034
305.785370
305.927826
305.792572
306.203613
306.112732
306.231934
306.727936
306.346954
306.776581
306.732971
307.227692
307.299713
307.396301
307.728333
307.918457
308.347321
308.338226
308.897858
309.259216
309.671173
309.425049
309.720123
310.432617
310.757538
311.293030
311.785004
311.959747
312.125946
312.744110
312.791534
313.178314
313.343842
313.908783
313.732880
314.380859
314.432220
315.309540
315.243256
315.557770
315.859375
316.109467
315.688080
316.009491
316.414368
316.645294
316.649231
316.296631
316.521973
316.837921
316.729645
316.409027
316.772858
316.528076
316.542328
316.582458
316.686035
316.183411
315.877838
315.411835
315.801422
315.426300
315.437164
315.216919
314.482056
314.437103
314.457672
314.350525
313.660004
313.554962
313.218567
312.989929
312.855743
312.374664
312.312714
311.991333
311.946564
311.758209
311.265900
311.458832
311.344147
311.070099
310.942627
310.479858
310.612915
310.607880
310.221344
310.086182
310.365967
310.697296
310.330261
310.107849
310.399414
310.446533
310.464386
310.826935
310.849731
311.168274
310.971436
311.499146
311.544434
311.161072
312.024261
312.264740
312.650757
312.845245
313.182556
313.669403
313.696320
313.617371
313.948029
314.222260
314.683197
315.174866
315.379089
315.924164
316.112152
316.293549
316.652405
316.354095
317.325531
317.566772
317.381897
318.025696
318.126190
318.191681
318.557739
319.199097
318.997650
319.063812
319.007568
319.418701
319.669464
319.783478
319.799194
319.908234
319.714325
319.934601
319.649902
319.449585
319.729462
319.496094
319.070587
319.250275
319.097382
319.115845
319.203705
318.999420
318.633942
318.408295
318.234955
317.917603
317.682526
317.624237
317.662292
317.328156
316.971619
317.096680
316.881714
316.882874
316.271027
316.052490
316.203430
315.980560
315.950378
315.431854
315.592010
315.642059
315.032776
314.997620
315.126221
314.705872
315.010193
314.855011
314.782654
315.014893
314.836121
315.299103
315.092773
315.072510
315.346619
315.580597
315.809204
315.453888
315.956238
315.852814
316.101776
316.177277
316.853577
316.903076
317.205383
317.031067
317.779236
318.100037
318.084717
318.416901
318.752167
319.099213
319.429718
319.453339
320.295074
320.696350
320.644836
320.928314
321.046387
321.457581
321.615814
322.434265
322.517059
322.244720
322.777802
322.586823
323.389557
323.090332
323.836823
323.660309
323.713684
323.901001
324.088409
323.869293
324.353699
324.277679
324.210754
323.911041
324.507538
324.187836
324.091675
323.706085
323.701477
324.067566
323.928986
323.590424
323.302429
323.925812
322.730103
322.963776
323.030060
322.938324
322.841309
322.621765
321.774963
322.163239
321.781006
321.489960
321.445435
321.057465
320.833313
321.103424
320.631195
320.342987
320.141876
320.021454
319.791351
319.951935
320.078308
319.623840
319.549225
319.485657
319.194580
319.165894
319.458740
319.487823
319.785858
319.691193
319.348694
319.309113
319.742859
319.505829
319.575287
319.830780
319.515320
319.994507
320.368958
320.390503
320.208923
320.678497
320.881805
321.348419
321.363525
321.546021
322.106934
322.199005
322.408173
322.825165
323.043732
323.420013
323.621643
323.765869
323.989441
323.902313
324.420410
324.855927
324.682220
325.403351
325.404663
325.758575
325.689606
326.231781
326.573761
326.708466
326.194611
326.930145
326.852814
327.413635
327.293213
327.532074
327.735596
327.163605
327.343384
327.608307
327.135651
327.217041
327.647644
327.710358
327.124451
327.136627
327.008545
327.192474
326.904724
327.230011
326.355438
326.600342
326.426605
326.039551
326.495697
325.867096
325.583344
325.990814
325.041138
325.157104
324.864929
324.611267
324.783905
324.197357
324.133453
324.433197
323.683807
323.811249
323.713043
323.540283
323.556030
323.781036
323.461121
323.598541
323.118744
323.218567
323.769196
323.365265
323.542664
323.730164
323.193085
323.714722
323.796814
324.299713
324.066284
324.450714
324.481323
325.014954
324.953125
325.028290
325.677521
326.150238
325.808014
326.577057
326.688965
327.052856
327.208557
327.732056
327.411041
328.508148
328.556946
329.336456
329.585541
329.785645
329.734039
330.562897
330.932648
331.021729
331.436096
331.978882
331.978516
332.621979
332.395630
332.504913
333.367493
333.487885
333.740997
333.928680
334.323090
334.115265
333.943420
334.359985
334.485565
334.880463
334.846283
335.013733
334.928040
335.460785
335.182495
335.224792
335.480652
335.083405
335.146149
334.725983
334.748901
334.610962
334.815674
334.536072
334.214142
334.717102
333.885406
333.973877
333.708008
333.485138
333.205383
333.106445
333.086273
332.405121
332.152191
332.327820
332.317108
331.893341
331.896545
331.431458
331.367920
331.436340
330.987366
331.500977
330.808380
331.192719
331.100067
331.174713
330.720795
331.124573
331.058014
330.936066
331.267700
331.272736
330.816132
331.682739
331.544037
331.510895
331.910431
332.190277
332.520477
332.819794
332.819550
333.126282
333.214539
333.896667
334.084808
334.330933
334.524048
334.812286
335.195007
335.893768
336.036957
336.769592
336.508575
337.041748
337.725616
338.353699
338.521088
338.806488
339.279663
339.160339
340.039581
340.411377
340.829651
341.538849
341.116516
341.776489
342.188019
342.837982
342.758606
343.095276
342.633484
343.601715
343.498810
343.703674
343.988007
343.907806
344.133575
344.347687
344.397339
344.168030
344.130524
344.451080
344.100891
343.887268
344.400513
344.389984
344.112183
343.541443
344.011261
343.039978
343.400543
342.889008
342.985931
342.792603
342.538879
342.078979
342.104523
341.743408
341.334229
341.147766
341.062378
341.054749
340.805054
340.355591
339.969696
339.675568
339.580017
339.430939
339.642731
338.872833
338.971802
338.649811
338.327972
338.266907
338.375153
338.110626
338.352142
337.806488
337.895874
338.152771
338.174500
338.356720
338.003845
338.675415
338.001068
338.305664
338.277771
338.211700
338.880920
338.818420
339.196075
339.367859
339.646088
339.701263
339.632294
340.243378
340.557800
340.908447
340.983887
341.265869
341.951599
342.305786
342.194702
342.918793
342.771515
343.312500
343.646851
344.004700
344.235565
344.529114
344.800415
345.162354
345.372681
345.264587
345.832306
345.898346
346.259338
346.255127
346.414551
346.693878
346.665436
346.968567
347.373566
347.203033
347.159546
347.704987
347.972382
347.445984
347.319580
347.465637
347.169983
347.569824
347.146881
347.099091
346.779633
347.141937
346.907227
346.872925
346.813446
346.278900
346.247406
345.830231
345.929077
345.828644
345.356476
344.961456
345.389191
345.147888
344.820374
344.531677
343.754120
343.525146
343.478210
343.535675
343.540405
342.762970
343.037415
342.536774
343.034149
342.684052
343.054901
342.609589
342.717834
342.425232
342.409729
341.984955
342.262756
342.404327
342.238007
342.207916
342.104858
342.735870
342.601532
342.573303
343.076782
342.979248
342.949249
343.341125
343.495361
343.856720
343.958221
343.861389
344.677612
344.740601
344.977600
345.543213
345.224213
345.503601
345.807251
345.826965
346.349701
346.292938
346.979706
347.078461
347.154785
347.357971
348.120178
347.712158
347.716339
348.139435
347.666870
348.973297
348.190308
348.680389
348.652100
349.024353
349.221527
348.962860
348.991394
348.792450
349.037537
349.329956
349.123901
348.854950
348.847595
348.622864
348.372375
348.520416
348.025543
347.622955
348.256439
347.991272
347.633972
347.451691
347.280609
347.105896
346.904175
346.674469
346.146606
345.833008
345.814606
345.600983
345.415558
345.031677
344.896332
344.616791
344.702972
344.438599
344.716675
344.054413
344.108826
343.975128
343.784515
343.165894
343.536835
343.549896
343.463196
343.306305
343.417389
343.564789
343.587158
343.538757
343.557526
343.365784
343.677490
343.926300
343.175507
344.387634
343.857544
344.319305
344.505157
344.523010
344.815979
344.768982
345.252075
345.487671
345.677979
345.773376
346.586182
346.407379
346.733093
346.933441
347.351715
347.831024
347.561798
348.038513
348.378113
348.365448
348.916504
348.660583
348.909637
349.482727
349.038055
349.448669
349.018188
349.759125
349.425018
349.416992
349.524994
349.175995
349.628632
349.406525
349.382599
348.929779
349.047852
348.731842
349.194122
348.574677
347.907623
348.178497
347.690857
347.778076
347.813141
347.225861
346.535492
346.739594
346.762543
346.157135
346.136230
346.002045
345.418427
345.331665
345.003479
345.103760
344.426788
344.203461
344.557587
343.600281
343.476929
343.959534
343.732147
343.807068
343.668213
343.054565
343.623779
343.419830
343.744659
343.736877
344.072357
344.070496
344.213928
344.264465
344.378418
345.206726
345.209503
345.349091
345.718597
346.273987
346.593414
347.167267
347.448486
347.856018
348.310211
349.011200
348.821075
349.706085
349.679352
350.408203
350.977844
351.325073
351.519409
351.213165
351.376953
351.698212
352.055939
351.662109
351.742401
351.276215
351.319794
350.852509
350.243652
349.319946
348.843475
347.747375
346.659668
345.950806
344.438354
342.993347
341.438446
339.499390
337.823486
335.802887
333.504822
330.848206
328.001434
325.501984
322.703064
319.333038
316.433167
313.064056
309.695709
305.595917
302.184113
298.263733
293.671600
289.730835
285.456726
281.484558
276.951447
272.335236
267.902344
263.350708
258.743896
254.776459
250.047852
245.799255
241.173035
237.252045
232.944656
229.102432
225.217316
221.668564
218.393372
214.832581
211.735428
209.087769
206.049850
203.499985
201.579483
199.607742
198.044739
196.502319
195.557785
195.059677
194.337936
194.288086

281.373352
172.561172
173.042480
173.502670
174.410782
175.718704
177.037720
178.424881
180.378098
182.394882
184.447021
187.221069
189.710709
192.569138
195.376984
198.760193
202.025528
205.038040
208.858505
212.198578
215.846420
219.633331
223.369614
227.274445
230.712112
234.423172
238.199799
242.019073
245.645554
249.614456
253.160782
256.553772
259.698578
263.272705
266.335114
269.298126
272.644806
275.521851
278.196564
280.788055
282.953308
285.661102
287.503662
290.094208
291.681366
293.352570
295.035278
296.592346
298.187317
299.181732
300.482300
301.347595
302.477234
303.292542
303.323639
304.410706
304.760468
305.501984
305.441467
305.817719
305.841187
306.042328
306.283813
305.561218
305.620453
306.118805
305.717346
305.130676
305.307617
305.116272
304.970154
304.683319
304.527100
304.017426
303.753387
303.690002
303.430145
303.258209
302.667236
302.937317
302.263000
302.540802
302.445831
302.068390
302.176086
302.093994
301.957092
302.022827
302.044159
302.081665
301.769928
302.174255
302.533325
302.832306
303.070740
303.041962
303.100677
303.541901
303.377106
304.162506
304.320160
304.696991
304.698975
305.043304
305.840668
305.701599
305.741058
306.767426
307.231506
307.054504
307.240845
307.880615
308.363159
308.336853
308.611084
308.557617
309.204346
309.916962
309.945160
309.879028
310.562775
310.416901
310.700012
310.937042
310.942261
310.714874
310.614807
310.723907
311.333130
310.621490
310.724792
310.393982
310.749054
310.980316
310.246857
310.772705
310.101624
310.378784
310.120026
310.052460
309.236023
309.223297
309.028839
308.975891
308.553619
308.302826
307.858398
307.593933
307.609467
307.107025
306.833221
307.019928
306.346069
306.672119
306.411041
306.351959
305.838135
305.957489
305.314392
305.264648
305.287201
305.377075
305.360596
305.445892
305.143402
305.285522
305.115356
305.575104
305.475494
305.615051
306.130432
305.735748
306.193237
306.158508
306.642578
306.754761
306.858368
307.206940
307.412628
307.828644
307.818481
308.417480
308.807434
309.206512
309.000336
309.271637
310.053802
310.422241
310.942139
311.449982
311.644012
311.801941
312.479889
312.538116
312.920715
313.120728
313.728882
313.546600
314.208405
314.293243
315.195190
315.148987
315.486633
315.820007
316.102386
315.673401
315.969727
316.435577
316.726501
316.694641
316.374237
316.630585
316.941528
316.904663
316.625397
316.983429
316.778168
316.777222
316.849579
316.917969
316.453369
316.232178
315.706604
316.180695
315.803497
315.827789
315.591339
314.871735
314.875183
314.938477
314.796387
314.111176
314.008148
313.750305
313.512268
313.374176
312.915466
312.842499
312.552917
312.525269
312.328674
311.860626
312.055908
311.928619
311.747803
311.561920
311.121887
311.266113
311.291168
310.930664
310.730011
311.090271
311.408112
311.060699
310.773651
311.141083
311.247803
311.204987
311.582581
311.621368
311.940125
311.708496
312.265686
312.304230
311.942444
312.799896
313.031433
313.429443
313.602539
313.982880
314.467010
314.506744
314.407196
314.707458
315.003937
315.501495
315.969360
316.163788
316.743835
316.908508
317.104614
317.447876
317.190887
318.151825
318.406189
318.211029
318.836700
318.938446
318.991333
319.399139
320.001862
319.849030
319.880615
319.796570
320.240021
320.486877
320.578949
320.623932
320.694458
320.528168
320.758148
320.459625
320.268921
320.526001
320.288849
319.899200
320.095795
319.935547
319.938293
319.980896
319.795715
319.416840
319.242371
319.061127
318.728333
318.529083
318.462524
318.455383
318.136658
317.762360
317.898041
317.673431
317.698975
317.083588
316.887268
317.021027
316.793060
316.786499
316.207733
316.398285
316.461456
315.810181
315.795105
315.896149
315.503876
315.770081
315.615540
315.538757
315.780945
315.604431
316.006439
315.838440
315.854858
316.084290
316.328979
316.525909
316.193756
316.715942
316.584839
316.796997
316.893982
317.564514
317.582520
317.872253
317.693176
318.439056
318.796722
318.702515
319.053497
319.343536
319.756592
320.014709
320.045258
320.917633
321.314880
321.230499
321.483124
321.620117
322.022217
322.086395
322.962585
323.047638
322.774689
323.233063
323.047852
323.835602
323.559235
324.258698
324.090759
324.141968
324.323914
324.462646
324.214661
324.692596
324.618042
324.514465
324.233521
324.810364
324.489258
324.354767
323.930145
323.927582
324.294647
324.126709
323.774353
323.474121
324.084808
322.881409
323.040009
323.155548
323.031891
322.920013
322.693817
321.835693
322.203033
321.836121
321.525421
321.463379
321.015015
320.809265
321.063232
320.612000
320.287201
320.127502
319.918274
319.689148
319.863647
319.964233
319.519318
319.385406
319.415558
319.082886
319.037720
319.295624
319.322449
319.625458
319.487579
319.162354
319.073303
319.498932
319.286255
319.429138
319.620148
319.295013
319.787659
320.131592
320.148712
319.964233
320.437805
320.586548
321.112091
321.135132
321.288269
321.856842
321.931519
322.156097
322.575012
322.766266
323.174316
323.366516
323.536194
323.738831
323.660583
324.155579
324.614594
324.463379
325.209259
325.158112
325.520844
325.482849
326.016235
326.327606
326.507050
325.995178
326.745911
326.676086
327.226105
327.138824
327.354095
327.565430
327.031494
327.227081
327.496185
326.997925
327.106354
327.549164
327.606445
327.014984
327.063660
326.937225
327.110260
326.848419
327.134888
326.296722
326.573090
326.400024
326.021118
326.492035
325.858154
325.592133
326.003815
325.064117
325.168579
324.879395
324.659515
324.816010
324.256836
324.203217
324.511475
323.771973
323.927582
323.804688
323.644836
323.648651
323.875580
323.571533
323.718536
323.269043
323.335876
323.922241
323.525940
323.726166
323.737915
323.359283
323.855988
323.940094
324.462677
324.248230
324.618225
324.656311
325.197876
325.130371
325.204590
325.869843
326.319824
326.027374
326.783173
326.836029
327.247223
327.402710
327.936005
327.622894
328.690216
328.730499
329.525940
329.747284
329.972839
329.937836
330.733246
331.094727
331.172882
331.604248
332.136627
332.153442
332.799316
332.546387
332.692200
333.531769
333.650787
333.910309
334.070435
334.469238
334.258545
334.066376
334.490479
334.614410
335.026367
334.988800
335.137299
335.054932
335.591400
335.307281
335.327972
335.600525
335.195892
335.238922
334.803894
334.826569
334.699707
334.880737
334.623596
334.283752
334.798004
333.942810
334.044250
333.770813
333.537659
333.257385
333.160553
333.100433
332.469330
332.203186
332.343597
332.340118
331.923370
331.924042
331.452148
331.384796
331.448486
330.988190
331.523010
330.834900
331.199890
331.123718
331.193634
330.753723
331.140686
331.084167
330.921600
331.250092
331.294647
330.811951
331.696442
331.548340
331.514893
331.923767
332.186218
332.529755
332.834564
332.841888
333.151917
333.224548
333.923431
334.086182
334.324127
334.534363
334.820831
335.205231
335.923676
336.060547
336.812347
336.531372
337.085205
337.800446
338.399292
338.523621
338.847107
339.319489
339.204987
340.067322
340.445984
340.875000
341.563995
341.143738
341.815857
342.230743
342.903046
342.822449
343.189514
342.665710
343.663300
343.580322
343.742249
344.035065
343.944702
344.209473
344.412231
344.469513
344.235168
344.214966
344.509064
344.166534
343.940369
344.467804
344.464355
344.186340
343.630737
344.107117
343.114594
343.486450
343.011810
343.087067
342.894257
342.628418
342.179871
342.174622
341.828369
341.392578
341.235260
341.157806
341.172852
340.892700
340.442932
340.039032
339.758942
339.648834
339.562042
339.704346
338.952301
339.067200
338.733185
338.414032
338.320465
338.472382
338.226593
338.415436
337.868835
338.020813
338.231995
338.274506
338.452545
338.067902
338.740387
338.099670
338.381805
338.349854
338.306854
338.963531
338.891632
339.250427
339.424347
339.741455
339.794861
339.705963
340.315613
340.640961
341.009521
341.113373
341.381378
342.046112
342.362549
342.257141
342.954865
342.856079
343.400269
343.736389
344.064911
344.326080
344.595215
344.885773
345.261444
345.453613
345.361755
345.940582
345.987762
346.322357
346.304230
346.496613
346.756195
346.762726
347.057037
347.438751
347.305420
347.251617
347.804321
348.046265
347.535370
347.447540
347.556000
347.238464
347.680908
347.272827
347.173767
346.880646
347.259796
347.009552
346.975891
346.889771
346.381592
346.306091
345.929352
346.050659
345.917480
345.447449
345.092377
345.485962
345.201843
344.949158
344.632050
343.841187
343.670074
343.619598
343.625061
343.667633
342.923401
343.174500
342.672638
343.159912
342.832703
343.199036
342.751190
342.862396
342.540222
342.585968
342.143097
342.409790
342.541901
342.403778
342.333771
342.253662
342.868317
342.759216
342.730042
343.231689
343.139801
343.105743
343.476959
343.659851
344.021118
344.122589
344.075378
344.822418
344.916138
345.188782
345.726135
345.380615
345.699463
346.006866
345.991943
346.531982
346.460693
347.165375
347.278259
347.336456
347.514130
348.264740
347.896240
347.895691
348.322571
347.863373
349.138885
348.368927
348.835083
348.820404
349.185760
349.394592
349.107666
349.153168
348.950531
349.218811
349.486389
349.286499
349.038696
349.004578
348.793243
348.527710
348.691650
348.182953
347.765839
348.401367
348.139313
347.780487
347.572083
347.417847
347.257874
347.020386
346.835114
346.267731
345.941711
345.955536
345.714447
345.541565
345.145355
345.016479
344.728363
344.815308
344.537048
344.834167
344.131683
344.198517
344.078705
343.878906
343.271454
343.589081
343.627869
343.553772
343.398865
343.505402
343.659363
343.665100
343.604156
343.658630
343.414062
343.726318
343.977448
343.223267
344.428436
343.897186
344.347565
344.540405
344.554749
344.856171
344.788300
345.285095
345.525879
345.683563
345.785065
346.613159
346.449188
346.752869
346.955505
347.359222
347.829926
347.582367
348.017731
348.377350
348.383423
348.898132
348.648224
348.899292
349.481354
349.032166
349.432190
348.994019
349.723022
349.409607
349.382660
349.506653
349.150787
349.582916
349.394043
349.344116
348.893219
349.034851
348.710297
349.175140
348.554749
347.894928
348.148865
347.680786
347.742584
347.788757
347.195099
346.521790
346.696442
346.744812
346.130890
346.115479
345.969330
345.407410
345.329315
344.993927
345.087830
344.407104
344.193085
344.530640
343.580017
343.473969
343.976196
343.712006
343.785553
343.675690
343.022583
343.639343
343.407623
343.745911
343.746796
344.092743
344.100006
344.234222
344.318207
344.413422
345.215576
345.252319
345.403778
345.744965
346.330048
346.641724
347.209564
347.511658
347.899475
348.385040
349.045227
348.906372
349.777069
349.746674
350.491669
351.085144
351.417053
351.605927
351.306000
351.476746
351.791809
352.184021
351.807465
351.853180
351.416962
351.421692
350.989655
350.366150
349.465485
349.005280
347.922668
346.825989
346.082825
344.625946
343.178802
341.628784
339.686737
338.036346
335.997070
333.696472
331.067657
328.192017
325.728088
322.930786
319.566223
316.640289
313.309357
309.941498
305.829803
302.430603
298.499054
293.931732
289.975952
285.714722
281.746460
277.218262
272.594452
268.169342
263.625031
259.014801
255.064056
250.331985
246.095596
241.454819
237.542206
233.247238
229.400406
225.521973
221.968445
218.696014
215.158203
212.038925
209.387466
206.371887
203.814255
201.879517
199.947205
198.367783
196.851120
195.892105
195.364075
194.667877
194.808838

222.727142
183.190170
183.216461
184.293472
185.065369
186.714645
188.119080
189.813171
191.644684
193.929214
196.498016
198.781845
201.685089
204.592346
207.586823
211.121338
214.437790
218.224396
221.926208
225.628021
229.305283
233.294205
236.947464
241.475586
245.610229
249.501587
253.400101
257.594482
261.151917
265.180023
269.291779
272.588593
276.345764
280.073242
283.196228
286.349335
289.201599
292.908752
295.483032
298.165741
300.231628
303.359650
305.403076
308.061646
310.211609
311.174713
313.146545
315.262665
316.492249
317.655182
318.597412
319.661804
320.764130
321.507629
322.098846
322.634918
323.134857
323.672516
323.628876
323.915253
323.824158
323.815063
324.090118
323.887390
323.818695
323.487549
323.592041
323.052460
322.805603
322.333069
322.707306
321.963440
321.402405
321.648590
321.121490
320.807770
320.488525
320.243683
320.211334
319.869354
319.474060
319.120514
318.788849
318.732239
318.829132
318.430359
318.698883
318.423340
317.981720
318.378418
318.506500
318.428680
318.960388
319.083069
319.009766
318.996063
319.188660
319.496002
319.337799
319.504425
320.507538
320.867340
320.752258
321.062164
321.375183
321.991577
322.130463
322.590912
323.333282
323.435760
323.791351
323.577881
324.369446
324.071777
324.673248
325.064789
325.672455
325.388733
325.696838
326.057617
325.918213
325.612152
326.450928
326.510284
326.644684
326.573425
326.729340
326.153870
326.473663
326.504303
326.541199
326.389832
326.313599
326.189270
325.889435
325.813477
325.727875
325.970001
325.352356
325.101410
324.975586
324.691254
324.449158
323.743073
323.927307
323.204620
323.079437
322.675049
322.948761
322.449799
322.023315
322.028900
321.041656
320.837769
320.825165
320.354675
320.617828
320.056366
320.030243
319.755615
319.669800
319.994781
319.297211
319.275452
318.933319
318.889954
318.897095
318.942902
319.064026
319.300720
319.298889
319.802307
319.619659
319.524261
319.758942
319.650757
319.751221
320.515411
320.767365
320.790802
321.409027
321.759888
322.194458
322.372437
322.361603
322.833008
322.788788
322.682098
323.049774
323.988678
324.344879
324.763397
325.087860
325.365051
325.375000
326.119843
326.418732
326.538849
326.704102
327.055817
327.551270
327.534088
327.448120
327.994904
328.099487
327.888031
328.950226
328.294098
328.190155
328.454559
328.086304
328.267883
327.931030
328.161926
328.342590
328.253235
328.206757
327.687500
327.406250
327.323547
327.513824
326.970093
326.570831
326.503235
326.613770
326.149261
325.947113
325.641571
325.320587
324.860962
324.552399
325.266327
324.459564
323.718597
323.575806
323.021179
322.974152
322.867767
321.776276
321.800110
321.225983
321.576050
321.473633
321.067017
320.731995
321.002075
320.597443
320.754578
320.616913
320.165100
319.800934
320.022888
319.975037
320.345093
319.914490
320.097961
320.203369
320.199158
320.544373
320.139557
320.580841
320.452209
320.652130
320.782623
320.904510
321.289703
321.518250
321.835541
322.214996
322.185577
322.775848
322.710114
322.851562
322.796112
323.670410
323.751190
324.114777
324.472504
324.504578
324.536469
325.353516
325.189301
325.710052
326.326477
326.241852
326.343323
326.688019
326.728424
327.011078
327.426910
327.007599
327.403412
327.305267
327.195221
327.558990
327.565948
327.481262
327.722534
327.787201
327.393585
327.485413
327.750610
327.754517
327.436707
327.406403
326.980469
327.366364
327.636322
327.284393
326.863403
326.162750
326.256653
325.945129
325.729950
325.770569
325.645599
325.267517
324.974701
324.452789
324.284760
324.169800
324.079041
323.522491
323.631439
323.431976
322.889954
323.134033
322.723694
322.551910
322.001129
322.120941
321.910065
321.852783
322.075592
321.229401
321.813507
321.501892
321.872192
321.882263
321.881500
321.899414
321.474457
321.836945
321.977295
322.010742
321.831360
321.750763
321.798004
322.113525
322.342743
322.480255
322.402466
322.756989
323.254608
323.509949
323.346405
324.179657
324.106873
324.499725
324.986267
324.964783
325.206604
325.442902
325.697693
326.171722
326.319824
326.690063
326.864410
327.197968
327.246246
327.514923
327.677521
328.197021
327.962708
328.327942
328.716675
328.752502
328.957306
328.880554
329.243439
329.070160
329.600372
329.152039
329.261719
329.604614
329.628265
329.267670
329.292542
329.432831
329.249115
329.183167
329.020905
328.781128
328.658752
328.757568
328.688019
328.354889
328.084198
327.884735
327.392181
327.562592
327.002716
326.828278
326.794983
326.288177
326.240906
326.367981
326.115967
325.412323
325.785767
325.183167
324.804932
324.769928
324.801208
324.535553
324.383118
324.219025
324.016113
323.968781
324.175018
323.706940
323.810547
323.865631
323.726227
323.252533
323.663574
323.756531
323.347565
323.451019
323.174591
323.975647
323.710114
324.094635
323.696045
324.391418
324.004486
324.190430
324.351837
324.902069
324.716797
325.102142
325.121857
325.442139
326.203156
325.946808
326.237244
326.760223
326.700317
327.315887
327.237183
327.582550
328.041473
327.865692
327.984772
328.702820
329.011688
329.292664
329.636108
329.150696
329.913361
330.224335
330.531067
330.174896
330.437927
330.846802
331.193512
330.528839
330.842621
330.992340
331.144440
331.062988
331.309723
331.061737
331.262054
331.579559
330.963409
330.667053
331.004791
330.880402
330.649445
330.446838
330.317657
330.209808
330.251007
329.549500
329.794189
329.464233
329.319763
329.177979
329.166443
328.820251
328.787567
328.984894
328.085602
328.218079
328.059021
327.732117
327.790619
327.546631
326.985870
327.176971
326.915253
326.419617
326.599274
326.713348
326.692810
326.331848
326.060944
326.081604
326.485413
326.354584
326.504761
327.379974
326.105652
327.021912
327.120514
326.770142
326.888947
327.097931
327.098663
327.285248
327.425598
327.982269
328.041138
328.223328
329.025848
328.888794
329.133820
329.142578
329.607422
330.059418
330.418365
330.501221
331.001160
331.262817
331.514801
332.232910
332.434937
332.904846
332.730530
333.277435
333.647369
333.836426
334.142975
334.495483
335.093475
334.932190
335.353638
335.516876
335.661530
335.662231
335.658112
336.108154
336.189575
335.717072
336.253418
336.084106
336.259094
336.740417
336.593018
336.555237
336.503510
336.063202
336.398499
336.573608
336.189331
336.491852
335.725677
336.180389
335.893585
335.391968
334.993500
335.095520
334.658508
334.625153
334.517944
333.988007
334.007141
333.364655
333.406952
333.505707
332.930756
332.728424
332.592529
332.305115
332.238129
331.674194
331.395111
331.644287
331.433685
330.741516
331.021423
330.627563
330.425049
330.544464
330.723419
330.586731
330.303131
330.767029
330.839539
330.451965
329.999634
330.754059
330.577118
331.030518
330.863556
331.440216
331.426727
331.326630
331.848724
331.633240
332.025360
332.654968
332.741669
332.430237
333.112122
333.431091
334.163086
333.949677
334.368988
335.267151
335.415527
335.904236
335.952881
336.564575
336.659790
336.941620
337.183472
337.820038
337.911713
338.089020
338.171906
338.837036
339.040619
339.443481
339.608032
339.872162
339.898346
340.292664
339.989197
340.464417
340.819702
340.562866
340.794159
340.793793
341.058929
340.820953
340.718903
341.435730
340.883453
340.963165
340.904236
340.795898
340.864990
340.734619
340.831818
341.144775
339.710327
339.106720
339.326080
338.846985
338.598236
338.601715
338.455078
337.853638
337.677246
337.068451
337.409088
336.712769
336.359253
336.471405
335.359955
336.001160
335.847137
335.299286
334.698242
334.389587
334.279083
333.799561
334.276825
333.575226
333.402863
332.722290
333.029633
332.688324
332.332001
332.363373
332.083313
332.933777
332.887939
332.680573
332.491638
332.498444
332.724365
332.851715
333.022491
332.669342
333.026093
333.036926
333.461182
333.338531
333.039551
333.405670
333.841309
334.054840
333.889069
334.618500
334.791992
335.284973
335.656281
335.341766
336.012878
336.088898
335.906219
336.656250
336.816956
336.821777
337.535217
337.615051
338.023041
338.012604
338.261719
338.144531
338.369965
338.736725
338.717224
339.469879
339.434052
339.325989
339.002136
339.449799
339.724854
339.871063
339.814606
339.786530
340.294098
340.074249
339.628937
339.630859
339.491730
339.573883
339.335938
339.618042
339.250336
338.825897
339.349365
338.434509
338.397217
338.224426
338.104309
338.217010
337.424316
336.918335
337.234619
337.246368
337.069061
336.562500
336.051758
335.872253
335.512329
335.168640
335.257935
335.192413
334.915680
334.242401
334.427216
334.128082
334.065430
334.189575
333.663971
333.896088
333.328674
333.263367
333.418610
333.227875
333.445740
333.024384
333.524628
333.668488
333.775055
333.287506
333.020844
333.313965
333.498444
334.094910
334.012238
334.154449
334.337067
334.724701
334.583954
335.173615
335.252045
335.250122
335.100830
335.642639
336.108368
336.189728
336.554932
335.987122
335.918030
336.186523
336.873474
336.950043
336.947235
337.287842
337.511505
337.850891
338.163727
338.107300
338.333954
338.276886
338.142029
338.123932
338.039062
338.156586
338.240997
338.474426
338.683228
339.175720
338.243164
338.515106
338.072937
338.187439
338.400757
337.572632
337.943298
337.531982
337.822052
337.310791
337.438416
337.190521
337.148743
336.396057
335.875793
335.404114
335.156525
334.909790
334.576813
334.261139
334.562622
334.352295
333.876251
333.983093
333.736145
332.793091
333.636566
333.001373
332.881561
332.378357
332.421448
331.980896
331.745270
332.144287
332.305084
332.005676
332.028412
332.243042
332.274017
331.802582
331.814819
332.187500
332.260803
332.148132
332.323334
331.905518
332.037231
331.944794
331.951630
332.460480
333.009705
332.923340
333.143372
333.148529
333.267273
333.523438
333.416138
333.889862
334.261444
334.606567
334.861755
335.060242
335.076691
334.658691
335.720551
335.415070
336.078979
336.371735
336.134979
336.518921
336.440063
336.316132
336.489960
336.873260
337.074524
336.742645
336.897522
336.947021
337.043457
336.821808
336.982117
336.862366
336.645966
336.761658
336.228516
335.645569
335.883850
336.388275
335.890198
335.426910
335.614838
335.543854
334.944977
334.552795
333.980377
333.627533
333.417053
333.069519
333.339142
332.964111
333.046661
332.650238
332.217377
332.092896
331.613953
331.443207
331.527130
330.933044
331.200104
331.276184
331.299377
331.024658
330.987671
330.432526
330.626587
330.384979
330.506256
330.483093
330.513031
330.736786
330.846405
331.457733
331.645477
332.363129
332.493195
332.805450
333.199982
333.400360
333.637695
334.052185
334.046936
334.413055
334.860199
335.654541
336.703918
336.501862
336.453888
336.717255
336.958649
337.349365
337.755219
339.261841
338.749908
338.597504
338.392914
338.221252
337.932892
337.367920
337.573639
337.684906
337.132721
336.191620
335.199310
335.000671
333.618927
332.477509
331.284637
330.295654
328.445129
326.494873
324.736816
323.022400
321.070404
318.126038
315.571503
312.786407
309.967102
307.330139
304.375244
300.654755
297.168671
293.911438
290.637848
286.456268
282.931671
279.030609
275.257111
270.642944
266.356812
262.227325
258.109711
253.775467
249.475098
245.280762
240.862656
236.809387
232.550262
228.818680
224.606369
220.592941
217.001984
213.445969
210.126755
207.079391
204.279831
201.438477
198.867355
196.540695
194.432800
192.403229
190.891602
189.651459
188.814743
188.286514
187.448273
187.455963

227.659653
183.803131
183.807846
184.900772
185.665436
187.322464
188.723465
190.414474
192.250351
194.532318
197.098602
199.388306
202.325333
205.197418
208.229706
211.736221
215.078964
218.894516
222.554291
226.311401
229.977951
233.977295
237.629211
242.174103
246.321960
250.187805
254.118134
258.347656
261.896973
265.917145
270.064087
273.386627
277.137329
280.881287
284.007263
287.175415
290.046295
293.749756
296.328400
299.016968
301.079559
304.220642
306.301849
308.953644
311.074188
312.094330
314.087402
316.184784
317.445404
318.647308
319.576324
320.673279
321.779938
322.553619
323.086792
323.666595
324.182343
324.719391
324.664673
324.994263
324.889008
324.920471
325.154755
324.996094
324.899658
324.597656
324.706970
324.175842
323.859955
323.447021
323.790863
323.057037
322.541718
322.764648
322.222107
321.923431
321.594757
321.398590
321.318024
320.991760
320.545563
320.242035
319.921997
319.808777
319.942322
319.531860
319.796722
319.496429
319.007874
319.438171
319.621735
319.538574
320.006470
320.133606
320.031281
320.025299
320.225708
320.535370
320.330139
320.543182
321.473938
321.820496
321.722260
321.992004
322.310638
322.948273
323.020996
323.511597
324.262482
324.283386
324.673889
324.450104
325.199402
324.950317
325.529724
325.844727
326.516724
326.236389
326.462097
326.813324
326.660675
326.374786
327.205475
327.235413
327.353760
327.251434
327.453003
326.826660
327.122101
327.131897
327.223328
326.987457
326.890442
326.755890
326.459137
326.417114
326.311371
326.519867
325.874390
325.621155
325.490112
325.185120
324.939117
324.214508
324.415436
323.658813
323.518829
323.143005
323.411713
322.826996
322.443146
322.430054
321.396973
321.238312
321.190735
320.705841
320.933655
320.423798
320.344452
320.074005
320.045471
320.301575
319.599884
319.593018
319.221100
319.192322
319.199432
319.234589
319.357056
319.584015
319.594818
320.083466
319.877411
319.783569
319.986511
319.885132
319.997864
320.763763
320.977173
320.978607
321.618073
321.981354
322.424530
322.540710
322.561707
323.002197
322.981842
322.852051
323.240784
324.167084
324.518555
324.937439
325.261353
325.531464
325.575562
326.282440
326.562317
326.677551
326.845642
327.202362
327.697388
327.647461
327.557617
328.118530
328.228973
327.983124
329.048065
328.375702
328.280884
328.510315
328.133667
328.352051
328.016571
328.233002
328.409485
328.288452
328.250397
327.728424
327.412994
327.355347
327.544464
326.958618
326.571655
326.517181
326.612610
326.127533
325.927460
325.616089
325.292999
324.817017
324.500244
325.224884
324.408752
323.647980
323.510284
322.939514
322.894104
322.792419
321.690033
321.706726
321.142914
321.467102
321.349121
320.948486
320.608887
320.892487
320.482513
320.620239
320.489532
320.010071
319.653748
319.856537
319.830780
320.214417
319.777069
319.948059
320.107635
320.052490
320.384430
320.009949
320.427429
320.278839
320.497925
320.636200
320.766357
321.156158
321.384521
321.707825
322.070923
322.063873
322.625000
322.580902
322.720123
322.693085
323.573242
323.674622
324.014130
324.396027
324.398224
324.466919
325.277435
325.149078
325.670288
326.288513
326.218079
326.357819
326.691284
326.739471
327.025269
327.464569
327.075317
327.459686
327.389954
327.272827
327.654785
327.718658
327.595184
327.879669
327.975220
327.588593
327.674377
327.963318
327.998077
327.682617
327.651978
327.269196
327.649261
327.937134
327.596771
327.214905
326.549896
326.646942
326.344482
326.156006
326.197388
326.105194
325.742798
325.480804
324.976959
324.802490
324.710602
324.606018
324.098175
324.226013
324.053406
323.526093
323.774811
323.322296
323.229614
322.699951
322.849731
322.589478
322.550293
322.802856
321.986298
322.558960
322.242767
322.637482
322.726044
322.677704
322.722168
322.293823
322.641266
322.831177
322.826355
322.673096
322.630341
322.611267
322.994812
323.227264
323.293884
323.253662
323.587006
324.146332
324.408539
324.247070
325.049683
324.965637
325.354523
325.891632
325.825531
326.038055
326.316956
326.561951
327.051239
327.212280
327.518280
327.704803
328.037201
328.044708
328.342621
328.460541
329.026123
328.749298
329.130096
329.495392
329.528259
329.716003
329.618317
329.992828
329.763763
330.289093
329.857239
329.920715
330.233948
330.303619
329.919312
329.922821
330.052216
329.833649
329.727661
329.565430
329.327118
329.181915
329.264282
329.164551
328.805206
328.539856
328.338623
327.797363
327.981995
327.414001
327.187897
327.131317
326.582214
326.548981
326.657227
326.400116
325.662476
326.012512
325.402466
325.015839
324.948425
324.978729
324.699646
324.515808
324.360291
324.113586
324.065735
324.265228
323.791840
323.881805
323.917664
323.762939
323.278503
323.683411
323.757782
323.347321
323.429596
323.136993
323.915314
323.655701
324.039032
323.607941
324.325684
323.912201
324.088226
324.240295
324.807587
324.620514
324.994293
324.998383
325.315857
326.080872
325.809082
326.095062
326.622437
326.556854
327.181183
327.095215
327.452393
327.880951
327.703979
327.870667
328.571167
328.864441
329.167755
329.502441
329.027893
329.786713
330.095428
330.420074
330.070923
330.333496
330.771729
331.088379
330.458893
330.767548
330.904938
331.085907
331.016785
331.246796
331.015503
331.223572
331.580750
330.946655
330.679382
331.006775
330.887085
330.693756
330.489075
330.389160
330.279999
330.311188
329.627869
329.856964
329.560547
329.438873
329.273987
329.289215
328.943085
328.932465
329.158569
328.250763
328.410736
328.232605
327.942780
327.998901
327.782104
327.186279
327.419891
327.157990
326.655884
326.855011
326.992340
327.000824
326.611481
326.362854
326.399353
326.808319
326.711792
326.845734
327.380127
326.434448
327.379333
327.463959
327.119934
327.278595
327.517822
327.506439
327.689606
327.852539
328.374023
328.468719
328.657684
329.446075
329.310364
329.577362
329.552979
330.036438
330.519928
330.854156
330.889557
331.471771
331.694519
331.931274
332.679199
332.880463
333.341766
333.175415
333.724030
334.092102
334.283966
334.558197
334.950928
335.527405
335.365387
335.771179
335.935181
336.081940
336.079926
336.062378
336.524475
336.588196
336.124237
336.656281
336.500183
336.656952
337.137115
336.988922
336.944061
336.891113
336.466949
336.750732
336.940796
336.571838
336.848419
336.065887
336.514435
336.225769
335.739136
335.323456
335.407562
335.006989
334.926544
334.806580
334.306458
334.310028
333.633240
333.689209
333.777100
333.196777
332.983063
332.827820
332.550293
332.445618
331.907990
331.612915
331.850006
331.640411
330.941742
331.213806
330.835388
330.619781
330.714874
330.900238
330.749695
330.454346
330.903656
330.995636
330.592102
330.134583
330.868011
330.697815
331.164520
330.997284
331.540161
331.511688
331.423920
331.905365
331.728027
332.084473
332.693665
332.793640
332.467255
333.136902
333.456360
334.199890
333.949585
334.359436
335.258606
335.398071
335.884338
335.956879
336.522095
336.617249
336.887695
337.126373
337.742615
337.831757
338.010406
338.093872
338.752167
338.946198
339.332123
339.490021
339.751465
339.785828
340.166870
339.850983
340.313416
340.663971
340.390411
340.624084
340.626923
340.880951
340.631592
340.505035
341.237183
340.679321
340.737732
340.677094
340.549347
340.621796
340.477020
340.566162
340.876404
339.418518
338.823578
339.051666
338.579224
338.289703
338.268402
338.138062
337.529694
337.341064
336.724030
337.070129
336.371216
336.007812
336.109070
335.013397
335.613861
335.472382
334.927521
334.319183
333.992340
333.881195
333.393127
333.875183
333.151367
333.000793
332.310516
332.610779
332.273254
331.904266
331.912262
331.646667
332.482330
332.457703
332.220459
332.033142
332.073578
332.273315
332.381439
332.565063
332.228699
332.570770
332.572113
333.006104
332.895020
332.582184
332.947510
333.372070
333.614899
333.449371
334.150391
334.345306
334.859161
335.194672
334.886780
335.555267
335.616364
335.470459
336.210175
336.381317
336.388916
337.094666
337.187866
337.599854
337.593201
337.826172
337.759521
337.985535
338.326233
338.285736
339.068146
339.047455
338.932953
338.630249
339.082977
339.345306
339.508514
339.437500
339.427551
339.947510
339.755951
339.292480
339.306335
339.179779
339.253418
339.019135
339.306702
338.967438
338.522095
339.058868
338.128174
338.115265
337.964600
337.863800
337.987335
337.188354
336.715607
336.989655
337.025574
336.820709
336.340057
335.829865
335.642242
335.314636
334.983856
335.079803
335.003235
334.762390
334.057343
334.282135
333.975555
333.894684
333.940308
333.553802
333.794189
333.192230
333.112427
333.320251
333.136505
333.324646
332.913361
333.418976
333.614441
333.719177
333.207367
332.975677
333.254883
333.450256
334.050354
333.969727
334.119202
334.295715
334.695892
334.570282
335.146576
335.230164
335.220398
335.052917
335.611847
336.093658
336.179016
336.565521
336.012665
335.916321
336.180847
336.869141
336.978973
336.931793
337.285431
337.537384
337.886444
338.187164
338.160553
338.338470
338.284882
338.179016
338.139954
338.074951
338.180878
338.280884
338.506958
338.704315
339.204376
338.263885
338.539551
338.082977
338.231415
338.422180
337.629791
337.965607
337.548981
337.870148
337.352325
337.527466
337.217651
337.180756
336.453918
335.912567
335.433960
335.177917
334.950714
334.593536
334.320770
334.596466
334.415192
333.920776
334.016602
333.763092
332.836639
333.673096
333.019318
332.908936
332.406677
332.472656
332.030365
331.803436
332.174683
332.351807
332.045654
332.068848
332.257935
332.318024
331.837830
331.862030
332.236053
332.283661
332.170776
332.359863
331.956573
332.082001
331.990814
332.000854
332.485229
333.057312
332.957886
333.177155
333.197815
333.306854
333.564331
333.439392
333.922729
334.303467
334.643341
334.904816
335.092743
335.133453
334.686035
335.768555
335.451935
336.120850
336.419708
336.176880
336.579010
336.489502
336.345886
336.530487
336.903381
337.113647
336.796753
336.925781
336.983856
337.089996
336.866608
337.039368
336.921631
336.683350
336.803467
336.264832
335.683746
335.931519
336.412231
335.910767
335.465698
335.653473
335.599335
334.990814
334.588074
334.018890
333.668182
333.457336
333.095581
333.392181
332.977631
333.072845
332.682495
332.231079
332.106079
331.639374
331.483612
331.585571
330.964752
331.242188
331.290863
331.318268
331.072662
331.004761
330.454956
330.647766
330.402100
330.508270
330.491821
330.525116
330.767944
330.848785
331.481232
331.657593
332.369904
332.480164
332.791229
333.179718
333.401855
333.633881
334.040344
334.032745
334.364288
334.818756
335.639771
336.648834
336.483185
336.433380
336.691742
336.928802
337.323761
337.717987
339.205719
338.714661
338.528931
338.338623
338.172546
337.866760
337.298828
337.503510
337.611786
337.035522
336.115540
335.138611
334.914795
333.528778
332.394073
331.216644
330.206421
328.368134
326.405151
324.634644
322.894501
320.972687
318.014160
315.435333
312.686005
309.845306
307.206818
304.265686
300.531677
297.064514
293.777649
290.492340
286.340363
282.818115
278.882965
275.121063
270.510925
266.211823
262.096588
257.965302
253.627975
249.326401
245.151505
240.719345
236.653839
232.394989
228.665619
224.441833
220.421692
216.832352
213.290314
209.970520
206.917709
204.114944
201.259842
198.709549
196.359863
194.271774
192.234390
190.725250
189.479309
188.636963
188.120575
187.262466
187.313889

