306.630127
173.134354
173.449478
174.071152
175.054916
176.073944
177.353333
179.214554
181.103027
183.254959
185.316910
187.638092
190.284546
193.285278
196.204468
199.445618
202.642029
206.124161
209.407944
213.050308
216.604156
220.315109
223.984146
228.174042
231.471085
235.749924
239.404419
243.010315
247.048889
250.186859
253.773865
257.413422
260.785309
264.300110
267.285614
270.738892
274.052673
276.546600
279.174713
281.818176
284.361359
286.611084
289.022217
290.976349
292.810669
294.793518
295.959717
297.517975
299.285339
300.281769
301.701569
302.511749
303.362854
304.117432
305.166046
305.347656
306.203613
306.307739
306.591675
307.061493
307.298126
306.907318
307.150146
307.134277
307.337372
306.869446
306.937714
306.365814
306.587769
306.169708
305.609344
305.755737
305.659760
305.516174
304.903320
304.770050
304.773376
304.608368
304.049500
303.761383
303.737122
303.566711
303.634796
303.437714
303.194672
303.192505
303.261993
303.325165
303.683533
303.392487
303.273682
303.990295
303.769287
303.628693
304.196167
304.615692
304.781403
304.903809
305.064545
305.141327
305.614716
305.857941
306.427673
306.827484
306.918518
307.696716
307.649475
308.429504
308.580261
308.633331
309.146362
309.773041
309.721405
310.593567
310.576050
310.890808
310.994263
311.041382
311.570709
311.725616
312.219788
312.364166
312.326324
312.542023
312.572449
312.895538
312.607513
313.057709
313.128632
312.632050
312.880859
312.751160
312.779236
312.750580
312.580078
312.292114
312.317108
312.077942
312.240143
312.073700
311.320343
311.478851
311.196838
310.931305
310.274750
310.484894
309.997986
310.049866
309.917633
309.519623
309.382874
308.887115
308.874603
308.485840
308.417480
308.209839
308.221649
307.703003
307.748932
307.591217
307.253510
307.422638
307.276733
307.110992
307.221893
306.919952
307.155762
307.190826
307.398102
307.726746
307.271637
307.183380
308.049774
308.221893
308.058350
308.553131
308.825562
309.148834
309.171478
309.251678
309.530792
310.188019
310.170074
310.387360
311.011353
311.526947
311.514771
312.143341
312.383362
312.404114
313.435944
313.164337
313.649567
313.961731
314.310242
314.422485
315.131836
315.404022
315.348602
315.770691
316.149933
316.357452
316.794891
316.515686
317.062866
317.315796
317.151184
317.320831
317.132172
317.447479
317.088745
317.645660
317.962891
317.657654
317.855133
317.609131
317.451904
317.093536
317.692932
317.053772
316.586243
316.892395
316.559967
316.762360
315.632904
316.029755
315.666260
315.337402
315.258881
315.208069
314.833832
314.465759
314.215668
314.235748
313.821442
313.743286
313.432953
312.744812
312.938263
312.267365
312.483063
312.224579
311.814789
311.477203
311.622040
311.773224
311.535828
311.259125
311.104675
311.141602
310.991302
311.145569
311.080780
311.070099
311.062134
310.910156
311.571442
311.385040
311.121368
311.642090
311.301208
311.304443
312.004883
311.805023
312.212433
312.387329
312.719421
313.125580
312.997650
313.447723
314.029419
314.327332
314.049988
314.904938
315.005890
315.439423
315.169006
316.131409
316.097351
316.441864
316.697174
316.762421
317.520538
318.064301
318.091492
318.089905
318.323517
318.488922
318.736053
319.157349
318.863190
319.171326
319.286530
319.509491
319.921814
319.844238
319.975586
319.753143
320.564026
319.692200
320.077423
319.957733
320.138245
319.967255
319.871887
319.759552
319.923676
319.750275
319.492584
319.245209
318.844635
319.037262
318.891052
318.888153
318.263763
317.985046
317.945679
318.038361
317.758667
317.446869
316.766998
316.977356
316.840332
316.743958
316.358398
316.006226
316.374451
316.205658
315.493561
315.472321
315.696472
315.754333
315.280365
315.531525
315.288239
315.633698
315.124573
315.257019
315.304321
315.454346
315.102417
315.563568
315.585419
315.340546
315.782166
315.828369
315.747284
316.168610
316.522308
316.455750
317.021790
317.034424
317.421692
317.482330
317.718048
317.721039
318.239868
318.305237
318.975494
318.781281
319.200836
319.782928
320.074951
320.766235
320.873871
320.906830
321.069702
321.047119
321.734100
322.206390
321.830536
322.580292
322.550140
322.886597
322.927765
323.542297
323.561951
323.651001
323.900940
324.034241
324.455933
324.113647
324.408173
324.117462
324.619202
324.350983
324.779816
324.651276
324.813721
324.245880
324.373779
324.345581
324.333221
323.783813
324.417267
323.413025
323.620117
323.561523
323.279114
323.152252
322.595398
322.747223
322.265289
322.558838
322.176880
322.109100
321.881073
321.813324
321.590271
321.161957
321.354523
321.127441
320.597961
320.328003
320.621063
320.363800
320.007568
319.986938
319.663818
319.683441
319.660828
319.698853
320.004669
319.655731
319.734985
319.774780
319.578827
319.518097
319.878052
319.442291
319.638580
319.888763
320.089569
320.015717
320.165161
320.362640
321.037933
320.942383
321.212738
321.263641
321.599152
321.955872
321.635742
322.309204
322.516815
322.677612
323.095612
323.697906
324.124817
324.444885
324.316620
324.185455
325.050598
324.729553
325.519196
325.575836
325.864319
326.161469
326.747772
326.095734
326.492676
326.873962
326.957306
327.270996
327.326660
327.335571
327.450714
327.577850
328.077667
327.975708
328.019409
327.725250
327.624756
328.219879
328.492279
328.089844
328.160553
328.218628
327.899353
327.629883
327.684998
327.508270
327.348389
327.730713
326.870972
327.225372
327.139465
326.498566
326.515350
326.251984
325.832092
325.722626
325.577087
325.840424
325.448547
325.295746
325.080322
325.501678
324.434387
324.718323
324.334656
324.142395
324.325897
324.270416
324.496521
324.263947
324.021667
324.015442
324.496674
324.195038
324.251678
324.080505
324.245850
324.085052
324.369934
324.557404
324.906281
324.727539
325.108215
324.979462
325.757629
325.598389
326.154877
325.986145
326.431610
326.882141
326.898254
327.576263
327.498474
328.645630
328.554810
328.730103
329.110809
329.888947
330.034851
330.308685
330.479431
331.190948
331.487335
331.657959
332.104095
331.849731
332.666229
333.150085
333.329620
333.452942
333.750885
333.663940
334.299835
334.476959
334.395569
335.084137
335.091736
335.442719
335.246277
335.982513
335.476379
335.946747
335.707947
335.813049
336.243439
336.239502
335.895355
336.006531
336.013275
335.871918
335.738068
335.227112
335.639984
335.648956
335.373505
335.175140
334.427429
335.080048
334.687378
334.245270
334.083374
334.274445
333.815155
333.868835
333.484406
333.540680
333.374054
333.034546
333.035400
332.484070
332.390228
332.384216
332.246429
332.290222
332.077637
332.134094
332.228912
331.408295
331.853119
331.788971
332.035645
332.051575
331.923828
332.001801
331.913971
332.165161
332.068542
332.156189
332.495209
332.690094
333.169556
333.002258
332.891174
333.333160
333.348145
334.286530
334.714569
334.785065
335.009766
335.242767
336.009949
336.301300
336.412903
337.133392
337.599304
337.792755
338.169189
338.753754
338.785828
339.673035
339.830048
340.302338
340.234619
340.725159
341.434845
341.274323
341.628387
341.863403
342.663300
343.074188
342.874908
343.663269
343.595886
343.801514
343.894897
344.786041
344.305969
344.591187
344.865417
344.705414
345.125061
344.720581
345.227478
345.494171
345.153198
345.633270
345.094788
344.983551
344.769257
344.754669
344.305420
344.637970
344.243561
343.832672
343.914703
343.896759
343.483978
343.393829
342.795258
342.905396
342.391479
342.180939
342.448914
341.867401
341.710510
341.306671
341.019958
341.184631
340.736603
339.998413
340.416077
340.038666
339.729553
339.982727
339.849579
339.259064
339.439697
339.535339
338.781342
338.968750
338.783112
339.002045
338.840271
338.772705
338.733124
338.942596
339.053436
339.281189
339.277740
339.218292
339.546631
339.586121
340.084747
339.997711
340.122284
340.703766
340.921906
340.881317
341.246643
341.470154
341.535309
341.895111
342.443878
342.990234
343.012177
343.303680
343.283966
343.405243
344.729065
344.839691
344.842896
345.235016
345.753143
346.016083
345.944641
346.224548
346.253632
346.579895
347.028473
347.416992
347.503815
347.528015
347.700562
348.245392
347.964081
347.917480
348.376007
348.257202
348.761108
348.187134
348.316528
348.513977
348.415070
347.917603
348.802734
347.840179
348.320953
347.905029
348.138428
348.126923
348.107117
347.436218
347.457306
347.112213
346.807922
346.940887
346.526855
346.314056
346.707458
346.168701
345.737366
345.728668
345.176514
345.274109
344.853912
345.213928
344.849365
344.507843
344.545288
344.136292
344.271942
343.822906
344.418762
344.187744
343.754120
343.791656
343.805054
343.903351
343.508698
343.473083
343.369904
343.593292
343.709412
344.073273
343.948059
344.017242
343.934998
344.505035
344.229370
344.246582
344.856628
345.023285
345.043457
345.276276
345.434021
345.987488
345.881165
346.084534
346.542328
346.440552
346.838501
347.615509
347.551239
347.856812
347.954681
348.144318
348.359467
348.815674
348.737640
349.327393
349.517303
350.018921
349.319702
349.756500
349.877075
350.129456
350.532684
350.409332
350.731445
350.417633
350.552216
350.488525
350.204468
350.661224
350.333221
350.560028
350.237823
350.216461
349.750122
349.729340
349.518219
349.764099
349.517303
349.621368
348.905151
348.920990
348.990204
348.349945
348.199890
348.065796
348.349670
347.898163
347.907043
347.361267
347.192688
346.338806
346.908997
346.307526
346.082520
345.870941
345.670807
346.035797
345.459045
345.060394
345.380249
344.818573
345.103638
344.891357
344.658722
345.014526
345.179626
345.186584
344.788483
345.062347
344.442810
344.859314
344.712952
344.629822
345.120972
345.646729
345.725433
346.040405
345.521698
346.038757
346.016418
346.247345
346.440796
346.506561
347.369507
346.968811
347.673370
347.840759
348.028381
348.365479
348.692688
348.583099
349.157410
349.747955
349.321136
349.452423
349.472534
350.056488
350.171631
350.850464
350.514526
350.823822
350.706116
350.761932
350.777802
350.840546
350.647552
350.678467
350.562195
350.973999
350.930084
350.641266
350.536407
350.708801
350.412689
350.473145
349.501373
350.112335
349.963470
349.139465
348.919373
348.832825
348.931976
348.289215
348.340424
347.834259
347.435272
347.367981
346.795715
346.453003
346.147675
346.436737
345.950165
345.654968
345.338135
345.363861
344.682983
345.021912
344.797638
344.583771
345.058563
344.921173
344.858063
344.946686
344.874390
345.068451
345.005554
345.186127
345.527832
345.861755
346.122559
345.829346
346.449677
346.507568
347.338959
347.246124
347.928802
348.188110
348.664520
348.986267
349.552521
350.053223
349.896637
350.630737
350.767303
351.458954
352.190277
351.836365
352.166107
352.697083
353.054382
353.075531
352.982483
352.938934
353.166809
353.311890
352.948639
352.601593
352.544830
351.837463
351.068237
349.997101
349.244049
348.578949
346.992676
345.369141
344.576294
342.614349
340.866028
339.190552
336.892334
334.543427
332.388855
329.446350
327.000885
324.046600
321.087708
317.490143
313.959991
310.750916
307.324127
303.051361
299.095428
295.023285
291.385345
286.598450
282.527679
277.999084
273.705566
268.985138
264.613129
260.204651
255.801544
251.006668
246.907745
242.661697
238.484451
234.250885
230.117432
226.190475
222.476746
218.989273
215.797516
212.384476
209.709442
206.937180
204.457153
202.346771
200.347733
198.996765
197.327042
196.367691
195.676727
195.382034
195.212296

297.547211
173.230820
173.543076
174.158722
175.145721
176.179962
177.474289
179.325760
181.214142
183.383591
185.452301
187.772034
190.420853
193.432983
196.342010
199.580963
202.819550
206.290619
209.568039
213.245193
216.822083
220.507919
224.198212
228.386902
231.705200
235.994812
239.713852
243.318542
247.353165
250.520126
254.070633
257.728363
261.132996
264.670654
267.686279
271.158173
274.477539
276.987000
279.604828
282.278351
284.819397
287.096954
289.503723
291.486176
293.301636
295.293823
296.513977
298.054352
299.860291
300.824036
302.282898
303.118622
303.982727
304.735779
305.824890
305.991913
306.820862
306.935608
307.268951
307.702362
307.982452
307.557098
307.835754
307.781891
308.017029
307.547638
307.639435
307.054169
307.287933
306.858887
306.301697
306.442017
306.342468
306.208771
305.607147
305.453644
305.433899
305.280823
304.705841
304.411987
304.373230
304.204559
304.264130
304.039551
303.799805
303.787292
303.820923
303.905243
304.224243
303.947693
303.780243
304.485626
304.280762
304.103271
304.648987
305.029785
305.207184
305.269623
305.458557
305.487518
305.946136
306.200836
306.716492
307.107941
307.165100
307.924042
307.847717
308.576569
308.713745
308.751251
309.258636
309.832123
309.792023
310.617004
310.597412
310.869232
310.949219
310.969696
311.459076
311.606293
312.069336
312.184967
312.134918
312.320160
312.339722
312.619049
312.330231
312.729523
312.793335
312.285522
312.514832
312.344330
312.338470
312.282806
312.105896
311.809723
311.810944
311.543365
311.683075
311.520294
310.722778
310.870972
310.557159
310.253448
309.604156
309.796906
309.300903
309.322784
309.194672
308.777161
308.630341
308.134521
308.120728
307.715057
307.627869
307.419250
307.390808
306.895905
306.943329
306.785309
306.455475
306.590454
306.444824
306.314301
306.427277
306.089722
306.324738
306.339111
306.554962
306.893463
306.445251
306.350250
307.218353
307.406372
307.273315
307.771088
308.034851
308.355957
308.400269
308.491333
308.781982
309.446228
309.431580
309.638123
310.285919
310.843933
310.811859
311.486450
311.720032
311.787781
312.787262
312.544189
313.079742
313.385132
313.736847
313.852386
314.581482
314.884125
314.850647
315.287598
315.670959
315.910309
316.356018
316.114014
316.660645
316.935394
316.800140
316.984528
316.794006
317.185089
316.818848
317.414673
317.691528
317.422211
317.644836
317.381775
317.280396
316.914917
317.558777
316.941345
316.482758
316.806671
316.512817
316.712280
315.605499
316.009155
315.619965
315.338867
315.306641
315.221710
314.849182
314.534424
314.302795
314.345093
313.970673
313.882050
313.539032
312.917114
313.134369
312.412750
312.693695
312.467712
312.031219
311.735657
311.872009
312.031464
311.819855
311.551056
311.414246
311.440125
311.305756
311.495636
311.443726
311.462311
311.403931
311.241699
311.986572
311.786041
311.553253
312.068756
311.755615
311.736969
312.467804
312.227631
312.690704
312.881317
313.221771
313.624939
313.499756
313.974640
314.545624
314.861267
314.579712
315.456360
315.564880
316.022217
315.766815
316.724121
316.723053
317.109802
317.276703
317.372711
318.164062
318.703583
318.776459
318.740326
319.018524
319.200989
319.427643
319.888763
319.583405
319.896271
320.003815
320.214111
320.671448
320.587738
320.721436
320.482086
321.333038
320.426819
320.891388
320.717468
320.946167
320.814880
320.681488
320.576660
320.786560
320.578033
320.366547
320.125793
319.694214
319.940552
319.790375
319.800598
319.199188
318.918152
318.893555
318.981628
318.705902
318.446045
317.755951
317.933258
317.818573
317.738678
317.370636
317.013428
317.409393
317.212402
316.525482
316.514435
316.733459
316.810181
316.315796
316.581299
316.367950
316.679016
316.190735
316.346405
316.343842
316.534241
316.184540
316.625183
316.692627
316.422485
316.818176
316.944275
316.813019
317.253693
317.635834
317.595428
318.085693
318.103912
318.523804
318.564850
318.809204
318.813995
319.314758
319.407898
320.008392
319.860077
320.197906
320.836121
321.111115
321.758698
321.920807
321.926605
322.078339
322.095612
322.734314
323.194000
322.809387
323.575989
323.521545
323.884186
323.880585
324.434021
324.529541
324.556274
324.774933
324.902954
325.348602
324.940216
325.221985
324.972321
325.425720
325.186096
325.572906
325.424866
325.629761
324.972290
325.118134
325.089294
325.043457
324.448242
325.046753
324.070648
324.245544
324.175018
323.916534
323.746613
323.130035
323.302216
322.757721
323.122589
322.653992
322.537811
322.346313
322.246887
322.000458
321.577362
321.730072
321.485901
320.958679
320.652802
320.955566
320.650238
320.292511
320.278931
319.938904
319.928802
319.907501
319.941589
320.205109
319.811829
319.943024
319.937103
319.718536
319.637573
320.000397
319.536377
319.727936
319.944153
320.106812
320.086548
320.251282
320.363953
321.043030
320.978210
321.192291
321.266052
321.554077
321.934723
321.618896
322.269531
322.410828
322.623993
323.029266
323.598969
324.003723
324.348083
324.224396
324.081879
324.972534
324.603607
325.398743
325.432007
325.726837
326.033875
326.602325
325.944427
326.376007
326.756897
326.843384
327.090485
327.192719
327.182220
327.309814
327.419922
327.975525
327.850800
327.929321
327.584381
327.507935
328.101807
328.395630
327.963898
328.050385
328.127197
327.774841
327.490662
327.558594
327.391022
327.229523
327.627258
326.766724
327.137817
327.054565
326.401917
326.410492
326.190186
325.789825
325.659668
325.516388
325.779358
325.412872
325.220795
325.052155
325.429993
324.420410
324.680054
324.275909
324.129395
324.303345
324.276428
324.472870
324.259521
324.017029
324.004822
324.470825
324.192505
324.274811
324.131256
324.114075
324.082092
324.400238
324.570038
324.921875
324.771912
325.143585
325.019348
325.777588
325.620453
326.192505
326.056000
326.480072
326.895416
326.929382
327.636810
327.536072
328.707306
328.579285
328.779663
329.134888
329.903259
330.079895
330.331757
330.555969
331.255585
331.525665
331.700073
332.148071
331.913239
332.726929
333.211365
333.368439
333.484406
333.784943
333.729675
334.356750
334.523407
334.432983
335.133759
335.144409
335.475250
335.290039
336.024689
335.510223
335.976318
335.758636
335.862915
336.281830
336.287750
335.925964
336.050323
336.057343
335.921936
335.790955
335.277527
335.675293
335.713531
335.432617
335.216827
334.455353
335.143036
334.731781
334.289978
334.151733
334.322205
333.855164
333.901764
333.537079
333.576721
333.443420
333.071014
333.083069
332.530396
332.448364
332.417175
332.289825
332.347504
332.146210
332.177002
332.275360
331.470093
331.930939
331.859467
332.078522
332.130768
331.993317
332.087067
331.956909
332.246094
332.172394
332.246704
332.582153
332.778015
333.249664
333.105499
332.981781
333.420685
333.447906
334.403931
334.846191
334.893188
335.123718
335.373657
336.149384
336.408997
336.557068
337.255188
337.739288
337.943359
338.291077
338.909973
338.937408
339.820892
339.955505
340.430298
340.388977
340.904755
341.579559
341.460022
341.773163
342.044403
342.799835
343.248566
343.075562
343.841797
343.808289
344.004730
344.117157
344.993439
344.485718
344.804199
345.074890
344.905426
345.364288
344.923187
345.470367
345.685120
345.343292
345.849640
345.322968
345.195496
344.983704
344.994781
344.545990
344.848419
344.521881
344.093628
344.110962
344.126160
343.726990
343.623688
342.988068
343.178802
342.607483
342.429810
342.681763
342.115143
341.932251
341.513641
341.248199
341.398102
340.936066
340.204926
340.608612
340.198242
339.997711
340.171448
340.096008
339.454987
339.631348
339.745758
338.989288
339.117279
338.962463
339.196503
339.047699
338.978973
338.906067
339.131836
339.246979
339.431305
339.452423
339.365723
339.738312
339.802368
340.284637
340.124756
340.263000
340.882721
341.079742
341.041565
341.409546
341.618927
341.675964
342.056152
342.627441
343.132141
343.165497
343.457275
343.468170
343.576843
344.867584
345.034271
344.981110
345.374512
345.900543
346.157928
346.049438
346.324066
346.427063
346.712646
347.153351
347.498566
347.657715
347.650513
347.870300
348.387268
348.037689
348.028717
348.495605
348.392914
348.846100
348.310120
348.390869
348.608368
348.528259
348.051300
348.898346
347.974121
348.403656
347.996979
348.219727
348.212677
348.181549
347.560944
347.580109
347.174957
346.921173
347.059875
346.626862
346.411194
346.790466
346.278961
345.819214
345.865234
345.300842
345.344360
344.973938
345.338257
344.921143
344.612396
344.639832
344.232574
344.376434
343.939117
344.500092
344.312469
343.855377
343.889526
343.909271
344.002563
343.625214
343.597321
343.478485
343.716553
343.820312
344.202454
344.070953
344.126526
344.056641
344.578918
344.326996
344.345093
344.974915
345.120392
345.136414
345.394806
345.529877
346.124054
345.988831
346.178711
346.659119
346.534363
346.934326
347.722382
347.654449
347.959412
348.035400
348.249146
348.443817
348.902130
348.852814
349.442078
349.605499
350.100891
349.381989
349.866669
349.970459
350.219604
350.615997
350.474854
350.813049
350.482544
350.654510
350.576691
350.295410
350.743042
350.395630
350.625885
350.280670
350.275360
349.799286
349.796692
349.572998
349.789185
349.570709
349.648438
348.920532
348.955566
349.024658
348.384491
348.244110
348.091125
348.357208
347.936096
347.948486
347.387329
347.209137
346.362366
346.935455
346.307556
346.076935
345.890167
345.662048
346.035980
345.451660
345.030487
345.349304
344.785553
345.087280
344.848633
344.646942
344.976105
345.135345
345.147217
344.735199
344.999847
344.402130
344.823090
344.648773
344.553772
345.069489
345.601471
345.652893
345.963684
345.459045
345.949097
345.948761
346.197571
346.350616
346.437714
347.265381
346.885956
347.572723
347.788330
347.937805
348.286896
348.592773
348.484711
349.054932
349.631561
349.203918
349.345093
349.398987
349.960388
350.088470
350.729309
350.365173
350.737488
350.594330
350.670624
350.673309
350.723328
350.556213
350.590851
350.476715
350.868591
350.844269
350.523560
350.448395
350.616821
350.332001
350.376160
349.414825
350.033417
349.888214
349.045929
348.850128
348.770538
348.838043
348.223053
348.282684
347.766541
347.370239
347.315399
346.722076
346.409241
346.091644
346.382751
345.903595
345.630402
345.327209
345.344513
344.664825
345.025116
344.761993
344.565735
345.056030
344.910583
344.850677
344.981628
344.893646
345.093994
345.057770
345.216980
345.561493
345.907532
346.184814
345.912903
346.517487
346.578796
347.423309
347.365326
348.053894
348.320984
348.778687
349.134949
349.701385
350.212891
350.052521
350.799866
350.930511
351.631042
352.364258
352.018890
352.367676
352.942871
353.279999
353.287598
353.229187
353.185394
353.432678
353.557343
353.234741
352.894684
352.831818
352.122711
351.374786
350.305389
349.591125
348.915497
347.331726
345.723114
344.928406
342.974640
341.224182
339.583710
337.278534
334.971893
332.783630
329.839752
327.416382
324.467102
321.538849
317.947876
314.445465
311.208527
307.791229
303.513458
299.580170
295.540100
291.883850
287.097229
283.041931
278.526367
274.227234
269.515015
265.141266
260.737091
256.349091
251.533524
247.434479
243.219940
239.037079
234.822693
230.677979
226.751740
223.051193
219.584259
216.376572
212.969345
210.313232
207.513916
205.061768
202.935455
200.917480
199.582581
197.913849
196.969131
196.274414
195.974945
196.038727

219.766068
183.704987
184.186569
184.746216
185.697662
187.005005
188.456467
190.104263
192.201691
194.254196
196.872299
199.343872
202.209793
205.246109
208.726654
211.784302
215.375656
218.965134
222.243500
226.042648
230.332886
234.257950
238.113159
242.167419
246.335770
250.491959
253.818695
258.240997
262.247406
266.031738
269.585724
273.555359
277.187531
280.893311
284.582825
287.875275
290.868835
293.975952
296.657196
299.696716
302.228638
304.703186
306.540405
309.063812
310.982605
312.459106
314.413452
315.915131
317.806213
319.028503
319.854279
320.964386
321.842346
322.888916
323.408813
324.184387
324.319733
325.197266
325.091522
324.921814
325.168762
325.084290
325.650024
325.100830
325.396362
324.476410
324.503754
324.526855
323.830200
323.913971
323.426483
323.224609
323.063934
322.903320
322.588165
322.272675
321.385132
321.139496
321.199402
321.121704
320.799622
320.334320
320.173401
320.204712
320.412476
320.094849
319.925201
319.537628
319.627106
319.305786
319.758545
319.726379
319.742767
320.087189
320.524292
320.820068
320.556366
320.909149
321.250488
321.178986
321.852264
322.167206
322.622620
323.038910
323.015839
323.425262
324.120728
324.088806
324.684875
325.045715
325.078491
325.396057
325.686798
326.117126
326.093689
326.398743
326.782990
326.615234
327.192963
327.204163
327.243103
327.524811
327.778656
328.104095
327.629150
327.885742
328.337677
328.091980
327.619812
328.141113
327.832825
327.707275
327.705536
327.332428
327.210358
326.955353
326.787567
326.778748
326.972351
326.999695
326.345795
325.691193
325.526062
325.233582
324.939056
324.536072
324.579163
324.049377
323.570831
323.434692
323.159882
322.791504
322.546600
322.460297
321.832703
321.968994
321.657318
321.497894
320.877258
321.165070
321.023987
320.730530
320.565552
320.704834
320.180450
320.265594
319.864746
320.441132
320.617981
320.554352
320.111633
320.304321
320.737335
320.728638
320.912567
320.985901
321.329010
321.635803
321.955811
322.275116
322.542816
322.864441
322.801941
323.198608
323.695343
323.899933
324.221893
324.414642
324.794403
325.290253
325.464203
325.512512
326.030060
326.270142
326.600311
327.052216
327.151794
327.569214
328.014618
328.617981
328.475494
329.093811
329.564972
329.246429
329.499939
329.185822
329.799133
329.117645
329.452667
329.518524
329.111511
329.526581
329.239166
329.037659
328.930634
329.365021
328.930481
328.622223
328.318817
328.474030
328.867798
328.336304
327.967926
327.571991
327.767395
327.583984
327.202850
326.439209
326.355255
326.224792
325.549164
325.404602
324.930664
324.892120
324.194366
323.796814
324.101471
323.372589
323.577606
323.223083
323.122925
322.581299
322.684357
322.173401
322.155334
322.206329
322.037079
321.538727
321.149261
321.735657
321.259125
321.100403
320.977356
321.470215
320.828400
321.187866
321.083466
321.099579
320.848785
321.469757
320.812622
321.281281
321.763092
321.908203
321.586975
321.959991
322.343384
322.800018
323.748047
323.403259
323.631958
323.133545
324.231689
324.017609
324.268036
324.908356
324.988190
325.395264
325.717682
326.050171
325.864014
326.315735
326.653290
326.665192
327.045441
327.363647
327.159576
327.163025
327.571991
328.248810
328.755219
328.410339
328.444305
327.812317
328.712128
328.760040
328.254242
328.907471
328.678833
328.893921
328.602081
328.367493
328.363312
328.461182
328.447662
328.406555
328.142609
328.094666
327.655518
327.649902
327.398346
327.196716
327.170044
326.893951
326.747620
326.236053
326.217529
325.495758
325.584442
324.970123
325.569702
324.745300
324.392395
323.809845
324.032013
323.967987
323.704926
323.253296
323.344116
323.171967
323.370422
322.923950
322.707336
322.957977
322.517761
322.493652
322.228607
322.316681
322.363953
322.110138
322.264862
322.434143
321.992950
322.535461
322.519440
322.610809
322.942474
322.851379
322.808990
323.252808
323.386871
323.361420
323.784058
324.323883
324.237457
324.082886
324.910980
324.970306
325.094910
325.763824
325.801331
325.873596
326.146515
326.449768
326.733765
327.252472
327.281586
327.388977
328.076538
328.666321
328.444366
328.537323
328.879395
329.131470
329.244629
329.381134
329.492615
329.666779
329.897339
330.087860
329.698944
329.896576
330.435028
330.335266
330.358826
330.033051
330.196960
330.283478
330.495300
329.851807
329.889313
329.762848
329.939667
329.580841
329.146820
329.173615
328.720520
328.751770
328.371063
328.154785
328.236572
327.567291
327.658203
327.591583
327.639862
327.266754
326.513519
326.458069
326.331635
326.314453
325.851624
325.891357
325.819611
325.314484
325.100647
324.694305
324.828339
324.755798
324.281586
324.889893
324.767578
324.541107
324.287659
324.462860
324.453308
324.178741
323.929596
323.949799
323.918274
323.554352
324.351318
324.189087
324.257111
325.082123
324.385773
324.808014
325.147491
325.059021
325.394989
325.573151
325.707886
325.920166
326.115662
326.031158
326.649200
326.813324
326.896423
326.939850
327.610413
327.941162
328.255127
328.255646
329.056183
328.845612
329.183258
329.170837
329.659210
329.865570
330.211884
329.821869
330.842529
330.724121
330.500275
331.073822
330.849945
331.183319
331.079285
331.313904
331.209229
331.140778
331.364777
331.233521
331.535767
331.519440
331.070312
331.644257
331.526947
331.466370
331.019531
330.981598
330.995239
330.239441
330.478119
330.428375
330.429169
329.928284
329.769836
329.576508
329.453796
329.196136
329.230988
328.861328
328.713409
328.759247
327.935944
328.238220
327.742737
327.724792
327.828979
327.517578
327.537842
326.913177
326.647522
326.757111
326.895355
326.870850
326.577759
326.642151
326.320709
326.354431
326.398621
326.221863
327.450470
326.490326
326.623932
326.759216
326.924042
327.001495
327.332214
327.223999
327.052185
327.659821
328.006348
328.365082
328.274261
328.649445
329.478790
329.634186
329.868927
330.120880
330.462494
330.438599
331.008118
331.404816
331.723694
332.060577
332.263092
332.357422
332.701294
332.880341
333.215912
333.573090
333.955566
334.494934
334.466919
335.119110
335.081726
335.478912
335.808716
335.875702
335.745667
335.712921
335.869690
336.422363
336.278534
336.352814
336.574585
336.515930
336.392181
336.775177
336.493561
336.784698
336.260284
336.595612
337.219696
336.761627
336.782013
336.472351
335.798706
335.781921
335.471619
335.503815
335.200989
335.117096
335.028015
334.912659
334.398773
334.106445
333.661835
333.784332
333.279114
333.415680
333.005798
332.623199
332.598694
331.928406
331.940369
332.015656
331.335388
331.997437
331.019470
331.156616
331.390289
331.051453
330.930176
330.892212
330.972931
330.663391
330.256775
331.088470
330.711487
331.259369
331.121643
330.830963
331.136353
331.379669
331.492828
331.877472
332.050903
331.440277
332.469482
332.679565
333.056976
333.538452
333.261993
333.583008
334.172119
334.376678
334.590729
334.773590
335.436005
335.630951
335.829681
336.997467
337.439972
337.772186
337.821899
337.830994
338.407318
338.568878
338.420380
339.344879
339.610229
340.080505
339.871368
340.209717
340.273102
340.471069
340.704559
341.257751
341.020142
341.385071
341.662781
341.970428
341.686310
341.779846
341.516998
341.426239
341.672974
341.941498
341.667206
341.238800
341.251831
341.350647
341.695526
341.701813
341.423523
340.342438
340.106995
339.940277
339.851349
339.443359
339.421204
339.794830
339.192627
338.310394
338.820953
338.036926
337.947662
337.178986
336.709198
336.541595
336.579987
336.904663
336.436005
336.232605
335.510406
334.893860
335.391632
334.825562
334.646362
334.541870
334.237305
334.018311
334.295837
333.415649
333.465454
333.324982
333.465363
333.438324
333.250641
333.618835
333.568085
333.546204
333.565399
333.528137
333.695282
333.740509
333.850342
334.404175
334.499786
334.579651
334.268463
334.165161
334.437012
334.659149
335.432343
336.185791
336.379913
336.149292
336.855865
336.835663
337.250702
337.718201
338.144653
337.883636
338.308289
338.766724
339.089386
339.355988
338.845398
338.884644
339.631226
340.247589
340.093201
340.116547
340.376190
340.245056
340.853638
340.441650
341.052582
341.098724
341.051636
341.322784
340.505463
340.749725
341.214813
341.049622
341.103149
340.815002
340.976990
340.864502
340.459778
340.410858
340.164429
340.001770
339.450043
340.163605
339.211487
339.413605
339.058624
339.158661
338.504852
338.104156
338.033447
337.921570
337.487976
337.454010
337.077545
336.875153
336.677612
336.663940
336.679688
336.221924
336.368713
335.804993
335.953217
335.912842
335.813324
335.444611
334.863434
334.687469
334.902924
334.876465
335.006866
334.790558
334.561554
334.720734
335.055359
334.606201
335.082153
334.984528
335.068573
335.340057
335.125732
334.822266
335.557617
335.320892
335.840088
336.271973
336.299347
336.650085
336.165039
336.181091
336.875458
337.030975
337.163666
337.306122
337.612030
337.890289
337.613342
338.142426
338.187897
338.551819
339.083405
339.395538
339.904022
339.619965
339.717499
339.912964
339.643066
339.485535
340.072388
339.671478
340.015320
340.201965
340.160706
340.499969
340.397644
340.318115
339.921021
340.083618
339.977936
339.370270
339.456177
339.034119
339.365814
338.918793
338.776825
339.293854
338.854370
338.438904
337.732178
338.102081
337.731171
337.460480
336.758331
336.347870
336.637726
336.426727
336.116455
335.912292
335.803497
335.703156
335.194550
334.839752
335.097168
334.226440
334.498383
334.480316
334.247803
333.880615
333.993561
334.015961
333.254425
333.366699
333.528900
333.803986
333.603546
333.663574
333.760895
333.586548
333.797089
333.871399
334.195709
333.908417
334.228760
334.529419
334.788757
334.602295
334.500031
334.715759
334.732422
335.153656
335.265717
334.980286
335.427429
335.833832
336.465729
336.518494
336.445923
336.793518
336.589600
336.993530
337.794037
338.029297
338.187714
337.982300
338.272736
338.747131
338.348419
338.546844
338.842041
339.395782
337.966461
338.280701
338.485229
338.556519
338.575226
338.521667
338.688324
338.412567
338.130890
338.398712
338.026428
337.649689
337.838837
337.796631
337.112976
337.053680
336.661194
336.318146
336.002655
336.190887
335.456970
334.920044
335.122162
335.071960
334.640808
334.164886
334.260345
334.373505
333.006653
332.904144
332.956848
332.752441
332.769714
332.602264
332.592224
332.340790
332.080688
332.035400
332.008270
332.213837
332.058014
332.041962
332.036377
332.274536
332.322418
332.326904
332.862244
332.708923
333.558197
333.294617
334.020172
334.313171
334.814331
334.872192
335.323853
335.530579
335.839294
336.153320
336.946381
337.347198
338.183258
338.238007
338.227936
338.470459
338.328552
338.913025
339.709106
339.382050
339.313507
339.469055
339.195068
338.894196
339.051666
338.898438
338.584167
337.709747
337.704681
336.586456
335.787140
334.929474
333.362183
332.444519
330.500275
329.159576
327.499695
325.386169
323.778290
321.554688
318.705139
316.583344
313.827789
310.776611
308.215027
305.493805
302.009003
298.665344
294.748566
291.218658
287.096466
283.407806
279.510712
275.387573
271.102722
267.189636
263.315643
258.571442
254.419327
250.201080
245.774643
241.633240
237.445099
233.600052
229.480438
225.126114
221.246979
217.231201
213.987640
210.694931
207.597351
204.544937
201.567062
199.276733
196.796478
194.911224
193.263092
191.551910
189.855179
189.008133
188.100891
187.816025
187.850403

224.269440
184.277603
184.751755
185.345520
186.289200
187.601669
189.047913
190.718231
192.807159
194.852707
197.468750
199.960358
202.829269
205.869751
209.377533
212.447586
215.993362
219.613464
222.837631
226.712860
230.979523
234.911240
238.802750
242.843079
247.031845
251.201202
254.532761
258.989990
262.996704
266.764069
270.382965
274.316284
277.985321
281.705872
285.382202
288.719574
291.681122
294.799591
297.534821
300.525757
303.138763
305.596405
307.408142
309.968597
311.886475
313.364532
315.336456
316.843750
318.778687
319.989441
320.829407
321.961884
322.824127
323.950348
324.461029
325.254395
325.338135
326.239258
326.144836
326.040070
326.251801
326.170807
326.765656
326.216278
326.460358
325.590210
325.639709
325.613922
324.952942
325.047729
324.552673
324.353424
324.210022
324.061493
323.754364
323.398682
322.495728
322.293915
322.345856
322.289276
321.913208
321.494202
321.306183
321.337677
321.531494
321.224579
321.090149
320.649628
320.748932
320.402985
320.843201
320.813324
320.852905
321.153656
321.599335
321.903168
321.603912
321.967590
322.368958
322.237762
322.899994
323.220764
323.593384
324.058167
324.020782
324.386871
325.060852
325.118042
325.608917
325.969452
326.008270
326.326782
326.575226
326.983521
326.973267
327.257751
327.638153
327.447327
327.998322
328.004822
328.087524
328.339752
328.520172
328.878906
328.365387
328.608765
329.090149
328.772705
328.324677
328.814453
328.480408
328.398224
328.378479
327.994446
327.849670
327.558350
327.412750
327.366852
327.552856
327.552216
326.873230
326.208679
326.107391
325.753815
325.444397
325.073853
325.085968
324.573151
324.047150
323.890106
323.614838
323.205780
322.988647
322.870575
322.280823
322.369629
322.081299
321.919586
321.250000
321.546661
321.381439
321.065918
320.903717
321.068939
320.557007
320.628479
320.188507
320.774384
320.965851
320.896942
320.448395
320.613617
321.038910
321.039520
321.190582
321.275360
321.650238
321.929291
322.227570
322.536316
322.771667
323.150482
323.039978
323.461609
323.948944
324.143005
324.480774
324.661743
325.001068
325.511993
325.687744
325.768341
326.230652
326.489563
326.800354
327.260986
327.350830
327.746948
328.194458
328.778961
328.656189
329.288788
329.735321
329.399780
329.651031
329.366241
329.903412
329.250916
329.591766
329.669739
329.234039
329.646240
329.330261
329.102631
329.017426
329.450653
329.002380
328.701202
328.395142
328.533234
328.927948
328.385254
328.031860
327.632965
327.796509
327.617065
327.214203
326.449280
326.363281
326.227966
325.535522
325.404419
324.943756
324.891418
324.156525
323.755219
324.067780
323.341675
323.536163
323.179932
323.061035
322.510284
322.619080
322.098907
322.065887
322.147583
321.955627
321.435333
321.043884
321.627075
321.160034
320.999451
320.861877
321.344788
320.720337
321.075714
320.984985
320.982239
320.717072
321.347198
320.700867
321.169800
321.642639
321.809052
321.453003
321.852478
322.230042
322.708588
323.624908
323.294891
323.539276
323.049164
324.150909
323.938782
324.195190
324.828461
324.916901
325.351074
325.672180
326.008392
325.825378
326.268219
326.634857
326.660400
327.064453
327.398346
327.182037
327.219299
327.627472
328.311005
328.827667
328.467072
328.519928
327.948364
328.819061
328.903778
328.439484
329.081085
328.885742
329.092316
328.827026
328.591278
328.587952
328.723969
328.723572
328.696594
328.471527
328.424713
327.986267
328.010406
327.766022
327.577393
327.576691
327.294769
327.217285
326.686584
326.719452
326.012024
326.091797
325.509521
326.137878
325.289825
324.910980
324.410431
324.634216
324.594055
324.327789
323.938049
324.017578
323.822296
324.057770
323.606567
323.414978
323.683929
323.241150
323.241913
323.008453
323.085907
323.151611
322.899048
323.068665
323.251251
322.808167
323.327667
323.330200
323.437073
323.779053
323.658813
323.670807
324.113129
324.230621
324.244232
324.662811
325.182404
325.120239
324.938751
325.755432
325.834167
325.974487
326.621094
326.673096
326.715515
326.973358
327.342285
327.558624
328.107117
328.137848
328.241272
328.892700
329.457306
329.229523
329.327576
329.639282
329.904053
330.012268
330.134796
330.227173
330.380798
330.613892
330.772369
330.364532
330.607025
331.084747
330.973633
330.950775
330.628021
330.818024
330.854553
331.101105
330.414703
330.412415
330.274048
330.427063
330.051849
329.630219
329.601166
329.164764
329.156982
328.794952
328.538116
328.602875
327.902008
327.992126
327.905029
327.926697
327.550354
326.765656
326.682434
326.549286
326.513153
326.055878
326.055115
325.975128
325.439484
325.206573
324.841766
324.927063
324.851379
324.337555
324.948853
324.808167
324.552216
324.289948
324.446106
324.433655
324.154175
323.881409
323.904846
323.842834
323.464935
324.271271
324.065643
324.123016
324.957550
324.254272
324.671021
324.966125
324.917511
325.236938
325.403870
325.556366
325.748596
325.944733
325.867706
326.466309
326.632172
326.700043
326.754852
327.410553
327.757416
328.069702
328.084381
328.849457
328.667694
328.980225
328.995972
329.489441
329.686646
330.020813
329.664276
330.676331
330.585907
330.341187
330.914948
330.697144
331.052979
330.958160
331.175323
331.105225
331.032288
331.248871
331.136383
331.471771
331.464996
331.025208
331.586609
331.500061
331.439270
330.972534
330.962738
330.997467
330.241638
330.475159
330.476868
330.464783
329.949371
329.846863
329.653870
329.521881
329.268677
329.340515
328.979431
328.814972
328.892242
328.088989
328.376251
327.908630
327.893219
327.994843
327.704681
327.764984
327.119049
326.872498
326.954712
327.170227
327.116486
326.814484
326.893433
326.599152
326.611694
326.682587
326.555389
327.398651
326.781708
326.946777
327.102783
327.217529
327.347748
327.678894
327.552673
327.388062
328.049469
328.365784
328.737427
328.669739
329.033417
329.863220
330.027344
330.233215
330.513336
330.871979
330.821899
331.415955
331.782928
332.138245
332.441101
332.645477
332.741760
333.126923
333.274231
333.624207
333.980011
334.382599
334.890686
334.867371
335.528656
335.476105
335.869141
336.204742
336.289764
336.115326
336.064056
336.241211
336.784790
336.666534
336.728088
336.943268
336.850922
336.718475
337.112091
336.836823
337.136322
336.612335
336.935638
337.538879
337.085449
337.074341
336.759308
336.106598
336.058533
335.766785
335.786102
335.507538
335.402618
335.315033
335.180573
334.669769
334.343689
333.903992
334.010345
333.504913
333.623077
333.231995
332.830597
332.778564
332.105225
332.115601
332.207092
331.510406
332.160370
331.184296
331.292999
331.532654
331.185516
331.091064
331.015717
331.116730
330.749908
330.366699
331.169891
330.807312
331.331482
331.189240
330.893402
331.189850
331.428650
331.528015
331.917542
332.085327
331.474091
332.483490
332.689331
333.042145
333.533051
333.247437
333.565552
334.150757
334.344391
334.558563
334.724426
335.355408
335.568451
335.763367
336.913605
337.352753
337.672058
337.696228
337.713562
338.289948
338.436493
338.275452
339.190826
339.437927
339.906128
339.712555
340.015137
340.102966
340.264832
340.505554
341.045502
340.822632
341.172394
341.412048
341.732971
341.439636
341.530060
341.249603
341.170959
341.394409
341.652557
341.385559
340.950989
340.979340
341.030548
341.397919
341.395508
341.100494
340.023346
339.781189
339.606842
339.494598
339.082123
339.063568
339.407379
338.810303
337.934998
338.426239
337.641144
337.536499
336.754120
336.285858
336.118622
336.147430
336.468719
335.996613
335.793488
335.048370
334.431458
334.912262
334.371185
334.189331
334.112946
333.797943
333.570160
333.811279
332.940460
333.007599
332.848572
332.975800
332.940582
332.745819
333.118073
333.082458
333.038147
333.076508
333.042938
333.191498
333.260376
333.367371
333.920288
334.008911
334.093292
333.766205
333.693573
333.928680
334.188385
334.929260
335.717957
335.923767
335.695099
336.377075
336.328278
336.777954
337.262390
337.677429
337.418213
337.876526
338.316345
338.663940
338.906464
338.401703
338.462341
339.196838
339.816895
339.676910
339.725037
339.976990
339.859070
340.447998
340.052429
340.687103
340.698944
340.679962
340.959747
340.144012
340.395752
340.896362
340.718506
340.771820
340.490204
340.649261
340.572144
340.173706
340.092255
339.879395
339.727386
339.160950
339.899689
338.956299
339.151520
338.816193
338.933228
338.281555
337.879486
337.838776
337.748291
337.281464
337.289398
336.879639
336.679688
336.509735
336.528442
336.533722
336.092743
336.259033
335.686584
335.872925
335.774475
335.581238
335.332764
334.815277
334.599304
334.879883
334.812134
334.930511
334.758270
334.514435
334.711945
334.969025
334.592896
335.051758
334.977661
335.049469
335.373230
335.119507
334.806763
335.553467
335.320648
335.850311
336.261688
336.316193
336.693726
336.258240
336.211609
336.913940
337.001953
337.212769
337.340302
337.646515
337.943542
337.624847
338.187897
338.253662
338.607666
339.145660
339.466461
339.972351
339.705933
339.796722
339.974457
339.730347
339.555481
340.153534
339.746765
340.098999
340.293762
340.240326
340.584564
340.480957
340.374268
340.014282
340.157898
340.065948
339.447815
339.526428
339.118713
339.445312
339.019440
338.858704
339.387909
338.931549
338.547607
337.791931
338.180511
337.810944
337.527740
336.831665
336.429688
336.710266
336.478821
336.174927
335.978333
335.862274
335.749451
335.252869
334.913452
335.175934
334.291412
334.571503
334.545135
334.297119
333.952545
334.054962
334.078766
333.308197
333.432953
333.568787
333.878815
333.629089
333.706696
333.835297
333.623199
333.862183
333.928192
334.245239
333.952698
334.264984
334.576843
334.839569
334.644073
334.565247
334.768005
334.787170
335.181061
335.329132
335.020844
335.472961
335.896515
336.480408
336.574066
336.504364
336.826691
336.629181
337.044189
337.836121
338.076355
338.236206
338.042328
338.308441
338.793976
338.394226
338.592743
338.867157
339.439423
338.019531
338.329193
338.552734
338.610535
338.625427
338.580322
338.721375
338.448914
338.157501
338.444672
338.052795
337.675934
337.883301
337.829895
337.150604
337.076019
336.705292
336.351379
336.057281
336.232910
335.486877
334.969330
335.158569
335.078125
334.670197
334.197083
334.304932
334.403229
333.049835
332.959961
332.987946
332.776520
332.796204
332.629486
332.609985
332.355103
332.115509
332.070221
332.029785
332.243164
332.080750
332.078400
332.048828
332.295776
332.327637
332.348083
332.871918
332.720703
333.550720
333.320526
334.017517
334.321869
334.821930
334.877411
335.317230
335.521118
335.859711
336.145905
336.929047
337.334930
338.196136
338.229736
338.200531
338.435181
338.303192
338.884125
339.693726
339.357391
339.274292
339.411560
339.161438
338.872559
338.996857
338.826874
338.516479
337.673798
337.674774
336.526093
335.717377
334.878876
333.293518
332.374908
330.425476
329.070770
327.464111
325.313812
323.696869
321.473602
318.640350
316.495148
313.738434
310.716217
308.135529
305.407715
301.942261
298.579651
294.640503
291.120422
286.993225
283.313446
279.395325
275.297760
270.996887
267.066132
263.188538
258.432892
254.302475
250.095535
245.639999
241.512207
237.317627
233.459579
229.369934
225.004333
221.111359
217.103378
213.856812
210.577515
207.466415
204.421967
201.446335
199.133881
196.663132
194.780670
193.133026
191.399612
189.725204
188.860550
187.966553
187.671539
187.749420

