282.562439
172.383118
172.635849
173.415619
174.462845
175.397751
176.664902
178.276901
180.279449
182.164154
184.577469
186.804153
189.764862
192.399811
195.243225
198.602478
201.679092
204.879349
208.801514
212.295197
215.679520
219.646942
223.265961
226.724716
230.843399
234.406601
238.186172
242.136871
245.360123
249.010544
252.727753
256.027679
259.638306
263.072021
266.027527
269.323364
272.002045
274.832550
277.772308
280.718536
282.935272
285.281342
287.235931
289.424438
291.246429
293.203796
294.878815
296.324860
297.792542
298.822113
300.024902
301.356598
301.775330
302.586792
303.431854
303.865875
304.369934
304.562836
305.064728
305.343903
305.276093
305.553589
305.515076
305.634155
305.548523
304.893829
305.457428
304.869080
304.715363
304.422760
304.405792
304.298645
303.609650
303.262451
303.474457
302.867096
303.023804
302.653381
302.297485
302.086578
301.823303
301.860748
301.217926
301.585114
301.243073
301.466980
301.539948
301.507660
301.205444
301.234161
301.252045
301.765106
301.771606
301.979980
302.262268
302.408356
302.307434
302.721344
303.129150
303.535004
303.948730
303.895630
304.747833
304.508881
305.038727
305.423676
305.985535
306.121246
306.546967
306.985870
306.933655
307.560638
307.708344
307.805786
308.578857
308.884247
309.501801
309.106873
309.881317
310.354431
309.822388
310.235352
310.498230
310.613617
311.060822
310.680969
310.658447
310.764709
310.455170
310.908325
310.569061
310.605499
310.684204
310.359528
310.631104
310.497314
310.734070
309.629700
309.966766
309.460510
309.219788
309.007294
309.045685
308.657959
308.801025
307.924774
308.121185
307.868317
307.543182
307.142059
306.924683
306.830688
306.723114
306.249634
305.937561
305.738190
305.864227
305.605286
305.708771
305.544830
305.133667
304.905487
305.211365
305.010529
305.055298
305.348328
305.360291
305.119965
305.085541
305.296112
305.715851
305.567047
305.702698
305.826233
306.008240
306.232635
306.276093
307.134186
306.893890
307.289062
307.273376
307.754883
308.313324
308.284729
308.793884
309.019958
309.268066
310.119110
310.128479
310.900543
311.214020
311.116425
311.636902
312.050079
312.387543
312.525787
312.836975
313.327637
313.391968
313.610352
313.953949
314.527588
313.926270
314.611877
314.700836
315.001892
315.058167
315.069031
315.376495
315.606628
315.421722
315.570526
315.848328
315.759583
315.762543
315.618164
315.534119
315.418182
315.449158
315.283936
314.745483
314.744019
314.687897
314.926605
314.680389
313.762573
314.126709
313.791290
313.558777
313.269867
313.050659
312.165833
312.562042
311.679016
311.888275
311.384064
311.491913
311.208710
310.853668
311.023621
310.546967
310.591003
309.967896
310.131104
309.978455
310.077972
309.549652
309.073181
309.303680
309.357819
309.184509
308.960388
309.176392
308.922729
309.400055
309.157623
309.478577
309.658325
309.899506
309.837585
310.007812
310.076294
310.134338
310.713684
310.536591
310.857697
310.930725
311.599121
311.348572
312.119049
312.268433
312.245605
312.717133
313.600250
313.403809
313.764771
313.972076
314.113770
314.503601
315.373749
315.441498
315.677826
315.681824
316.169220
316.693939
316.480804
316.923523
317.523773
317.237213
317.805542
317.938232
318.504364
317.969788
318.001556
317.945190
318.598877
318.889038
318.321045
318.788177
319.068207
318.508057
318.310120
318.610016
318.539886
318.726501
318.440887
318.637939
317.992096
318.093506
318.127625
317.608765
318.046814
317.652100
317.543518
317.409668
317.284424
317.057953
317.002991
316.195129
316.429382
316.439453
316.030762
315.715210
315.848175
315.554932
315.390900
315.177277
315.116821
315.098694
314.722015
314.106903
314.498199
314.192932
314.331940
314.287231
314.318878
314.153931
314.754700
314.312012
314.560394
314.440308
314.415924
314.569244
314.607727
314.975708
314.939026
315.224945
315.306335
315.417877
315.958405
316.147339
316.249298
316.624207
316.543396
316.992310
316.734497
317.191406
317.872833
317.886688
318.480682
318.834167
318.963745
319.635223
319.261993
320.039825
320.325378
321.013550
320.893921
321.204895
321.426300
321.926788
321.685150
322.175995
322.396027
322.306030
323.124390
323.084473
322.672119
323.182465
323.467468
323.265228
323.410004
323.622406
323.706604
324.066193
323.984375
323.771423
323.691711
324.019165
323.913086
324.130432
323.859314
324.075684
323.455444
323.553833
323.725098
322.967773
323.436737
322.683472
322.755463
322.354523
322.720581
322.101868
322.438934
321.781158
322.113739
321.495270
321.710602
321.248016
321.167786
320.615814
320.625000
321.012756
320.244720
320.295044
320.305023
319.951172
319.952454
319.676117
320.039795
319.714722
319.400940
319.698547
319.460449
319.614655
319.515381
319.288971
319.777405
319.721863
319.759613
320.055115
319.648651
320.034607
320.057159
320.897003
320.384369
320.750488
321.474213
321.049591
321.139893
321.255798
321.798218
322.004639
322.192963
322.642792
323.272766
323.128235
323.649780
323.433716
324.231964
324.600677
324.809601
324.719116
325.308868
325.817993
325.640320
326.000916
326.372223
326.551514
327.067413
326.776764
327.152191
327.392822
327.703613
327.413971
328.035889
327.997711
328.297577
328.062103
328.485229
328.153473
328.676666
328.324677
328.287750
327.941742
328.464142
328.049713
328.550293
328.357208
328.082642
328.281555
327.726257
327.975769
328.064362
327.400238
327.439453
326.985291
326.995911
327.008789
326.682892
326.635620
326.566254
326.514893
325.802368
325.777679
325.798187
325.909973
325.415710
325.055145
325.472351
325.380188
325.120636
325.329742
324.872803
325.114136
324.734650
324.712708
324.693146
324.919586
324.609955
325.009338
324.742523
325.293549
324.897064
325.258026
325.768036
325.895477
325.973694
325.609100
326.199707
326.168457
326.458191
326.910461
327.007782
327.244598
327.917236
327.798187
328.214874
328.580139
329.290283
329.342773
329.615906
330.105377
330.382080
330.588776
331.389923
331.343445
331.956360
332.268860
332.658936
332.977722
333.636810
333.642700
334.216736
334.096008
334.685150
334.372986
334.804077
335.480713
335.824768
336.293091
336.181671
335.893524
336.415314
336.696594
336.872925
336.937805
337.184052
337.204529
337.259125
337.294647
337.272736
337.223450
337.585938
337.404144
337.229309
337.170013
337.129333
336.482605
336.299866
336.948029
336.554688
336.377258
336.286835
336.043945
336.045135
335.485840
335.500732
335.469482
334.927704
335.422180
334.772003
334.748016
334.271698
334.222778
334.467041
333.869873
333.903259
333.852142
333.481781
333.745300
333.511871
333.410004
333.349762
333.619537
333.495422
333.613708
333.486237
333.309265
333.312164
333.440491
333.660767
333.484039
333.665131
333.954773
334.274017
334.362976
334.738983
335.004547
335.093719
335.759521
335.844879
336.134827
336.540344
336.860962
336.942291
337.225494
337.523285
338.236145
338.417389
339.096466
339.313263
339.143890
340.293457
340.611450
340.368927
341.088684
341.839996
342.160706
342.407776
343.020813
342.869659
343.252930
342.995972
343.844025
344.186493
344.738403
344.572632
345.309906
345.052979
345.820282
345.539185
346.140594
346.192688
346.451782
346.737000
346.315979
346.081451
346.186768
347.060638
346.131653
346.763092
346.631042
346.326630
346.058685
346.106110
345.835785
345.818085
345.463684
345.548401
344.841705
344.817657
344.843018
344.306305
344.437531
343.610565
343.687195
343.677246
343.239746
342.996307
342.668427
342.555389
342.515198
342.533234
341.402100
341.642242
341.350250
340.541504
340.693787
340.656464
340.358887
340.128235
340.372284
339.642883
339.854736
339.438904
339.457184
340.058075
339.767334
339.602997
339.659515
339.770721
339.898102
339.997162
340.137207
339.928650
340.313507
340.329559
340.310577
340.610931
340.721588
340.640320
341.103516
341.215668
341.487701
341.923065
342.435974
342.093414
342.538727
343.100922
343.269958
343.589478
343.772125
344.193939
344.460846
344.420380
345.005768
345.258545
345.701385
345.479248
346.657288
346.871765
347.006744
346.644836
346.913116
347.352570
347.763214
347.653351
347.682892
348.193481
347.986115
348.107422
348.027130
347.986053
348.029633
348.276154
348.508881
348.436035
348.138458
348.261078
347.964874
347.998566
347.557434
347.885712
347.385437
347.180817
347.230896
347.345245
347.239746
346.942352
346.807770
346.255707
346.470551
346.040985
346.043640
345.987274
345.354095
344.782928
345.101318
344.741882
344.108429
344.272064
343.894165
343.614410
343.844543
343.804291
343.539642
343.365356
343.357697
343.362488
342.944763
342.696320
342.857971
342.402740
342.799042
342.064423
342.597595
342.621368
342.740845
342.731476
342.966400
342.847351
342.898407
343.148163
343.421326
343.732056
343.627289
343.606293
344.020142
344.062531
344.423248
344.729095
345.120087
344.938171
345.144379
345.411682
345.669525
345.941315
346.219757
346.030945
346.923553
346.904510
346.996063
347.400116
347.494507
347.949097
347.827820
348.186554
347.833130
348.162262
348.200714
348.141693
348.129578
348.687225
348.519287
348.874146
348.360229
348.246948
348.468170
348.522736
348.444061
348.534485
348.404297
348.135925
348.186920
348.236786
347.701508
347.517975
347.670776
347.365875
346.939636
346.954834
347.071411
346.916687
346.372253
346.012970
345.945770
345.606567
345.279114
344.985107
344.760406
344.566559
344.159027
344.084503
343.625977
343.310760
343.813080
342.826538
343.053467
342.549133
342.324707
342.859589
342.820190
342.162292
342.657745
342.220551
342.210358
342.043640
342.251801
342.572754
342.799988
342.604706
342.598114
342.719879
342.453033
342.500671
342.532684
343.380524
343.291870
343.009338
343.477020
343.783295
343.888214
343.873810
344.415344
344.392517
344.839294
344.970520
345.229553
345.852448
345.980682
346.105164
346.213257
346.373993
346.534302
346.930054
346.890106
347.496552
347.655365
347.669281
347.975922
347.641724
348.080170
347.920685
347.764984
347.748993
348.057159
348.142365
348.478363
347.814240
348.069305
347.765533
347.850983
347.275330
347.507080
347.106079
347.292267
347.020905
346.685333
346.567200
345.376129
346.215057
345.930756
345.395538
344.953217
344.948120
345.020538
344.349884
343.931793
343.788239
343.231476
343.106384
343.072540
342.524994
342.678162
342.517883
342.486603
342.296906
342.078217
342.205261
342.025879
342.214478
341.681366
341.951385
342.316833
342.057404
341.840118
342.460022
342.612427
342.948975
342.523346
343.084686
343.317932
343.465515
344.228943
344.107269
344.785370
345.511475
345.651154
346.013031
346.584839
346.882141
347.382935
347.607056
347.970215
348.526886
349.014374
348.644318
349.497345
349.586670
349.871979
350.175995
349.897583
350.208313
350.292267
350.295868
349.370697
349.384369
349.234375
348.717651
347.859955
346.982788
346.052643
345.737244
344.182404
343.036682
341.675690
339.737732
338.504608
336.329376
334.527985
332.454529
329.592041
327.040680
324.569550
321.259155
317.998749
315.359802
311.795685
308.217499
304.261078
300.693115
296.616760
292.665161
288.573059
284.472595
280.249481
275.698456
271.697662
267.124084
262.704956
258.201691
253.863953
249.510345
245.198364
240.943787
236.563477
232.594467
228.564713
224.982224
221.009476
217.642105
214.381271
211.269180
208.441086
205.518967
203.122101
201.146469
199.278610
197.605362
195.965775
195.212830
194.498749
193.974548
193.795471

279.095123
172.455444
172.703568
173.498047
174.542953
175.481735
176.740250
178.365799
180.390274
182.274872
184.688080
186.948959
189.899902
192.553604
195.397064
198.775055
201.862183
205.084518
209.038162
212.516327
215.923981
219.927322
223.543686
227.027679
231.156662
234.766037
238.558426
242.515900
245.771591
249.433701
253.181717
256.502106
260.141113
263.579651
266.565033
269.892456
272.571320
275.457031
278.427521
281.359253
283.631012
285.986542
287.969971
290.187958
291.999664
293.951538
295.709534
297.171021
298.664917
299.717438
300.925262
302.286285
302.767151
303.580109
304.436127
304.905945
305.424744
305.666992
306.181061
306.485718
306.431152
306.709656
306.697174
306.834106
306.743622
306.105957
306.686340
306.079285
305.951721
305.702454
305.650543
305.583405
304.888123
304.594330
304.742432
304.205963
304.364014
304.005951
303.637299
303.433411
303.173584
303.183167
302.550415
302.893707
302.579712
302.802399
302.872437
302.810242
302.549042
302.529602
302.560791
303.061890
303.095459
303.246765
303.540344
303.659637
303.555725
303.965179
304.351624
304.736725
305.140991
305.067657
305.922241
305.678375
306.163727
306.508331
307.085571
307.154602
307.595428
307.991699
307.941315
308.537170
308.665314
308.769867
309.502167
309.771759
310.386444
309.938263
310.716492
311.119324
310.569885
310.956360
311.193481
311.286072
311.721985
311.314545
311.261261
311.358154
310.994781
311.416809
311.067078
311.088684
311.117584
310.776154
311.001923
310.843750
311.056885
309.937683
310.255402
309.713470
309.422150
309.217102
309.230896
308.800018
308.944916
308.025330
308.193298
307.934113
307.603821
307.183197
306.939941
306.825562
306.703979
306.197540
305.885132
305.646332
305.790131
305.489746
305.564728
305.387421
304.961884
304.741669
305.049255
304.810913
304.853516
305.125580
305.114044
304.862671
304.845703
305.061188
305.465485
305.290314
305.428009
305.548676
305.727753
305.960754
305.997894
306.847260
306.596680
307.006470
306.992065
307.448456
308.029785
308.004425
308.541687
308.746582
309.000610
309.827728
309.868073
310.632355
310.961121
310.839752
311.339447
311.825806
312.160950
312.301270
312.641937
313.138397
313.214691
313.412415
313.809814
314.379822
313.765533
314.474884
314.616425
314.884918
314.955811
314.985626
315.324249
315.541718
315.373016
315.545349
315.844330
315.790710
315.807648
315.649445
315.602417
315.486115
315.537811
315.414703
314.882355
314.862396
314.841583
315.109589
314.871033
313.965332
314.371429
314.042389
313.779633
313.559662
313.343048
312.475006
312.875854
312.033386
312.258759
311.795563
311.873688
311.644806
311.290161
311.480408
311.002991
311.060181
310.495972
310.658295
310.526215
310.636139
310.123505
309.635590
309.928040
309.984558
309.865845
309.645264
309.867645
309.625244
310.127899
309.901245
310.275177
310.459991
310.704712
310.682770
310.859100
310.960449
310.969635
311.595825
311.442963
311.785004
311.861328
312.570221
312.316650
313.034027
313.275574
313.249908
313.751648
314.640381
314.474091
314.902069
315.087280
315.228760
315.603668
316.541870
316.609833
316.884186
316.839874
317.376709
317.881866
317.697968
318.217346
318.767212
318.476685
319.111725
319.242950
319.835541
319.360779
319.322876
319.365570
320.021515
320.308472
319.758636
320.236115
320.520416
319.931213
319.778381
320.101257
320.031372
320.238861
319.955963
320.152161
319.582886
319.643402
319.716217
319.170135
319.639801
319.268524
319.161469
319.032379
318.902435
318.647217
318.599274
317.838898
318.096008
318.060242
317.682587
317.341583
317.530151
317.232208
317.065613
316.859833
316.785675
316.789246
316.417725
315.776917
316.176086
315.914734
315.997406
315.972717
316.031189
315.820892
316.387848
316.004242
316.313690
316.134979
316.077454
316.243774
316.325287
316.612274
316.605560
316.857361
316.954102
317.058258
317.591522
317.753723
317.839844
318.232727
318.107697
318.540955
318.263885
318.752899
319.445557
319.394653
319.968750
320.337616
320.436951
321.065674
320.739136
321.481049
321.737000
322.438660
322.237244
322.583862
322.712189
323.198395
322.972504
323.450653
323.627411
323.524475
324.302185
324.248932
323.828583
324.317627
324.587952
324.379395
324.503387
324.717560
324.716705
325.098480
324.972443
324.695587
324.623810
324.897461
324.816650
324.929810
324.713318
324.841156
324.231842
324.297974
324.491943
323.639130
324.147522
323.325287
323.396332
322.949036
323.311737
322.610779
322.915283
322.290283
322.572449
321.980499
322.145996
321.626526
321.541443
320.972870
320.916016
321.325165
320.490784
320.560272
320.559326
320.151520
320.183807
319.819305
320.222504
319.843658
319.519928
319.788300
319.550323
319.693939
319.567047
319.342346
319.751007
319.690948
319.742676
320.029633
319.594757
319.983490
319.968658
320.804962
320.309326
320.646271
321.330353
320.917664
321.007721
321.130188
321.646027
321.843658
322.040070
322.479553
323.084290
322.940948
323.453888
323.239227
324.028198
324.396332
324.623230
324.498779
325.086121
325.581573
325.425781
325.790131
326.158142
326.333099
326.846588
326.566528
326.942017
327.195496
327.523773
327.227264
327.801086
327.800629
328.101532
327.874054
328.307800
327.970825
328.523865
328.150055
328.109650
327.771301
328.311432
327.900177
328.401306
328.223602
327.967682
328.156250
327.597839
327.852936
327.959961
327.296539
327.358368
326.907013
326.920410
326.952179
326.615448
326.600830
326.506866
326.476471
325.770630
325.727875
325.778839
325.904388
325.399658
325.071564
325.470673
325.412659
325.122223
325.354553
324.905029
325.140625
324.775574
324.759277
324.732300
324.954834
324.659271
325.057556
324.789948
325.315460
324.942688
325.315460
325.837891
325.947968
326.036072
325.671539
326.254517
326.219421
326.515533
326.987183
327.041473
327.310944
327.974304
327.844696
328.281952
328.628448
329.337219
329.399353
329.663696
330.170807
330.418640
330.611847
331.425842
331.370026
331.974457
332.296844
332.672577
332.956421
333.640076
333.630493
334.228577
334.093353
334.618744
334.357697
334.766327
335.424408
335.777435
336.206055
336.128815
335.822144
336.345062
336.592163
336.778992
336.839935
337.062225
337.086212
337.103271
337.133698
337.093719
337.071838
337.421143
337.231750
337.066681
336.969543
336.932465
336.266052
336.070801
336.715302
336.318542
336.144257
336.012634
335.794525
335.771515
335.224304
335.211395
335.183441
334.589569
335.112366
334.461334
334.437897
333.908661
333.884094
334.120026
333.504669
333.556061
333.503357
333.135590
333.408600
333.147949
333.003876
332.953674
333.234131
333.097321
333.232880
333.103363
332.917328
332.920044
333.046204
333.253662
333.105896
333.276886
333.550995
333.882294
333.938080
334.309692
334.593506
334.685181
335.342590
335.429230
335.708710
336.115326
336.451447
336.518158
336.798950
337.132568
337.805298
337.983154
338.668671
338.906494
338.755920
339.899139
340.209564
339.958801
340.679718
341.475525
341.757111
342.030548
342.652039
342.519257
342.886230
342.640778
343.501923
343.856567
344.394562
344.246124
344.971313
344.706543
345.497375
345.215363
345.805023
345.893127
346.121735
346.425110
346.006226
345.798492
345.910614
346.743378
345.863892
346.498718
346.361084
346.065430
345.801849
345.866974
345.582947
345.611908
345.261993
345.332977
344.639465
344.594574
344.614136
344.086029
344.258057
343.449921
343.498749
343.517761
343.050018
342.848267
342.518890
342.405609
342.360229
342.422363
341.278656
341.516968
341.245117
340.439484
340.577820
340.550507
340.283112
340.073547
340.311829
339.562073
339.788361
339.378174
339.406769
340.026581
339.670105
339.574341
339.637268
339.750366
339.878082
339.979156
340.121399
339.918793
340.333191
340.316467
340.333069
340.600098
340.701416
340.642975
341.131439
341.238464
341.540222
341.946930
342.492126
342.135803
342.580933
343.154785
343.352814
343.663452
343.831299
344.264771
344.509460
344.483002
345.099945
345.336761
345.760010
345.573792
346.742493
346.973572
347.093384
346.736359
347.009430
347.457092
347.862396
347.743958
347.800720
348.300140
348.134644
348.250336
348.147552
348.100891
348.127441
348.419495
348.617767
348.557434
348.274994
348.427063
348.089630
348.141968
347.692871
348.060455
347.529175
347.288757
347.361176
347.465576
347.371063
347.092468
346.965424
346.388336
346.623566
346.190826
346.194458
346.136292
345.505188
344.940735
345.270630
344.893585
344.276398
344.421173
344.041840
343.772919
343.999847
343.970123
343.699921
343.537781
343.557587
343.545685
343.108002
342.896484
342.992279
342.591827
342.994934
342.254547
342.777283
342.758209
342.919952
342.885651
343.154175
343.056030
343.063293
343.322205
343.605530
343.879333
343.785675
343.747864
344.184021
344.245392
344.609253
344.918823
345.313507
345.105713
345.336792
345.595215
345.841644
346.123047
346.378418
346.249451
347.105072
347.078094
347.162903
347.568329
347.680359
348.136108
348.021729
348.393585
348.026367
348.351776
348.394104
348.322021
348.330322
348.849121
348.717224
349.061340
348.579102
348.428894
348.669098
348.705048
348.642334
348.735443
348.611115
348.336365
348.384796
348.445160
347.899841
347.705200
347.866913
347.564331
347.152435
347.136963
347.282990
347.145294
346.597198
346.243378
346.187378
345.821686
345.492554
345.216217
344.986359
344.793640
344.375916
344.307587
343.860962
343.529877
344.042755
343.051300
343.273254
342.790985
342.557037
343.072845
343.053986
342.410126
342.925598
342.460602
342.475220
342.298462
342.512787
342.812042
343.062317
342.839996
342.839294
342.965698
342.700531
342.781281
342.789276
343.615845
343.593964
343.255829
343.729706
344.033661
344.148621
344.124603
344.673492
344.660614
345.112610
345.223206
345.476868
346.098480
346.227814
346.378662
346.421661
346.653381
346.786194
347.174042
347.116547
347.781189
347.893280
347.928650
348.248077
347.925079
348.340179
348.196533
348.019623
348.004120
348.337799
348.411743
348.749756
348.070190
348.309387
348.025269
348.085571
347.559662
347.790802
347.358704
347.532623
347.293701
346.914093
346.826324
345.626678
346.479004
346.186401
345.626678
345.199341
345.169067
345.244659
344.562988
344.137085
344.042480
343.456818
343.311676
343.299713
342.753448
342.878998
342.700867
342.689514
342.499390
342.273041
342.413940
342.254181
342.385712
341.881378
342.136230
342.459290
342.251617
342.028534
342.648560
342.752014
343.077759
342.673218
343.229401
343.482147
343.571411
344.359833
344.225250
344.921814
345.617493
345.765411
346.138824
346.687500
346.990143
347.498352
347.706787
348.083282
348.626160
349.089966
348.706879
349.606750
349.686432
349.960144
350.233856
349.974426
350.269348
350.379730
350.370575
349.446350
349.421783
349.299316
348.742981
347.902252
347.037994
346.088196
345.775482
344.212891
343.049164
341.689056
339.730743
338.507172
336.333710
334.516418
332.445740
329.588654
327.023499
324.558533
321.247864
317.975891
315.324371
311.757141
308.209961
304.235626
300.668091
296.579895
292.627411
288.522156
284.430969
280.202484
275.630280
271.654266
267.069397
262.649963
258.137787
253.814178
249.445679
245.129669
240.864059
236.500656
232.516479
228.499893
224.911697
220.955170
217.587326
214.317505
211.186279
208.359589
205.456161
203.042740
201.079391
199.198853
197.501709
195.884552
195.138290
194.418655
193.875946
193.726501

225.884171
184.358383
184.647339
185.291519
186.092941
187.497421
189.017441
190.896210
192.764664
194.970886
197.288406
199.963257
202.875122
205.760803
209.019913
212.296524
215.720016
219.348236
223.246521
227.007401
230.958038
234.781418
239.130081
242.905319
247.032639
250.545181
255.071075
258.755585
262.412720
266.822968
270.318665
274.245361
277.765381
280.991516
284.580658
288.303528
291.382294
294.120331
297.015320
299.689087
302.472229
305.027557
307.059692
309.115723
311.282227
313.285461
314.656433
316.240326
317.879395
319.279266
320.356659
321.272064
322.160034
322.787933
323.306488
324.196167
324.548370
325.036743
325.330994
325.376221
325.632629
325.488831
325.267120
325.273804
325.457947
324.798676
324.354279
324.706696
323.912170
324.186798
323.983978
323.180908
322.956329
322.671783
322.104065
321.735352
321.746704
321.689606
321.539124
321.316711
320.111206
320.063080
320.113098
319.990417
319.654602
319.371094
319.507721
319.349152
319.191589
319.382324
319.500793
319.434601
319.680145
319.713135
319.831635
320.029785
320.043335
320.485992
320.499268
320.556915
321.034393
321.865143
321.726044
322.159149
322.360992
322.547638
322.934265
323.387512
323.449799
323.809174
323.812836
324.463684
324.499298
324.858398
325.562653
325.450043
325.750031
326.040405
326.266479
326.643951
326.705200
326.415894
327.038666
326.932159
326.752380
326.604279
326.878540
327.187103
327.037872
327.466492
327.109344
326.650726
326.523865
326.216827
326.212555
326.436188
325.980499
326.001190
325.551697
325.026245
325.084442
324.648254
324.475372
324.312195
323.785767
323.533722
322.868378
322.808014
322.529633
322.102173
321.854736
321.571533
321.269745
320.856354
320.552338
320.674011
320.392365
319.942566
319.722046
319.649384
319.376221
319.232819
319.151794
319.387726
318.425568
318.819336
318.780396
319.073975
318.700836
318.829956
318.789948
319.042572
319.034515
319.511292
319.556488
319.565582
319.728363
320.134216
320.204529
320.272400
320.828156
321.109650
321.378632
321.486816
321.908539
322.389313
322.528687
322.635986
323.025665
323.399384
323.576874
323.966675
324.375305
324.440765
324.873993
325.390320
325.725433
326.114746
326.380890
325.993927
326.306213
326.573273
326.826508
327.237274
327.276398
327.228638
327.155823
327.408844
327.764923
327.531281
327.741516
327.753540
327.683472
327.501465
327.225800
327.503510
327.099365
326.982574
327.092468
326.756073
326.281616
326.612183
326.156586
326.146118
325.664337
325.615051
325.239807
324.997192
324.788971
324.252075
324.189423
323.552094
323.160065
323.099213
322.592865
322.333618
321.955780
321.782104
321.515472
321.169006
321.032166
320.816711
320.642792
320.006714
319.996857
319.925049
319.838745
319.878265
319.197327
319.659058
319.115051
319.287262
319.242035
319.068146
319.105042
319.268341
319.492645
318.977753
319.368744
319.287109
319.484100
319.991699
319.387878
319.729919
320.027557
320.251373
320.781189
320.870300
321.109375
321.269836
321.791016
321.525421
322.557983
322.250153
322.591766
322.958099
323.045990
323.367798
323.604889
324.030975
324.101013
324.532715
324.813263
324.858765
324.993713
325.486847
325.833801
325.712952
325.754456
326.423309
326.126923
326.475128
326.567017
326.808868
326.515503
326.685272
326.866150
326.714081
327.036835
327.315094
327.482941
326.741852
326.569794
326.839691
326.358673
326.514862
326.340149
326.500366
326.280884
325.867218
325.547211
325.525238
325.259155
324.974030
324.741913
324.720123
324.553101
324.132019
323.985809
323.661133
323.655945
323.132568
323.240662
323.240570
322.839233
322.978271
322.205872
321.801697
322.017395
322.157959
321.897400
321.541748
321.552795
321.490356
321.151947
321.358368
321.210388
321.091156
320.968384
320.841278
321.464386
321.153748
321.173492
321.273834
321.612762
321.704346
321.519714
322.041260
322.054779
322.191772
322.006409
322.782898
323.053070
323.081909
323.418213
323.354370
323.700623
324.166321
324.172028
324.773315
324.785278
325.506104
325.771851
325.603424
325.823059
326.339020
326.235321
326.914459
327.328674
327.116302
327.480011
327.947418
328.344086
328.286865
328.601257
328.775421
329.313843
329.009216
329.416260
329.355408
329.213501
329.271759
329.611816
330.162262
329.896179
329.895294
329.721985
330.036896
329.809540
329.856567
329.760956
329.747650
329.638672
329.255676
329.467773
329.083099
329.120941
328.760864
328.899780
328.389252
328.057526
328.269196
327.575439
327.691406
327.170593
327.366058
327.092896
326.551697
326.488037
326.262970
326.040985
325.960724
325.576172
325.128998
325.463470
325.049622
325.144897
325.163025
324.825470
324.678650
324.688232
324.619324
324.578156
324.806549
324.574585
324.995361
324.903503
324.614868
324.758789
324.726959
324.463928
324.846558
324.813416
325.179474
325.066437
325.371521
325.026581
325.677277
325.542969
326.104950
326.169586
326.708099
326.925964
327.304871
327.170105
327.937592
327.928497
327.989136
328.435455
328.818817
328.954865
329.199127
329.739960
329.706177
329.800568
330.165497
330.427551
330.932617
330.628510
330.703186
331.555878
331.287079
331.762268
331.959686
331.880096
331.895996
332.269073
331.860443
332.080933
332.481262
332.709961
332.825134
332.427765
332.587799
332.528992
332.602020
332.760864
332.102142
332.113922
332.312042
331.752319
331.568787
331.856110
331.556122
331.076172
331.344757
331.299927
331.094635
330.647217
330.449707
329.760925
329.979828
329.471985
329.777740
329.731873
329.032898
329.633026
329.156219
328.893585
328.448212
328.456177
328.152954
328.087646
328.247467
327.985260
327.763306
328.205475
327.605621
328.094177
327.528046
327.742493
327.728058
328.903259
327.813995
327.810242
328.254547
328.400726
328.761078
328.122589
328.800903
328.964478
328.843140
329.333374
329.844666
329.850494
330.354218
331.013550
330.644897
330.871338
331.325867
331.511993
331.686523
332.207275
332.817719
332.821533
333.114227
333.748291
333.757782
334.044769
334.377228
334.606323
334.718384
335.518188
335.220856
336.239563
336.348328
336.595490
336.943146
336.963318
337.266846
337.295502
337.750397
337.322327
337.560913
338.121185
337.656433
338.123718
337.666382
337.593597
337.883026
338.073425
337.897003
338.001984
337.902130
337.866547
337.710144
337.483307
337.471100
337.393280
336.813171
337.214783
336.974182
336.944489
336.500549
336.224976
335.763550
335.657166
335.727539
335.208252
334.653046
335.241150
334.529602
334.646423
333.975739
333.754547
333.665497
333.473907
332.928436
333.032410
332.340790
332.487671
332.673157
332.770264
332.648743
332.325714
331.945068
331.792206
332.057251
332.006378
331.894958
331.639496
331.833221
332.434235
332.350555
332.599152
332.078644
332.753601
333.228851
333.295807
333.201691
333.764160
334.003235
333.761566
334.304871
334.595245
334.924591
334.761017
335.254364
335.668701
335.819183
335.867004
336.573090
336.927490
337.491211
337.870300
337.997070
338.603455
338.743195
338.857422
339.339661
339.783447
339.709259
340.212738
340.138855
340.218475
341.003876
341.248322
341.031586
341.327637
341.438324
341.636047
342.251740
342.034760
341.940125
342.098999
341.821533
342.383118
342.213501
342.740936
342.157715
341.687347
342.224030
342.018799
342.120697
341.467896
341.498718
341.197205
340.427673
340.331757
340.397827
340.327881
340.099579
339.744232
339.179840
339.337219
338.734039
338.557983
338.109497
338.197113
337.543701
337.101532
336.731842
336.394684
336.104187
335.872986
336.117035
335.317749
335.234772
335.167603
334.553589
334.488159
334.188019
334.193237
333.494415
334.120453
333.488312
333.593048
333.571228
332.975098
333.349640
333.484619
333.331146
333.044067
333.072968
333.157715
333.409119
333.255157
333.631287
333.406281
333.584625
334.084564
334.103058
334.240143
334.197693
334.865967
334.382050
334.832275
334.826935
335.218903
335.653107
336.134888
336.078583
335.899445
336.592926
336.993683
337.047699
337.105957
337.015198
338.072723
338.509033
338.109283
338.267975
338.812286
338.734192
339.051483
338.989441
339.071442
339.315674
339.045319
340.038696
339.197723
339.508667
339.677460
339.672241
339.605743
339.617188
339.289764
339.748077
340.057556
339.123199
339.325836
339.234253
339.055176
338.640106
338.469330
338.558380
338.295776
337.908234
337.667908
337.115906
337.355774
337.572662
336.696289
336.865173
336.149963
336.190369
335.691711
335.467529
334.688721
334.967896
334.980286
334.629791
334.359497
334.402039
333.838562
334.093719
333.310028
333.018494
332.960388
333.256714
333.048401
333.135345
332.473724
332.879364
332.591919
332.345734
332.487885
332.742157
332.312653
332.198486
332.216858
332.273010
332.549225
333.037537
332.600647
332.937653
332.762329
333.095795
333.397797
333.190521
333.694611
333.792480
333.648773
334.181000
334.125305
334.505737
334.664429
335.056213
334.988129
335.066284
335.379669
335.479797
335.983154
335.600739
335.958160
336.479401
335.813232
336.328766
336.295471
336.550262
336.859894
336.753815
336.642670
336.758484
337.043396
336.741486
337.096008
337.115326
336.558105
336.741028
336.667633
336.660675
336.403931
336.194550
336.238892
336.153656
335.938263
335.953461
335.948853
335.374115
335.038208
335.026459
334.599823
334.418671
334.051910
334.011078
333.657074
333.625366
333.066803
333.014404
333.000000
332.552979
332.355499
332.070679
331.694275
331.809692
331.407959
331.255615
330.610870
330.924469
330.932098
330.472504
330.577911
330.256714
329.870453
330.124176
330.119537
330.071503
330.151215
329.889343
330.240448
330.255493
330.174927
330.424500
330.286011
330.661346
330.004272
330.634399
330.812042
330.658813
331.128357
331.509888
331.434479
331.483276
331.814636
331.878021
332.221039
332.460541
332.995911
332.926422
332.799591
333.365204
333.172211
333.260132
333.952545
333.933350
334.182709
334.300781
334.212219
334.723724
334.674500
334.800262
334.494324
334.799194
334.803162
334.739166
335.157440
334.626190
334.948486
334.680847
334.591248
334.358673
334.427429
334.303802
334.211151
333.685822
333.688080
333.593658
333.089935
332.557434
332.881134
332.698883
332.424500
332.321838
332.009369
331.632294
331.342163
331.210388
330.632904
330.597504
329.991302
329.895844
329.649017
329.413818
329.322906
328.804871
328.689209
329.106232
328.225311
328.911377
328.705627
328.565308
328.681213
328.575745
328.460083
328.572296
328.276703
328.842346
329.029114
329.199493
329.192047
329.198700
329.591003
329.843201
330.258789
330.742523
330.648621
331.298096
331.574982
331.853760
332.392059
332.665222
333.479126
333.198547
333.923248
334.277039
334.397400
334.867584
335.219116
334.969513
335.661743
335.609711
336.204315
335.543488
335.927368
335.625671
335.481476
335.172211
335.130066
334.404053
334.046112
333.181335
331.937012
331.330048
329.852570
328.660675
327.837769
326.300232
324.213501
322.178650
320.184937
318.224701
315.757202
313.110718
310.905548
307.925934
305.310425
301.778656
298.552063
295.361633
292.080353
288.324982
284.485107
280.616455
276.697662
272.629150
268.938141
264.348755
260.098907
256.041412
251.738235
247.418289
243.583481
239.090683
234.969345
231.019897
226.992798
223.029282
219.258392
215.636841
211.837433
208.622894
205.374069
202.596771
199.662109
197.439835
194.899460
192.749512
191.217545
189.484314
188.465988
187.295517
186.409378
186.171829
186.156616

228.696640
184.811722
185.080673
185.764893
186.538727
187.945236
189.481552
191.346786
193.233566
195.434174
197.765091
200.447662
203.355225
206.258636
209.534348
212.789780
216.245361
219.847794
223.761230
227.555908
231.518478
235.329330
239.710159
243.495468
247.616455
251.135864
255.701752
259.403870
263.037048
267.494202
270.971893
274.922852
278.468048
281.698822
285.299072
289.043060
292.117035
294.865662
297.796112
300.462067
303.260620
305.829407
307.833954
310.007843
312.142975
314.143127
315.550537
317.143066
318.783752
320.178009
321.304443
322.223572
323.122803
323.755371
324.321991
325.175812
325.602478
326.047821
326.341217
326.402283
326.683167
326.543335
326.349091
326.294037
326.525726
325.883545
325.425446
325.812500
325.066498
325.354340
325.149872
324.330444
324.094513
323.805023
323.289642
322.922729
322.943665
322.871490
322.699188
322.485504
321.289948
321.297760
321.295471
321.191437
320.832123
320.562195
320.614838
320.524384
320.392914
320.594269
320.702942
320.634277
320.858124
320.897308
320.998779
321.197388
321.231415
321.618073
321.613281
321.687775
322.176422
323.062286
322.822906
323.299896
323.478882
323.651703
324.031372
324.489136
324.541718
324.912842
324.863953
325.530457
325.531372
325.903107
326.613037
326.506775
326.767822
327.031494
327.239563
327.634857
327.673645
327.403412
327.980499
327.896881
327.675629
327.516235
327.762268
328.099518
327.960571
328.364899
328.018219
327.535950
327.388885
327.090607
327.056519
327.259888
326.784485
326.830872
326.350037
325.776733
325.882904
325.432922
325.236176
325.104340
324.534973
324.276245
323.622650
323.525940
323.242676
322.805054
322.552551
322.266937
321.987549
321.512665
321.223419
321.328125
321.056366
320.591522
320.364838
320.279541
319.998108
319.859253
319.763794
319.968536
319.055481
319.387665
319.342987
319.652069
319.265442
319.394928
319.351257
319.569427
319.612854
320.074005
320.125916
320.092773
320.249451
320.692688
320.710480
320.790344
321.328308
321.615387
321.902954
322.004547
322.413208
322.880188
323.018799
323.096802
323.503448
323.897858
324.049652
324.446350
324.837921
324.903198
325.311493
325.834564
326.176605
326.570038
326.805450
326.419556
326.707489
326.970612
327.223907
327.628510
327.629517
327.601959
327.527252
327.806488
328.135895
327.883881
328.085999
328.115936
328.020813
327.813782
327.550507
327.812561
327.424103
327.274353
327.409149
327.038055
326.550262
326.896301
326.416107
326.401886
325.900665
325.818268
325.476807
325.209076
325.006592
324.426636
324.368927
323.724213
323.332367
323.291779
322.762604
322.499023
322.114014
321.900787
321.645355
321.289825
321.122345
320.920135
320.733643
320.083191
320.071564
320.013885
319.914520
319.967346
319.253479
319.730225
319.164856
319.337891
319.270325
319.121002
319.138336
319.298645
319.463287
318.987549
319.387177
319.311249
319.504303
320.011383
319.421600
319.740265
320.038361
320.265656
320.812927
320.885223
321.114899
321.290924
321.809265
321.548950
322.577209
322.271271
322.596527
322.993408
323.099274
323.422455
323.646515
324.081757
324.162964
324.589081
324.909821
324.937225
325.056976
325.567719
325.926788
325.835571
325.874786
326.557800
326.243713
326.622559
326.730194
326.962128
326.673340
326.875885
327.065948
326.923157
327.270966
327.566956
327.734283
326.988831
326.839813
327.117920
326.663391
326.798126
326.675293
326.837036
326.658264
326.233917
325.943481
325.918549
325.677429
325.372437
325.171570
325.168091
325.018829
324.600464
324.449219
324.159485
324.184845
323.676544
323.794586
323.796753
323.389771
323.553925
322.774078
322.389771
322.622253
322.784180
322.519592
322.204315
322.201172
322.142578
321.830566
322.033844
321.914642
321.780731
321.684052
321.536499
322.173859
321.872650
321.865326
321.999908
322.349457
322.415344
322.238373
322.760498
322.799103
322.919617
322.737762
323.523376
323.779846
323.831818
324.124603
324.085876
324.445404
324.898712
324.873718
325.465637
325.485138
326.221252
326.440643
326.290741
326.470306
326.989838
326.893616
327.557404
327.961670
327.743866
328.079102
328.593628
328.909363
328.840729
329.141754
329.308472
329.834930
329.502167
329.911652
329.858734
329.692902
329.715118
330.062256
330.554138
330.275970
330.280243
330.069397
330.387482
330.123749
330.177338
330.060669
330.026947
329.912476
329.480438
329.674438
329.263275
329.276764
328.906372
329.014191
328.493713
328.146210
328.351410
327.614563
327.706818
327.191254
327.357086
327.048065
326.497223
326.404053
326.177429
325.928406
325.828705
325.412537
324.946228
325.289215
324.853546
324.942383
324.948669
324.597076
324.417786
324.384247
324.317719
324.270081
324.489716
324.235138
324.638519
324.525604
324.233032
324.361267
324.322388
324.046387
324.426422
324.390411
324.734863
324.617676
324.895416
324.549957
325.193420
325.065826
325.619843
325.694397
326.203522
326.420898
326.788330
326.661560
327.432373
327.423767
327.487518
327.924530
328.278564
328.435974
328.653198
329.232330
329.170624
329.269501
329.633087
329.935364
330.407745
330.120392
330.184998
331.070496
330.813721
331.252350
331.447662
331.397156
331.401764
331.796631
331.424438
331.611664
332.022278
332.268982
332.413757
331.985474
332.200439
332.112610
332.195221
332.366241
331.704590
331.747437
331.951996
331.385315
331.217010
331.537903
331.237915
330.787842
331.073242
331.005096
330.831818
330.378357
330.205719
329.541199
329.716461
329.240112
329.579651
329.509277
328.833008
329.433746
328.981506
328.741821
328.311096
328.345337
328.034454
328.007904
328.131104
327.885254
327.682800
328.098938
327.507263
327.999664
327.479187
327.713928
327.678253
328.290741
327.756531
327.788544
328.283722
328.393494
328.765411
328.131744
328.812469
328.982635
328.878326
329.365479
329.860321
329.893921
330.359955
331.043549
330.687958
330.893677
331.370453
331.598633
331.749542
332.274689
332.903015
332.915802
333.173340
333.816956
333.812256
334.086700
334.440277
334.658234
334.773407
335.579681
335.268921
336.279785
336.386963
336.622498
336.991913
336.967957
337.270416
337.347321
337.753662
337.344482
337.585907
338.163513
337.659241
338.140717
337.687988
337.568115
337.848114
338.062103
337.870331
337.957825
337.855011
337.854248
337.665009
337.430603
337.427307
337.309082
336.736145
337.135712
336.857880
336.833557
336.391174
336.104004
335.644531
335.540558
335.590790
335.059723
334.528687
335.094513
334.377655
334.470245
333.818146
333.572083
333.454285
333.275513
332.715881
332.805115
332.105408
332.219147
332.414520
332.484802
332.384094
332.068176
331.670898
331.499573
331.777740
331.720276
331.583008
331.326477
331.507202
332.105042
331.992065
332.248383
331.711731
332.376312
332.846375
332.919617
332.783508
333.359924
333.582031
333.326813
333.891907
334.142639
334.498383
334.304047
334.798248
335.216034
335.350952
335.375702
336.079956
336.466492
336.994598
337.358704
337.464691
338.090881
338.201202
338.308929
338.794006
339.228333
339.137512
339.651611
339.557709
339.656189
340.414093
340.646210
340.436310
340.740570
340.824768
341.010925
341.634247
341.403961
341.290283
341.467743
341.159332
341.746918
341.552216
342.056732
341.503540
341.027618
341.548706
341.327881
341.443726
340.786835
340.798737
340.505096
339.714447
339.612732
339.686432
339.620941
339.402893
339.013489
338.478607
338.616302
337.997101
337.810394
337.377472
337.455200
336.762634
336.385101
335.986420
335.643372
335.352997
335.146759
335.386658
334.558319
334.486511
334.407196
333.816254
333.750580
333.444031
333.472931
332.770660
333.364258
332.751801
332.839905
332.802734
332.231750
332.602753
332.766357
332.606750
332.323029
332.344269
332.446075
332.706085
332.549011
332.939728
332.733887
332.872223
333.351715
333.416565
333.553497
333.568390
334.203491
333.746124
334.162750
334.247131
334.636871
335.031982
335.534943
335.481445
335.294495
335.986389
336.406891
336.466156
336.566650
336.476349
337.519409
337.992188
337.605804
337.742004
338.308746
338.264160
338.587677
338.580475
338.618805
338.896790
338.634644
339.613373
338.814789
339.112915
339.338837
339.320618
339.287231
339.277985
338.958923
339.444214
339.752228
338.819153
339.074005
338.956543
338.835968
338.402527
338.215820
338.334869
338.129364
337.712067
337.497833
336.939148
337.199982
337.437469
336.586823
336.712189
336.057343
336.090851
335.615509
335.415894
334.637848
334.944519
334.965576
334.588104
334.366791
334.393707
333.851379
334.111053
333.357208
333.038940
332.781311
333.316284
333.119202
333.227600
332.558655
332.988251
332.684418
332.446198
332.611603
332.905426
332.426758
332.324646
332.363586
332.440918
332.697052
333.186737
332.799103
333.134003
332.963776
333.297180
333.599152
333.396027
333.854645
333.992493
333.828308
334.394867
334.336853
334.724731
334.916931
335.314026
335.193542
335.307831
335.624573
335.737091
336.199493
335.838684
336.175079
336.734863
336.058441
336.552582
336.527344
336.790527
337.097778
337.019012
336.906281
337.028656
337.295624
337.007935
337.335785
337.363373
336.802429
336.969421
336.897552
336.905304
336.638519
336.418640
336.466583
336.375061
336.174255
336.173126
336.164459
335.566498
335.289581
335.239319
334.814392
334.614960
334.246338
334.201965
333.846130
333.818939
333.269531
333.200775
333.187927
332.720428
332.524200
332.245667
331.869507
331.961670
331.550140
331.389496
330.755310
331.062225
331.085297
330.621490
330.726379
330.391144
329.989532
330.273132
330.250641
330.198792
330.274231
329.984955
330.342010
330.362061
330.259705
330.511566
330.382019
330.750671
330.076935
330.732941
330.898834
330.746307
331.194763
331.579163
331.511719
331.545929
331.886627
331.925354
332.281647
332.496399
333.054352
332.991333
332.848419
333.413696
333.202637
333.302490
333.975769
333.998535
334.205841
334.306793
334.234253
334.764465
334.701904
334.832733
334.511993
334.810425
334.808350
334.766663
335.157898
334.641510
334.964935
334.695312
334.582214
334.372955
334.441498
334.311157
334.198029
333.699280
333.674927
333.573975
333.069519
332.538696
332.881287
332.668945
332.433411
332.325745
332.001678
331.612183
331.310028
331.196869
330.611572
330.608795
329.984375
329.883179
329.644135
329.395111
329.298615
328.773468
328.680420
329.107727
328.201660
328.903992
328.719849
328.536560
328.645905
328.534668
328.460571
328.577698
328.247559
328.824188
329.004974
329.200958
329.189270
329.180450
329.602264
329.819885
330.243591
330.723053
330.631104
331.291687
331.538849
331.841003
332.389923
332.650818
333.469666
333.198547
333.898407
334.305878
334.360809
334.854340
335.201324
334.960236
335.630035
335.581665
336.208618
335.520264
335.896423
335.582092
335.457581
335.142822
335.109772
334.375366
334.044983
333.172760
331.903870
331.320831
329.840057
328.638580
327.830872
326.265991
324.208344
322.157196
320.152588
318.198456
315.743073
313.095459
310.898499
307.884399
305.283600
301.745148
298.499023
295.323364
292.057617
288.307892
284.435059
280.563477
276.680298
272.602661
268.933685
264.328735
260.088257
256.017181
251.715332
247.391525
243.552094
239.073608
234.918320
230.981506
226.975021
223.005524
219.237213
215.593826
211.808868
208.593170
205.348755
202.574860
199.630692
197.422668
194.884628
192.723389
191.186829
189.459869
188.435516
187.270142
186.391190
186.155518
186.147522

