312.141815
173.334320
173.660034
174.263031
175.423477
176.334900
177.584991
179.322113
181.159195
183.188232
185.479507
188.133743
190.446167
193.589142
196.194168
199.444839
202.671829
206.221756
209.620651
213.424759
216.643768
220.617889
224.530701
227.868866
232.047699
235.788437
239.267258
243.058090
246.500061
250.397675
254.081146
257.670227
261.078949
264.084778
267.390289
270.886719
273.548187
276.587494
279.193878
281.936676
284.080200
286.648315
288.761597
290.793365
292.629486
294.450317
296.347565
297.793427
299.380219
300.435791
301.535553
302.419159
303.271149
304.275269
304.964111
305.280457
305.986694
306.444305
306.258240
306.285278
307.071259
307.440521
306.813232
306.792297
306.297729
306.680420
306.329987
306.192078
306.095551
305.750732
305.259125
305.270752
305.262207
304.904816
304.645538
304.200714
304.133575
303.901978
303.545258
303.637848
303.272675
303.229919
303.229858
303.076782
302.630829
302.410889
302.782867
302.710754
302.624237
303.008270
302.894348
303.186035
302.697876
302.971771
303.607361
303.401764
303.789948
304.134521
304.318573
304.719452
304.939056
305.212311
305.541656
305.895386
306.400146
306.755676
306.733154
307.522797
307.634766
308.025787
308.146667
308.610107
309.180817
309.095398
310.141815
309.857910
310.246948
310.282349
311.157043
310.676300
311.361115
311.266388
311.647247
312.014648
311.857056
312.181763
312.104370
311.927368
312.160858
311.896973
312.090088
312.024811
311.879456
311.886902
311.328522
311.523193
311.725281
311.263824
310.920410
311.129089
310.516083
310.392609
310.297424
310.401886
309.692688
309.100922
309.252350
308.899384
308.331421
308.366180
308.043030
307.994385
307.974121
308.038757
307.672546
307.390015
306.778656
307.094971
306.560760
306.186951
306.359528
306.439941
306.540649
306.613037
306.019470
306.196503
306.215881
306.433716
306.621948
306.881622
306.847351
306.599640
306.670990
306.920746
307.590179
307.397400
307.646362
307.616821
308.003632
308.596497
308.841309
308.772186
309.535309
309.415833
309.898804
310.131531
310.448944
311.048981
311.393768
311.881744
312.272095
312.103912
312.722870
313.117279
313.469910
313.740417
314.030090
314.392212
315.003418
314.877319
315.133606
315.710266
315.357544
315.950775
316.083710
315.988159
316.386383
316.329559
316.309357
316.958649
316.916656
316.777618
317.002014
316.546539
316.863831
317.017609
316.552277
316.370605
316.782928
316.557648
316.203735
315.967438
315.575592
315.727600
315.164185
315.357391
315.196625
314.819458
314.560486
314.494476
314.279816
313.859924
313.049774
313.396851
313.173248
313.029083
312.693512
312.018127
312.222473
311.615906
311.563599
311.707184
311.411530
311.122742
310.733398
310.781097
310.645752
310.720856
310.732269
310.582306
310.319305
310.113525
310.570648
309.790802
310.425629
310.553741
310.625092
310.636688
310.671906
310.829468
310.976044
311.074585
311.183716
311.595764
311.710632
311.796906
312.059723
312.565155
312.633667
313.102417
313.248138
313.804443
313.966278
313.990082
314.779327
314.970947
314.965027
315.507996
315.631104
316.146179
316.506927
316.970856
317.160126
317.454926
317.758362
317.977112
317.918945
317.778290
318.467896
318.407501
318.500092
318.660950
319.259827
319.194366
319.678009
319.673157
319.713837
319.573090
319.649872
319.665741
319.757050
320.043854
319.636475
319.321350
319.805420
319.654236
319.502655
319.537567
319.297791
319.138947
319.037537
318.942474
318.454285
318.278381
318.178101
318.310913
317.980530
317.882385
317.364655
317.549622
317.057343
316.761139
316.492004
316.160583
316.415710
316.335632
315.734619
316.070862
315.890778
315.859985
315.629822
315.799286
315.488464
315.079987
315.843292
315.005920
315.423035
315.216644
315.173218
315.514374
315.479156
315.604462
315.472137
316.125305
315.538025
315.883728
316.286194
316.655853
316.362915
316.644440
317.006897
317.219788
317.602753
317.727631
317.672089
318.256378
318.794739
318.492676
319.360962
319.248993
319.314240
320.194733
320.141998
320.741791
320.596130
321.279297
321.379883
321.855133
322.338531
322.594330
322.838959
323.049957
323.123413
323.498627
323.748962
323.870422
324.316315
324.319366
324.462891
324.394775
324.602509
325.135437
324.664917
324.842834
324.759979
324.892303
325.215271
324.910919
325.053650
325.002655
324.713013
325.007477
325.063995
324.546417
324.717926
324.102264
324.322998
324.329285
324.017334
323.740814
323.530060
323.320099
323.312073
323.210968
322.564728
322.707642
322.239288
322.459076
322.376892
322.224335
322.066345
321.296448
321.439423
321.556488
321.361694
321.115753
320.732117
320.608734
320.586670
320.874115
320.708221
320.566528
320.594147
320.496704
320.226715
320.758209
320.716064
320.827240
320.937836
320.917236
320.567993
321.141815
320.868591
321.532013
321.747223
321.621490
321.577789
321.941956
322.548737
322.538849
322.446991
322.898529
323.459198
323.743988
323.659088
324.047638
324.207947
324.744629
325.113007
325.113983
325.703247
325.587616
325.864990
326.412903
326.958771
327.240265
327.351379
327.546906
327.853394
328.049438
328.562073
328.491211
328.539429
328.441895
328.595978
329.430176
329.278412
329.238037
329.659943
329.396484
329.361969
329.380981
329.825104
329.625092
329.633209
329.250305
329.643372
329.870117
329.624512
329.549835
329.450409
329.452209
329.309174
328.812531
329.296906
328.479065
329.071075
328.152893
328.518066
328.411743
328.126831
327.963013
327.690369
327.758484
327.611023
327.222931
326.709717
326.940552
326.743591
326.650909
326.411743
326.534973
326.679749
326.509125
326.274597
326.096680
326.483551
326.300781
326.506592
325.896271
325.995544
326.121429
326.588959
326.652069
326.989594
326.816010
326.917633
327.611420
327.350983
327.489136
327.747345
328.267822
328.136261
328.484222
329.045074
329.066956
329.761902
329.944122
330.222504
330.605835
330.841644
331.435974
332.003967
331.670105
332.083527
332.901703
333.142242
333.531891
333.494324
333.982697
334.290161
334.839203
335.365570
335.750549
335.732605
336.415588
336.330017
336.986938
337.328613
337.143066
337.381256
338.018311
337.795288
338.116791
338.598785
338.548279
338.269562
338.641754
338.750763
338.957672
338.863770
338.722931
338.935852
338.563171
338.967163
338.743774
338.659119
338.705597
338.467438
338.208771
337.869659
337.850250
337.884277
337.847473
337.704163
337.390350
336.918640
337.170349
337.005676
336.753998
336.290009
336.208466
336.180542
335.931702
335.779053
335.377106
335.562805
335.386017
335.099487
335.197662
335.149384
334.680878
335.010345
335.039703
334.999878
335.136353
334.742706
335.108795
334.832153
334.786377
335.029205
335.120453
335.540161
335.244141
335.302246
335.840637
336.121948
336.775330
336.117035
336.377747
337.021942
337.070160
337.432007
338.171509
338.254059
339.094666
338.715973
339.233276
339.510925
340.633423
340.553223
340.579834
341.136536
341.531982
341.961609
342.575745
342.926056
342.840149
343.609253
344.019592
344.789856
344.837250
344.891510
345.190826
345.625214
345.840637
346.902618
346.494598
347.173492
346.834564
347.305634
347.647095
347.657990
347.823975
347.826385
348.025635
347.683838
347.920868
348.290558
348.191864
348.485321
347.680206
347.735291
347.954773
347.762329
347.175140
347.212311
347.750214
347.258911
347.121582
346.945953
346.478485
346.129395
346.133392
345.583344
345.720551
345.186096
345.142670
344.878082
344.550537
344.153046
343.699188
343.885803
343.714203
343.769562
343.030853
342.745483
342.763245
342.527954
342.118866
342.163849
342.155853
341.496765
341.927032
341.800964
341.265778
341.411407
341.470856
341.300995
341.399353
341.153931
341.097931
341.275177
341.536133
341.422668
341.612244
341.633911
342.143433
342.224640
342.463593
342.297699
343.091248
342.894684
343.202789
343.751190
343.338776
344.147888
343.996368
344.803040
344.851501
344.943817
345.446014
345.727142
345.985077
346.595276
346.608215
346.932648
347.018860
347.598969
347.771942
348.480286
348.506012
348.370239
348.831970
348.809448
348.874023
349.432770
349.644958
349.573608
349.274628
350.131165
350.337769
349.870972
350.265869
350.225250
349.784393
350.199432
350.508209
350.255005
349.784149
349.745361
350.297058
349.878845
349.611969
349.182922
349.655212
349.311035
349.087036
348.643555
348.500275
348.634735
348.461121
347.993286
348.132172
347.780334
348.095184
346.997223
347.157440
346.388641
346.609558
346.447510
346.643250
346.120972
345.836731
345.743347
345.784607
345.479919
345.559906
345.420624
345.309967
345.369019
344.755615
344.897278
344.750763
344.931152
344.530212
344.757751
344.631439
344.907959
345.058472
344.734314
344.624847
344.654846
345.258118
345.401642
345.569092
345.489838
345.778870
345.645599
345.901276
346.404633
345.862030
346.204132
346.715302
346.792267
347.821838
347.301300
347.740295
347.749817
347.772827
348.195862
348.476318
349.013641
349.269623
349.318298
349.959930
349.873810
350.094269
349.436707
350.295654
349.824951
350.366150
350.174072
350.648682
350.567383
350.562256
350.683105
350.659546
350.873322
350.924988
350.469666
350.561432
350.360718
350.400574
350.551208
349.931244
349.770966
349.787445
349.612854
349.321686
349.322327
348.779510
348.800995
348.465179
348.189423
347.588043
347.790497
347.285797
347.178680
346.834503
346.879822
346.775024
346.282349
345.878906
346.048676
345.291595
345.376373
345.295868
345.113708
344.864471
344.771698
344.426910
344.557556
344.539490
344.162384
344.524811
343.825653
344.726288
344.165344
343.924194
344.323853
344.495117
344.228851
344.457977
344.618256
344.633240
344.858246
344.775879
344.678711
344.879303
345.292511
345.402374
345.558136
346.016418
346.480286
346.167694
346.612457
346.861420
347.004364
347.466431
347.780212
348.246033
348.185303
347.944824
348.518311
348.770813
348.834381
349.148529
349.051422
349.286194
349.887390
349.448608
349.345795
349.394653
349.506439
349.927002
349.528015
350.045898
349.704468
349.738464
349.899994
349.589935
349.695801
349.332581
349.310089
348.673798
348.751923
348.739471
348.536499
348.071106
347.785583
347.854889
347.109558
347.558807
346.856812
346.974426
346.191986
345.987793
345.482239
345.412933
345.571198
344.452850
344.689117
344.647552
343.946350
344.312592
343.852264
343.815674
343.487274
343.942017
343.617401
343.290344
343.523560
343.620209
343.412567
343.291199
343.617249
343.451324
343.977539
343.873566
344.053375
344.647156
345.218811
345.001221
345.722626
345.798492
346.106323
346.447662
347.024323
347.497406
347.645020
348.174591
348.573273
348.685303
349.400330
349.733368
350.448730
350.668030
350.925354
351.095154
351.804291
351.248413
351.909515
351.646210
351.531616
351.644501
351.422058
350.513947
350.552795
350.214722
349.477448
348.579468
348.006958
346.983063
345.330505
344.056671
342.651520
341.246735
339.508118
337.688477
335.861816
333.091858
330.661377
328.103088
325.654144
322.506958
319.670898
316.333862
313.246948
309.396545
306.024628
301.719330
297.864716
293.654480
289.803955
285.466278
281.400391
276.877869
272.700928
268.056610
263.907715
259.117126
254.702011
250.289948
246.085266
242.088150
237.444260
233.407150
229.168350
225.586594
221.782211
218.453781
215.085526
211.961426
209.117706
206.436401
203.872879
201.733978
199.869247
198.042191
196.913406
195.928925
195.245590
194.726227
194.580734

308.408905
173.426865
173.726807
174.352676
175.500702
176.435211
177.678009
179.416275
181.258774
183.318207
185.610031
188.278473
190.615036
193.774109
196.366943
199.641785
202.877869
206.431763
209.851822
213.658447
216.901047
220.904358
224.825668
228.166473
232.402100
236.154526
239.639709
243.461166
246.914856
250.833527
254.551193
258.175476
261.598694
264.618286
267.941986
271.455566
274.165222
277.189484
279.855896
282.622528
284.764954
287.396484
289.494476
291.567200
293.432831
295.259247
297.203125
298.659973
300.268158
301.363312
302.477997
303.364502
304.257385
305.267456
306.003967
306.342560
307.070099
307.517456
307.378479
307.402313
308.204712
308.598389
308.006622
307.981781
307.494049
307.895508
307.558655
307.447937
307.364838
307.010406
306.535797
306.585236
306.578522
306.235535
305.968445
305.507294
305.498138
305.251129
304.911438
304.968170
304.610138
304.604584
304.611877
304.427795
303.996338
303.741241
304.103607
304.059814
303.943054
304.324646
304.234528
304.497040
303.984955
304.255096
304.896240
304.674591
305.064697
305.388672
305.570801
305.934357
306.132416
306.388916
306.689606
307.020569
307.532867
307.894897
307.819733
308.583344
308.660126
309.046265
309.154297
309.579437
310.132782
310.027985
311.057190
310.774628
311.155487
311.173615
311.988220
311.458221
312.128937
312.014496
312.372223
312.720245
312.526642
312.817657
312.708405
312.537079
312.736084
312.431702
312.581726
312.497253
312.322998
312.311066
311.734619
311.894501
312.090576
311.599579
311.241058
311.406311
310.782654
310.623688
310.500427
310.591125
309.855865
309.261108
309.377869
308.982788
308.396515
308.399323
308.087952
307.998352
307.953094
308.014374
307.621521
307.315826
306.701447
307.003967
306.464874
306.081329
306.243378
306.290955
306.385742
306.447113
305.848480
306.013397
306.002869
306.220215
306.403503
306.667511
306.598572
306.381104
306.404785
306.696167
307.343872
307.136566
307.370392
307.359955
307.758148
308.329010
308.566254
308.499054
309.247589
309.168182
309.643188
309.861237
310.213562
310.790894
311.135712
311.644104
312.055054
311.861511
312.512726
312.907501
313.281708
313.581787
313.855743
314.239258
314.856628
314.736328
315.018829
315.611206
315.243073
315.896942
315.980377
315.893463
316.294342
316.272186
316.308228
316.958649
316.924103
316.790710
317.010590
316.603394
316.911194
317.069427
316.638000
316.476746
316.887848
316.689301
316.337311
316.130646
315.780945
315.956726
315.374115
315.565063
315.480835
315.109406
314.838013
314.797607
314.586700
314.223450
313.438477
313.790771
313.564392
313.431854
313.128754
312.461395
312.711334
312.115417
312.040314
312.210693
311.959869
311.710022
311.314178
311.357605
311.260193
311.345459
311.364655
311.203552
310.991486
310.811157
311.300323
310.488586
311.164978
311.336700
311.412018
311.422546
311.492676
311.708527
311.801422
311.941925
312.090485
312.470032
312.583038
312.733154
312.972198
313.526978
313.608276
314.091309
314.268799
314.825806
315.039337
315.047424
315.832428
316.088135
316.048859
316.631592
316.751404
317.271393
317.670044
318.130127
318.357788
318.698303
319.039764
319.208405
319.194916
319.061493
319.720856
319.726349
319.793182
320.009247
320.616180
320.541565
321.043915
321.052521
321.099030
320.967468
321.058655
321.098877
321.208435
321.466736
321.097015
320.757202
321.259583
321.162811
321.041351
321.072266
320.851166
320.750092
320.580505
320.490448
320.068817
319.859650
319.758423
319.910278
319.614258
319.513092
318.995148
319.167480
318.684052
318.358582
318.073456
317.787903
318.085754
317.971222
317.419006
317.711304
317.562164
317.511658
317.298187
317.503815
317.172211
316.727631
317.533173
316.735443
317.104431
316.889435
316.852356
317.181488
317.091003
317.252289
317.072693
317.780304
317.178375
317.489899
317.905487
318.248077
317.959625
318.195251
318.580933
318.766632
319.175842
319.295837
319.175659
319.841095
320.285645
319.952972
320.818207
320.721008
320.776917
321.599731
321.579468
322.146545
321.968231
322.654633
322.705719
323.144257
323.668274
323.888855
324.089233
324.319275
324.346130
324.707428
324.905640
325.036682
325.423553
325.441315
325.563293
325.456360
325.599335
326.175720
325.630829
325.796326
325.737701
325.885956
326.145142
325.783630
325.914154
325.848236
325.522949
325.764465
325.796967
325.283905
325.421875
324.821930
324.953705
324.939514
324.634705
324.291870
324.081726
323.817047
323.827698
323.686218
322.986511
323.134674
322.652771
322.831268
322.706055
322.541748
322.372589
321.611633
321.752380
321.807556
321.561890
321.331970
320.891907
320.769989
320.732880
320.974945
320.814484
320.650452
320.673187
320.554138
320.284027
320.767395
320.715607
320.840271
320.943024
320.908691
320.513367
321.105865
320.789246
321.433960
321.681458
321.465118
321.453949
321.802307
322.425262
322.351074
322.270325
322.758362
323.273285
323.542053
323.441132
323.851562
324.020752
324.516602
324.921600
324.909149
325.465546
325.387177
325.633392
326.197357
326.710419
327.011261
327.129517
327.307892
327.644836
327.834015
328.356964
328.268433
328.313843
328.234833
328.380219
329.221252
329.100647
329.022095
329.476440
329.247589
329.185944
329.187256
329.664978
329.464813
329.480225
329.100891
329.505798
329.729675
329.501984
329.412933
329.330750
329.372833
329.189819
328.700012
329.224396
328.388367
329.012634
328.097107
328.463501
328.351990
328.065948
327.912415
327.649750
327.724152
327.608246
327.194550
326.697052
326.944672
326.745941
326.656799
326.410645
326.558136
326.709808
326.542938
326.342682
326.150909
326.565857
326.347351
326.591064
325.947968
326.052307
326.171234
326.645081
326.725708
327.053650
326.919769
326.990936
327.689819
327.420624
327.585602
327.819550
328.346619
328.208527
328.534760
329.125122
329.132507
329.836182
329.992767
330.277496
330.678558
330.901733
331.488159
332.039734
331.729401
332.146790
332.972412
333.174316
333.568146
333.546051
334.013275
334.318176
334.864227
335.381958
335.721802
335.711395
336.378143
336.300507
336.949402
337.301270
337.085663
337.334320
337.951324
337.722443
338.034943
338.534088
338.435486
338.170197
338.536377
338.605988
338.837311
338.726868
338.573792
338.741730
338.387268
338.790344
338.558014
338.441132
338.508270
338.281525
337.989014
337.659668
337.625916
337.639557
337.584076
337.464905
337.131836
336.637634
336.874817
336.687378
336.450409
335.971039
335.899384
335.836578
335.622559
335.449341
335.022156
335.196838
335.037384
334.729828
334.838318
334.770203
334.315216
334.607574
334.650452
334.610596
334.742188
334.321136
334.696869
334.424713
334.388519
334.613556
334.724426
335.119873
334.797852
334.891296
335.403931
335.701324
336.347382
335.688721
335.941162
336.584351
336.629578
337.020538
337.729645
337.819000
338.657013
338.261292
338.815399
339.072449
340.201263
340.119843
340.156952
340.720886
341.109039
341.552094
342.183563
342.522736
342.424316
343.173035
343.603119
344.401642
344.425385
344.497742
344.824768
345.241150
345.459686
346.550903
346.144836
346.798126
346.457001
346.947845
347.284271
347.312744
347.487366
347.482056
347.693085
347.348755
347.617065
347.974609
347.887970
348.162231
347.386139
347.439178
347.670715
347.512970
346.927521
346.943634
347.485016
347.028748
346.869690
346.689819
346.214569
345.899811
345.923309
345.376984
345.518555
344.972961
344.972687
344.684875
344.377655
343.976349
343.534943
343.732758
343.580566
343.619476
342.867920
342.617645
342.626923
342.389618
342.011169
342.049377
342.033142
341.403381
341.802399
341.721985
341.205444
341.313751
341.379974
341.231628
341.322571
341.107758
341.063354
341.220123
341.469238
341.412201
341.569641
341.666901
342.133881
342.237823
342.434509
342.310181
343.081879
342.915955
343.221558
343.753784
343.369080
344.197510
344.041199
344.853973
344.905426
344.983063
345.495117
345.782867
346.035339
346.641144
346.677734
347.020416
347.109161
347.671844
347.850616
348.519379
348.585632
348.461517
348.897980
348.912537
348.968292
349.484711
349.750824
349.684509
349.390869
350.252686
350.424866
349.998138
350.348511
350.342407
349.908844
350.343018
350.628418
350.392609
349.910187
349.877350
350.451111
350.022583
349.770020
349.345276
349.810638
349.450836
349.238342
348.810669
348.664795
348.809662
348.617676
348.137268
348.294312
347.954315
348.261749
347.151978
347.319946
346.593811
346.769714
346.613556
346.818268
346.296173
346.004242
345.933929
345.960175
345.679596
345.746979
345.639374
345.498444
345.564911
344.916382
345.092407
344.943481
345.147247
344.730713
344.963226
344.820923
345.122101
345.284485
344.917480
344.808075
344.884644
345.479950
345.606903
345.743622
345.726715
345.983063
345.861755
346.088379
346.617126
346.065430
346.419373
346.924011
346.983643
348.041504
347.515564
347.987518
347.939911
347.976196
348.393372
348.691345
349.233276
349.506409
349.533844
350.197357
350.083679
350.321930
349.665741
350.537750
350.030975
350.568817
350.408783
350.877136
350.801758
350.805573
350.931458
350.869476
351.114899
351.127014
350.698792
350.805847
350.618042
350.654266
350.777527
350.158020
350.032898
350.033661
349.882324
349.592163
349.568420
349.023804
349.070984
348.725250
348.427185
347.857758
348.001953
347.561951
347.416534
347.089050
347.131897
346.997772
346.525146
346.117981
346.336792
345.531952
345.634796
345.557983
345.380432
345.168671
345.032990
344.699768
344.825989
344.795258
344.440002
344.807434
344.101257
344.991211
344.432861
344.207001
344.568420
344.772461
344.469513
344.752899
344.918365
344.876434
345.132233
345.092102
344.973419
345.167297
345.575989
345.676178
345.849792
346.332520
346.736481
346.455048
346.900055
347.181274
347.339020
347.761749
348.071808
348.554260
348.486359
348.264435
348.789978
349.054596
349.143646
349.421021
349.331787
349.603760
350.148468
349.741089
349.654938
349.695221
349.808868
350.227142
349.851105
350.349640
349.964752
350.007263
350.174744
349.871796
349.994415
349.612518
349.616577
348.984222
349.018402
349.007568
348.790710
348.345581
348.068298
348.091888
347.382019
347.849152
347.116577
347.198608
346.412964
346.221710
345.732452
345.658691
345.824585
344.675873
344.940582
344.888153
344.190125
344.549316
344.078735
344.049500
343.713348
344.182068
343.794037
343.499542
343.754364
343.831177
343.604462
343.482880
343.783295
343.649017
344.151520
344.062469
344.237396
344.823517
345.376892
345.165100
345.867401
345.958923
346.261902
346.594971
347.165405
347.631409
347.756897
348.282257
348.673615
348.833038
349.522888
349.851440
350.573181
350.793549
351.028351
351.203339
351.903442
351.346710
351.999573
351.739380
351.603485
351.729614
351.500244
350.568115
350.599304
350.265381
349.502747
348.638123
348.024261
347.049011
345.349243
344.081635
342.682281
341.282227
339.527008
337.722748
335.878998
333.125610
330.681519
328.109894
325.670380
322.514404
319.651489
316.327240
313.273071
309.390503
305.997559
301.693817
297.856476
293.636139
289.796021
285.436737
281.386444
276.847137
272.652740
268.018036
263.859619
259.066376
254.669937
250.245987
246.047272
242.042984
237.395264
233.347122
229.121277
225.515121
221.714066
218.386948
215.023621
211.892334
209.050903
206.368042
203.810333
201.683228
199.811081
197.987366
196.859116
195.840240
195.184219
194.667725
194.530655

224.700500
184.159698
184.742630
185.267441
186.403595
187.524582
188.726883
190.713074
192.869705
194.906143
197.375275
199.856873
202.748993
205.641373
209.235443
212.113037
215.721146
219.193588
223.030350
227.085022
230.527939
234.472488
238.556717
242.735626
246.563538
250.870483
254.633865
258.938507
262.938202
266.632782
270.170349
274.167908
277.936798
281.325134
284.459808
288.128632
291.267090
294.106140
297.051849
300.212799
302.777130
304.991913
307.035950
309.379150
311.385071
313.087646
314.636902
316.617615
317.937256
318.949066
320.541931
321.646393
321.992310
323.300385
323.549988
324.188110
324.740021
324.689209
325.250031
325.230927
325.358582
325.296234
325.798645
325.281586
325.126587
325.035461
324.796051
324.528259
324.032654
323.937775
323.761169
323.252960
322.950378
322.575653
322.582794
322.182434
321.556244
321.738617
321.410156
321.111786
321.102112
320.374298
320.283722
320.439484
320.013245
320.007355
319.377991
319.555908
319.849792
319.662567
319.679291
319.745056
319.921326
320.006195
320.014130
320.227997
320.565491
320.362366
321.147583
320.931335
321.310883
321.602234
321.947784
322.205170
322.412964
322.793396
323.381805
323.715729
323.872131
324.335632
324.645477
325.037109
324.764984
325.401917
325.963043
325.638947
326.296265
326.324493
326.271942
326.974640
326.744659
327.396088
326.621063
327.269043
327.244843
327.477936
327.812897
327.463470
327.169708
327.378967
327.226654
326.961365
327.164429
326.662384
326.463104
326.638580
326.236603
326.570038
326.123047
325.644012
325.585052
325.006927
325.080292
324.428040
324.037476
323.421661
323.286224
323.105011
322.488159
322.705292
321.828430
322.094147
321.634766
321.276031
320.981781
320.454895
320.759399
320.147034
319.998566
319.892822
319.514832
319.612366
319.763000
319.492310
319.365997
319.021667
319.215729
319.355133
319.061584
319.879791
319.539062
319.387238
319.502014
319.653412
320.170410
319.544373
319.793579
320.180298
320.556000
320.815308
320.862823
321.170227
321.429230
321.539825
322.128937
322.694366
322.755341
323.069580
323.442780
323.624969
324.173523
323.935394
324.201996
324.688232
325.425079
325.237885
325.403076
326.361877
326.235535
326.823456
326.473816
326.960968
327.296234
327.267700
327.302338
327.637909
327.577209
327.342773
327.443817
327.233276
327.903076
327.751740
327.997101
327.680481
327.422424
327.597351
327.734497
327.092743
326.755676
326.642303
326.496643
326.624512
326.196808
325.770477
325.698792
325.494110
325.347015
324.634460
324.108063
324.336670
323.757751
323.591400
322.976562
322.797974
323.080627
322.113464
322.433075
322.012970
321.607758
321.331055
320.826477
320.807281
320.972504
320.074249
320.010437
319.644684
319.444763
319.797974
319.473358
319.058807
319.058441
319.037964
319.082916
319.017426
318.941284
319.103210
318.751617
319.067261
319.198608
319.228058
319.248749
319.321808
319.595642
319.685974
319.861816
319.993713
319.608154
320.729034
320.822144
320.756989
320.953094
321.427826
321.753510
321.858734
322.134033
322.293335
322.949982
323.276154
323.141724
323.665253
323.598907
323.645447
323.997192
324.065704
324.621460
325.030762
325.137787
325.404541
325.004547
326.041016
325.736816
326.041290
325.948029
326.075134
326.521149
326.415344
326.394928
325.873444
326.354675
326.248138
326.194366
326.033142
326.149658
326.048889
326.094360
325.552612
325.657349
325.529633
325.593597
325.090240
325.125977
324.470673
324.608673
324.806061
324.194885
323.881378
323.531677
323.487183
323.156982
322.834137
322.789642
322.442627
322.094757
322.103668
322.073334
321.402466
321.516693
321.219635
321.252808
321.072266
320.874451
320.941162
320.367950
320.155151
320.457489
320.311646
320.376495
319.866180
320.414886
320.311005
320.424713
320.096893
320.203613
320.550079
320.747559
320.498535
321.055634
321.065155
320.644226
320.873993
321.426178
321.506866
321.572906
322.057892
321.910187
322.544525
322.473175
322.656250
323.415588
323.959991
324.046631
323.881805
323.921478
324.481964
324.949402
324.901886
325.347076
325.454529
326.108429
326.163696
326.194519
326.873260
326.832275
327.001678
327.056396
327.604492
327.557068
327.370972
327.830139
328.331085
328.137329
328.581940
328.585846
328.444061
328.561371
328.249756
328.078674
328.487793
328.538025
328.343414
328.231232
328.000275
328.001038
327.755371
327.755646
327.864410
327.602722
327.566132
327.033264
326.802826
326.483551
326.323395
326.073425
325.725555
325.356384
325.170685
325.019714
325.229523
325.074921
324.638367
324.253143
324.055084
324.193634
324.317017
324.117340
323.829651
323.774078
323.707520
323.258087
322.913849
323.194244
323.278992
322.900818
323.091125
322.791718
322.851532
322.665009
323.142761
322.907257
323.291809
322.899384
323.482269
323.835144
323.412964
323.227356
323.843201
324.129303
324.248444
323.961731
324.566345
324.783905
325.191620
325.279755
325.493256
325.385742
325.832611
326.089874
326.516296
327.274689
327.328705
327.537872
327.702576
327.798431
327.919525
328.403259
328.650696
328.799438
329.400696
329.359711
330.002228
329.487854
329.967377
330.096619
330.236511
330.192535
330.682831
330.410339
330.515594
331.083649
331.012970
331.088959
330.997833
331.388763
331.218262
330.672119
331.126862
330.769379
330.716339
330.715637
330.577240
330.403687
330.488007
329.878906
329.980316
330.136963
330.145599
329.434326
329.442383
329.199646
328.564423
328.510101
328.801178
328.377502
328.720367
328.006012
327.912659
328.174133
327.501953
327.499176
327.115448
327.388336
326.943176
327.487976
326.679932
326.454620
326.768951
326.989258
326.854706
326.904297
326.633820
326.599976
326.727875
327.458252
326.924194
327.086975
326.890808
326.764374
327.337585
327.242096
327.914276
327.609802
327.921509
328.223511
328.669434
328.443512
328.918091
329.271515
329.503113
329.862396
329.702057
330.183167
330.594269
331.272583
331.157318
331.790222
331.947052
332.374695
332.767395
333.141052
333.318817
333.772949
333.956268
334.486908
334.577606
334.461792
335.060455
335.526581
335.493469
335.833801
336.045624
335.879639
336.524872
337.016632
336.701233
336.599121
336.974579
336.732635
336.659637
337.085327
337.343628
337.259430
337.442841
337.381744
336.648743
336.841888
336.901306
336.449341
336.650391
336.484802
335.842072
336.134979
335.799347
335.800171
335.041565
335.297607
334.759430
334.590088
334.511932
334.303711
334.321838
333.950409
333.531464
333.486511
333.151184
332.974579
332.810364
332.404480
331.968994
332.245697
331.845459
331.703400
331.692352
331.371826
331.363037
331.469757
331.092255
331.204987
331.163940
331.238525
331.016632
331.016724
331.535248
331.389923
331.469452
331.980164
331.861786
331.667023
332.247253
332.353088
332.003815
332.498779
333.045471
333.454346
333.344238
333.660828
334.044464
334.498840
334.491211
334.679047
335.313812
335.427246
336.258423
335.968262
336.385193
337.190674
336.980774
337.630920
337.652802
338.253296
338.445770
338.652802
339.330872
339.202820
339.783569
340.440582
340.331848
340.333710
340.870300
340.846558
340.715546
340.945251
341.271545
341.729736
341.394958
341.563873
341.610107
341.246185
341.275848
341.448059
341.636932
342.122559
341.391083
341.545715
341.487335
340.674652
340.777588
340.569977
340.503113
340.118561
339.750000
339.656494
339.827881
338.880676
338.951813
338.871002
338.596100
338.457153
337.939972
337.425476
337.595367
336.614441
336.596130
336.511230
336.203491
335.380127
335.682098
335.704010
334.863251
334.699249
334.516296
333.889313
334.136444
333.886749
333.839081
333.591248
333.520569
333.105377
333.294037
332.962402
333.169098
333.320587
332.739838
332.915710
333.263367
333.448029
333.508453
333.701904
333.704010
333.424438
333.746948
334.042572
334.001099
334.322296
334.695312
334.738739
334.689575
335.102875
335.084412
335.808350
336.270386
336.188995
336.486572
336.644226
336.549683
336.939636
337.345856
337.437408
337.852142
338.111145
338.551422
338.769470
338.766571
339.033844
338.791321
339.318878
339.211334
339.336395
339.729858
339.925446
339.913300
339.889832
340.147186
339.792511
339.972961
339.686249
340.474976
340.139221
339.595642
339.609772
340.088348
340.237000
339.802032
339.799164
338.915436
339.103424
338.981995
338.985931
338.736603
338.174957
337.966949
337.799469
337.557526
337.115173
336.830597
336.909485
336.922394
336.371582
336.207886
335.643951
335.083160
335.420349
335.015991
335.114319
334.959869
334.698883
334.378845
333.880371
334.052124
333.980225
333.608368
333.185242
333.699097
333.465363
332.885834
333.327332
332.659088
332.987213
333.066345
332.550751
333.210724
332.915039
333.220734
333.152954
333.539825
333.468140
333.746277
333.508148
334.002350
334.056519
334.171875
334.039948
334.547699
334.449829
334.861603
335.132690
335.501923
335.422333
335.680389
335.349976
335.607697
335.723999
335.953766
336.413940
336.071869
336.756256
337.018158
336.733154
336.511230
336.750977
337.160889
337.265594
337.251129
337.641296
337.358551
337.171173
337.084930
337.170013
337.244324
337.716248
337.238342
337.203400
337.077515
336.685791
336.678650
336.955688
336.775421
336.307709
336.381836
336.100037
335.733612
335.314392
335.489899
335.056458
334.451385
334.575562
334.331879
333.880280
333.409515
333.358490
332.994354
333.096161
332.907104
332.130707
332.061096
332.040131
331.717896
331.978546
331.507690
331.544525
331.007050
330.430847
330.513885
330.555847
330.336395
329.950226
330.241089
330.354828
329.718903
329.824249
329.896393
330.017059
329.996704
329.956360
329.785522
330.268158
330.349792
330.225006
329.931763
330.548553
330.567444
330.741760
330.914764
331.332458
331.562561
331.752899
331.665161
331.970703
332.076508
332.778046
332.266815
332.941223
332.901031
333.401550
333.574982
333.693268
333.315826
333.859161
334.015503
334.161255
334.144440
333.967010
334.297607
334.386719
334.244598
334.722992
334.633881
334.654327
334.390717
334.437683
334.741547
334.399445
334.058441
333.754791
333.947113
333.767792
333.679535
333.009460
333.061005
332.746674
332.697052
333.051880
332.317322
331.817169
332.039459
331.815063
331.673370
330.793182
330.738892
330.182037
330.084900
330.234985
329.911163
329.587677
329.208282
328.781830
328.465942
328.464478
328.458038
328.120758
328.125397
327.810638
327.827972
328.052673
328.198059
327.956848
328.025909
327.812286
327.942047
327.961761
328.286713
328.490143
329.210571
328.991119
329.295624
329.402649
330.136017
330.521118
330.749542
331.031464
331.336182
331.756317
332.645142
332.559387
333.492432
333.091370
333.422760
334.176880
334.566040
334.371246
334.905853
334.940247
334.901398
335.856842
335.411804
335.452454
335.281342
334.803314
334.277466
333.883209
333.777130
333.222931
332.427429
332.046783
330.415070
329.898193
327.851318
326.965485
325.678101
323.495209
322.072571
319.873383
318.012115
315.215332
312.731201
310.547150
307.765259
304.845795
301.878815
298.672180
295.446594
291.356781
287.706848
284.153168
280.345032
276.533356
272.538116
268.167480
264.001099
259.965118
255.828415
251.454987
247.557495
243.071228
238.793213
234.645126
230.587509
226.868103
223.005417
218.960999
215.396439
211.752167
208.736252
205.263138
202.488144
199.518890
197.261246
194.939880
192.973541
191.236267
189.286285
188.122849
187.336700
186.365860
186.029694
185.729568

228.377762
184.296921
184.867386
185.402924
186.518982
187.660965
188.840042
190.846115
193.010208
195.033798
197.519745
200.005600
202.869431
205.792664
209.379196
212.292404
215.875687
219.362183
223.220413
227.242294
230.699280
234.679214
238.751892
242.930328
246.750732
251.036194
254.842651
259.158020
263.173828
266.874725
270.397766
274.394012
278.181122
281.575043
284.693665
288.385071
291.539337
294.417267
297.329590
300.452911
303.032623
305.291779
307.334503
309.669037
311.681000
313.365753
314.958374
316.954437
318.243256
319.250732
320.854004
321.934265
322.279022
323.594269
323.858551
324.542389
325.064819
325.037140
325.574188
325.587372
325.712585
325.632507
326.141907
325.643097
325.425354
325.326996
325.149597
324.882263
324.424713
324.189087
324.102661
323.606476
323.272064
322.872742
322.896667
322.438904
321.893616
322.014984
321.704041
321.405182
321.369598
320.638794
320.553467
320.705841
320.241028
320.243774
319.688019
319.783203
320.052368
319.869507
319.925659
319.961853
320.151001
320.168060
320.147522
320.420746
320.732666
320.506195
321.230835
321.076569
321.438293
321.705811
322.043060
322.325043
322.516510
322.922058
323.521454
323.782471
323.906860
324.428864
324.662476
325.048889
324.787140
325.392242
325.917542
325.631927
326.284821
326.303619
326.277863
326.934875
326.747162
327.359497
326.552673
327.212433
327.181976
327.383423
327.694244
327.428101
327.085724
327.272583
327.142181
326.817383
327.032684
326.532928
326.314056
326.550720
326.110565
326.440552
325.976074
325.500946
325.445312
324.874359
324.943817
324.287048
323.872345
323.277496
323.113678
322.936859
322.321686
322.559082
321.675598
321.950439
321.472321
321.129150
320.852753
320.342529
320.591248
320.065094
319.881073
319.793182
319.416504
319.518280
319.661255
319.413239
319.307617
318.952972
319.151611
319.298340
318.992737
319.819916
319.513367
319.349335
319.464508
319.619293
320.143921
319.529816
319.779572
320.183228
320.575195
320.841980
320.929352
321.224182
321.481903
321.610748
322.184662
322.778717
322.849762
323.151154
323.524139
323.704620
324.279297
324.037781
324.321136
324.823517
325.577972
325.373596
325.525543
326.482239
326.356323
326.947968
326.635193
327.121674
327.453522
327.429443
327.438782
327.788025
327.733643
327.495941
327.630493
327.433136
328.069244
327.946014
328.202728
327.887848
327.592010
327.783630
327.881348
327.279236
326.944305
326.828888
326.671906
326.805786
326.373077
325.933319
325.874542
325.681732
325.521118
324.788361
324.278717
324.495728
323.909698
323.730133
323.129547
322.944458
323.226471
322.224274
322.561035
322.126984
321.707184
321.442047
320.904388
320.877197
321.038849
320.144897
320.084290
319.692047
319.491455
319.834717
319.509827
319.082397
319.083954
319.065216
319.094910
319.026550
318.930878
319.096008
318.726440
319.033478
319.185974
319.202515
319.216980
319.282928
319.540192
319.619568
319.812317
319.947296
319.508240
320.661926
320.735382
320.665100
320.858124
321.346985
321.664551
321.769989
322.028839
322.200439
322.862549
323.159973
323.053680
323.532257
323.500488
323.549347
323.894470
323.947021
324.519440
324.917389
325.033173
325.287567
324.889191
325.954834
325.613342
325.933533
325.840912
326.010681
326.452057
326.333099
326.320099
325.798218
326.226074
326.194000
326.112640
325.990143
326.110168
326.027374
326.068024
325.534424
325.635254
325.514404
325.593719
325.088989
325.132141
324.515259
324.633972
324.840057
324.224121
323.908600
323.580841
323.561859
323.230469
322.901337
322.859039
322.529907
322.188751
322.216797
322.217316
321.528717
321.637817
321.346588
321.377808
321.232910
321.025055
321.125122
320.568054
320.367096
320.644623
320.511536
320.591888
320.094452
320.654053
320.530823
320.650391
320.333069
320.454010
320.800049
320.974548
320.763458
321.312836
321.308136
320.915070
321.138214
321.688263
321.782471
321.818146
322.364868
322.191071
322.817139
322.760895
322.953217
323.676941
324.260681
324.322723
324.147095
324.218750
324.737274
325.216888
325.171661
325.605499
325.732544
326.384949
326.405548
326.438965
327.120667
327.097656
327.234039
327.304749
327.847321
327.781219
327.593872
328.067444
328.525604
328.339539
328.787079
328.769135
328.623535
328.701141
328.389862
328.226654
328.648285
328.668243
328.466309
328.360809
328.119324
328.109192
327.821716
327.847321
327.970276
327.634674
327.623291
327.079346
326.859009
326.520813
326.376221
326.107391
325.751740
325.333191
325.148773
325.014435
325.197998
325.061218
324.614014
324.208923
324.005463
324.164886
324.269897
324.069580
323.756165
323.712280
323.617462
323.211151
322.852966
323.114471
323.173004
322.801178
322.997070
322.697754
322.733551
322.570404
323.048950
322.814209
323.183075
322.790833
323.373260
323.720306
323.313446
323.137573
323.753540
324.043121
324.141907
323.886322
324.492981
324.731262
325.122131
325.199097
325.413330
325.322052
325.762817
326.031952
326.442780
327.257111
327.290619
327.517242
327.656342
327.779968
327.912323
328.404602
328.660339
328.805206
329.436493
329.406006
330.057098
329.561646
330.036896
330.174133
330.309570
330.305908
330.775421
330.538361
330.649567
331.259979
331.159790
331.239716
331.157043
331.566620
331.413208
330.862671
331.331604
330.996155
330.952179
330.963593
330.854187
330.651550
330.772949
330.185791
330.247742
330.429108
330.471466
329.751221
329.760254
329.576385
328.950226
328.867126
329.171783
328.782684
329.124054
328.403931
328.353333
328.593414
327.916199
327.928314
327.558472
327.824921
327.392456
327.964294
327.148071
326.932159
327.256439
327.456787
327.336517
327.380127
327.109497
327.098267
327.232330
327.524414
327.414825
327.563934
327.406769
327.299957
327.803406
327.743713
328.382812
328.131714
328.417053
328.724701
329.193878
328.909760
329.424072
329.792816
329.981415
330.345825
330.179108
330.690002
331.047791
331.745514
331.645081
332.234863
332.391479
332.798004
333.198486
333.585022
333.733582
334.170380
334.389343
334.866150
334.957275
334.865448
335.442841
335.885742
335.868500
336.229950
336.412079
336.212189
336.847107
337.334686
337.036163
336.907806
337.303253
337.029480
336.943481
337.400909
337.609375
337.517517
337.665710
337.620758
336.862305
337.070099
337.109406
336.644379
336.856903
336.676025
336.008331
336.315674
335.956238
335.933380
335.175415
335.443481
334.858643
334.700500
334.590424
334.399078
334.396942
334.035095
333.579254
333.545654
333.202698
333.040070
332.852142
332.445129
331.984131
332.229279
331.875153
331.711609
331.666504
331.367767
331.340149
331.431091
331.041046
331.172974
331.106232
331.207397
330.924866
330.963898
331.457611
331.312164
331.373322
331.883392
331.774872
331.579987
332.125519
332.228973
331.885986
332.408203
332.917725
333.297211
333.216064
333.533997
333.920532
334.364960
334.344971
334.543610
335.172485
335.274872
336.090393
335.808289
336.246826
337.017822
336.797546
337.470215
337.480713
338.074280
338.256683
338.458099
339.159210
339.019653
339.607483
340.264862
340.139557
340.126648
340.691620
340.643127
340.519135
340.751678
341.081543
341.534393
341.186005
341.366272
341.404449
341.028503
341.056122
341.216370
341.421844
341.910004
341.161926
341.334076
341.254028
340.448425
340.551331
340.366669
340.266602
339.897247
339.512512
339.413757
339.619843
338.638611
338.739807
338.627502
338.385590
338.249176
337.727875
337.192871
337.365936
336.392242
336.354492
336.267365
335.952545
335.121521
335.455200
335.506714
334.651733
334.469757
334.267548
333.669556
333.892639
333.658936
333.607727
333.373322
333.305359
332.857880
333.076263
332.754181
332.956421
333.075470
332.562103
332.676147
333.018860
333.220886
333.246246
333.505249
333.485809
333.208282
333.528046
333.817505
333.794250
334.090363
334.481445
334.494476
334.469055
334.913910
334.908569
335.627075
336.052704
335.994141
336.302399
336.442505
336.353210
336.741119
337.156799
337.223816
337.668945
337.936340
338.375793
338.586792
338.536621
338.868713
338.637451
339.126343
339.042542
339.186371
339.551727
339.794189
339.759521
339.746826
340.003387
339.656311
339.822571
339.531494
340.321472
340.030579
339.491608
339.497925
339.969513
340.108307
339.696289
339.718048
338.808014
339.014221
338.878815
338.918365
338.664001
338.109985
337.891022
337.707794
337.492004
337.037689
336.767517
336.893890
336.865570
336.307037
336.149506
335.618195
335.018097
335.381042
334.997314
335.069916
334.914215
334.650757
334.371796
333.837128
334.027893
333.759277
333.594727
333.169006
333.678040
333.448608
332.881042
333.301971
332.629639
333.008667
333.064270
332.588135
333.253174
332.924133
333.222321
333.138306
333.572418
333.479156
333.744904
333.525055
334.022766
334.056122
334.162384
334.069275
334.569305
334.463409
334.880432
335.150787
335.505554
335.438995
335.661316
335.369232
335.641602
335.731964
335.986053
336.448578
336.089081
336.768768
337.054230
336.733704
336.528595
336.782349
337.192139
337.310822
337.245972
337.658386
337.385468
337.195923
337.113556
337.183716
337.258942
337.741760
337.256226
337.211304
337.097931
336.717896
336.687317
336.975769
336.785828
336.339874
336.407501
336.121918
335.749878
335.318298
335.525787
335.079346
334.465424
334.612030
334.342560
333.894836
333.403809
333.364838
333.011627
333.122620
332.926544
332.153870
332.096954
332.087067
331.767395
332.022491
331.535370
331.579498
331.056702
330.473541
330.569214
330.609009
330.376068
330.005554
330.292389
330.411163
329.767975
329.896942
329.949768
330.070282
330.060059
330.029083
329.877197
330.330017
330.423126
330.309296
330.009644
330.634766
330.622772
330.830688
331.005463
331.406738
331.626617
331.832581
331.757385
332.083984
332.188934
332.905823
332.360474
333.058746
333.015472
333.506256
333.684235
333.791656
333.425873
333.982086
334.146759
334.266083
334.272369
334.058441
334.416779
334.527710
334.370087
334.856873
334.764282
334.803436
334.522583
334.601288
334.882294
334.522308
334.222961
333.890625
334.095520
333.894562
333.844360
333.169098
333.239136
332.909027
332.821960
333.193268
332.469482
331.942993
332.189209
331.956573
331.825867
330.924896
330.867126
330.309937
330.237793
330.376434
330.052612
329.725037
329.345551
328.914062
328.623352
328.587646
328.555847
328.253784
328.241425
327.940796
327.928925
328.157745
328.318542
328.075562
328.149170
327.924988
328.065765
328.074982
328.395538
328.576477
329.293671
329.074982
329.381805
329.486816
330.212280
330.582367
330.816193
331.040527
331.390137
331.801575
332.671112
332.611511
333.507050
333.084167
333.440399
334.176147
334.601715
334.395599
334.898987
334.914703
334.848572
335.805603
335.395325
335.404785
335.235474
334.755035
334.214569
333.826447
333.739258
333.166077
332.362823
331.974976
330.318817
329.817719
327.763184
326.849792
325.582855
323.388092
321.948792
319.768890
317.899597
315.063171
312.583496
310.402191
307.595978
304.674103
301.719452
298.501038
295.274689
291.184418
287.529388
283.952667
280.152557
276.337280
272.351257
267.951813
263.781738
259.750519
255.613907
251.249954
247.339355
242.832703
238.551346
234.410690
230.346237
226.650024
222.767883
218.716705
215.160065
211.501724
208.482452
205.000671
202.241364
199.257111
197.009216
194.683502
192.718460
190.982239
189.010910
187.854736
187.086716
186.098618
185.755203
185.479935

