271.693573
173.125946
173.434158
173.980026
174.977264
176.152344
177.334106
179.286346
180.797409
183.025894
185.003891
187.753036
190.360855
193.211060
196.022293
198.997955
202.367065
205.769485
209.369278
212.823761
216.775452
220.253220
224.086212
227.727615
231.346191
235.320206
239.113052
242.916428
246.687881
250.455582
253.678268
257.439148
260.939911
264.173615
267.292175
270.625671
273.615265
276.283264
279.324432
281.472015
284.117462
286.605621
288.826691
290.758331
292.547913
294.439484
296.013214
297.872528
298.932343
300.119385
301.359497
302.254669
303.177582
304.555664
304.619843
305.138367
305.535309
306.313263
306.547974
306.856964
306.983002
307.067596
306.767517
306.631622
306.919769
306.912903
306.930420
306.610992
306.408783
305.957520
305.871307
305.788666
305.443604
305.229034
305.205109
304.717499
304.205170
303.997742
303.658722
303.764130
303.309784
303.629944
303.262390
302.813934
303.131989
303.281830
302.618134
303.144226
302.684479
303.101868
303.412323
303.329529
303.454285
303.555023
303.486755
304.098999
304.321594
304.825165
305.050842
304.941650
305.655701
305.630402
306.030945
306.508636
306.538483
307.054138
307.376526
307.959839
307.883484
308.415863
309.014313
309.335052
309.835541
310.337158
310.009735
310.622101
310.800598
310.854462
311.803070
311.350525
311.438263
312.053619
312.247314
312.306366
312.387909
312.360565
312.563385
312.727356
312.482330
312.466400
312.531799
312.394409
312.646790
312.433838
312.255890
312.161469
311.607605
312.175201
311.451538
311.312408
310.801270
311.063660
310.375946
310.262329
310.445984
309.937927
309.682709
309.532196
309.020813
308.918427
308.866028
308.228455
308.337860
307.733093
307.670502
308.141998
307.670685
307.106506
306.916382
307.180969
307.079010
306.924866
306.688507
306.702728
306.797577
306.891449
306.741547
306.832397
306.830017
306.312927
306.540833
307.143494
307.136322
307.041534
307.605530
307.977051
307.850067
308.176666
308.588257
308.543793
309.359924
309.452881
309.727325
309.832062
310.362091
310.805389
310.682861
311.217224
311.611725
311.818359
312.306458
312.742065
312.726166
313.290375
314.184113
313.857971
314.237488
314.597656
314.874939
315.062561
315.262329
316.010620
315.856659
315.830872
316.115387
316.266785
316.255707
316.498932
316.810547
316.549988
316.663086
316.377197
316.757416
316.675507
316.815338
316.622406
316.641083
316.539032
316.562927
316.169525
316.185059
315.935638
315.332855
315.319092
315.588654
315.135132
314.814423
314.769348
314.230225
314.264008
313.849396
313.479340
313.279175
313.241180
312.711456
312.712250
312.191742
312.411133
311.782654
311.718170
311.407715
311.057312
311.224976
310.786163
310.332397
310.349335
310.253204
310.028809
309.951447
310.130493
309.966309
309.750946
309.872650
310.039734
310.065704
309.977753
309.729309
309.708221
310.110474
310.478638
310.312286
310.536682
310.439941
310.799072
311.128448
311.154297
311.469604
311.993378
312.147705
312.129120
312.476990
313.303101
313.226868
313.294128
313.649963
313.588257
314.636139
314.770599
314.936218
314.692719
315.474976
315.880219
316.151367
316.046082
316.700378
316.896393
316.897736
317.104004
317.490936
317.994598
317.951691
318.526459
317.866791
318.300812
318.441284
318.606689
318.305481
318.462372
318.299683
318.633514
318.396484
318.337280
318.715546
318.285797
318.506439
318.203949
317.983734
317.725677
317.955902
318.018097
317.068054
317.320618
317.396667
317.122162
316.915161
316.831726
316.866516
316.200775
316.037994
315.969116
316.105652
315.649078
315.555969
315.042877
314.701416
314.574890
314.591797
314.546783
314.639893
314.290863
314.405151
314.324402
313.647644
313.633667
313.880585
313.715027
313.661285
313.929871
314.006042
313.529449
313.758057
313.929138
313.473572
314.347931
313.883118
314.532410
314.491241
314.238312
314.563721
314.936005
315.398590
315.065002
315.489502
316.211700
316.057495
316.007355
316.243469
317.071075
317.427917
317.416016
317.909637
318.283051
318.515350
318.502991
318.717957
319.224762
319.445984
320.194214
319.932037
320.501190
320.680939
321.031189
321.319733
321.483032
321.407013
321.738220
322.065338
322.081635
322.060364
322.513794
322.462158
322.645020
322.842499
322.705170
322.499084
322.851379
322.986938
322.370789
322.342987
322.910706
322.590759
322.632324
322.637726
322.300385
322.525452
322.729797
322.158539
321.991302
322.239838
321.825104
321.554443
321.242676
320.921387
320.787079
320.664246
320.444519
320.722961
320.185852
319.704224
319.340210
319.475159
319.085114
319.221161
318.800049
318.541382
318.914948
318.312073
318.930298
318.698456
318.510406
318.552094
318.284454
317.985107
318.298370
318.161926
318.122467
318.268188
317.966492
318.278412
317.922424
318.696075
318.536804
318.894379
319.128937
319.166107
319.583496
319.289490
319.583954
320.270599
319.909882
320.495483
320.541443
320.972198
320.888947
321.453674
321.793365
321.681732
322.127869
322.376648
322.422546
322.810608
323.641418
323.607239
323.972412
324.387695
324.303009
324.850128
325.074707
325.275543
325.250946
325.842590
325.901733
326.413025
326.250092
325.991943
326.279480
327.050598
326.686157
326.325958
327.326355
327.078583
327.234650
327.124054
326.862579
326.797546
327.213623
327.149567
327.078369
326.815155
326.870239
326.993530
326.291443
326.423920
326.650726
325.838593
326.356689
325.866455
325.843170
325.778625
325.289825
325.469666
325.225403
325.499847
324.634094
324.806610
324.597412
324.663788
324.488617
324.151672
324.016998
323.806854
323.760529
324.162567
324.027740
323.586914
323.995758
323.717682
323.867523
323.630798
324.022369
324.101196
323.954071
324.347656
323.669586
324.425415
324.280914
324.425995
324.545227
324.874146
325.046112
324.563629
325.294922
326.225586
326.030121
326.164917
326.517426
326.597748
327.643494
327.725586
327.907959
328.140350
329.002747
328.930450
329.540192
330.046234
330.432556
330.405640
331.140167
331.151245
331.730957
332.106995
332.260010
332.806641
333.356934
333.457031
333.514557
334.127075
334.350098
334.603912
335.113495
335.011322
335.544495
335.135864
335.524719
335.935822
335.740051
336.365112
336.387787
336.496521
336.039398
336.262238
336.438965
336.810425
336.744934
336.421295
336.259918
336.587128
336.421753
336.397858
336.101990
336.026825
335.785553
335.482117
335.708710
335.416473
335.388336
334.900940
334.907135
334.900848
334.661041
334.283936
334.344147
334.347046
333.858643
333.619965
333.098297
333.376404
333.289124
333.549500
332.915985
333.025269
332.881165
333.022064
333.189819
332.523834
332.855011
332.888336
332.758789
332.816895
332.707367
333.298065
333.034424
333.278229
333.343689
333.817230
333.833466
333.657776
334.154449
334.862122
334.885162
335.028687
335.607330
335.970001
336.192078
336.594208
336.981201
336.837036
338.097198
338.069519
338.770660
338.788513
339.351776
339.901459
339.799988
340.226379
341.058014
341.263733
341.295868
341.905487
342.095337
342.669586
343.311554
343.678162
343.868317
344.288788
344.671936
344.942169
344.919220
345.216980
345.512878
345.951050
346.168335
346.218384
346.125427
346.676453
346.556702
346.262695
346.947174
346.587585
346.388916
346.877991
346.877869
346.883514
346.539551
346.795166
346.749664
346.798767
346.328918
345.886292
345.705627
345.967407
345.485504
345.632141
344.811981
344.780487
344.647888
344.255371
344.185577
343.264526
343.510681
342.974213
343.087219
342.979889
342.234314
342.441437
342.113403
342.301422
341.551697
341.742523
341.380585
341.228149
340.828796
341.123810
340.494049
341.006439
340.828491
340.811371
341.080475
340.312439
340.519897
340.691315
340.895325
340.811859
340.694550
340.855865
341.074463
341.400391
341.245087
341.758728
341.479980
341.662354
342.228119
342.195923
342.269287
342.949646
343.166687
343.116638
343.440186
343.483551
344.464355
344.780853
344.922089
344.805786
345.175201
345.784882
346.204132
346.378296
346.415802
346.941406
347.220215
347.356049
347.651672
347.854889
348.397491
348.615784
348.625458
348.607880
348.625000
349.050598
349.331116
349.445496
349.623169
349.602783
349.731293
349.482330
349.803802
350.006348
349.466064
349.714508
349.688202
349.702362
350.070496
349.639862
349.112854
349.160828
349.362335
348.738861
348.628571
348.747742
348.324677
347.581940
347.483582
347.285248
347.307800
347.142883
346.903290
346.809570
346.796936
346.059174
346.258240
345.801422
345.667480
345.737427
345.365631
344.980133
345.163635
345.028076
344.989990
344.670074
345.315857
344.789948
344.541718
344.409454
344.419769
344.373566
343.919434
344.048523
344.021942
344.301483
344.033356
344.391296
344.458862
343.789490
343.910431
344.609009
345.226868
344.696014
345.353790
345.662048
345.616241
345.167267
346.311890
345.931091
346.633667
346.449677
347.011932
346.701385
347.089417
347.669312
347.601471
347.826935
348.137512
347.973053
348.894989
348.519501
348.846649
349.191101
349.338593
349.181122
349.497345
349.356384
349.883942
349.548767
350.288391
349.871246
349.823639
349.572845
349.759827
350.060303
349.868683
350.128479
349.451141
349.466858
349.687897
349.245239
349.003662
349.277222
348.950012
348.716431
348.409851
348.454895
348.185547
347.845520
347.580048
348.114990
347.526855
346.772583
347.012268
346.471344
346.180786
345.909424
345.957489
345.977997
345.519196
345.113953
345.150574
344.615143
344.547363
344.636139
344.503632
343.813385
344.343323
343.686798
343.493774
343.553833
343.487213
343.450348
343.515808
343.405457
343.253601
343.378326
343.458649
343.530182
343.590607
343.609070
344.133636
343.875824
343.844666
344.607086
344.810699
344.770782
345.023010
344.894318
345.043915
345.235596
345.609375
346.021484
346.045288
346.379150
346.471680
346.449249
346.952545
347.148315
347.735748
347.709259
347.855835
348.003540
348.625519
348.794159
348.519562
348.718048
348.518066
348.960815
348.779236
349.027313
348.713501
348.846130
349.193054
348.972565
348.807892
348.476166
348.175934
348.399109
348.395660
348.356171
347.954437
347.656342
347.600830
347.578186
346.841888
346.766357
346.348206
346.370422
346.246796
345.803528
345.434204
345.271942
345.079559
344.285461
343.943604
344.015747
343.844116
343.588715
343.559296
343.083832
343.086853
343.066132
342.533722
342.422333
342.020111
342.386169
341.993134
342.168610
342.409485
342.219025
342.166809
342.552216
342.903717
342.890320
342.794556
343.332672
342.923004
343.559174
343.922546
344.031128
344.746216
344.771118
345.261871
345.304016
345.702942
346.628723
347.220703
347.185822
347.678558
348.056396
348.490540
348.857758
349.341614
349.046906
349.843048
350.418213
350.329834
350.164734
350.097351
350.012451
349.887817
350.169647
349.323486
349.280090
348.616913
347.465912
347.048615
346.194550
345.207764
344.005219
342.492279
341.575073
339.692566
337.738190
336.571228
333.945709
331.700165
329.033875
327.029877
323.896881
321.047424
317.732635
314.921692
311.475861
307.951599
304.299133
300.175720
296.677460
292.467316
288.365112
284.087433
280.007965
276.065643
271.226746
266.683685
262.404114
257.673737
253.216141
249.161270
244.705597
240.574814
236.168869
231.886932
228.245346
224.371231
220.950668
217.162491
213.962906
210.896072
207.939209
205.313126
202.943527
200.586578
198.809372
197.127914
195.967316
194.984039
194.127472
193.558990
194.147766

266.864685
173.188232
173.517990
174.061234
175.044662
176.237137
177.420898
179.368958
180.884735
183.111206
185.110229
187.876297
190.487793
193.365295
196.179840
199.165573
202.529846
205.958160
209.595688
213.053360
217.030762
220.503769
224.369141
228.017410
231.662277
235.630432
239.437805
243.286911
247.094910
250.838593
254.098618
257.866760
261.390228
264.642395
267.795624
271.133972
274.159851
276.845459
279.906799
282.106171
284.742737
287.265198
289.471863
291.469910
293.288239
295.200775
296.777710
298.662476
299.730316
300.949371
302.175415
303.136566
304.056305
305.431580
305.517426
306.086609
306.509491
307.285065
307.524384
307.885742
308.010498
308.110046
307.829132
307.719330
307.997467
307.994202
308.044250
307.728668
307.551270
307.095245
306.980621
306.915955
306.579010
306.398865
306.347382
305.882294
305.348846
305.181519
304.828461
304.945648
304.487091
304.771149
304.423706
303.986633
304.278778
304.429413
303.763947
304.286682
303.799225
304.196381
304.517273
304.440857
304.583191
304.643585
304.539185
305.162262
305.372742
305.863953
306.062653
305.942719
306.620819
306.604797
306.987488
307.425659
307.433105
307.938873
308.237549
308.793274
308.680054
309.194977
309.770416
310.071686
310.537292
310.998749
310.686066
311.254822
311.424530
311.439636
312.382965
311.893616
311.948914
312.532745
312.711792
312.755798
312.784790
312.737366
312.930786
313.056976
312.788818
312.745300
312.781647
312.634552
312.854279
312.589966
312.417511
312.289642
311.681274
312.256989
311.508881
311.307220
310.795349
311.052277
310.356781
310.196350
310.328278
309.805969
309.554504
309.382751
308.836060
308.721497
308.649139
307.986755
308.069672
307.462372
307.387604
307.849487
307.348633
306.778229
306.578461
306.825775
306.725586
306.547119
306.295532
306.310791
306.389832
306.454254
306.292389
306.400757
306.373138
305.864044
306.101532
306.691193
306.662292
306.580841
307.149078
307.532104
307.403107
307.722351
308.129089
308.068176
308.910797
308.986023
309.292969
309.401733
309.915863
310.393097
310.243530
310.852112
311.196869
311.420044
311.924561
312.377808
312.349365
312.913300
313.843750
313.528320
313.893555
314.261536
314.551697
314.771698
314.987518
315.742371
315.600830
315.568848
315.896637
316.081848
316.070709
316.326447
316.667267
316.456329
316.486450
316.320740
316.682068
316.632294
316.786987
316.591339
316.644501
316.546448
316.595001
316.239685
316.273773
316.010315
315.459869
315.433380
315.762299
315.290344
314.982452
314.982391
314.437866
314.470886
314.094940
313.753754
313.549805
313.537018
313.044952
313.058868
312.594147
312.804169
312.211670
312.172150
311.891174
311.544403
311.729034
311.329071
310.845154
310.873749
310.803284
310.595551
310.531982
310.756775
310.639618
310.398254
310.568481
310.768585
310.805908
310.718994
310.506866
310.488220
310.885193
311.287018
311.108429
311.364685
311.296997
311.666809
312.030365
312.025177
312.390442
312.974884
313.128174
313.111969
313.478973
314.315826
314.247498
314.372131
314.726196
314.652130
315.740021
315.880096
316.092438
315.819824
316.654297
317.025177
317.368835
317.285187
317.915924
318.127869
318.139587
318.364105
318.793823
319.270935
319.291656
319.851593
319.217102
319.663757
319.803070
319.989288
319.686066
319.844879
319.696472
320.106232
319.853760
319.769897
320.145355
319.759338
320.007629
319.674774
319.465881
319.214966
319.509491
319.588745
318.613373
318.858948
318.966003
318.701874
318.464447
318.383301
318.431030
317.814301
317.671387
317.590729
317.687744
317.237061
317.175079
316.631165
316.357605
316.197571
316.223236
316.184113
316.289948
315.963654
316.024323
315.958862
315.281342
315.243439
315.529388
315.310822
315.260162
315.532532
315.592865
315.110352
315.374237
315.521393
315.042236
315.906677
315.489014
316.045349
315.999054
315.822021
316.078430
316.452301
316.928070
316.579620
316.980377
317.653931
317.501923
317.381287
317.634430
318.507324
318.817474
318.774323
319.258453
319.628540
319.842529
319.826843
320.001801
320.484131
320.702942
321.450073
321.143433
321.689972
321.869843
322.208832
322.408569
322.536011
322.500946
322.804504
323.154327
323.117828
323.041870
323.453064
323.438080
323.545715
323.682404
323.529114
323.301483
323.624359
323.748596
323.163818
323.085419
323.586792
323.258606
323.295258
323.246185
322.881165
323.122772
323.264038
322.676727
322.502808
322.632538
322.222443
321.976044
321.594147
321.260742
321.090698
320.944489
320.760406
320.952515
320.402161
319.910065
319.490051
319.584503
319.181488
319.278168
318.863220
318.587097
318.953430
318.311798
318.881073
318.645966
318.464142
318.488434
318.196533
317.906311
318.127472
318.047272
317.993256
318.084778
317.769073
318.057220
317.727020
318.439270
318.278961
318.639191
318.864197
318.876312
319.302582
318.966888
319.262909
319.903412
319.580261
320.135803
320.214935
320.635712
320.522003
321.098785
321.450348
321.303528
321.754578
321.980499
322.057007
322.400696
323.283325
323.240509
323.574921
323.983307
323.898804
324.468323
324.685455
324.890930
324.859802
325.448517
325.521149
326.049835
325.882477
325.643738
325.920074
326.710938
326.348206
325.989197
326.971893
326.750793
326.903931
326.821106
326.566010
326.494507
326.941681
326.875671
326.826569
326.568390
326.596863
326.761017
326.083618
326.218475
326.433685
325.610840
326.143646
325.665070
325.656647
325.609558
325.129425
325.326874
325.112000
325.388580
324.537384
324.702698
324.507538
324.573700
324.430115
324.078339
323.947662
323.773285
323.700439
324.102722
324.005859
323.555054
323.999695
323.727600
323.871887
323.633301
324.036682
324.143433
323.971130
324.333740
323.728821
324.506409
324.349182
324.480011
324.602509
324.952301
325.124664
324.629608
325.377930
326.314117
326.098175
326.247833
326.610229
326.689514
327.731995
327.837585
328.002258
328.239075
329.109772
329.023743
329.632996
330.136078
330.509613
330.506500
331.222351
331.234680
331.825562
332.172607
332.330963
332.867554
333.432709
333.521576
333.583954
334.174744
334.400452
334.638245
335.169983
335.017334
335.582703
335.151367
335.532440
335.964813
335.756958
336.354340
336.375916
336.473206
336.007172
336.260193
336.409088
336.757385
336.694122
336.345428
336.178711
336.522491
336.333954
336.315552
335.999969
335.894226
335.645721
335.343170
335.572418
335.264801
335.212585
334.760834
334.734253
334.719421
334.478668
334.083008
334.143829
334.143890
333.641510
333.412354
332.864746
333.142761
333.025726
333.289429
332.643127
332.762543
332.610535
332.745514
332.901886
332.257019
332.542328
332.592010
332.463867
332.502686
332.418610
332.964569
332.706116
332.954315
333.017181
333.478363
333.458252
333.286255
333.799103
334.506317
334.538818
334.663361
335.244019
335.590912
335.796753
336.242767
336.607361
336.488068
337.706573
337.678162
338.368134
338.421906
338.977936
339.497589
339.442505
339.831299
340.653198
340.877960
340.893738
341.491272
341.705872
342.297150
342.913422
343.299255
343.463257
343.888458
344.285095
344.538757
344.514221
344.821014
345.143707
345.561737
345.796844
345.832916
345.762817
346.281677
346.179443
345.863586
346.582581
346.209900
346.035675
346.519165
346.522369
346.500580
346.154144
346.436249
346.360229
346.426483
345.979523
345.525970
345.358734
345.644012
345.148834
345.272400
344.458069
344.437073
344.292816
343.916901
343.842865
342.925323
343.165283
342.634796
342.783295
342.675415
341.887054
342.144867
341.804688
342.016907
341.254333
341.435516
341.082764
340.938721
340.533020
340.840027
340.199921
340.711761
340.556885
340.564270
340.798248
340.048615
340.281158
340.399292
340.697937
340.583771
340.452118
340.584229
340.854858
341.149597
341.005005
341.568329
341.272461
341.466644
342.023743
341.992371
342.064819
342.731934
342.993622
342.964966
343.237000
343.317657
344.254608
344.595093
344.745667
344.657013
345.000793
345.595551
346.017365
346.188477
346.206451
346.800568
347.065887
347.214722
347.534119
347.752045
348.281616
348.515503
348.498169
348.489899
348.547607
348.961151
349.230072
349.359406
349.544434
349.492676
349.675995
349.415649
349.737305
349.957489
349.391998
349.681274
349.649231
349.642395
350.038971
349.575439
349.089600
349.133087
349.322205
348.717285
348.639709
348.729797
348.330200
347.547882
347.491364
347.312042
347.306580
347.181244
346.939026
346.856659
346.846619
346.131805
346.317657
345.866486
345.718536
345.782227
345.402679
345.050446
345.252808
345.114655
345.056335
344.773163
345.382416
344.875092
344.663849
344.528687
344.511749
344.488037
344.052399
344.166718
344.140686
344.466125
344.187378
344.546112
344.614319
343.942444
344.073425
344.792786
345.399963
344.853271
345.514587
345.830261
345.775391
345.357697
346.501770
346.067627
346.830811
346.651489
347.196167
346.890747
347.291443
347.909943
347.794830
348.051422
348.348602
348.212708
349.125153
348.770233
349.103973
349.406952
349.557343
349.436768
349.730042
349.605591
350.174530
349.826416
350.531219
350.163910
350.071686
349.827759
350.028900
350.317474
350.129883
350.408508
349.735168
349.751099
349.965302
349.512634
349.284576
349.540649
349.232727
349.012024
348.695618
348.745789
348.515778
348.145142
347.875061
348.407501
347.805969
347.068665
347.305939
346.772614
346.459808
346.234497
346.289459
346.272827
345.811188
345.430573
345.471832
344.938904
344.895813
344.981781
344.814331
344.119537
344.660950
343.978119
343.815887
343.860168
343.807434
343.784058
343.876526
343.770905
343.569244
343.706787
343.779724
343.866333
343.957520
343.968018
344.455109
344.199615
344.155151
344.964600
345.150146
345.090424
345.352264
345.221649
345.374390
345.561340
345.950012
346.379120
346.365997
346.691895
346.809540
346.760040
347.265961
347.477539
348.077789
348.061768
348.181366
348.333221
348.936707
349.114349
348.851166
349.079926
348.843140
349.240204
349.108917
349.327637
349.011475
349.172729
349.491760
349.268005
349.114380
348.732178
348.464172
348.712219
348.685028
348.620178
348.248962
347.957977
347.883667
347.849426
347.105682
347.065094
346.630493
346.655579
346.517517
346.068054
345.703186
345.521667
345.339996
344.535950
344.185272
344.241669
344.099854
343.830383
343.811493
343.311707
343.338898
343.326202
342.739410
342.654144
342.240509
342.597504
342.188812
342.373810
342.605316
342.434814
342.355774
342.732422
343.104675
343.063690
342.993866
343.535156
343.091278
343.739594
344.117798
344.217621
344.913513
344.935974
345.445679
345.454071
345.867584
346.772858
347.376312
347.325836
347.801727
348.186310
348.618713
348.956421
349.462067
349.167572
349.955109
350.535614
350.439117
350.243195
350.201935
350.142853
350.003265
350.243225
349.437531
349.354614
348.714630
347.533142
347.128998
346.282501
345.322235
344.088684
342.581970
341.664581
339.746338
337.815704
336.625916
333.987976
331.758209
329.089233
327.104950
323.966431
321.092865
317.771362
314.954651
311.519379
307.980255
304.344391
300.215729
296.697601
292.512024
288.390228
284.106720
280.039062
276.110229
271.260529
266.702972
262.410767
257.692139
253.243927
249.194000
244.725189
240.578156
236.190414
231.909882
228.259735
224.383545
220.954453
217.172485
213.974701
210.901215
207.945084
205.324921
202.948273
200.592239
198.807983
197.132874
195.971252
194.988419
194.142181
193.546814
194.236847

219.449905
185.156387
185.614777
186.505096
187.258240
188.517410
190.172806
191.671066
193.830841
195.968353
198.269836
201.092575
203.887985
206.756790
210.190613
213.548523
217.189102
220.750290
224.047424
228.425964
231.994690
235.989716
240.228546
244.414886
248.342422
252.408707
256.486267
260.176544
264.304291
268.234741
271.915466
275.723145
279.465271
283.257263
286.406342
289.836517
292.918976
295.886230
299.215820
301.777039
304.071136
306.783356
308.905029
311.568390
313.281281
314.714996
316.571808
318.336945
319.553314
321.078827
321.969208
322.946808
323.864197
324.756805
325.813110
325.810883
326.616425
326.618256
327.189575
327.557709
327.322083
327.734406
327.282196
327.099731
327.084900
327.145844
326.666534
326.303711
325.921326
326.022919
325.395721
324.860748
324.593506
324.076508
324.063232
323.913696
323.770935
322.729645
322.789459
322.298828
322.204987
322.092804
322.178040
321.754700
321.271149
321.836609
320.867432
320.970947
320.899109
321.087708
321.240509
321.406616
321.527252
321.324005
321.606476
321.460449
322.007324
322.079926
322.473419
322.846405
322.603302
323.121124
323.460602
323.887482
324.204163
324.198334
324.943512
324.726746
325.345581
325.610748
325.806610
326.347351
326.679626
326.776123
326.921539
327.668488
327.452118
327.608521
327.644409
328.306976
328.367767
328.870514
328.482330
328.698029
328.570801
328.621155
328.653900
328.589081
328.797821
328.754486
328.748871
328.621735
328.009796
327.921936
328.105347
327.820312
327.688995
327.435333
327.202728
326.953796
326.919525
326.207947
325.733612
325.337463
325.318237
325.066620
324.513397
324.808960
324.239655
323.302826
323.206421
323.070129
322.728973
322.657715
322.305328
322.357880
321.830536
321.684418
321.396240
321.012787
321.492615
320.933105
320.656311
320.435242
320.599670
320.714417
320.369049
320.943298
320.486420
320.163788
320.433807
320.579987
320.792450
320.948212
320.977173
321.084320
320.793030
321.761078
321.946838
321.709290
322.085266
322.168060
322.598022
322.977509
323.436523
323.780914
323.908234
323.806885
324.510193
324.968475
325.028442
325.456421
325.382446
326.278076
326.467102
326.931976
327.021271
326.747162
327.053131
327.726135
327.936035
328.236877
328.470917
328.625427
328.589539
329.268829
328.941833
329.247620
328.616638
328.502136
328.384949
328.863373
328.444366
328.889374
328.914734
329.011230
328.684723
328.653931
328.223541
327.667572
327.761841
328.159912
327.202515
326.947693
327.029938
326.727509
326.094666
326.257538
325.683624
326.034637
325.844269
325.150513
324.386383
324.427185
323.641602
323.396973
323.330750
323.057129
322.489532
322.845917
321.939484
322.372162
321.474609
321.191620
320.761444
320.918762
320.682404
320.470764
320.463684
320.258606
320.183838
319.631470
320.179382
320.259979
320.447479
320.175385
320.056061
320.101196
320.396179
320.374969
320.649048
320.708649
320.698761
321.089691
321.167511
320.891602
321.208008
321.481812
321.978302
322.358917
322.104736
323.081482
323.066650
323.315613
323.337860
323.890015
323.782837
324.304352
324.526672
324.762573
325.070740
325.554688
325.829041
325.831909
326.288177
326.260742
326.773865
326.677124
327.392792
327.214630
327.504150
327.827728
327.638428
327.714233
327.645142
327.853699
328.016602
328.038391
328.176697
327.679443
327.783661
327.602997
327.734833
327.581726
327.612061
327.543060
326.992126
327.062408
326.907806
326.139496
326.817657
326.584991
326.233337
325.821503
325.979553
325.523407
325.392792
325.060669
324.591431
324.650116
324.245056
323.916992
324.319641
323.830383
323.736115
323.670044
323.052765
323.099609
322.867004
322.795746
322.607178
322.283844
322.286255
322.474670
322.012939
322.515717
321.899475
321.625427
322.296783
321.978790
321.910492
322.232269
322.435913
321.636261
322.349396
322.648376
322.458710
322.543365
322.769745
323.120941
323.358734
323.080658
323.690277
323.900543
324.138794
324.729004
324.845093
324.852692
325.171600
326.008148
325.979431
326.553436
326.421906
326.589752
326.717407
327.458466
327.620422
327.305481
327.951172
327.955872
328.601868
328.934631
328.745148
329.839722
329.482208
329.552643
330.161041
329.812347
330.284180
330.105804
330.599518
330.287720
330.433838
330.810516
330.552124
330.637024
330.542328
330.816467
330.250122
330.426270
330.271149
330.552307
330.087189
329.686737
330.026337
329.814850
329.708557
329.538818
329.188934
329.350647
328.834717
328.467224
328.641113
328.342407
328.042908
327.777313
328.009186
327.368378
326.882324
326.838074
326.507904
326.805573
326.092133
326.602020
326.035461
326.002747
325.904480
325.885010
325.135986
325.754761
325.305481
325.545715
325.067047
324.927979
325.163666
324.977905
324.938629
325.079254
325.058197
325.337097
325.084656
325.266449
325.492920
325.556854
325.670288
325.841675
325.832642
325.959167
326.388367
326.478333
327.142334
327.390594
327.281189
327.710541
328.031525
328.258331
328.329651
328.675323
328.501038
329.225067
329.605957
329.807587
329.538269
330.281403
330.595001
330.872925
331.224091
331.174591
331.246613
332.060211
331.527832
332.083313
332.041962
332.422180
332.449097
332.718170
333.083710
332.465607
333.244629
332.584412
332.893280
333.124054
333.147552
332.765839
333.039551
332.977875
332.970795
332.241943
332.264526
332.529327
332.208649
332.219177
332.082092
332.004669
331.851257
331.734772
331.176697
330.931671
331.072754
330.768616
330.537415
330.348694
329.847321
330.126587
330.259247
329.648926
329.288422
329.379089
329.044220
328.875092
328.778992
328.354614
328.905212
328.806061
328.376556
328.218567
328.115814
328.266602
328.186279
328.052429
327.694580
327.802094
329.323730
328.486084
328.302155
328.455017
328.612152
328.850922
329.014893
329.379150
329.436859
329.430023
329.574341
329.885925
330.466400
330.304169
330.472534
331.161102
331.439575
331.342072
331.581146
332.057007
332.542755
332.980377
332.780853
333.308014
333.361420
334.009705
334.114075
334.563934
334.581787
335.205688
336.015564
336.121582
335.906006
335.943054
336.752014
336.771790
337.276764
336.799988
337.488037
337.723694
337.915039
338.206543
337.815674
338.158173
338.267548
338.141479
337.792511
338.106812
338.207855
337.908264
337.882507
337.693665
337.726379
337.501251
337.761108
337.569611
337.373230
337.426941
337.137268
336.997894
336.725128
336.441315
336.000275
335.746857
336.006897
335.921997
335.456726
335.348938
334.732086
334.573608
334.527588
334.290131
334.071747
333.458954
333.255096
333.301361
333.032135
332.929199
332.964172
332.734772
332.413666
331.957123
331.934052
332.307526
332.418945
332.394836
332.099030
332.076782
331.944031
331.978119
332.488831
332.308472
332.353119
332.653015
332.629700
332.925140
333.178528
333.337769
333.675140
333.623871
334.286652
333.997284
334.370087
334.717346
335.328339
335.318573
335.713593
335.676910
336.093323
336.778381
337.008331
337.079651
338.128754
338.136505
338.481201
338.448669
338.830231
339.277008
339.412720
339.860840
340.673431
340.694305
340.812286
340.953247
341.222168
341.579132
341.854340
341.598236
342.460236
342.012299
342.253113
342.018036
342.111115
342.302643
342.532715
342.526093
342.554291
342.302368
342.144745
342.149017
341.661652
342.018677
342.370911
342.008392
341.350647
341.363159
341.199951
341.018585
340.710907
340.406342
340.097900
340.033112
339.736755
339.069061
338.857880
338.729401
338.220551
337.968384
338.051422
337.427612
337.147552
336.813110
336.726379
336.619232
336.132111
336.131348
335.874359
335.125061
335.086182
335.392517
334.924408
334.677948
334.764099
334.219147
334.653809
334.541199
334.250946
334.244934
334.201294
334.065247
333.986908
334.102173
334.323730
334.031219
334.220581
334.691132
334.965424
334.792908
334.545807
334.696228
335.528656
335.518951
335.725098
335.398499
336.052307
336.208466
336.405121
336.936554
337.278137
337.166016
337.648743
337.806580
338.255310
338.342651
338.433136
339.021912
339.092682
339.431244
339.494629
339.886627
339.715240
340.257874
340.401520
340.875488
340.884827
340.869202
340.808105
340.893311
341.137787
341.142792
341.164459
341.434143
341.491302
341.796722
341.578583
341.276367
341.225342
341.200439
340.973022
341.016876
340.908356
340.792816
340.194214
340.451935
340.140594
339.902985
339.251923
339.363434
339.538666
338.621918
338.496033
339.020172
338.096100
337.870361
337.863617
337.324646
337.344635
336.792969
336.528503
336.524353
336.198883
335.877502
335.749115
335.841095
335.754852
335.413269
335.346863
335.518250
335.097260
334.330780
334.895874
334.331543
334.761169
334.706543
334.406799
334.172577
334.719513
334.718292
334.917725
335.029266
334.807526
334.824738
334.882233
334.899445
335.225342
335.262146
335.489960
335.959961
335.931366
335.911804
336.016907
336.648285
336.839508
337.140228
336.918823
337.138916
337.057922
337.787170
337.978271
338.091492
338.171997
338.284973
338.248505
338.657715
338.740662
338.770050
339.520081
339.264038
339.098083
338.883179
339.445953
338.856110
339.607208
339.377502
339.294006
339.227325
339.494385
338.958771
339.345825
339.017151
339.290863
338.829346
338.889069
338.860016
338.417236
338.437347
337.811768
338.397400
337.879974
337.490997
337.451477
336.374268
336.733582
336.923187
336.280945
335.776947
335.702301
335.383575
335.231934
335.174835
334.673492
334.095184
334.065979
334.206970
334.427277
333.702972
333.011871
332.920166
333.049133
333.144592
333.342529
332.899536
332.828735
332.619598
332.621979
332.683258
332.433929
332.143127
332.339905
332.397705
332.990631
332.276703
332.681763
332.809021
333.018646
332.554230
333.382324
333.671448
333.351990
333.135651
333.614014
334.098816
334.303162
334.588684
334.699371
334.374268
334.878387
335.384460
335.168488
335.753967
335.812408
335.671509
336.215576
336.307861
336.629059
336.740082
336.747589
337.004089
336.883179
337.348816
336.801971
337.400452
337.497528
336.823914
337.033691
337.303131
337.518372
336.986633
336.956909
336.545502
336.713867
336.467163
336.393311
336.655426
335.764404
335.809082
335.953766
335.284637
335.419373
335.186401
334.543335
334.699890
334.164368
334.283020
333.672760
333.340485
333.326324
332.590302
332.682373
332.766388
331.910492
331.837646
331.736053
331.248901
331.340942
330.744720
330.650696
330.846130
330.781799
330.743286
330.461487
330.681610
330.741638
330.970886
330.945007
330.734436
331.355286
331.748230
331.052521
331.485657
332.049957
332.221680
332.160858
332.827667
333.271088
333.426147
334.072815
334.419678
334.770721
334.694458
335.503082
335.764496
336.142548
336.420074
336.712646
336.629242
337.572021
337.730530
337.921783
337.860199
338.348419
337.776398
337.805145
338.032104
337.566284
337.294464
337.092194
336.424774
335.761475
335.024719
334.291870
333.594299
332.117004
330.268677
329.607452
327.871124
326.268005
324.305298
322.314545
319.958557
317.898346
315.189056
312.913910
309.769012
306.777863
303.843414
300.576813
296.821045
293.467041
290.075714
286.028351
282.179077
278.701752
274.151123
270.417725
265.831848
261.771484
257.331696
252.998322
248.776291
244.689682
240.430389
236.334564
232.267929
228.227661
224.459106
220.329330
216.635986
213.116150
209.676620
206.467377
203.633606
200.784988
198.257187
195.826752
193.755219
192.272964
190.688248
189.280212
188.256699
187.597534
187.131882
186.903488

224.057037
185.759171
186.206924
187.105606
187.839523
189.111679
190.792892
192.303864
194.426208
196.582489
198.866837
201.721634
204.511871
207.398743
210.831467
214.189301
217.843582
221.406570
224.722290
229.101410
232.685059
236.683319
240.948364
245.120560
249.071762
253.126633
257.222534
260.922302
265.037109
268.967560
272.682648
276.469788
280.279724
284.062256
287.174225
290.656311
293.716400
296.711243
300.069092
302.630432
304.930786
307.649994
309.787872
312.499725
314.213104
315.677948
317.510681
319.289246
320.506989
322.064606
322.950684
323.952606
324.830231
325.778198
326.804626
326.844666
327.645447
327.613953
328.218536
328.649017
328.363159
328.795258
328.355621
328.168732
328.155731
328.232391
327.767059
327.437988
327.005615
327.141541
326.522247
325.975739
325.692566
325.191681
325.174042
325.023804
324.927826
323.869446
323.925079
323.380798
323.328125
323.184692
323.265350
322.890503
322.356598
322.960083
321.964661
322.058746
321.987457
322.197540
322.363373
322.464355
322.575226
322.373352
322.650940
322.501526
323.056793
323.097046
323.466309
323.847626
323.587952
324.087341
324.426117
324.838287
325.131805
325.163879
325.889404
325.671265
326.276428
326.507629
326.719055
327.241577
327.556274
327.591187
327.709198
328.486664
328.262939
328.434418
328.471161
329.024933
329.103729
329.625519
329.218079
329.440002
329.309631
329.345642
329.328827
329.299713
329.490509
329.442474
329.409576
329.245941
328.593262
328.545502
328.701599
328.397675
328.285004
328.008209
327.764069
327.508118
327.458984
326.716370
326.252869
325.836273
325.782166
325.543213
324.998138
325.257141
324.672485
323.713776
323.624359
323.490570
323.109711
323.031921
322.657166
322.792786
322.214142
322.039551
321.712677
321.391907
321.854462
321.246185
321.007050
320.763397
320.944122
321.064697
320.648346
321.254456
320.763000
320.488556
320.702484
320.893524
321.074249
321.201752
321.242401
321.359192
321.051392
322.005310
322.189484
321.961121
322.309113
322.399536
322.848389
323.196930
323.676483
324.033752
324.110565
324.006195
324.686829
325.154816
325.233276
325.647827
325.577728
326.432007
326.623138
327.103241
327.182007
326.898895
327.187225
327.861298
328.071472
328.366150
328.590057
328.742767
328.722229
329.409027
329.031525
329.351257
328.711792
328.612030
328.500275
328.955994
328.533051
328.970947
328.982544
329.070496
328.739471
328.695374
328.283203
327.707825
327.810059
328.198486
327.226379
326.964539
327.038055
326.717987
326.095398
326.260315
325.692139
326.003479
325.813904
325.088043
324.321320
324.353027
323.597565
323.334351
323.264160
322.971619
322.411591
322.749237
321.833923
322.290131
321.387177
321.053955
320.658569
320.787750
320.561859
320.353851
320.330780
320.117218
320.020996
319.496735
320.039307
320.131592
320.313171
320.029510
319.930939
319.954102
320.219818
320.236298
320.510620
320.564331
320.560822
320.933899
321.024841
320.738770
321.092194
321.343048
321.852264
322.239197
322.007965
322.979279
322.923889
323.194885
323.227661
323.792358
323.695007
324.201538
324.449585
324.707703
325.014587
325.482391
325.788727
325.808044
326.271027
326.246460
326.750916
326.667908
327.412598
327.203918
327.564758
327.898132
327.736572
327.783722
327.741516
327.988495
328.178375
328.211029
328.339966
327.864563
327.956512
327.805450
327.985901
327.843262
327.850464
327.851440
327.303802
327.358032
327.248077
326.498535
327.190338
326.968994
326.621490
326.238831
326.414642
325.983521
325.878632
325.578369
325.098114
325.172394
324.793182
324.454254
324.874573
324.398254
324.348389
324.291595
323.664459
323.746674
323.529205
323.459320
323.297089
322.992371
322.983246
323.190948
322.741211
323.259918
322.678375
322.378906
323.079071
322.759705
322.738892
323.044861
323.290619
322.472382
323.195557
323.499969
323.277863
323.384552
323.661774
324.002991
324.251556
323.962769
324.567505
324.783936
324.986786
325.592133
325.730743
325.773163
326.080475
326.883118
326.863373
327.456970
327.279297
327.461609
327.568787
328.324341
328.458771
328.167145
328.782837
328.778442
329.411926
329.756531
329.582001
330.668549
330.278290
330.326843
330.937134
330.551086
331.009888
330.831696
331.329742
331.022003
331.115753
331.483948
331.134369
331.296967
331.155792
331.404236
330.844208
330.997467
330.817230
331.107635
330.641022
330.208069
330.501160
330.278900
330.156342
329.962402
329.633759
329.756622
329.215729
328.849976
329.016357
328.693817
328.358856
328.086273
328.289795
327.634003
327.120209
327.071350
326.733704
326.996429
326.269531
326.762207
326.194244
326.121124
326.029205
325.993561
325.216980
325.838715
325.355194
325.588470
325.106415
324.944000
325.173767
324.969086
324.901794
325.034760
325.040344
325.279907
325.010223
325.196533
325.405823
325.470734
325.570526
325.753204
325.707916
325.860779
326.263672
326.347443
327.015320
327.241730
327.150330
327.580139
327.906738
328.103973
328.200226
328.552887
328.349487
329.075836
329.441467
329.670349
329.379089
330.125580
330.457764
330.743805
331.104919
331.033417
331.102875
331.930054
331.382843
331.951874
331.938873
332.315338
332.351593
332.624420
332.976868
332.401062
333.177185
332.491608
332.817688
333.059448
333.091217
332.711639
333.022766
332.946899
332.949005
332.232788
332.272522
332.561005
332.250702
332.274017
332.135315
332.053253
331.929657
331.805023
331.276489
331.027893
331.176697
330.912476
330.685730
330.504425
330.021362
330.273987
330.435394
329.845184
329.475769
329.592896
329.256165
329.078827
329.013763
328.611450
329.185974
329.033508
328.662506
328.518341
328.421112
328.557098
328.502808
328.352997
328.029175
328.158051
329.373291
328.853943
328.654022
328.829773
328.952026
329.228058
329.383606
329.751465
329.839111
329.827362
329.979828
330.300781
330.859375
330.707825
330.860107
331.565369
331.871246
331.763885
332.023346
332.484985
332.956360
333.448364
333.218964
333.746033
333.754791
334.432373
334.578796
334.998383
335.015045
335.661530
336.435089
336.538116
336.339783
336.367584
337.193909
337.200836
337.663330
337.215820
337.916626
338.117310
338.331726
338.617218
338.166718
338.543213
338.655151
338.528107
338.166107
338.471527
338.592224
338.312897
338.244110
338.054871
338.050629
337.854065
338.098022
337.931732
337.706909
337.743591
337.467804
337.316528
337.066162
336.758240
336.306580
336.049927
336.291168
336.174744
335.714661
335.615753
334.996155
334.834259
334.779572
334.531586
334.275330
333.669891
333.473114
333.507599
333.264404
333.164429
333.143280
332.909576
332.594025
332.127808
332.080933
332.472534
332.545380
332.503479
332.239136
332.213104
332.077789
332.099243
332.589355
332.411072
332.479065
332.727173
332.666504
333.014008
333.254150
333.403809
333.723419
333.686462
334.323608
334.033325
334.381805
334.706268
335.342499
335.329559
335.704834
335.642853
336.066956
336.743652
336.969055
337.032990
338.056580
338.075317
338.413147
338.378571
338.743256
339.179352
339.319489
339.759766
340.569000
340.549225
340.701965
340.806183
341.094910
341.426300
341.714417
341.438995
342.272491
341.843231
342.057159
341.836700
341.908691
342.089722
342.318512
342.298950
342.332428
342.058502
341.897186
341.897247
341.427246
341.745148
342.078430
341.724182
341.063477
341.053375
340.887787
340.707489
340.384247
340.077820
339.772675
339.698273
339.377960
338.725006
338.508423
338.365997
337.851135
337.597748
337.697205
337.058655
336.766846
336.418396
336.319275
336.202454
335.723114
335.725006
335.445068
334.719727
334.658813
334.955902
334.508759
334.259491
334.313080
333.769012
334.190338
334.084473
333.780731
333.804901
333.725861
333.602936
333.517334
333.635254
333.876923
333.552338
333.736938
334.207703
334.499786
334.297607
334.073547
334.247955
335.049591
335.047394
335.242950
334.935608
335.576752
335.766937
335.897491
336.478607
336.797546
336.745483
337.188019
337.350708
337.817535
337.890076
337.976501
338.584930
338.636871
339.008667
339.063446
339.486298
339.302673
339.872437
340.018646
340.472290
340.463440
340.475861
340.403107
340.491333
340.758026
340.747437
340.813324
341.041138
341.107056
341.430084
341.222809
340.936951
340.901703
340.851746
340.637512
340.697510
340.626038
340.475403
339.877289
340.131561
339.836273
339.656097
338.974579
339.103271
339.253754
338.400482
338.266327
338.796661
337.892456
337.631195
337.657776
337.092743
337.148499
336.590118
336.348450
336.355560
336.031982
335.714722
335.579010
335.722015
335.623474
335.266205
335.078766
335.404236
334.956726
334.204376
334.777466
334.240295
334.672455
334.598206
334.314453
334.073883
334.663574
334.654816
334.865417
334.973206
334.779266
334.770111
334.854248
334.863373
335.156372
335.249512
335.515045
335.952026
335.940338
335.893494
336.009186
336.640228
336.822601
337.126160
336.892212
337.152832
337.069061
337.751190
338.000305
338.129303
338.197906
338.291321
338.284210
338.668365
338.729248
338.784393
339.556763
339.311646
339.147491
338.875092
339.462036
338.921387
339.661926
339.407532
339.316345
339.271179
339.523834
338.981140
339.393738
339.074585
339.342133
338.848663
338.921021
338.890259
338.475952
338.456787
337.862091
338.443146
337.924652
337.537018
337.471893
336.424500
336.773132
336.955109
336.301727
335.819458
335.741394
335.434540
335.265991
335.235687
334.739075
334.148010
334.097687
334.254608
334.485107
333.729828
333.058807
332.967072
333.101105
333.176453
333.387512
332.917877
332.846527
332.640137
332.662018
332.729614
332.481995
332.198090
332.382904
332.441742
333.025970
332.312653
332.708069
332.830200
333.085114
332.616455
333.423706
333.702393
333.363190
333.171387
333.659424
334.148071
334.329956
334.640625
334.729401
334.413910
334.928375
335.415314
335.225830
335.790009
335.856842
335.714539
336.257172
336.327301
336.692688
336.790985
336.771698
337.066956
336.939087
337.396332
336.841370
337.425720
337.522980
336.885193
337.087769
337.341125
337.584045
337.043793
337.005219
336.598389
336.763153
336.493073
336.478302
336.699585
335.808655
335.850494
336.012115
335.316650
335.449738
335.241058
334.585999
334.729980
334.209473
334.328247
333.732697
333.393921
333.356384
332.620605
332.714020
332.806915
331.952179
331.876282
331.762054
331.298615
331.390564
330.765747
330.678741
330.865204
330.827850
330.784668
330.509033
330.713348
330.762054
330.981415
330.948181
330.739532
331.375702
331.769043
331.068420
331.506134
332.062073
332.245056
332.148224
332.856781
333.290924
333.443634
334.054443
334.396057
334.741547
334.699158
335.497650
335.763733
336.126465
336.397980
336.685089
336.587280
337.549469
337.693115
337.887970
337.818115
338.333313
337.746826
337.763428
337.978333
337.525970
337.247223
337.037964
336.361969
335.690186
334.964722
334.234314
333.529602
332.047485
330.185669
329.542938
327.800903
326.195129
324.228882
322.250183
319.856964
317.816254
315.100067
312.805725
309.634552
306.670532
303.718628
300.490051
296.701782
293.378601
289.976624
285.911163
282.055878
278.616516
274.035492
270.301788
265.711639
261.643646
257.199860
252.853104
248.642441
244.543320
240.302780
236.176971
232.135529
228.084702
224.308395
220.202866
216.482040
212.964294
209.535797
206.312469
203.480560
200.620056
198.101593
195.678299
193.611450
192.120468
190.534332
189.116074
188.103851
187.440811
186.970276
186.769104

