299.427460
174.079041
174.350510
174.958481
175.803635
177.192993
178.224930
179.954651
181.928345
184.072968
186.281174
188.653656
191.345322
194.008087
197.062256
200.325302
203.457230
207.093201
210.515961
214.131027
217.734879
221.380951
225.338806
229.239349
232.910660
236.739792
240.523026
244.225571
247.897598
251.450394
254.917404
258.504578
261.770233
265.623169
268.486053
271.858826
274.576508
277.146057
280.406219
282.895233
285.463318
287.379944
289.950409
292.210144
293.934448
295.947113
296.840759
298.791595
300.291229
301.656952
302.765808
303.760834
304.657928
305.494934
306.276978
306.757050
307.217133
307.648407
307.969788
307.973999
308.198242
308.365417
308.073975
308.354767
308.105347
307.829681
307.767517
308.394318
307.020569
307.323975
307.086426
306.759003
306.779816
305.766663
306.103912
305.503082
305.140625
305.429504
305.159668
304.944183
304.748779
304.221649
304.304474
304.163300
304.178802
304.343140
304.261688
304.091003
304.026398
304.356781
303.862396
304.167236
304.539978
304.441650
304.638153
305.202087
305.064575
305.601318
305.823730
306.101776
306.218842
306.641449
306.841278
307.153351
308.011017
308.226227
308.175079
308.771637
309.035645
309.531708
310.186371
310.096771
310.459167
310.668976
311.025269
311.344604
311.850616
311.798981
312.547150
312.191803
312.795593
312.593262
313.098328
313.564392
313.572815
313.136047
313.669250
313.577789
313.732086
313.816864
313.292419
313.520233
313.301910
313.086731
312.911865
312.874207
312.985077
312.675385
312.389923
312.178314
312.171478
312.101959
311.892120
311.353027
311.048889
311.438904
310.989716
310.255615
309.837067
310.116333
309.750885
309.547668
309.320801
309.294312
308.952332
308.624817
308.521301
308.228912
308.207764
308.095795
307.789795
308.163361
307.949982
307.820740
307.978455
307.697418
307.543762
308.018127
307.936218
307.957306
308.453156
308.421722
308.293396
308.799438
308.774597
309.073364
308.812073
309.370178
309.970734
309.904480
310.620209
310.533905
310.949768
311.229889
311.521820
312.420502
312.054871
313.004547
313.421814
313.816345
314.187469
314.161865
314.617096
314.965271
315.138641
315.701569
316.118683
316.479889
316.459137
316.979797
317.072510
317.311920
317.452454
317.808716
317.795380
317.932678
318.280670
318.100891
318.487549
318.422119
318.730499
319.045563
319.252472
318.838348
318.576111
318.877808
318.986755
318.214569
318.484924
318.381897
318.286621
317.997650
317.845215
317.420654
317.853455
317.407379
316.882019
316.625732
316.559204
316.248016
316.394592
316.083221
315.601440
315.283875
315.026337
314.464600
314.576233
314.715240
313.927429
314.011414
314.022614
313.762848
313.344391
313.444611
313.217529
313.502350
312.768433
312.772858
312.828308
312.723969
312.566223
312.876465
312.671600
312.661652
312.646240
312.729889
313.004913
313.284668
312.984894
313.256683
313.359100
313.213379
313.608795
313.514343
313.752167
314.317780
314.294556
314.515228
314.903809
315.408081
315.549622
315.851929
315.893646
316.321503
316.787598
317.301910
317.663391
317.646057
317.996552
318.194458
318.643646
319.079926
319.176910
319.728546
319.863739
320.027618
319.912781
320.856079
321.355652
321.276093
321.464233
321.470215
321.276855
321.647980
321.641205
321.700134
321.950806
322.050903
322.095215
322.071136
321.834076
322.219299
322.074585
322.188080
321.979980
322.013367
321.488129
321.470428
321.434814
321.394165
321.000946
321.072327
321.107941
320.759460
320.580566
320.368530
320.068268
320.041077
319.587433
319.507965
319.793457
319.399658
319.172546
318.899231
319.132355
318.438080
318.412079
318.391998
317.979797
318.390839
317.558044
317.707367
317.623962
317.484741
317.488586
317.312531
317.740173
317.202911
317.204498
317.362183
317.594849
317.274872
317.963715
317.828522
318.157959
318.055054
317.870209
318.184631
318.428833
318.844513
319.064606
318.644653
319.515686
319.886017
320.181335
320.028259
320.375122
320.593323
321.309540
321.531158
321.573242
321.742035
322.120422
322.617554
322.885864
322.919647
323.137970
324.043488
324.099701
324.567993
324.293060
324.903748
324.749054
325.350952
325.706512
325.738525
325.717987
325.724884
325.934875
325.846008
326.481232
326.530731
326.607941
326.460144
326.891632
326.621521
326.715942
326.854309
326.643311
326.463257
326.329193
326.782349
326.198120
326.450226
326.232300
326.185242
326.233948
325.284943
325.474701
324.931824
325.256226
324.832001
325.045563
324.542847
324.655029
324.061035
323.976929
323.950928
323.565247
323.104767
323.188721
323.268250
322.680511
322.947235
322.805756
322.508881
322.453033
321.889465
321.935242
322.016113
321.669708
321.588196
321.737549
321.645874
321.810181
321.968811
321.590729
321.776337
321.781708
321.665009
322.049988
321.891724
322.258148
322.050293
322.558197
322.608154
322.820801
323.012878
323.231628
323.633118
323.769684
323.997192
324.164093
325.007355
324.905396
324.814819
325.286407
325.720428
325.628174
326.377075
326.574066
326.664307
327.000153
327.025513
327.406097
327.961639
327.843201
328.552216
328.403870
328.503876
328.693359
329.286072
329.148041
329.148346
329.783386
330.253479
329.867279
330.353516
329.964508
329.990723
330.108917
330.390625
330.301422
330.528748
330.213379
330.202911
330.240967
330.029968
330.378082
330.349884
329.743469
330.243652
329.945038
329.828766
329.673370
329.120239
329.165100
329.548584
328.893036
328.478333
328.401093
328.363647
328.419952
328.394104
327.459991
327.753113
327.734039
327.536377
327.650146
326.978424
327.186066
327.384949
326.944550
326.789948
326.703003
326.608917
326.397400
326.815186
326.238739
326.724518
326.798981
326.430267
326.814423
327.021698
327.063538
327.112061
327.208435
327.522186
328.095734
328.327759
328.376221
328.702667
328.375763
328.952148
329.192841
329.364410
330.193787
329.849457
330.757355
330.682617
331.003510
331.364838
331.656769
332.298523
332.891418
333.241302
333.597015
334.023010
334.188599
334.412537
334.478790
334.910797
335.249756
335.679108
336.109772
336.586304
336.751495
337.110107
337.347839
337.631500
337.907532
337.938568
338.544861
338.674805
338.611023
338.915314
338.793243
338.985260
338.745544
339.222351
339.185516
338.873047
338.827179
338.967560
338.729950
338.866058
338.910980
338.915527
338.663177
338.854492
338.365936
338.170288
338.186340
337.834930
337.741241
337.608307
337.118286
336.972290
337.284943
337.125153
336.943573
336.373627
336.214661
336.191589
336.411957
335.909119
335.471039
335.589508
335.709869
335.275787
334.916840
334.972198
335.195831
335.168457
334.886536
334.606262
335.156403
334.415619
334.823761
335.227020
335.221680
335.156067
335.167419
335.316864
335.332306
335.663025
335.899048
335.632507
336.157288
336.720673
336.640930
336.900818
337.477509
337.392578
338.405182
338.478363
338.387512
338.895721
339.241669
339.721405
340.044250
340.948853
341.111847
341.097351
341.560547
341.921814
342.548920
342.631714
342.833618
343.627258
344.149658
343.836182
344.369995
345.024414
345.182190
345.821625
346.361084
346.055115
346.123199
346.674774
346.465729
346.950073
347.426910
346.992432
346.984253
347.467133
347.816772
347.399048
347.403992
347.378662
347.688446
347.567932
347.484558
347.177704
347.291107
347.164124
347.103302
346.901459
346.485138
346.176422
345.973663
345.804077
345.095795
345.658508
344.868073
344.526398
344.592560
344.522522
344.004883
343.735596
343.825684
343.104004
343.161865
343.066864
342.442932
342.134216
342.024170
341.747437
341.495544
341.235992
341.417603
340.921173
340.971893
340.879730
340.744324
340.609253
341.083008
340.615845
340.727051
340.578186
341.043854
340.618042
340.456329
340.584442
340.587311
340.795258
341.533478
341.288483
341.150177
341.583191
341.846130
341.799347
341.959808
342.248871
342.637756
343.164642
343.616089
343.649048
343.591003
343.655029
344.429962
344.626068
344.709991
345.304474
345.882416
345.878815
346.205048
346.318726
347.071625
347.314453
347.480255
347.289764
347.758606
348.156494
348.389374
348.357666
348.951965
348.770203
349.220581
349.072632
349.700775
349.473785
349.698395
349.965759
350.098785
350.449493
349.911041
349.900452
349.774567
349.675476
349.859680
350.105072
349.352844
349.695404
349.407227
349.063019
349.222687
349.057373
348.707214
348.344513
348.710632
348.294861
348.055634
347.415741
347.604858
347.527527
347.640839
346.935425
346.912567
346.545319
346.014465
346.321655
345.898102
345.631348
345.527161
345.631287
345.580719
345.444305
345.544037
345.869385
345.307739
345.204010
345.169830
345.406006
344.940857
345.162201
345.027161
344.752594
344.895416
345.208496
345.394562
345.726685
345.785645
345.614136
345.811859
345.853363
346.274872
346.478790
346.529938
346.927429
347.080383
347.642670
347.397552
347.580658
347.646545
348.109497
348.149445
348.564789
348.996796
349.610138
349.074341
349.788330
349.705780
350.445984
350.626892
350.529755
350.976013
350.639923
351.114471
351.027008
351.824402
351.743744
351.514679
351.383606
351.946808
351.778625
351.838776
352.058777
352.064148
352.133667
351.894928
351.999329
351.657837
351.866547
351.365234
351.551361
351.177490
351.486603
351.148956
351.107391
350.537628
350.212677
350.039398
350.266663
350.229156
349.911560
349.628326
349.730103
348.928955
348.646240
348.788574
348.691711
348.355133
348.197235
347.618561
347.560242
347.827881
347.464203
346.798798
347.169647
346.534943
346.796539
346.609711
346.470245
346.498657
346.135040
346.081665
346.191986
346.541687
345.937469
346.762390
346.643372
346.614288
346.444153
347.115204
347.037384
347.330261
346.993317
347.703583
347.306091
347.683655
348.010468
348.114624
348.234100
348.931427
348.966980
349.421112
349.224457
350.066620
349.733002
350.018585
350.394501
350.728241
350.919067
351.095856
351.366364
351.538086
351.389771
352.005402
352.352509
352.171539
352.161774
352.260620
352.249939
352.636749
352.112671
352.442871
352.583130
352.752960
352.227509
352.620636
352.553070
352.291992
352.206055
352.721649
352.146667
351.681671
351.442108
351.551208
351.066040
350.744720
350.131836
350.433838
350.040680
349.856049
349.570312
349.068726
348.950562
348.406097
348.178558
348.463257
347.667023
347.333282
347.480713
347.289917
347.286469
346.686005
346.831757
346.738251
346.555328
346.303558
346.591156
346.425720
346.450287
347.073792
346.845215
346.658478
346.858429
347.404816
347.308044
347.291321
347.594666
348.253326
348.751923
348.866272
349.012360
349.531952
349.735840
350.551208
350.539673
350.898071
351.656860
352.037933
352.748077
352.827637
353.218750
353.353210
353.787170
354.133881
354.966492
354.390137
354.959167
355.327606
354.941895
354.902435
354.846680
354.610046
354.757263
354.237274
353.442474
353.035431
352.422607
351.217468
350.010925
348.798462
347.860413
346.497437
344.596436
343.050140
341.032379
338.895294
336.729279
334.072662
331.813965
328.977081
326.061005
322.734650
319.275818
315.853363
312.454834
309.050385
304.995697
301.185242
296.814087
293.115265
288.638977
284.379150
279.799896
275.571503
271.106293
266.382751
262.117462
257.443909
253.026779
248.482132
244.591843
239.965134
236.009491
231.853531
227.909073
224.501495
220.616470
217.173508
214.271179
211.582413
208.610535
206.309647
204.072601
202.222870
200.517853
199.132721
198.148987
197.212830
196.657196
197.211594

300.264526
173.926559
174.212204
174.852554
175.699295
177.069992
178.101791
179.841019
181.844574
183.992188
186.201675
188.608551
191.307480
193.971878
197.068176
200.329315
203.495010
207.110275
210.600388
214.209473
217.836273
221.498352
225.495789
229.437119
233.107330
236.968338
240.778854
244.504532
248.181442
251.771072
255.283798
258.907440
262.193573
266.056976
268.949127
272.366333
275.102478
277.709503
281.004913
283.524780
286.125153
288.105377
290.717590
293.010223
294.748352
296.803192
297.707886
299.697937
301.249634
302.618683
303.816742
304.787720
305.700867
306.599731
307.413422
307.916351
308.388550
308.900024
309.248871
309.296875
309.489594
309.714813
309.480713
309.772797
309.541412
309.295288
309.234375
309.910248
308.541107
308.895721
308.662384
308.331207
308.386688
307.396545
307.751282
307.146606
306.855103
307.085907
306.859009
306.645538
306.497620
305.945770
306.024109
305.908051
305.927856
306.092896
306.014557
305.837189
305.839172
306.144501
305.654053
305.927185
306.327545
306.205444
306.389557
306.993805
306.814545
307.366455
307.561249
307.861420
307.954041
308.340118
308.536377
308.836426
309.715179
309.882446
309.849762
310.384033
310.638977
311.134613
311.770081
311.650879
312.006561
312.143402
312.498871
312.834656
313.293182
313.219940
313.965759
313.567963
314.177948
313.933716
314.393036
314.826508
314.793976
314.356628
314.853333
314.737823
314.872650
314.917114
314.386444
314.576111
314.356964
314.072266
313.863800
313.816925
313.898346
313.572388
313.238220
312.992737
312.980347
312.850739
312.623688
312.071198
311.739227
312.083252
311.645752
310.861328
310.389099
310.651886
310.264191
310.079224
309.787292
309.734863
309.383545
309.025452
308.871277
308.569000
308.538452
308.400909
308.062103
308.417236
308.185730
308.051483
308.173035
307.871765
307.688873
308.154175
308.058014
308.066956
308.548157
308.495300
308.342590
308.849182
308.798340
309.103821
308.846680
309.384460
309.971405
309.877960
310.589111
310.505249
310.912079
311.178894
311.452515
312.338287
311.988525
312.953003
313.346039
313.740387
314.116669
314.076660
314.520355
314.891479
315.036133
315.603912
316.016876
316.372681
316.348755
316.886139
316.981110
317.222382
317.334808
317.724792
317.705811
317.861206
318.211121
318.039703
318.424744
318.376831
318.671875
318.980103
319.227966
318.798035
318.568054
318.875427
318.964355
318.220093
318.507294
318.424622
318.318420
318.056854
317.906647
317.483551
317.934540
317.498962
316.977600
316.765656
316.689178
316.408997
316.558197
316.240784
315.766174
315.496552
315.198883
314.676025
314.807617
314.948883
314.225342
314.256195
314.312927
314.057281
313.660919
313.798706
313.590637
313.855469
313.138733
313.190857
313.223938
313.155487
312.990967
313.312714
313.138611
313.118988
313.147064
313.275787
313.556763
313.827545
313.567657
313.858978
314.011475
313.856995
314.270203
314.220428
314.462402
315.017059
315.025970
315.252777
315.695435
316.194550
316.361969
316.713013
316.728821
317.156433
317.703003
318.222290
318.599548
318.551758
318.977753
319.173676
319.602356
320.123657
320.199982
320.787537
320.897827
321.130920
321.052277
322.018677
322.557159
322.452179
322.698364
322.673157
322.490021
322.924011
322.942139
323.050415
323.248627
323.422577
323.485596
323.449036
323.237610
323.609009
323.456573
323.624512
323.488800
323.461426
323.021027
322.968231
322.992584
322.983002
322.610443
322.627441
322.744202
322.405090
322.204803
322.005035
321.769226
321.711090
321.238983
321.160919
321.503510
321.127197
320.973480
320.667358
320.986084
320.179626
320.187225
320.190369
319.800964
320.267212
319.425507
319.581635
319.472992
319.318909
319.332153
319.177032
319.662079
319.088959
319.135101
319.235962
319.565430
319.190704
319.912811
319.767151
320.101318
319.976776
319.804443
320.141357
320.318054
320.744080
321.031647
320.628052
321.441498
321.811768
322.024200
321.899902
322.318604
322.522736
323.165436
323.360779
323.318695
323.599792
323.957214
324.454254
324.699677
324.707855
324.907104
325.801025
325.893494
326.308929
326.021362
326.659332
326.402496
327.021149
327.313385
327.369720
327.333008
327.308167
327.526733
327.397034
328.067352
328.010712
328.045776
327.898132
328.249329
327.926575
328.112335
328.262817
327.981812
327.757690
327.601410
328.050049
327.463684
327.666107
327.405884
327.360992
327.356903
326.470764
326.563751
326.011841
326.301819
325.842621
326.061554
325.516602
325.665833
324.929321
324.871643
324.775665
324.429626
323.957703
323.999237
323.999908
323.418304
323.652557
323.488373
323.179718
323.129211
322.547302
322.563446
322.556335
322.237152
322.094147
322.229462
322.184021
322.279297
322.412872
322.034271
322.169830
322.194458
322.003845
322.429138
322.203522
322.560944
322.345184
322.847870
322.905457
323.067535
323.272369
323.438507
323.864624
323.977509
324.198303
324.328064
325.163574
325.051208
324.964172
325.392822
325.864624
325.732574
326.432220
326.649933
326.712189
327.039551
327.052155
327.388275
327.974609
327.863373
328.574036
328.430023
328.502838
328.655487
329.293640
329.104095
329.100220
329.748932
330.220734
329.868378
330.304810
329.892578
329.912872
330.047455
330.347137
330.210510
330.442749
330.145599
330.114777
330.173309
329.979034
330.291412
330.259583
329.657440
330.164154
329.852478
329.736267
329.576782
329.035828
329.065979
329.444000
328.814453
328.368958
328.272980
328.249237
328.290466
328.294617
327.343750
327.625153
327.619904
327.411163
327.529205
326.861664
327.043945
327.253784
326.811005
326.652954
326.555573
326.468689
326.266479
326.643555
326.073456
326.577148
326.634430
326.249420
326.706390
326.837433
326.878174
326.906982
326.988373
327.350037
327.876343
328.118683
328.154907
328.498596
328.143829
328.701691
328.957489
329.090607
329.921997
329.588470
330.469055
330.400940
330.681427
331.078278
331.349548
331.955200
332.547333
332.904358
333.251526
333.636322
333.841156
334.045410
334.078796
334.501068
334.837646
335.243286
335.718903
336.129700
336.329712
336.634125
336.879181
337.142212
337.388580
337.439362
338.021698
338.154541
338.085144
338.337708
338.220795
338.409607
338.163269
338.620361
338.570740
338.238525
338.189056
338.346527
338.116608
338.203918
338.238556
338.215057
337.985291
338.169342
337.675507
337.458740
337.471313
337.116882
337.034637
336.814453
336.376312
336.210266
336.484985
336.352722
336.151215
335.592560
335.440125
335.388062
335.556580
335.092255
334.677032
334.780945
334.887238
334.482483
334.114716
334.159180
334.378510
334.350922
334.076752
333.795166
334.325928
333.590973
333.995483
334.436188
334.410156
334.348022
334.357758
334.477142
334.564941
334.857880
335.101105
334.848022
335.349518
335.933380
335.883820
336.131927
336.703400
336.628387
337.615723
337.726807
337.622375
338.137085
338.485901
338.973206
339.314697
340.216400
340.415253
340.390045
340.876862
341.261993
341.874664
341.982147
342.186493
342.968689
343.517548
343.221039
343.750488
344.433014
344.577332
345.262146
345.756805
345.525696
345.612091
346.154724
345.963226
346.454071
346.932617
346.516968
346.518799
346.996338
347.366577
346.980713
346.984894
346.977295
347.321747
347.208801
347.137024
346.835327
346.919861
346.827667
346.782074
346.597229
346.177826
345.868713
345.706299
345.563782
344.890900
345.452789
344.658020
344.300568
344.409668
344.343323
343.829651
343.580536
343.672211
342.961700
343.058044
342.965515
342.349976
342.042175
341.969147
341.684479
341.461151
341.200684
341.374084
340.893463
340.948578
340.865265
340.755432
340.620056
341.118622
340.634003
340.755615
340.636017
341.070099
340.673431
340.536163
340.631470
340.694458
340.897980
341.614227
341.382996
341.268250
341.687195
341.952271
341.947144
342.099884
342.394196
342.794128
343.303314
343.775635
343.825745
343.767120
343.826965
344.588165
344.809326
344.875580
345.466858
346.056396
346.038147
346.354614
346.519226
347.253387
347.493195
347.674896
347.468353
347.926666
348.356903
348.573669
348.559448
349.124847
348.953796
349.400482
349.278046
349.864532
349.660431
349.900543
350.152374
350.260437
350.627625
350.077606
350.072113
349.930725
349.845154
350.029114
350.246552
349.486298
349.844360
349.539032
349.212769
349.319885
349.205353
348.822144
348.454987
348.792999
348.384918
348.169769
347.505676
347.705231
347.588409
347.743652
347.001587
346.970856
346.629333
346.113190
346.359375
345.943207
345.718475
345.551178
345.703278
345.630066
345.456238
345.683044
345.917755
345.299561
345.229584
345.177307
345.442932
344.923859
345.166504
345.004547
344.759308
344.907135
345.169708
345.378998
345.668213
345.717865
345.576630
345.752319
345.779663
346.184723
346.387604
346.397369
346.817657
346.949738
347.552124
347.301361
347.445068
347.508423
347.935760
348.023346
348.413116
348.849304
349.480682
348.929047
349.588531
349.546814
350.299500
350.464447
350.316650
350.760925
350.472992
350.895905
350.816956
351.580994
351.525696
351.315247
351.126068
351.727692
351.542053
351.587830
351.791626
351.777130
351.876740
351.628326
351.763275
351.356262
351.587067
351.115967
351.307526
350.907745
351.230072
350.873138
350.846680
350.234467
349.969910
349.769348
350.013763
349.979675
349.605591
349.309326
349.451141
348.642029
348.374908
348.528961
348.436310
348.060730
347.925995
347.317688
347.319458
347.508545
347.168549
346.547668
346.862640
346.259918
346.483704
346.385071
346.178864
346.218964
345.871460
345.825226
345.915436
346.262177
345.650665
346.498047
346.391052
346.345001
346.166809
346.823120
346.805817
347.078125
346.718750
347.462463
347.059906
347.439301
347.765656
347.868225
348.033020
348.653015
348.738159
349.184204
348.994843
349.827576
349.535706
349.817627
350.164246
350.476868
350.688782
350.891541
351.179993
351.320374
351.201782
351.820282
352.138062
351.994720
351.968964
352.056885
352.108521
352.459137
351.902435
352.319031
352.411041
352.574127
352.047607
352.433167
352.364105
352.144714
352.003815
352.538788
351.982788
351.537933
351.308044
351.401459
350.940216
350.599670
349.964325
350.291443
349.889465
349.725128
349.421295
348.890991
348.782837
348.240173
348.020966
348.321747
347.509216
347.198730
347.345795
347.157654
347.092133
346.504669
346.680878
346.568848
346.416779
346.157898
346.424988
346.231720
346.327332
346.863708
346.675049
346.476990
346.665771
347.257843
347.147308
347.138977
347.390320
348.059296
348.552216
348.655457
348.832275
349.344330
349.540131
350.374115
350.342468
350.721100
351.460876
351.872009
352.564514
352.621552
353.020691
353.132629
353.579437
353.927673
354.751923
354.165405
354.758331
355.125946
354.712067
354.655945
354.583801
354.381134
354.509216
353.968811
353.182434
352.758484
352.181244
350.970764
349.723572
348.550598
347.591766
346.233643
344.317047
342.765961
340.761475
338.600128
336.436798
333.807648
331.489410
328.692688
325.768585
322.456879
318.966980
315.547058
312.149994
308.739288
304.688385
300.855865
296.520447
292.798065
288.328979
284.064392
279.431854
275.254730
270.783142
266.009979
261.771301
257.118408
252.693008
248.132401
244.245667
239.625137
235.657791
231.507126
227.560257
224.155060
220.288467
216.814285
213.902618
211.226807
208.249619
205.952927
203.701065
201.857300
200.157440
198.807266
197.801697
196.858398
196.304565
196.753159

217.757294
182.644379
183.291702
183.894073
184.808289
186.299316
187.397476
189.223923
191.441452
193.434372
195.912445
198.245880
201.010971
204.184036
207.176727
210.654160
213.923340
217.426132
221.358505
225.212723
229.287064
232.930573
236.742279
241.049759
245.188721
248.879868
253.246445
256.990112
260.781494
264.765137
268.319611
271.860046
275.622589
278.968811
282.858795
286.016083
289.350769
292.072174
295.134766
297.353943
300.095673
302.475464
304.950684
307.273895
309.173431
311.181854
312.478485
314.547211
315.458099
317.202209
317.983337
319.371948
320.141296
321.425018
321.974823
322.084076
322.416016
322.954224
323.542175
323.376038
323.248962
323.350403
323.510773
323.328949
323.102081
322.752502
322.556793
322.225281
322.538788
322.130127
321.600769
321.032745
321.361420
321.072327
320.551422
320.347229
320.016357
319.588104
320.095398
319.371338
318.762299
318.830139
318.701263
318.247101
318.154083
317.954407
318.308594
318.230469
318.262665
318.517700
318.409119
317.892029
318.511169
318.208862
319.151886
318.991699
319.173859
319.596283
319.315094
319.579590
320.036591
320.595947
320.997314
321.323578
320.986542
321.950623
322.151917
322.373413
323.039185
323.338837
323.130035
323.424805
323.176849
323.483490
323.928467
324.428955
324.708801
324.636169
324.828217
325.338715
325.577454
325.330200
325.654144
326.083740
326.088196
326.044861
326.129486
326.025726
326.358063
326.132080
326.076691
325.587158
325.672729
325.626160
325.466278
325.494202
325.322266
325.627563
325.037811
324.806763
324.363098
324.030334
324.013916
323.449158
323.630402
323.272217
322.900421
322.633209
322.440765
322.098816
321.824493
321.016968
320.915070
320.259735
320.170288
319.755737
319.758759
319.286560
318.984619
319.043549
319.167450
318.902527
318.661407
318.634552
317.824310
318.100983
318.437225
318.437439
318.589355
318.644989
318.227509
318.681122
318.980469
318.974365
318.731201
319.034393
318.895935
319.556976
319.649780
320.016388
320.787933
321.627686
321.773193
321.353271
322.305603
321.839417
322.020538
322.555237
323.193481
323.567413
324.084320
324.202637
324.081787
324.208130
325.055908
325.330322
325.748871
326.316772
326.457306
326.514618
326.857147
327.125244
327.347260
328.040771
327.593994
327.556427
328.260406
328.072144
327.691345
327.621460
327.679474
327.731689
327.533722
327.943817
327.084656
327.605072
327.486389
327.160309
327.223785
326.915924
326.728455
326.637482
325.784027
325.956757
325.779266
325.908325
325.400177
324.841919
324.312500
323.819061
324.221558
324.089417
323.777039
323.154663
322.565369
322.443481
322.173889
321.809387
321.712219
321.335571
321.180023
321.710938
321.487000
320.516937
320.440216
320.667053
320.788422
320.695221
320.649689
320.443481
319.360718
319.884918
319.919281
319.843933
319.666992
319.869995
319.608002
319.599487
319.456207
319.663483
320.125214
319.838257
319.415680
320.307983
320.408813
320.683777
320.967621
321.347260
321.721191
322.366058
323.167603
322.816467
322.525665
322.876770
323.167847
324.103546
324.085724
323.716095
324.194580
324.376343
324.307678
324.767914
325.521759
325.858398
325.897552
326.171967
326.103119
326.572296
326.692932
327.393341
326.992981
327.180359
327.688416
327.677032
327.263580
327.341736
327.069672
327.532013
327.177216
327.416992
327.412750
327.008545
327.131775
327.025024
327.440338
327.154327
327.270721
327.050598
326.907471
326.555603
326.527527
325.861694
325.829132
326.045197
326.029114
325.176178
324.941864
325.063660
324.517273
324.223267
324.110687
323.914398
323.596680
323.756256
323.353699
323.037689
322.704590
322.544434
322.428833
322.545105
322.189178
322.005341
322.180206
321.962524
321.687103
321.567383
320.765930
321.468842
321.291656
321.840424
321.487366
321.752930
321.593781
321.446106
321.511902
321.408997
321.651428
321.963165
322.251740
322.181641
322.608887
322.578766
322.669617
322.568634
322.984253
323.717560
323.986176
323.536133
324.370483
325.041534
324.487823
324.945618
325.801819
325.756958
326.496826
326.476501
326.239502
326.679871
326.759766
326.964539
327.340057
327.325562
327.392426
327.587860
328.316437
328.360107
328.945679
328.929535
329.157440
329.395599
328.935913
328.728577
329.492035
330.044769
329.931610
329.524078
329.539917
329.647858
329.400665
329.306793
328.805115
328.708801
328.706024
328.654144
328.447174
328.770905
328.140106
327.545441
327.151031
327.029175
326.980560
326.915405
326.667023
326.758392
326.260773
325.684814
325.348114
325.675293
325.960571
325.486664
325.006653
324.702332
324.577545
324.452972
324.220367
324.093231
324.288422
323.403503
323.321899
323.877594
323.700500
322.957153
323.175903
323.517517
322.829681
323.195984
323.105560
323.356049
322.733978
322.533844
322.817841
322.995636
323.100311
322.884247
323.292053
323.343994
323.383087
324.329559
324.156860
324.323975
324.457886
324.618317
324.624298
325.266083
325.727966
325.705017
325.891663
326.321381
326.457855
326.377808
326.965729
327.130280
326.977875
327.598694
327.849335
328.223907
328.965454
329.027374
328.731201
329.120300
329.475586
329.199890
329.541992
329.658264
330.204102
330.141327
329.955017
329.704956
329.937408
329.772949
329.994354
329.955200
330.110870
329.842529
329.619751
329.809357
329.618073
329.639130
329.651093
328.929077
329.145966
328.897278
328.947662
328.856567
328.519897
327.939362
328.304443
327.964661
327.481171
327.303314
327.015442
327.190552
326.843109
326.532257
326.284241
326.276794
326.086792
325.698364
325.377991
325.153900
325.018585
325.195862
324.447052
324.571350
324.392334
325.002411
324.466034
324.523621
324.307922
324.166901
324.492676
324.206482
325.066193
323.971863
324.130524
324.383575
324.744934
325.053497
324.732361
325.072998
324.908752
325.060577
325.630798
325.753998
325.787964
326.132111
326.436584
326.568512
326.890686
327.246979
327.587982
328.031647
328.476776
328.869324
329.097473
329.205383
329.261261
329.834045
330.224579
330.449066
330.524475
331.324432
331.689056
331.491577
332.219879
331.955933
332.080566
332.812408
333.075134
333.506195
332.894379
333.228577
333.025055
333.386627
333.845917
333.779205
333.822845
333.702393
333.852020
333.971252
334.527771
334.011841
333.935059
334.362122
333.888397
333.564728
333.768829
333.201660
333.333252
332.964691
332.934174
332.932312
332.482544
332.050354
332.416626
332.139008
331.874786
331.895355
331.003265
331.125122
330.856903
330.705231
330.479523
330.274078
330.012360
329.980804
329.353485
329.517609
328.911987
329.459412
328.814636
329.016663
328.890839
328.679626
328.819885
328.256775
328.109589
328.586578
327.966583
329.123230
328.544922
329.046967
328.634125
328.994263
329.329803
329.058258
329.156952
330.173279
329.688660
330.107788
329.594147
330.203522
330.588593
331.122131
331.295685
331.276581
331.593231
332.373260
332.589996
333.348022
333.159485
333.260376
334.003448
334.941376
335.159607
335.680664
335.945526
335.611389
335.783936
336.607758
336.559021
337.255066
337.376923
337.340057
337.808929
338.054047
338.301849
338.546112
338.623322
338.772278
339.059570
339.616730
339.280151
339.534454
339.308167
339.591278
339.443604
339.641266
339.346191
339.506470
339.881042
339.430603
339.248901
339.575256
339.303955
339.723267
339.195862
339.197784
338.626099
338.311127
338.495178
338.042206
337.549896
337.075104
337.181183
336.438202
336.232422
335.935547
335.623199
335.125153
334.467712
333.904205
334.389618
334.738647
334.603943
333.945038
333.500549
332.787354
332.591125
332.662933
332.574921
332.036469
331.718231
332.036102
331.871613
331.591187
331.374756
331.483856
331.497406
331.222443
331.072998
331.214905
331.109406
330.867767
331.653168
331.047302
330.977936
331.564331
331.254578
331.986389
331.985657
331.615936
332.061676
332.197937
332.413696
333.044861
332.731049
333.432526
333.560242
334.771545
334.057953
333.970978
334.182404
335.218781
335.002625
335.440033
335.677765
335.777802
336.008118
336.903412
336.779205
336.536316
336.313446
337.208618
337.649017
336.806122
337.198639
337.870056
337.911987
338.256226
338.461700
338.579315
338.281342
338.709839
338.905914
338.607178
338.514557
338.754395
338.935364
338.428131
338.205048
338.026215
337.986023
338.006134
337.774292
337.519043
337.396820
337.182037
336.323120
336.931671
336.406128
336.383636
336.163666
335.614655
335.275391
335.858734
335.136993
335.124847
334.833893
334.189087
334.010345
333.478516
333.799561
333.497833
333.521210
333.194366
332.736267
332.781616
332.988403
332.805450
332.053345
332.005035
332.260376
331.477814
332.229523
332.287994
332.119873
332.263702
331.784546
331.977936
331.858276
332.133057
332.329651
332.305176
332.516235
332.350739
332.688080
333.038483
333.690674
333.673584
333.737061
333.766052
333.422913
333.853851
334.245209
334.502045
334.628265
335.057678
334.594879
334.383484
334.841522
335.364532
335.493164
335.855164
336.312134
336.597229
336.584595
336.406433
336.551300
337.438324
336.204681
336.721649
336.117523
336.316437
337.013702
336.488708
337.158234
337.748016
337.628296
336.928497
336.883575
336.666290
336.743713
336.409149
336.509735
336.283661
336.110779
336.082520
335.762787
335.855774
336.294952
335.706421
335.119080
334.623047
334.237305
333.579315
333.568054
333.137848
333.144897
332.832458
333.170563
332.431213
332.243164
332.171814
332.039886
331.395355
330.818665
330.918976
331.076202
330.491974
330.860382
330.598969
330.951355
330.490356
329.943909
330.249603
330.194763
330.572235
330.216400
330.058044
330.296967
330.618439
330.268280
330.174866
330.158203
329.936401
330.138580
330.455780
331.068298
330.769867
330.919189
331.338409
331.291473
331.193359
331.711121
331.767120
331.797424
331.820099
332.681702
332.761078
332.567139
332.573578
332.768402
333.662781
333.415497
333.915771
334.431335
333.858521
334.727051
334.498962
334.122498
334.595306
334.333740
334.442139
334.696594
334.263916
334.660828
334.602844
334.071747
334.337738
334.552124
334.677155
334.162964
334.668427
333.882690
333.519196
333.944427
333.709473
333.292725
333.729950
332.891602
332.513519
332.040527
331.205566
331.019775
330.998962
331.479858
330.798309
330.391663
330.237274
330.189117
329.047607
329.282501
328.876862
328.668365
328.380585
328.309998
328.257965
328.171600
328.106812
328.011780
328.204224
327.419495
328.044067
328.345795
327.835358
328.339874
327.884766
328.747101
328.415161
328.698547
328.981812
329.468262
329.547150
329.971008
330.819672
330.408447
330.832794
331.410004
331.271210
332.293060
332.324951
332.835449
333.181366
333.482178
334.002075
333.881866
334.493805
334.630432
335.074463
335.891876
335.282379
335.817688
335.397308
335.703430
334.706360
334.863373
334.735718
334.325073
334.071106
333.113312
332.659943
331.236755
330.604218
329.460388
328.334778
327.182800
325.026886
323.394806
322.090363
319.828308
317.823364
315.330719
312.538300
310.307434
307.587524
304.565735
301.757446
298.286102
294.759888
291.478149
287.728882
283.761139
280.078186
276.445312
271.894989
267.913605
263.935883
259.670807
255.543152
250.925720
247.049347
243.157867
238.839172
234.400162
230.528091
226.763184
222.608795
218.446136
214.811035
211.347214
208.136963
204.867599
202.041794
199.339706
197.044250
194.746582
192.702545
190.956467
189.308716
187.871506
186.749191
185.972168
185.763641
185.564499

221.035080
182.953644
183.598557
184.226273
185.132553
186.610748
187.720261
189.548111
191.767242
193.759476
196.248871
198.586411
201.343216
204.535751
207.536087
211.023972
214.309860
217.793060
221.746384
225.601456
229.681686
233.315506
237.144547
241.453445
245.627121
249.317322
253.668152
257.410614
261.210510
265.231567
268.804871
272.342316
276.084290
279.464905
283.361847
286.559845
289.859528
292.609100
295.693756
297.897247
300.640900
303.052887
305.538666
307.863953
309.775879
311.781708
313.113037
315.119202
316.056061
317.830933
318.619965
320.021149
320.790924
322.088104
322.660583
322.750824
323.116943
323.656891
324.248322
324.089691
323.952789
324.058502
324.230743
324.067291
323.810486
323.449188
323.323608
322.933960
323.224304
322.849670
322.315399
321.744568
322.055939
321.766205
321.282776
321.098846
320.739044
320.316925
320.857544
320.120300
319.475555
319.550354
319.361694
318.958649
318.843018
318.689636
319.047577
318.940582
318.922668
319.223785
319.089813
318.544403
319.190247
318.914764
319.808014
319.649139
319.818298
320.244934
319.928558
320.191681
320.648834
321.195374
321.576050
321.882416
321.550690
322.545227
322.677887
322.959473
323.567474
323.892395
323.635223
323.974609
323.686920
323.994812
324.450470
324.888702
325.143402
325.067230
325.259369
325.762329
326.003784
325.718414
326.082214
326.438171
326.473663
326.432739
326.516785
326.425018
326.727539
326.446716
326.447388
325.910950
325.990753
325.935547
325.803680
325.781097
325.584686
325.910370
325.333252
325.089386
324.600830
324.275085
324.254852
323.694611
323.847473
323.489441
323.140198
322.866577
322.677582
322.324554
322.041077
321.230927
321.113770
320.434784
320.358490
319.945190
319.930237
319.513794
319.210297
319.283997
319.365540
319.088135
318.852936
318.845917
318.009064
318.260162
318.670105
318.658051
318.776154
318.857544
318.422424
318.884766
319.190735
319.199982
318.914520
319.217590
319.104919
319.784668
319.850433
320.245544
321.022675
321.848328
321.995697
321.578339
322.525513
322.060516
322.237213
322.777466
323.420380
323.786835
324.323639
324.447998
324.307434
324.433899
325.289398
325.558777
326.002777
326.538452
326.651642
326.733887
327.090057
327.347443
327.594757
328.267700
327.789062
327.772797
328.480286
328.253967
327.907593
327.846191
327.883057
327.939697
327.744720
328.142487
327.295563
327.796021
327.709076
327.360840
327.398865
327.115448
326.898590
326.808319
325.962891
326.101746
325.948456
326.072418
325.549805
325.000641
324.439819
323.965515
324.343750
324.193115
323.897919
323.258545
322.678131
322.548767
322.257751
321.905304
321.768066
321.411011
321.227844
321.758270
321.519653
320.571625
320.461090
320.711884
320.816559
320.744415
320.675873
320.445526
319.359528
319.903229
319.920502
319.834412
319.649536
319.876495
319.567444
319.568115
319.427277
319.632721
320.088959
319.795898
319.368256
320.270294
320.359650
320.637299
320.935791
321.308258
321.651306
322.317749
323.109650
322.763611
322.453522
322.829315
323.138062
324.047272
324.053406
323.699188
324.138245
324.321259
324.267426
324.716125
325.498596
325.836578
325.869751
326.159088
326.107574
326.551361
326.687103
327.372040
327.004791
327.204376
327.705536
327.713348
327.295502
327.384338
327.144867
327.595001
327.265503
327.512604
327.514740
327.098694
327.220032
327.147400
327.585602
327.290375
327.435455
327.231079
327.097107
326.751648
326.723999
326.078613
326.076202
326.276886
326.283295
325.435974
325.222076
325.360046
324.827362
324.495056
324.417725
324.225342
323.930481
324.126801
323.724060
323.441284
323.076141
322.980713
322.817383
322.982025
322.621399
322.435303
322.612274
322.429993
322.147369
322.021301
321.269714
321.960266
321.795471
322.354858
322.022583
322.260681
322.097290
321.971527
322.052704
321.944702
322.167267
322.483368
322.800171
322.725525
323.138763
323.137787
323.210480
323.133514
323.518066
324.272675
324.543640
324.080872
324.946320
325.568817
325.039764
325.468231
326.357269
326.295532
327.023438
327.017792
326.741730
327.213959
327.276154
327.485077
327.832245
327.797577
327.867340
328.058289
328.786530
328.814514
329.371033
329.375000
329.573334
329.808044
329.362549
329.117401
329.839813
330.443024
330.259918
329.896301
329.867920
329.958008
329.723969
329.566589
329.085754
328.985870
328.978760
328.910919
328.652863
329.009766
328.338470
327.717651
327.328827
327.188141
327.142090
327.046936
326.792236
326.859253
326.380737
325.782166
325.426666
325.714752
326.016266
325.531555
325.035522
324.719543
324.595001
324.443481
324.209625
324.047760
324.251251
323.363068
323.257324
323.810028
323.639557
322.871613
323.069427
323.418701
322.705994
323.082458
322.965729
323.240051
322.585938
322.386566
322.677917
322.833679
322.936646
322.696869
323.128693
323.195007
323.224823
324.138397
323.966797
324.137909
324.275269
324.431702
324.449554
325.085724
325.532776
325.523987
325.738922
326.130371
326.299011
326.175812
326.783142
326.960327
326.794769
327.483185
327.719482
328.109344
328.817078
328.880981
328.601532
329.000214
329.376678
329.117462
329.434814
329.549957
330.096863
330.061401
329.899902
329.655060
329.886597
329.738251
329.952087
329.942780
330.105225
329.867065
329.638184
329.810059
329.665497
329.676910
329.721344
329.004089
329.194397
328.998688
329.023041
328.937378
328.646576
328.066467
328.411224
328.134888
327.623413
327.433105
327.189117
327.366272
327.034302
326.723846
326.492859
326.491364
326.279419
325.932434
325.619354
325.416687
325.280579
325.472168
324.716003
324.870697
324.697998
325.325500
324.772278
324.825043
324.605560
324.498932
324.823090
324.532227
324.955444
324.327606
324.462006
324.722778
325.055573
325.370483
325.096191
325.409058
325.294250
325.432648
326.008667
326.109131
326.141052
326.491089
326.778748
326.901306
327.278656
327.598114
327.925354
328.381348
328.847656
329.209869
329.462158
329.509430
329.607239
330.182343
330.561310
330.772705
330.855316
331.677460
332.001465
331.809875
332.569061
332.286194
332.397369
333.092987
333.366058
333.788971
333.157562
333.483215
333.297455
333.658783
334.083191
334.016632
334.049591
333.948425
334.076752
334.169739
334.751190
334.248627
334.141083
334.545898
334.079254
333.744781
333.949036
333.374969
333.478516
333.122009
333.076141
333.076172
332.620972
332.190216
332.506073
332.240936
331.965332
332.017670
331.119446
331.189728
330.930328
330.757050
330.538239
330.309326
330.037872
329.992828
329.384338
329.514038
328.895355
329.467346
328.821075
328.998474
328.869568
328.634521
328.765198
328.215210
328.041565
328.541748
327.916351
329.039948
328.468414
328.946014
328.539154
328.884369
329.212280
328.962524
329.029663
330.069458
329.550232
329.981293
329.462799
330.053864
330.427612
330.954834
331.151520
331.127136
331.430328
332.213715
332.423706
333.165710
332.985474
333.070801
333.821228
334.756836
334.951019
335.478455
335.747131
335.414490
335.569244
336.385101
336.334045
337.018219
337.150085
337.091797
337.557678
337.810516
338.050720
338.299652
338.383392
338.521881
338.804840
339.357513
339.020874
339.262726
339.025818
339.307892
339.178162
339.347839
339.062866
339.196991
339.604553
339.143585
338.975372
339.244781
339.003571
339.417450
338.875366
338.876190
338.313385
337.992065
338.153198
337.709412
337.210541
336.736206
336.860657
336.089539
335.894043
335.593628
335.270966
334.795197
334.127258
333.575775
334.063232
334.382416
334.253906
333.596619
333.168579
332.442902
332.223480
332.312103
332.257904
331.694153
331.383362
331.694275
331.509827
331.239319
331.024353
331.100403
331.142303
330.873260
330.721588
330.859924
330.739655
330.521729
331.312378
330.708801
330.619263
331.251526
330.919739
331.674042
331.667419
331.266663
331.719391
331.845032
332.078583
332.702026
332.401093
333.101074
333.261841
334.460785
333.784058
333.651733
333.884003
334.930695
334.702881
335.168732
335.350464
335.470520
335.725922
336.606018
336.533539
336.285339
336.045135
336.957092
337.380554
336.563019
336.945862
337.602875
337.665161
338.019531
338.246124
338.340851
338.059540
338.525635
338.679565
338.426910
338.352692
338.586060
338.739960
338.232269
338.034698
337.837250
337.836151
337.895081
337.611786
337.379272
337.257477
337.044189
336.196991
336.819458
336.334625
336.300934
336.067749
335.531586
335.173981
335.786499
335.083344
335.062042
334.773590
334.139954
333.956573
333.439514
333.761047
333.471436
333.479767
333.169922
332.703369
332.744263
332.825897
332.779236
332.045929
331.995453
332.258331
331.476624
332.256470
332.288147
332.160095
332.293823
331.791626
332.013733
331.839752
332.186981
332.362213
332.366486
332.533447
332.396301
332.737518
333.090637
333.762817
333.711365
333.835175
333.844788
333.489258
333.954895
334.323486
334.564117
334.711212
335.141022
334.676483
334.473206
334.932037
335.422638
335.554932
335.948944
336.395569
336.675476
336.696991
336.484924
336.647430
337.545563
336.260834
336.797638
336.225708
336.395081
337.112915
336.597595
337.259247
337.841431
337.722015
337.015106
336.956665
336.750763
336.818481
336.498718
336.586670
336.384491
336.181366
336.183075
335.850128
335.967590
336.368225
335.794586
335.220001
334.703674
334.337646
333.686523
333.651520
333.222137
333.241211
332.919006
333.262451
332.502686
332.323608
332.248810
332.121552
331.490143
330.901184
330.994324
331.173157
330.581299
330.962585
330.689514
331.029419
330.580231
330.003357
330.357574
330.274139
330.660309
330.304626
330.122223
330.368134
330.702881
330.346100
330.262573
330.251343
330.040222
330.248474
330.541779
331.169952
330.861786
330.993256
331.439514
331.376923
331.299957
331.801697
331.871033
331.905121
331.921356
332.739197
332.875244
332.671967
332.666992
332.878754
333.771667
333.540466
334.014130
334.535126
333.988251
334.830322
334.598389
334.230469
334.707947
334.446075
334.554993
334.797577
334.363617
334.767456
334.715546
334.183655
334.445953
334.663696
334.797363
334.258850
334.747040
333.979431
333.635376
334.062378
333.807068
333.418793
333.821808
332.989807
332.648315
332.148651
331.294098
331.133545
331.098724
331.589386
330.898041
330.518829
330.330231
330.311279
329.166687
329.381683
328.990143
328.754883
328.462708
328.407806
328.348206
328.276123
328.194946
328.106354
328.275696
327.512390
328.120789
328.422821
327.914581
328.408966
327.957947
328.813660
328.458466
328.769531
329.034180
329.507263
329.612610
330.031952
330.856232
330.456573
330.879425
331.449951
331.295746
332.344543
332.335510
332.837860
333.214966
333.536774
334.012360
333.909271
334.496399
334.644226
335.066895
335.913422
335.284027
335.825256
335.382782
335.701019
334.681396
334.853607
334.720215
334.308594
334.062836
333.096863
332.620453
331.207123
330.562683
329.426880
328.305695
327.114960
324.971161
323.328827
322.007874
319.764191
317.742737
315.255951
312.469238
310.240845
307.491241
304.479736
301.671295
298.200500
294.691162
291.383423
287.623077
283.649414
279.970703
276.326324
271.801544
267.762604
263.810394
259.551025
255.404724
250.808456
246.926926
243.027924
238.702576
234.268845
230.410721
226.640305
222.474136
218.313492
214.675171
211.197159
208.019821
204.732590
201.904907
199.199417
196.918076
194.597778
192.547455
190.799561
189.172546
187.731125
186.592163
185.822861
185.617615
185.444977

