304.746765
173.384872
173.718842
174.344437
175.143799
176.146301
177.597397
179.183838
181.126038
183.183289
185.611694
187.782257
190.576202
193.446091
196.278305
199.494614
202.468506
206.192978
209.842300
213.121231
216.957367
220.247223
224.245193
227.887680
231.835220
235.599609
239.406372
243.202118
246.822144
250.689987
253.922546
257.406677
261.172607
264.051636
267.678894
270.697998
273.774933
276.885162
279.535187
281.945312
284.699768
286.867615
288.909821
290.864227
292.974030
294.729187
296.243500
298.081543
299.325439
300.753296
301.766235
302.733154
303.361023
304.439453
304.938965
305.666290
306.020172
306.404541
306.573242
307.283478
307.166748
307.192902
307.082062
307.347412
307.096527
306.669800
306.552917
307.263855
306.674957
306.659943
305.845215
305.999603
305.610840
305.140503
304.993652
304.694489
304.373108
304.358612
304.246979
304.150787
304.238098
303.361023
303.853851
303.464691
303.258148
303.450226
303.527649
303.542023
303.110413
303.185211
303.515167
303.447266
304.072845
303.725342
304.356415
304.261322
304.428131
304.812683
304.853851
305.652313
305.943634
306.143768
306.165375
307.157410
307.354401
307.271484
307.811310
308.327118
308.341064
308.744171
309.036346
309.410980
310.095428
310.365723
310.881989
311.247253
311.109558
311.706848
311.703644
311.730408
312.194458
312.477570
312.726685
312.741119
312.847778
312.939331
312.925385
312.989685
313.264832
313.232056
313.272675
313.025146
313.031494
312.756134
312.982544
312.515411
312.295898
312.152283
312.034058
311.673645
312.116852
311.741394
310.999207
310.973602
310.337524
310.751953
310.585999
310.334747
309.800049
309.697235
309.521271
309.119934
308.936768
308.821503
308.434631
308.438904
308.266846
307.992004
308.027191
307.926514
307.710449
307.603760
307.510437
307.665894
307.466431
307.341400
307.484985
307.663757
307.863129
307.524261
307.891144
307.867706
308.062836
308.028503
308.430176
308.582092
308.887299
308.772430
309.325592
309.653503
309.859528
310.155640
310.547882
310.728455
311.119812
311.814850
311.985718
312.245026
313.012665
312.725067
313.414154
313.769287
313.825958
314.499756
314.909698
314.583344
315.247528
315.796112
315.824493
315.948669
316.673004
316.474823
316.917480
316.974854
317.543121
317.728790
317.484039
317.936371
317.720398
317.706146
317.829681
317.825714
318.056396
317.960815
317.807709
318.028503
317.981293
317.836243
317.598145
317.629913
317.519836
317.491821
317.340637
316.817841
316.527039
316.662506
316.061096
315.994659
315.875458
315.226013
315.613129
315.122986
314.483368
314.487061
314.333893
313.903198
314.195862
313.669189
312.899750
313.028320
312.808899
313.195953
312.561432
311.988068
311.736053
312.141602
311.935547
311.555481
311.831329
311.386169
311.511597
311.193176
311.259369
311.586670
311.375732
311.376160
311.650299
311.447266
311.817108
312.060028
312.045502
312.462769
312.831024
312.447968
312.774567
313.217285
313.649048
313.339874
313.780060
313.730072
314.177734
314.784729
315.204926
315.030914
315.545868
316.104492
316.021606
316.408356
316.850891
317.072174
317.439575
317.800568
317.907166
318.131165
318.114990
319.086426
318.779083
319.381836
319.444153
319.830078
319.580597
319.934814
320.065033
320.300323
320.362640
320.314087
320.417450
320.458191
320.564148
320.676086
320.951324
320.548157
320.758942
320.604431
320.279633
320.418091
320.600189
319.572266
320.002380
319.926208
319.739288
319.702637
319.580597
319.237061
319.153076
319.052063
318.793610
318.671631
318.601685
318.402313
318.071075
317.897430
317.755524
317.262177
317.346252
317.150391
316.571625
316.435913
316.554504
316.509888
316.516846
316.689819
316.119110
316.281525
315.809174
316.074982
315.840485
316.032806
316.150665
316.171539
316.438690
316.082703
316.053284
316.740143
316.361267
316.140350
317.314392
317.195770
317.407593
316.956635
317.736816
317.509094
318.270905
318.180359
318.784424
319.316620
318.994873
319.321411
319.648682
320.044952
320.226593
320.580231
320.879974
320.967896
321.452179
321.849457
322.063354
322.194824
323.016754
323.072083
323.070160
323.242279
323.586243
323.819733
323.874695
324.020020
324.433502
324.700226
324.583374
325.161926
325.267609
325.017181
325.224579
325.233887
324.822723
325.715179
325.379456
325.230865
325.332275
325.544586
325.402618
325.274963
325.125793
325.272034
324.597229
324.462799
324.770905
324.474396
324.192780
324.100281
324.032806
323.991028
324.210205
323.538544
323.047119
322.664795
322.631439
322.150513
322.132355
321.972412
321.819916
321.815521
321.812103
321.918793
320.642151
321.068115
321.004852
320.975830
321.329163
320.961151
320.539856
320.813446
320.267151
320.629333
320.707611
320.991180
320.269348
320.626282
320.638184
320.457275
320.626617
320.842804
320.871155
321.151917
321.142090
321.092804
321.694183
321.467102
322.326263
322.277496
322.515778
322.445251
323.181091
323.058655
323.547882
324.138031
324.002411
324.113739
324.736053
325.056885
325.195984
325.540161
325.573456
326.223053
325.452148
326.399139
326.968597
326.976196
327.170502
327.385315
327.982086
328.052185
327.964294
327.841064
328.238098
328.608612
328.712463
328.780731
328.881714
328.962860
329.347900
329.161163
328.811493
328.715088
329.141663
328.605621
328.644287
328.665436
328.526459
328.602570
328.503296
328.048187
328.001221
328.469299
327.843933
328.133820
327.729858
327.549774
327.562958
327.076233
326.928772
326.404602
326.830627
326.711426
326.296967
326.188232
326.124451
326.169128
325.765503
325.473419
325.592957
325.193237
325.418060
325.376587
325.180511
324.786896
324.671265
325.173340
324.826630
325.348328
325.216522
325.368347
324.911743
325.446503
325.182373
325.482452
325.782532
325.646515
325.926453
326.315521
326.165314
326.647949
326.878662
327.023285
327.242340
327.443146
327.919434
328.322723
328.549927
328.595795
328.954163
329.691071
329.858887
330.308655
330.496399
331.278931
331.636597
331.632477
332.071289
332.464264
332.842499
333.262451
333.460144
333.510590
334.086945
334.407227
335.090179
334.816101
335.262512
335.396576
335.174561
335.754456
335.992218
335.964050
336.040131
336.365845
336.577332
337.025299
336.809296
336.784790
336.788422
337.049774
336.541321
336.896088
336.603210
336.498505
336.492401
336.735199
336.201141
336.496704
335.905518
336.060822
335.877960
335.637726
335.452545
335.786926
335.247711
335.035828
334.834076
335.202454
334.458405
333.919067
333.993103
333.329407
333.501221
333.459747
333.171844
333.069305
333.167023
332.985046
333.035034
333.226227
332.378571
332.699890
332.982239
332.349060
332.829681
332.640533
332.998535
333.197083
332.945526
332.835571
333.141357
333.525726
333.336060
333.240845
333.772797
334.216675
334.254517
334.700134
334.876068
335.146454
335.234283
335.788300
335.579834
336.269928
336.604218
336.735626
337.656067
338.114380
337.924744
338.693878
338.358459
339.409332
339.901428
340.177917
340.207947
340.806305
341.472870
342.117065
342.285065
342.408478
342.585999
342.951111
343.458374
344.056458
344.024170
344.266479
344.360992
344.633698
345.143890
344.835724
345.323914
345.315613
345.887970
345.766968
345.823425
345.783722
346.147614
345.604950
346.108154
345.592987
345.822235
346.032043
345.475586
345.171661
345.552612
345.638489
345.220917
345.201141
344.426086
344.662933
344.285889
343.874817
343.269226
344.027527
343.169495
343.149658
342.795166
342.781860
342.626770
342.107452
341.908020
341.907135
341.346893
341.211487
341.176453
340.941101
340.840210
340.581299
340.178528
340.137756
340.360992
339.745697
339.690674
339.502167
339.498688
339.345490
339.770813
339.351807
339.955627
339.789917
339.367310
339.613708
339.675568
339.594177
340.264099
339.965424
340.519196
340.593536
340.888184
340.802917
341.585541
341.329376
341.838928
341.971710
342.577820
342.744751
343.519379
343.450806
343.578278
344.599426
344.205292
344.153137
344.874695
344.759125
345.329773
345.967590
345.677673
346.144897
346.288086
346.736938
347.178650
347.888275
347.486877
347.620972
347.849854
348.202911
348.292358
348.102692
348.406036
348.872406
348.804230
348.568878
348.465698
348.752502
348.435272
348.672150
349.122101
348.729950
348.972992
348.678345
348.560333
348.715088
348.694702
348.148956
347.987518
348.183197
347.741394
347.751190
347.110138
347.506226
346.925171
346.568207
346.484283
346.612366
346.043762
346.504211
345.709381
345.675568
345.385132
344.993744
344.943451
344.786469
344.696899
344.537109
344.709442
344.344086
344.497894
344.184875
344.225189
343.703644
343.902405
343.889069
343.817932
343.698944
344.225098
343.763000
343.883636
343.894318
343.811768
344.083496
343.906219
344.354187
344.725311
344.816315
344.983795
344.871826
345.343597
345.526825
345.631897
345.957855
346.449310
346.454468
346.384216
346.776581
346.963196
347.229889
348.073608
347.754425
348.334351
348.470917
348.780487
348.602600
348.572235
349.084473
349.333313
349.523132
349.619934
350.232697
350.444611
350.189606
350.031158
350.343201
350.568634
350.935791
350.343506
350.277161
350.142975
350.227844
350.220276
350.687317
350.432007
350.083344
350.328430
349.833801
350.243896
349.982086
349.181091
349.411499
349.351166
349.143341
349.171051
348.718994
348.846344
348.061737
348.253052
347.855194
347.330139
347.110565
347.473450
347.203125
346.759003
347.018036
346.190582
346.290710
345.378632
345.697571
345.617523
345.180817
345.695312
345.525696
345.044006
344.892395
345.059235
344.825500
344.660187
345.147552
345.108124
345.011322
344.955750
344.631714
345.021210
344.629272
345.404175
345.392334
345.669403
345.503754
346.036682
346.145569
346.236084
346.677521
346.685852
346.678772
347.511444
347.567047
348.142578
347.952148
348.485901
348.543915
348.363922
348.923523
348.794952
349.022766
349.705322
350.278931
350.065674
350.552216
350.028107
350.515961
350.357666
351.315308
351.421082
351.383881
351.290619
350.873474
351.039154
351.497528
351.430054
351.031921
351.274689
350.913666
350.995392
351.130249
350.854614
350.660431
350.376068
350.319397
349.998138
349.421967
349.998230
349.443878
349.040253
348.876740
348.727203
348.181671
347.883636
347.512207
347.261993
347.080627
347.195679
346.925079
346.285309
346.367065
346.200470
345.963593
345.789856
345.574707
345.318085
345.327606
345.143829
345.056091
345.507812
345.143524
345.149750
345.406860
345.547241
345.567200
345.839844
345.654663
345.912659
346.443909
346.292114
346.924988
347.197144
347.752991
348.234802
348.350861
349.567108
349.536011
349.908142
350.600861
350.742859
351.344513
351.706329
351.995880
352.573486
352.800018
353.162170
353.293701
353.419434
353.461090
353.595764
353.704895
353.928101
353.448853
353.421021
352.762573
352.980072
352.133942
351.534119
350.412354
349.896423
348.920746
347.600861
346.891418
344.768066
343.361450
341.631378
339.570618
337.278748
335.405090
332.932373
330.287445
327.378082
324.348206
321.182953
318.208679
314.794678
310.918915
307.732208
303.411591
299.644470
295.243530
291.487946
286.883270
282.248932
278.426514
273.933777
269.459991
265.229553
260.522614
256.552521
251.474686
247.171524
242.803909
238.484894
234.532669
230.786499
226.667542
222.921570
219.439941
215.848236
212.958618
210.164246
207.183243
204.536896
202.700470
200.674927
199.329483
198.001175
196.785248
196.000229
195.443527
195.489838

298.023315
173.508194
173.823288
174.445038
175.259171
176.255035
177.732361
179.316406
181.262299
183.304871
185.745865
187.951569
190.724564
193.580582
196.450516
199.676437
202.678802
206.368317
210.061798
213.340027
217.198380
220.502350
224.506836
228.162369
232.131500
235.895248
239.711288
243.564651
247.183548
251.073883
254.295395
257.811127
261.570648
264.461609
268.127075
271.162872
274.256256
277.342194
280.057709
282.483429
285.211975
287.427826
289.506287
291.452667
293.563965
295.358307
296.859528
298.717590
299.994263
301.444977
302.461182
303.421478
304.081238
305.197998
305.668640
306.445282
306.771942
307.180389
307.317871
308.050049
307.981567
308.003906
307.911255
308.192047
307.926727
307.536987
307.397644
308.146637
307.502350
307.543793
306.732880
306.881256
306.516052
306.009644
305.873291
305.550873
305.251038
305.220673
305.105194
305.023438
305.089508
304.244659
304.693634
304.329620
304.086670
304.281189
304.348938
304.334595
303.915955
303.958527
304.307312
304.201385
304.830750
304.471405
305.092072
304.979797
305.136414
305.496552
305.490845
306.325317
306.572235
306.743988
306.741608
307.709412
307.906250
307.809692
308.311493
308.815765
308.797302
309.189178
309.472961
309.811890
310.474976
310.730499
311.224548
311.562653
311.414062
311.965881
311.968994
311.949951
312.382507
312.623566
312.868073
312.861664
312.932495
312.978851
312.982971
313.000336
313.265656
313.196869
313.221802
312.963501
312.950531
312.639801
312.851746
312.370361
312.146790
311.974518
311.843292
311.441742
311.882324
311.477661
310.706238
310.684692
310.016113
310.414307
310.240326
309.954041
309.423767
309.290314
309.106750
308.698029
308.521088
308.398376
307.991455
307.999329
307.787018
307.525635
307.534393
307.402985
307.212494
307.090668
306.978271
307.115753
306.926056
306.796295
306.937561
307.139252
307.314148
306.984985
307.351593
307.324524
307.515808
307.498108
307.889130
308.034943
308.372192
308.262115
308.811707
309.141174
309.357330
309.650085
310.047424
310.224457
310.622589
311.304016
311.520355
311.803680
312.543457
312.298798
312.977234
313.343170
313.412781
314.072357
314.512146
314.188904
314.858490
315.424530
315.510315
315.611572
316.332062
316.138428
316.582977
316.707123
317.282257
317.453094
317.252167
317.684723
317.526123
317.501404
317.650299
317.687164
317.917572
317.841339
317.684723
317.891144
317.885223
317.771973
317.527100
317.582550
317.479797
317.490204
317.319519
316.790131
316.533661
316.667969
316.059723
316.026611
315.890961
315.288544
315.689758
315.256714
314.585510
314.621796
314.454468
314.061554
314.360657
313.805878
313.069885
313.222351
313.048401
313.402893
312.793945
312.223511
311.976501
312.379303
312.191162
311.840942
312.119904
311.696198
311.821228
311.531342
311.581604
311.886108
311.725250
311.725098
312.040619
311.838623
312.196899
312.469086
312.463989
312.899628
313.261963
312.904175
313.239166
313.663910
314.169739
313.830872
314.302612
314.247162
314.689606
315.281952
315.742523
315.623444
316.115082
316.665314
316.565979
317.015656
317.470917
317.667358
318.048676
318.435211
318.550568
318.812195
318.783813
319.770447
319.466217
320.116119
320.124054
320.523773
320.317108
320.660675
320.820099
321.055756
321.134888
321.105255
321.207153
321.254639
321.385834
321.511230
321.824127
321.414246
321.629028
321.490448
321.193451
321.309631
321.477386
320.477600
320.923065
320.855652
320.709503
320.672363
320.518524
320.224762
320.156128
320.073730
319.820648
319.720123
319.649139
319.454437
319.151794
318.963928
318.836365
318.351227
318.478455
318.266998
317.681854
317.557800
317.716583
317.670105
317.652039
317.854675
317.296356
317.432587
317.005798
317.291626
317.087463
317.214233
317.342407
317.395813
317.659790
317.269684
317.305908
318.012817
317.575439
317.399323
318.490753
318.450195
318.653992
318.186157
318.983368
318.762512
319.485107
319.424438
319.999573
320.547699
320.211487
320.521301
320.858551
321.250153
321.444855
321.750458
322.091461
322.089752
322.616699
323.048798
323.171509
323.365417
324.163025
324.221130
324.217865
324.381378
324.759521
324.898865
324.993256
325.108521
325.519257
325.747314
325.633911
326.210785
326.231293
325.980011
326.234680
326.187988
325.747009
326.626373
326.289398
326.092499
326.202545
326.439850
326.268677
326.085815
325.930969
326.108459
325.369141
325.227875
325.548767
325.176483
324.881012
324.789764
324.667053
324.624695
324.894653
324.132996
323.646484
323.237549
323.146606
322.680756
322.679993
322.468689
322.306671
322.264130
322.267975
322.328552
321.048401
321.488831
321.352448
321.336334
321.688599
321.280060
320.847046
321.119751
320.549927
320.869843
320.913940
321.215607
320.513306
320.789001
320.812988
320.646851
320.798157
320.989899
321.023102
321.262115
321.235657
321.200897
321.745880
321.505737
322.375488
322.294281
322.514832
322.420288
323.187836
323.080139
323.515778
324.089081
323.932465
324.076294
324.676910
325.030334
325.158936
325.457275
325.489136
326.154083
325.371613
326.296509
326.844788
326.889313
327.084045
327.282166
327.894714
327.951630
327.811401
327.736847
328.132172
328.495117
328.593536
328.693909
328.772339
328.853088
329.240295
329.070740
328.683411
328.606384
328.987946
328.518768
328.587952
328.546112
328.454926
328.530365
328.434418
327.973785
327.915283
328.384399
327.784393
328.066040
327.652618
327.468994
327.498474
327.022308
326.897919
326.366089
326.781403
326.650787
326.218689
326.129761
326.091003
326.121765
325.732880
325.461212
325.573456
325.176636
325.386627
325.383240
325.161835
324.772736
324.662964
325.167603
324.839081
325.348022
325.181580
325.399597
324.841858
325.471039
325.189331
325.465698
325.806519
325.651337
325.962311
326.339111
326.175598
326.682709
326.919250
327.083710
327.263977
327.489746
327.962738
328.354736
328.581207
328.621002
329.001343
329.747681
329.896576
330.329956
330.543549
331.304535
331.673340
331.654266
332.103973
332.510162
332.877441
333.318237
333.483063
333.554108
334.071198
334.442688
335.116943
334.846710
335.279419
335.456329
335.195526
335.794220
336.007324
335.995880
336.074615
336.369934
336.588837
337.041260
336.825806
336.779633
336.786346
337.019684
336.555328
336.885956
336.601440
336.486298
336.494232
336.697113
336.191650
336.502899
335.880981
336.056854
335.844513
335.610596
335.412598
335.740479
335.212708
335.003235
334.787018
335.168610
334.437836
333.866974
333.928009
333.309906
333.462219
333.414825
333.144775
333.050781
333.133179
332.939270
332.982635
333.186676
332.314362
332.636383
332.945740
332.299072
332.775604
332.603943
332.932098
333.154816
332.903442
332.782410
333.093231
333.500885
333.345367
333.204071
333.739105
334.191864
334.217041
334.655823
334.838104
335.094360
335.188477
335.777985
335.562561
336.262604
336.574554
336.719330
337.631317
338.120972
337.936157
338.644806
338.337006
339.383362
339.879700
340.143127
340.173340
340.770599
341.462006
342.133575
342.240570
342.392212
342.621002
342.964417
343.469666
344.052612
344.042908
344.264465
344.326385
344.647766
345.139618
344.865936
345.293030
345.316956
345.880524
345.779572
345.822388
345.797089
346.179352
345.606079
346.076080
345.646393
345.839630
346.032013
345.485077
345.171692
345.573730
345.668457
345.257507
345.226318
344.442902
344.667999
344.287201
343.832825
343.304291
343.989380
343.199493
343.149963
342.859802
342.767242
342.660767
342.110077
341.938721
341.903076
341.371735
341.216187
341.174133
340.955017
340.830811
340.556244
340.158875
340.188049
340.361511
339.715912
339.721588
339.462769
339.511780
339.355957
339.781372
339.354767
339.992004
339.786835
339.397644
339.610657
339.676849
339.610107
340.242401
339.960022
340.489838
340.604401
340.859070
340.825256
341.593231
341.311920
341.851135
341.972809
342.571777
342.677521
343.491211
343.423920
343.625031
344.578278
344.204956
344.098846
344.881439
344.728180
345.302307
345.939087
345.651917
346.099274
346.300568
346.724731
347.214020
347.869110
347.443207
347.599762
347.812408
348.244354
348.293304
348.111511
348.416077
348.850189
348.822357
348.590210
348.471100
348.764374
348.494934
348.698761
349.123932
348.741486
349.013123
348.707855
348.618500
348.770447
348.702087
348.168304
348.035187
348.193665
347.816193
347.792633
347.143921
347.564667
346.941376
346.630341
346.554443
346.712799
346.136108
346.564850
345.759705
345.755493
345.474335
345.113312
345.003876
344.898621
344.761108
344.624084
344.810852
344.445496
344.552490
344.321350
344.333588
343.814453
344.020325
344.000580
343.922699
343.846405
344.317200
343.881134
344.004120
344.025848
343.916290
344.229004
344.056305
344.456299
344.851013
344.955017
345.104797
345.020355
345.487061
345.694824
345.758057
346.084045
346.594727
346.575439
346.531219
346.941132
347.107758
347.367279
348.224243
347.892151
348.475800
348.579987
348.922089
348.759949
348.699066
349.194977
349.430786
349.655426
349.759277
350.349060
350.596985
350.306396
350.157135
350.479675
350.683167
351.035034
350.471924
350.414307
350.255890
350.327026
350.338715
350.796173
350.517517
350.179535
350.444244
349.917694
350.349365
350.068024
349.272552
349.532806
349.428802
349.207916
349.241577
348.786560
348.896484
348.102966
348.306641
347.904022
347.371338
347.142120
347.521729
347.221008
346.768646
347.046234
346.208649
346.332489
345.407379
345.718323
345.628510
345.193115
345.699341
345.525146
345.058197
344.880341
345.050751
344.823914
344.627960
345.120026
345.078766
344.972656
344.894714
344.581604
344.986053
344.595459
345.382538
345.350342
345.593414
345.459198
345.970612
346.099396
346.173523
346.587463
346.592041
346.616119
347.410950
347.493469
348.044281
347.858978
348.397736
348.435211
348.274902
348.820801
348.696136
348.933777
349.610321
350.160767
349.976959
350.439636
349.924408
350.426483
350.246979
351.192810
351.319519
351.271942
351.156830
350.781342
350.952362
351.365204
351.321014
350.957397
351.186646
350.795990
350.886108
351.036621
350.784546
350.585114
350.280182
350.248322
349.927582
349.373474
349.967834
349.383026
349.004395
348.818115
348.661713
348.131744
347.853363
347.487549
347.241180
347.080719
347.188995
346.916016
346.270050
346.378021
346.208160
345.955566
345.811432
345.591370
345.333923
345.372375
345.188385
345.094940
345.560913
345.197357
345.230591
345.496124
345.649902
345.674713
345.938416
345.744873
346.034973
346.580414
346.419312
347.103973
347.338379
347.916809
348.408844
348.543213
349.796875
349.747223
350.130737
350.829224
350.942169
351.607117
351.965607
352.262390
352.889679
353.129700
353.464783
353.634338
353.772430
353.816528
353.920074
354.043060
354.310852
353.826965
353.815460
353.152496
353.405212
352.566833
351.965942
350.827637
350.358582
349.399536
348.112457
347.382202
345.255341
343.850250
342.160431
340.095245
337.824402
335.945953
333.499146
330.855103
327.950409
324.915833
321.779114
318.813477
315.390411
311.525421
308.372040
304.061066
300.296478
295.936859
292.131195
287.559875
282.908630
279.091248
274.628204
270.145081
265.916260
261.225830
257.269165
252.170013
247.915314
243.519409
239.220520
235.283661
231.564819
227.440048
223.683334
220.201538
216.638412
213.749146
210.945587
207.952911
205.332947
203.474564
201.461792
200.110291
198.795105
197.562729
196.802673
196.218063
196.589310

220.264542
184.442841
184.701263
185.447357
186.459869
187.741470
189.284302
190.798996
192.729752
195.052643
197.533661
200.161652
203.092987
205.905853
209.401794
212.497101
215.934036
219.592255
223.301422
227.070404
231.060303
234.779846
239.105560
242.963608
247.237549
251.349747
255.112366
258.930939
262.909637
267.061768
270.793213
274.565094
278.217285
281.398804
285.265656
288.666412
291.569519
294.984741
297.607086
300.121552
302.992126
305.414246
307.069641
310.138977
312.223541
314.160339
315.093689
317.276154
318.337250
319.730469
321.002991
322.185883
322.779480
323.785004
324.837616
324.887695
325.155029
325.793427
325.546478
326.065704
325.825867
326.296112
325.928864
326.375305
325.892059
325.731537
325.481232
325.539734
324.474487
324.756592
324.070557
323.883514
323.757294
323.529968
323.054016
322.914124
322.186249
322.113159
321.970367
321.884125
321.039856
321.297638
320.813385
320.963715
320.799652
320.822266
320.692383
320.344940
320.348083
320.466858
320.778931
321.094727
320.975861
320.580902
320.932404
321.487183
321.356262
321.715485
321.958710
322.170105
322.473877
322.772461
323.148407
323.288269
323.821625
324.261963
324.168488
324.655182
325.073914
325.576172
325.691467
325.636932
326.250580
326.301636
326.526093
326.872223
327.332886
327.296692
327.821136
327.771362
327.689758
328.429291
328.947754
328.742249
328.748138
328.518280
328.857910
328.752563
328.509094
328.511871
328.311493
328.419556
328.211914
328.458618
328.803650
327.700836
327.801544
327.558716
327.163391
326.976624
326.662994
326.298248
325.849915
325.683685
325.771851
325.189209
325.200348
324.829803
324.419891
324.022186
323.788391
323.668457
323.003479
322.695770
323.068726
322.594055
322.161499
322.125305
322.087860
321.592499
321.540771
321.576202
321.233368
320.892639
320.768402
320.820953
320.936890
321.032684
321.117401
320.743347
321.281464
321.552307
321.038239
321.301392
321.302612
321.581085
322.162659
322.341156
322.736694
322.531525
323.046051
323.730255
323.940735
324.458099
324.363556
324.674530
324.880890
325.110229
325.572021
325.555511
325.920227
326.793701
326.585297
327.332214
327.176147
327.919250
328.175232
328.294220
328.558319
329.358917
328.882690
329.418427
329.891602
330.413422
330.031311
329.936005
330.624329
330.338287
330.281982
330.165192
330.288300
330.449677
330.443268
330.395233
330.315460
330.299774
329.875488
329.981750
329.722107
330.174835
329.927216
329.096527
328.624603
328.365173
328.475677
328.393494
328.073578
327.591400
327.033478
326.781311
326.557800
326.602325
326.014160
325.661194
325.301575
325.151855
324.846130
324.502930
324.380920
324.104370
323.919586
324.004944
323.294312
323.345367
322.564514
322.613373
322.617249
322.426208
322.270782
322.067627
321.699158
322.202576
321.417480
321.787354
322.084351
322.000427
321.839478
321.916565
322.099304
322.360199
322.265411
322.206177
322.536865
323.142120
322.636932
323.076172
323.240631
323.622864
323.759674
324.027222
324.082581
324.574036
325.082611
325.051117
325.671600
326.081543
326.052887
326.621796
326.400330
327.044250
326.869598
327.370422
327.403900
327.862457
328.438232
328.342133
328.787201
328.583374
328.847687
328.903961
329.285767
329.426300
329.612030
329.495972
329.506012
329.721252
329.577667
329.630096
329.607697
329.673645
329.523163
329.379883
329.555450
328.979492
329.493958
328.911041
329.297668
328.819336
328.693329
328.494598
328.723907
328.571930
327.781677
327.739960
326.888367
327.222229
327.225433
326.662384
326.489594
326.341553
326.178040
326.118713
325.693207
325.457764
325.253204
325.339996
324.747955
324.654449
324.382599
324.316681
324.180328
324.074982
323.689026
323.250549
323.540100
323.572266
323.647278
323.349579
323.484314
323.607300
323.618652
323.520416
323.484924
323.852692
323.705444
324.082611
323.850983
323.978424
324.359253
324.394531
324.614532
324.786285
324.983307
325.241547
325.339355
325.385956
325.832092
325.563873
326.055145
326.397522
327.071808
327.588654
327.479218
327.503906
328.237427
328.263428
328.506042
328.936157
329.286926
329.579010
329.532745
330.168060
330.160492
330.310852
330.565186
330.684601
331.006470
330.816132
331.387543
331.253235
331.200073
331.301605
331.350311
331.409302
331.494507
331.420746
331.544464
331.456726
331.184143
331.152283
331.209442
331.074585
330.882782
330.899933
330.426056
330.321991
330.121918
330.066132
329.574615
329.708282
329.445160
329.450867
328.822754
329.094025
328.414673
328.328674
328.127350
327.891205
328.037781
327.418549
326.946533
326.665985
326.519073
326.638885
326.323334
326.304688
326.155121
325.804108
325.683044
325.546967
325.582550
325.322296
325.577911
325.397369
325.186096
325.148407
325.388947
325.592987
325.162415
325.142059
324.785767
325.696472
325.722321
325.441986
325.554749
325.610870
325.874603
326.379761
325.931519
326.404572
326.909943
327.548065
327.299225
327.362610
327.901642
328.048187
328.012207
328.376129
328.577393
328.836670
329.229431
329.687225
329.870911
330.335541
330.408508
330.798401
330.948242
330.973877
331.390015
331.555115
331.595123
331.454498
331.605499
331.623779
332.623352
332.159210
332.365356
332.364136
332.389221
332.531311
332.549103
332.506287
333.054718
332.537231
332.046997
332.419006
332.756989
332.633942
332.261658
332.006866
331.848938
332.115784
331.826843
331.299164
331.284454
330.762878
330.784607
331.168549
330.279633
330.336395
329.743164
330.191010
329.596863
329.540710
329.330811
329.480042
329.037323
328.800873
328.390350
328.692902
328.225006
328.177856
327.723785
327.432343
327.730835
327.527924
327.825867
327.317169
327.821930
327.674255
327.177917
327.230530
328.453827
327.426270
327.693665
327.730377
327.890900
327.833679
328.099548
328.024292
328.463074
328.438171
328.418152
328.571716
329.039612
329.524475
329.938568
330.183319
330.199158
330.247528
330.559814
331.070190
331.411011
331.956482
332.008240
332.593811
332.479767
333.090179
333.949310
333.570892
334.055969
334.471771
334.593079
335.280487
335.249420
335.108643
335.528473
336.116089
336.157135
336.409363
336.324768
336.793396
336.630493
336.813446
336.981964
337.149414
337.058594
337.142395
337.177765
337.212189
337.243408
337.160553
336.918640
337.170776
336.895294
336.842010
336.471375
336.485352
336.110474
336.126251
335.924805
335.369202
335.263214
335.346588
335.317169
334.893524
334.715607
334.616333
334.380035
333.550568
333.669922
333.331360
333.010773
333.062286
332.860229
332.214417
332.157532
332.124390
331.918243
331.733368
331.536224
331.264679
331.288147
330.853119
331.298187
331.399597
331.310028
331.381714
331.304932
330.851929
331.190308
330.915649
331.416718
330.951141
331.231110
331.327271
331.512695
331.525543
332.020569
331.924805
332.397522
332.872742
332.706085
332.918823
333.297302
333.297729
333.742035
334.303864
334.356049
335.320129
334.946838
335.483459
335.803589
336.325287
336.610474
336.907104
337.784851
337.213989
337.647247
338.240997
338.258270
338.644562
339.322510
339.199982
339.435822
339.858368
339.989685
340.208038
340.660645
340.754852
340.762695
340.689636
341.371918
341.228363
341.142487
341.117676
341.127960
341.483215
341.133453
341.340454
341.136932
341.240143
340.553345
340.669678
340.914612
341.159637
340.119049
340.058075
339.575836
339.164642
339.601440
339.246552
338.647003
338.512726
338.427673
337.907410
337.365753
337.401398
337.066681
336.814758
336.626221
335.987244
335.135345
335.375549
335.608124
334.443451
334.967102
334.066132
334.157288
334.286224
333.363831
333.755219
333.510101
333.294647
333.144836
333.062561
332.899445
332.686981
332.747559
333.109741
332.728973
332.468658
333.159851
332.606049
332.851685
332.883362
332.888611
332.990448
333.123657
333.325500
333.344177
333.242126
333.637543
333.549957
334.099823
334.617310
334.213196
335.043762
334.820831
335.463623
335.899597
335.706116
335.953369
336.687042
336.513275
336.704529
336.953339
337.400055
337.121216
337.674408
337.808899
338.240692
338.597076
338.559814
338.737885
338.910095
338.826080
338.824402
339.389832
339.341034
339.627716
340.053162
339.950684
339.940369
339.603638
339.641479
339.571991
339.443237
339.929443
339.283569
339.838348
339.461914
338.819794
339.129028
338.996063
338.530792
338.607117
338.623230
338.201508
337.742554
337.349152
337.687378
337.746490
337.059906
336.716461
336.577728
336.796265
335.742889
335.740173
335.742126
335.119965
334.798096
335.052429
334.495453
334.506073
334.371826
333.830200
334.103790
333.890198
333.680389
333.521118
333.815399
333.420563
333.755829
333.282043
333.726624
333.662354
333.365601
333.172485
333.004242
333.618896
333.375092
333.445343
333.690948
333.779877
333.990204
333.932892
334.239655
334.468506
334.476013
334.821655
334.611542
334.931030
334.866608
335.375061
335.449127
335.482330
335.891876
336.440430
336.572845
336.416351
336.863617
336.733948
337.513977
337.202576
337.414795
337.769958
337.730133
337.769379
337.950317
338.032196
337.849335
338.306366
338.515503
337.948822
338.706085
338.583405
338.447357
338.115540
338.574829
338.284088
338.221802
337.930145
337.922974
338.089294
337.500488
337.543610
337.327576
337.410645
337.000610
337.101288
336.354889
336.403381
336.061493
335.618408
335.829559
335.350861
335.241516
334.950684
334.740570
335.042816
334.819641
334.103882
333.864166
333.391113
333.374847
333.604279
332.671234
332.592987
332.521088
332.841217
332.307404
332.204102
332.368896
331.838257
331.688629
331.909332
331.683441
331.626892
331.585175
331.890961
332.217316
332.112793
331.846375
332.230438
332.225647
332.433411
332.713104
332.836578
332.572784
333.125427
333.141937
333.022858
333.661255
333.851532
333.767853
334.409729
334.662262
334.554626
334.359680
335.032623
334.987946
335.208832
335.590179
335.440918
336.000671
336.297272
336.127869
336.397278
336.392487
336.694824
336.679688
337.247589
337.095428
337.293793
337.602325
337.101959
336.905914
336.864410
337.005432
337.382751
336.633606
336.733826
336.539215
336.162933
335.995453
335.846161
335.724365
335.262878
335.114319
335.313660
334.861603
334.777649
334.639526
334.086334
333.747833
333.509766
333.280884
333.477509
333.164459
332.858337
332.328552
331.562286
331.678619
331.802307
331.565613
330.925018
331.207977
331.123718
330.820648
330.613525
330.625580
330.672363
330.760437
330.711578
330.928314
331.062500
331.246674
331.233978
332.004517
331.743774
331.687164
332.247467
332.665558
332.623260
333.160461
333.623962
333.712067
334.288635
334.528900
334.701080
335.419403
336.121765
336.527802
336.415588
336.575989
336.851288
338.032257
337.609528
338.069275
338.462250
338.371155
338.581543
338.400238
338.457092
337.942505
338.159271
337.651245
337.377472
337.048004
336.596252
335.859863
334.803406
333.848145
332.295685
331.294983
329.955597
328.926819
326.525330
324.867767
322.788208
320.476318
318.124054
315.746124
313.057495
310.294525
307.263458
304.537201
300.969971
297.709412
293.914062
290.498749
286.975372
282.696869
278.791504
274.636505
270.686066
266.545837
262.415771
257.772583
253.770447
249.665192
245.215622
240.818649
236.643753
232.557922
228.784027
224.642563
220.762360
217.085709
213.555557
210.279053
207.183777
203.960342
201.138077
198.829407
196.326843
194.493530
192.586960
190.936218
189.769302
188.400818
188.199265
187.450775
187.414230

224.917496
185.016571
185.291794
186.036667
187.066116
188.332794
189.906494
191.391449
193.354721
195.646805
198.155624
200.784149
203.727676
206.525146
210.073196
213.126724
216.555099
220.231567
223.949661
227.741425
231.738785
235.471817
239.780243
243.675156
247.955383
252.074875
255.833511
259.669800
263.686127
267.837982
271.587006
275.342651
279.004395
282.198669
286.071716
289.496246
292.472900
295.802124
298.441162
300.959656
303.858856
306.310303
308.000305
311.078064
313.136932
315.093811
316.016632
318.244720
319.278107
320.726105
321.960510
323.222809
323.791504
324.778748
325.867279
325.919342
326.189819
326.828400
326.596344
327.119110
326.874817
327.412598
327.002899
327.428436
326.970062
326.860931
326.596436
326.623871
325.611603
325.882385
325.180847
325.027191
324.847382
324.642426
324.169220
324.052155
323.357574
323.270721
323.108673
323.037659
322.201904
322.447845
321.934631
322.051819
321.935211
321.930878
321.774536
321.501495
321.487061
321.590607
321.836517
322.202698
321.979889
321.587463
321.973572
322.538300
322.401031
322.790253
323.017578
323.185516
323.499939
323.785889
324.106537
324.262512
324.789062
325.207611
325.132660
325.654236
326.023132
326.520447
326.555450
326.560883
327.087006
327.178955
327.373383
327.704346
328.166595
328.086945
328.637695
328.593262
328.443481
329.226746
329.633087
329.490082
329.524872
329.241425
329.570679
329.473267
329.185272
329.199158
328.961212
329.044373
328.804413
329.061157
329.404938
328.312073
328.375549
328.179871
327.735840
327.538025
327.137512
326.742401
326.347443
326.227692
326.268463
325.674805
325.649200
325.289459
324.836060
324.427032
324.192932
324.065582
323.413452
323.132660
323.453186
322.996796
322.525604
322.479156
322.462524
321.925385
321.873810
321.891296
321.536194
321.200409
321.060486
321.087769
321.230011
321.316467
321.417419
321.035156
321.520782
321.813354
321.301514
321.541809
321.516663
321.825958
322.384644
322.559509
322.947113
322.701294
323.228790
323.893036
324.132751
324.653870
324.580048
324.858124
325.053986
325.283752
325.748535
325.719635
326.100830
326.942566
326.734894
327.502625
327.338470
328.032928
328.325287
328.413818
328.682129
329.462219
328.979340
329.498230
329.979675
330.544708
330.129272
330.002136
330.679749
330.425140
330.343109
330.240112
330.343170
330.524353
330.511047
330.427734
330.352783
330.359222
329.929657
330.004364
329.733856
330.153870
329.912506
329.090790
328.641174
328.333984
328.468719
328.326691
328.046539
327.539124
327.008026
326.745117
326.504761
326.523529
325.933441
325.585693
325.213623
325.042572
324.736877
324.396362
324.258484
324.004974
323.784363
323.870667
323.168274
323.210754
322.439331
322.457306
322.470551
322.253052
322.104767
321.912689
321.522491
322.044800
321.241455
321.621948
321.912170
321.817078
321.708008
321.753845
321.925018
322.184082
322.089600
322.021332
322.350922
322.970947
322.468719
322.927795
323.096832
323.484497
323.625122
323.905701
323.954529
324.460754
324.950592
324.929291
325.555206
325.966614
325.962830
326.511810
326.299164
326.979828
326.816010
327.318054
327.344330
327.833649
328.389679
328.322632
328.779877
328.606689
328.847717
328.957489
329.313538
329.464722
329.694305
329.553955
329.604553
329.846008
329.718689
329.787933
329.794983
329.859558
329.727783
329.605713
329.798096
329.224396
329.755402
329.201965
329.568451
329.121918
329.028992
328.820557
329.066284
328.953857
328.186737
328.169250
327.337219
327.661926
327.692139
327.152832
326.964142
326.863861
326.739319
326.675873
326.275360
326.082092
325.875092
325.976562
325.369995
325.319275
325.044128
325.018433
324.850433
324.777588
324.433075
323.986908
324.287903
324.331360
324.388367
324.134308
324.257172
324.425232
324.456726
324.372101
324.304535
324.704254
324.579071
324.932373
324.740845
324.886597
325.206665
325.294556
325.524139
325.653839
325.865356
326.153320
326.245026
326.283264
326.738281
326.453705
326.922821
327.286438
328.020203
328.478149
328.350708
328.369720
329.082428
329.139526
329.376068
329.774261
330.123444
330.444824
330.328217
330.968048
330.956299
331.101776
331.370239
331.480194
331.766815
331.589355
332.149109
331.965820
331.904419
331.991455
332.045197
332.086426
332.125458
332.107666
332.183075
332.094147
331.812683
331.751984
331.755035
331.626404
331.433319
331.437805
330.931274
330.814545
330.563232
330.507538
330.043335
330.128754
329.843018
329.837463
329.210724
329.424561
328.744446
328.631622
328.416351
328.194366
328.326508
327.670013
327.169586
326.859802
326.714325
326.805878
326.509430
326.434448
326.263367
325.917633
325.771973
325.644226
325.661041
325.377563
325.601196
325.421783
325.195496
325.151703
325.372681
325.585449
325.121765
325.114410
324.720978
325.633453
325.645294
325.359283
325.447815
325.518555
325.757629
326.257996
325.812683
326.288513
326.792175
327.410553
327.162048
327.218567
327.760712
327.918457
327.864777
328.200043
328.428955
328.684052
329.112122
329.537811
329.710510
330.171661
330.258514
330.660553
330.799530
330.840546
331.236755
331.400696
331.432648
331.333527
331.479462
331.508820
332.520416
332.073303
332.278198
332.263062
332.299805
332.456329
332.469940
332.454498
332.996460
332.494171
331.983337
332.411591
332.704803
332.616852
332.273346
332.011200
331.872375
332.153473
331.857147
331.363037
331.334839
330.828949
330.882629
331.265869
330.384338
330.458282
329.847626
330.332458
329.732635
329.699860
329.491486
329.639923
329.226166
328.979523
328.600037
328.921509
328.452698
328.408997
327.955017
327.702240
327.989990
327.835205
328.106689
327.615173
328.101166
327.972565
327.485626
327.542206
328.434662
327.773224
328.052704
328.051788
328.241089
328.195648
328.466156
328.430115
328.815125
328.824799
328.785217
328.973480
329.417206
329.929840
330.359009
330.572083
330.617249
330.706726
330.983917
331.481903
331.846100
332.341522
332.449371
333.015137
332.894745
333.523224
334.398926
333.967072
334.495880
334.895233
335.008789
335.721008
335.708435
335.530731
335.950958
336.519318
336.593262
336.807159
336.729797
337.207062
337.035675
337.230865
337.381378
337.540344
337.453766
337.522858
337.596985
337.586975
337.612549
337.556610
337.264191
337.539154
337.250763
337.174774
336.791290
336.804749
336.449890
336.444183
336.242554
335.685150
335.575989
335.635498
335.641083
335.194611
335.030121
334.888245
334.676208
333.851990
333.942841
333.601349
333.279724
333.293457
333.122101
332.439026
332.360535
332.371979
332.133179
331.937134
331.729919
331.438538
331.468262
331.058319
331.460205
331.545898
331.479156
331.524689
331.464264
330.978455
331.309265
331.043182
331.537659
331.077423
331.333710
331.442230
331.605774
331.613800
332.128052
332.013641
332.447510
332.931732
332.756317
332.972565
333.338623
333.342377
333.766144
334.337646
334.380402
335.329834
334.943207
335.494781
335.792450
336.303772
336.570496
336.869598
337.742523
337.172516
337.572815
338.183960
338.192810
338.574005
339.247955
339.110352
339.344360
339.755920
339.884552
340.087433
340.525208
340.611298
340.621033
340.549194
341.220520
341.052917
340.968658
340.941406
340.956268
341.300690
340.939545
341.123260
340.930237
341.035034
340.298004
340.434753
340.668762
340.925507
339.870056
339.788788
339.298401
338.893127
339.334656
338.970398
338.341919
338.204651
338.123383
337.574036
337.053558
337.086121
336.761810
336.488831
336.301270
335.625519
334.781464
335.000305
335.235626
334.060394
334.613312
333.687988
333.771393
333.911346
332.963928
333.375549
333.072662
332.890656
332.724182
332.661102
332.482361
332.270203
332.308319
332.689178
332.301086
332.020233
332.689636
332.175171
332.427368
332.462921
332.440216
332.547211
332.673645
332.870728
332.900177
332.780396
333.184631
333.086884
333.650208
334.166473
333.765350
334.613586
334.405670
335.020386
335.478210
335.244324
335.520752
336.245544
336.065796
336.255310
336.509979
336.992920
336.705688
337.238281
337.385742
337.824829
338.177216
338.150482
338.350464
338.510651
338.407623
338.448608
339.009155
338.927002
339.273834
339.720612
339.590210
339.589111
339.247345
339.303772
339.268829
339.109467
339.587738
338.970215
339.500671
339.153656
338.503601
338.798218
338.682861
338.255920
338.308350
338.345337
337.937103
337.495300
337.059326
337.430786
337.484131
336.805023
336.503693
336.319763
336.570526
335.532043
335.527588
335.517090
334.885681
334.597046
334.853668
334.291077
334.343018
334.184204
333.657013
333.936920
333.593414
333.549988
333.407257
333.667175
333.256531
333.659058
333.174683
333.618408
333.558411
333.293091
333.089813
332.968689
333.527679
333.271362
333.398468
333.597534
333.730438
333.945343
333.878754
334.205261
334.388123
334.451935
334.791229
334.579987
334.896332
334.830994
335.340240
335.413422
335.483368
335.872009
336.422028
336.541718
336.387421
336.896606
336.732880
337.525360
337.212463
337.428925
337.785431
337.735046
337.790283
337.971161
338.046295
337.874939
338.320312
338.525024
337.990967
338.750244
338.607513
338.488708
338.125336
338.605774
338.349121
338.251801
337.956055
337.965057
338.117065
337.550201
337.577637
337.374481
337.437805
337.050354
337.141541
336.364471
336.424744
336.120056
335.676910
335.869415
335.378510
335.284485
334.970001
334.784271
335.076569
334.857300
334.121338
333.871674
333.446198
333.397827
333.631012
332.715332
332.634796
332.542023
332.865143
332.344116
332.221405
332.400970
331.886963
331.722900
331.967072
331.741516
331.683411
331.613831
331.918701
332.226471
332.162689
331.882202
332.274811
332.261017
332.446777
332.737274
332.879028
332.606201
333.147400
333.171478
333.050995
333.711456
333.872406
333.816223
334.465424
334.720703
334.577820
334.415985
335.061493
335.029907
335.239807
335.632599
335.469818
336.025940
336.333252
336.165253
336.451172
336.432343
336.729828
336.705597
337.296814
337.152069
337.346558
337.648926
337.151123
336.930481
336.902710
337.032867
337.445831
336.688293
336.783722
336.564880
336.221436
336.060669
335.888672
335.765472
335.306274
335.145233
335.356323
334.889862
334.827637
334.682098
334.122925
333.795319
333.541840
333.333832
333.507782
333.208771
332.899323
332.329987
331.594879
331.719788
331.816315
331.609680
330.958740
331.213013
331.152802
330.852905
330.627930
330.637604
330.693329
330.770752
330.743011
330.948242
331.091431
331.262909
331.262756
332.024384
331.737213
331.664948
332.266205
332.647430
332.615509
333.153198
333.628601
333.703278
334.272705
334.523712
334.677948
335.416565
336.114471
336.504730
336.403503
336.561340
336.819824
338.007019
337.574158
338.047791
338.437042
338.322845
338.538727
338.356079
338.416779
337.895325
338.108337
337.562683
337.316376
336.982269
336.536926
335.792328
334.725922
333.780487
332.241302
331.215363
329.886841
328.831238
326.465668
324.769806
322.698822
320.381531
318.032776
315.638580
312.956238
310.201355
307.159058
304.404694
300.852051
297.613159
293.796539
290.380646
286.859589
282.567352
278.690277
274.512390
270.549225
266.411743
262.289978
257.657227
253.637711
249.508163
245.088684
240.693848
236.501740
232.430649
228.669006
224.510605
220.609161
216.957825
213.405579
210.137558
207.047836
203.821655
201.007065
198.718826
196.159561
194.363678
192.429108
190.797394
189.610916
188.234344
188.046310
187.310013
187.294800

