269.372772
173.462906
173.854141
174.325760
175.060684
176.635269
177.722305
179.257538
181.209106
183.177109
185.679794
187.969284
190.639389
193.496628
196.652176
199.383911
202.636383
206.332764
209.605621
213.551941
217.012558
220.556808
224.063782
227.908997
231.962692
235.435852
239.374512
243.411301
247.142654
250.320953
254.077454
257.485809
260.889313
264.460815
267.362030
270.542603
273.979584
276.560791
279.396729
281.819458
284.379181
286.537720
288.928223
291.176697
292.777466
294.724121
296.215332
298.136993
299.229828
300.276764
301.537659
302.561890
303.349945
304.525055
304.962494
305.372131
305.865173
306.153992
306.514435
306.942993
306.558380
307.443665
307.345520
306.908966
306.888794
306.911530
306.292053
306.682983
306.220581
306.197357
305.865479
305.507294
305.265625
305.005524
304.773346
304.277100
304.252655
304.296326
303.753693
303.605225
303.247437
303.060852
303.396759
302.974701
302.721283
303.145172
303.276825
302.981445
302.937653
303.054199
303.125397
303.141510
303.260895
302.994232
303.807709
303.639252
304.012238
303.985931
304.582306
304.874664
305.421478
305.785339
305.931458
306.080292
306.657288
306.628174
307.350342
308.300446
307.821533
308.325378
308.613617
308.658112
308.731018
309.822418
310.344849
310.124664
310.881012
311.265991
311.733032
311.560333
311.472778
311.555634
311.924805
311.923309
312.052216
312.416473
312.349548
312.561646
312.439362
312.304749
312.379242
312.237396
312.429230
312.103821
311.924103
312.181854
311.993805
311.228058
311.240631
310.821533
311.018158
310.714783
310.434296
310.037476
310.423218
310.042114
309.307251
309.287750
309.113342
308.875549
308.629913
308.208496
308.227478
307.843689
307.735809
307.290894
307.321808
307.237915
307.016663
306.972168
306.938232
306.577026
306.996185
306.563599
306.463684
306.366699
306.827637
306.653717
306.860687
307.104675
307.152832
307.243134
307.541595
307.457184
307.283234
308.175201
307.913788
308.177704
308.889618
309.092377
309.592773
309.583679
309.784790
309.771271
310.821289
310.876373
311.238159
311.487579
312.240540
312.345123
312.931152
312.876190
313.461334
314.113464
314.139984
314.438049
315.016968
314.531982
315.104919
316.046783
316.170349
316.084625
316.306335
316.680695
316.722229
316.837708
317.363190
317.353882
317.294647
317.541565
317.474670
317.266663
317.344391
317.199951
317.706726
317.479095
317.306763
317.638702
317.106689
316.997711
317.237823
317.072296
316.759583
316.644043
316.094391
315.799194
315.867584
315.780701
315.334259
315.106750
315.017334
314.903809
314.773895
313.953949
313.888611
313.582520
313.672852
313.081207
312.825623
312.989990
312.946442
312.376740
312.720947
312.188904
312.246552
311.643188
311.356384
311.635559
311.612000
311.230194
311.512451
311.397827
311.244415
311.501160
311.294128
311.474243
311.972198
311.656067
311.905975
311.605591
312.107727
312.318573
312.839630
313.072510
312.340271
313.223938
313.560883
313.763947
313.922363
314.282684
314.570007
314.806671
314.984772
315.548737
315.849945
316.108063
316.617615
316.752655
316.682159
317.376007
317.496887
317.813080
318.197601
318.694885
318.395142
318.829407
319.219818
319.550537
320.018768
319.887878
320.324127
320.255127
320.465057
320.676666
320.900787
320.820892
321.078827
320.980438
320.763092
321.028870
321.389557
321.404694
320.901337
320.938049
320.687836
320.754883
321.067963
321.145660
320.138062
320.555481
319.999390
320.448395
320.272156
319.949127
319.515869
319.498199
319.521942
319.098938
318.926361
318.783539
318.661011
318.242218
318.122528
318.013458
317.541199
317.566498
317.292511
317.163574
317.424927
316.951263
317.279938
316.424042
316.931000
317.126709
316.754486
316.738983
316.871826
316.429108
316.918671
316.679535
316.389679
316.984100
317.023865
316.759705
316.914459
317.554077
317.523865
317.847382
317.998260
317.963501
318.573547
318.661346
318.718597
319.146149
319.584564
319.786438
319.882690
319.944855
320.995758
320.693451
321.270905
321.522400
321.736053
321.709167
322.394165
322.160431
322.896637
323.303955
323.570251
324.193085
324.021240
324.274139
324.824402
324.995483
325.083313
325.285736
325.383514
325.671631
325.675873
325.755798
325.942963
325.868073
326.206177
326.713593
326.110992
326.407837
326.478302
326.317078
326.513306
326.649597
326.525360
326.355682
326.184937
326.231934
326.229980
325.877106
325.666168
326.222473
325.709656
325.376556
325.126709
324.792175
324.584167
324.650848
324.644409
324.061188
324.085358
323.962830
323.573883
322.772675
323.024139
322.663422
323.087891
322.519104
322.567230
322.641693
322.313782
322.183289
322.101807
321.939819
321.974365
321.913147
321.703949
322.105927
321.790802
321.515076
322.087921
321.797241
321.969025
321.922455
321.784729
322.332520
322.610596
322.387512
322.590454
323.091553
322.868958
323.116943
323.471100
323.525543
323.919525
323.985931
324.769104
324.824219
325.116516
325.513062
325.608246
326.017822
326.507660
326.105804
326.629608
327.217255
327.333130
327.690857
327.701538
327.926727
328.050507
328.543732
328.854492
329.007050
329.457764
329.740845
329.541107
329.604187
330.186493
330.275452
330.354767
330.381256
330.373779
330.484009
330.417175
330.997192
330.782593
330.546570
330.672119
330.661743
330.711548
330.718689
330.234558
330.446655
330.437744
330.096588
330.087860
330.117889
329.819275
329.838745
329.670929
329.284332
329.384796
329.371918
329.126740
328.992432
328.821899
329.011322
328.377472
328.660217
328.435089
328.343506
327.867126
327.706146
327.584229
327.397919
327.671082
327.462250
327.221832
327.433807
327.651764
327.139526
327.277802
327.345978
327.314209
327.346466
327.430328
327.662689
327.455994
327.853973
328.091339
327.877502
328.103729
328.803650
328.723419
328.942444
329.023895
329.244659
329.676880
330.225037
330.249634
330.952942
331.007233
331.350708
331.471954
332.274994
332.712952
332.416779
333.169312
333.878510
333.584961
334.581543
334.562897
335.185669
335.132050
335.842743
335.958832
336.355682
336.815063
337.499176
337.332764
337.682678
337.849152
337.892914
337.975067
338.609985
338.806030
338.833893
339.120972
339.246826
339.756256
338.927124
339.284790
339.293427
339.785400
339.559143
339.684753
339.702332
339.316315
339.711304
339.451813
339.147156
338.679688
338.976074
338.862152
339.116608
338.562744
338.454285
338.278320
338.184570
337.720581
337.587372
337.827881
337.191376
337.310425
336.773438
336.767120
336.656891
336.317505
336.416840
335.914734
335.954865
335.583435
335.562103
335.645142
335.509308
335.530060
335.408936
335.283630
335.521912
335.031616
335.339630
335.152008
335.150391
335.169067
335.527008
335.866333
335.963654
335.613403
336.016846
336.702454
336.392670
337.110748
337.009460
337.610718
338.000183
337.856171
338.581085
338.323853
339.139771
338.983215
339.653961
340.070679
339.762207
340.782257
340.930786
340.966461
341.658752
342.306549
342.710938
343.124786
343.415039
343.628235
344.023224
344.762115
344.512360
345.070923
345.065491
345.491394
345.952911
345.819092
346.647644
346.347321
346.962921
347.439880
347.044159
347.602814
347.765045
347.757477
347.631683
347.716034
347.927338
347.944794
347.752258
347.796143
347.801544
347.452301
347.572723
348.011078
347.553223
347.044617
347.405670
346.763245
346.647949
346.168549
346.298523
346.109375
345.780151
345.451233
345.158722
345.060333
344.703430
344.382233
344.395721
344.355774
343.281189
343.215820
343.176605
342.687286
342.169678
342.443512
342.158112
341.772217
341.603943
340.976837
341.158356
341.430359
340.763336
340.955627
340.905853
340.698517
340.719574
340.413544
340.915985
340.512177
340.341919
340.657349
340.410614
341.165680
340.777710
340.912384
341.309906
341.540497
341.178894
341.129059
341.319977
341.895020
342.129303
342.574768
342.835358
342.722900
343.303040
343.796265
343.825256
344.558350
344.382050
345.032257
345.384552
345.367096
345.431580
345.980804
346.488312
346.581757
346.704163
346.978973
347.554962
347.506897
347.922363
348.083008
348.302338
348.231110
348.490906
348.347046
348.919281
349.191315
348.833069
348.827393
349.255951
349.166626
348.903168
348.742432
349.186310
349.109039
348.763580
348.459686
348.295166
348.627594
348.703644
348.431061
348.345032
347.944641
347.925385
347.952606
347.970917
347.744293
347.317719
346.785889
346.667053
346.513550
346.350372
346.206299
345.708282
345.616638
345.714050
345.013916
345.152649
344.823700
344.556427
344.485138
344.369232
344.326904
344.210388
344.049500
343.860229
343.901031
343.521454
343.570892
343.806854
343.475433
343.066406
343.634277
343.574402
343.635101
343.623230
344.249084
343.870789
343.864166
343.786377
343.512177
344.205170
344.471436
344.323303
344.942749
345.003418
345.672943
345.609253
346.013458
345.816193
346.200348
345.915070
346.782990
346.967834
346.954041
347.586578
348.039490
347.981232
348.024811
348.624054
348.312317
348.970856
348.538208
348.722778
348.506927
349.442719
349.690765
349.732666
349.317841
349.741425
349.813324
349.942902
349.860168
350.357727
349.802582
349.804199
349.510071
349.606689
349.706573
349.648743
349.306427
349.046051
349.088898
348.908691
349.066681
348.673157
348.644684
348.298889
348.020355
347.856293
348.083679
347.308228
347.318115
346.917297
346.939178
346.400146
346.316833
346.523285
345.940094
345.938446
345.210815
345.133392
344.973114
345.125000
344.498779
344.766113
345.064728
344.246704
344.413269
344.160645
343.936859
344.091949
344.264587
344.107788
343.826843
343.691193
344.635101
344.124176
344.480621
343.703766
344.326050
344.157318
344.674530
344.583069
344.757599
345.005432
345.389465
345.407990
345.598694
346.274567
346.581451
346.410767
346.460602
346.808075
347.050964
346.885986
347.686615
347.909454
347.962494
347.978149
348.728119
348.451263
348.955078
349.507141
348.953949
349.208038
349.374420
350.292877
350.011108
349.859039
349.955109
349.953827
349.494324
350.041016
349.463135
350.056732
350.069153
350.037781
349.423004
349.500427
349.338440
349.383820
349.501434
348.664764
348.786102
348.151428
348.568085
347.690643
347.549438
347.233948
347.089844
346.742645
346.512146
346.511993
346.140930
345.867828
345.491119
345.237885
344.829407
344.959595
344.581207
344.602020
344.169647
344.339691
344.082520
343.948975
343.797791
344.113342
343.742554
343.824799
344.439117
344.189728
344.164948
344.463806
344.447296
344.566589
344.979462
345.285553
345.548035
346.216858
346.039337
346.357788
347.168427
347.188019
347.692413
348.261597
348.844696
349.278717
349.341675
349.470001
350.411652
351.045685
351.515442
351.627075
351.978485
352.074371
352.419739
352.537109
352.107574
352.915771
352.907440
352.296082
352.421600
351.900665
351.597260
351.136597
350.838470
349.977295
348.116882
347.925507
346.499023
345.650970
344.089844
342.241547
340.549622
338.669495
336.763458
334.129059
332.223297
329.540619
326.725922
323.603607
320.729797
317.814392
313.900970
310.180542
306.984222
303.109253
299.168396
294.938873
291.141602
286.830902
282.371643
278.125183
273.529358
269.184204
264.398773
260.342590
255.566193
251.542633
247.131195
242.783401
238.405655
234.365753
230.549011
226.414978
222.670609
219.157440
216.051712
212.839325
209.793015
207.696381
205.161774
202.584229
200.760300
199.275986
198.080322
196.956802
196.082199
195.775253
196.038437

267.880707
173.443542
173.836655
174.293625
175.045624
176.624863
177.705795
179.262299
181.234268
183.194275
185.715240
187.995209
190.714890
193.561981
196.737274
199.499634
202.731705
206.458511
209.751312
213.712875
217.179337
220.745636
224.279419
228.147369
232.246490
235.714798
239.675095
243.746826
247.521973
250.730804
254.473755
257.921906
261.366089
264.956604
267.855591
271.059906
274.555939
277.152405
280.033508
282.476654
285.075409
287.285156
289.672943
291.943237
293.552490
295.563782
297.096588
299.027039
300.123108
301.249268
302.514069
303.548462
304.336731
305.583069
306.048553
306.467651
306.998199
307.287537
307.682312
308.169983
307.795349
308.702026
308.624207
308.168945
308.196686
308.242920
307.629791
308.052124
307.599609
307.573730
307.295380
306.958832
306.671997
306.476593
306.237946
305.794891
305.722900
305.831970
305.268646
305.141754
304.748077
304.580811
304.937408
304.513092
304.259369
304.694122
304.820129
304.531006
304.469208
304.613281
304.646667
304.656281
304.775146
304.521576
305.333313
305.109589
305.501373
305.475037
306.083496
306.347870
306.860107
307.213501
307.359436
307.474335
308.032806
307.988281
308.682465
309.637909
309.164276
309.604401
309.857208
309.873596
309.921997
311.051086
311.545929
311.284607
312.030243
312.369171
312.799591
312.609009
312.506592
312.552795
312.927765
312.887329
312.968384
313.298370
313.230713
313.424225
313.287598
313.116913
313.148865
312.963776
313.152954
312.795197
312.609467
312.798462
312.594025
311.811676
311.789673
311.322968
311.490845
311.190613
310.879791
310.452362
310.802399
310.403107
309.631897
309.608826
309.401428
309.133636
308.880249
308.432526
308.431030
307.998199
307.900269
307.428497
307.433716
307.318176
307.077789
307.030334
306.956665
306.617096
307.020477
306.533173
306.445892
306.319153
306.794434
306.600586
306.777008
307.015869
307.054657
307.131561
307.403992
307.342590
307.131622
308.030396
307.771912
308.022614
308.711884
308.940582
309.408356
309.414978
309.591888
309.579102
310.638885
310.690826
311.033386
311.298737
312.069550
312.144135
312.745026
312.679749
313.274139
313.921204
313.961304
314.270630
314.876709
314.384613
314.935883
315.897125
316.017883
315.971344
316.152100
316.556793
316.607086
316.765167
317.287476
317.268219
317.247528
317.494141
317.438629
317.212738
317.339233
317.168976
317.722656
317.481842
317.298828
317.667023
317.145752
317.053864
317.300140
317.116028
316.891632
316.748108
316.222168
315.951355
316.050751
315.970947
315.505646
315.314209
315.253784
315.136536
315.017914
314.251648
314.181213
313.880615
313.992859
313.400757
313.185638
313.337769
313.323669
312.795471
313.154419
312.614807
312.687286
312.120453
311.861420
312.113647
312.139618
311.753540
312.079224
311.953003
311.829437
312.112000
311.901123
312.112335
312.650360
312.267914
312.604126
312.327759
312.838257
313.069946
313.595367
313.903473
313.151123
314.014587
314.393921
314.606964
314.757629
315.187103
315.437134
315.676849
315.892303
316.456848
316.837524
317.086670
317.627686
317.770020
317.710541
318.432281
318.564392
318.904755
319.295227
319.817047
319.539429
320.003479
320.391876
320.716858
321.243652
321.136963
321.585510
321.528534
321.808929
321.983673
322.195007
322.138306
322.415741
322.343262
322.131561
322.425720
322.790955
322.821045
322.358093
322.405243
322.195740
322.286987
322.542419
322.658875
321.688110
322.122314
321.582214
322.071472
321.899597
321.565735
321.185211
321.069733
321.155457
320.704773
320.595886
320.458038
320.357239
319.909546
319.827850
319.737885
319.264984
319.253143
319.011230
318.860016
319.209808
318.730133
319.074249
318.195251
318.662537
318.920929
318.528931
318.524994
318.727295
318.243164
318.656738
318.445404
318.159973
318.792786
318.799286
318.542633
318.736206
319.354889
319.320618
319.624420
319.757050
319.692749
320.373871
320.412170
320.477570
320.919556
321.315582
321.472565
321.569214
321.650330
322.741547
322.389740
322.931122
323.163116
323.335571
323.304718
323.971558
323.742004
324.477386
324.913025
325.130280
325.728455
325.553070
325.741425
326.293762
326.482910
326.477905
326.708496
326.849304
327.109833
327.063080
327.133179
327.261963
327.161285
327.502808
327.991272
327.320770
327.577850
327.668335
327.488678
327.627747
327.763245
327.626373
327.437897
327.221527
327.265320
327.216217
326.867828
326.616943
327.178833
326.623016
326.231689
326.014252
325.624176
325.398621
325.425354
325.419952
324.787201
324.785400
324.629120
324.201477
323.421387
323.607605
323.237579
323.633636
323.053009
323.042267
323.127716
322.775604
322.557922
322.524139
322.328827
322.327759
322.232422
322.044983
322.380646
322.074707
321.765503
322.304352
322.015411
322.193878
322.075714
322.015320
322.523041
322.779877
322.510162
322.720032
323.170563
322.946014
323.168030
323.517731
323.584290
323.920471
323.999329
324.792328
324.827759
325.093750
325.486938
325.562714
325.971436
326.442841
326.055634
326.555084
327.159882
327.258575
327.589233
327.648376
327.842743
327.946350
328.455841
328.763794
328.892761
329.345642
329.630249
329.432434
329.493439
330.059662
330.156708
330.243591
330.260559
330.244324
330.359619
330.312744
330.879333
330.647217
330.436035
330.561462
330.575531
330.607666
330.621674
330.142395
330.347473
330.323547
330.014771
330.000946
330.024719
329.710968
329.754883
329.586670
329.205292
329.301544
329.316833
329.060394
328.936035
328.753082
328.959747
328.291870
328.600433
328.365601
328.282959
327.841187
327.642609
327.529053
327.362793
327.636780
327.392395
327.167938
327.389221
327.597321
327.099884
327.211792
327.307007
327.257080
327.280243
327.414368
327.622833
327.418823
327.825562
328.033295
327.829102
328.044739
328.738983
328.671295
328.861145
328.947174
329.178284
329.606201
330.129761
330.149231
330.857422
330.912048
331.254944
331.396973
332.142456
332.596222
332.274109
332.993988
333.736633
333.420746
334.424744
334.406464
334.987610
334.947205
335.633575
335.750397
336.151581
336.621918
337.284332
337.101746
337.442383
337.582520
337.633087
337.709503
338.326813
338.515747
338.556244
338.827820
338.958130
339.460022
338.576263
338.943878
338.953552
339.388580
339.163544
339.300079
339.320740
338.918732
339.303589
339.052032
338.762177
338.290466
338.544189
338.424408
338.661835
338.078735
337.959625
337.826782
337.729828
337.218445
337.079926
337.320007
336.682678
336.806030
336.230194
336.250122
336.129974
335.767151
335.871277
335.368195
335.402100
335.029999
335.004395
335.071259
334.962891
334.956970
334.812103
334.684448
334.925964
334.457703
334.759735
334.564240
334.560608
334.595734
334.956360
335.281586
335.386414
335.040253
335.423920
336.120941
335.820526
336.547028
336.440186
337.005768
337.440460
337.294220
338.033783
337.769806
338.554352
338.419922
339.120453
339.538666
339.209686
340.241852
340.386292
340.444153
341.143341
341.799225
342.197418
342.611389
342.926453
343.162994
343.544159
344.282318
344.031464
344.593048
344.594757
345.031464
345.500732
345.399841
346.214783
345.952332
346.557922
347.027313
346.679688
347.234497
347.378235
347.376556
347.267548
347.402496
347.607697
347.630798
347.414124
347.487122
347.506195
347.149231
347.285004
347.741730
347.281189
346.789520
347.164032
346.549011
346.433075
345.955811
346.080750
345.927643
345.597717
345.261230
344.989624
344.909119
344.548187
344.259491
344.275146
344.221527
343.163147
343.103546
343.084045
342.604370
342.093964
342.374786
342.092041
341.690491
341.555847
340.947235
341.099030
341.400299
340.739716
340.924438
340.899017
340.694153
340.714844
340.417267
340.954773
340.568726
340.365112
340.719147
340.443695
341.226196
340.824860
340.969696
341.391632
341.624298
341.256348
341.216370
341.405975
341.986084
342.197083
342.686035
342.941345
342.855194
343.428558
343.936432
343.924408
344.668793
344.505646
345.132812
345.516113
345.502411
345.572449
346.099060
346.631073
346.707245
346.844818
347.136841
347.696472
347.651581
348.106415
348.225922
348.463470
348.376373
348.629059
348.492676
349.076050
349.348053
348.981018
349.006012
349.438110
349.358307
349.079193
348.899017
349.353668
349.298340
348.928925
348.627563
348.458771
348.793762
348.859985
348.600403
348.522949
348.119446
348.067596
348.099304
348.138428
347.899323
347.465546
346.951965
346.822540
346.671997
346.487579
346.368774
345.859772
345.764099
345.852234
345.154724
345.275879
344.971558
344.684509
344.601288
344.488312
344.459290
344.353638
344.240906
343.992218
344.001404
343.652313
343.697144
343.914032
343.558746
343.184692
343.739777
343.658051
343.755737
343.714020
344.323578
343.947083
343.968231
343.845795
343.598389
344.294434
344.523041
344.386688
345.022461
345.067474
345.729340
345.687531
346.076569
345.858032
346.217010
345.949005
346.853210
347.003876
347.017242
347.616791
348.092926
347.993195
348.037109
348.647797
348.346832
349.000122
348.575317
348.743073
348.522003
349.448883
349.698151
349.693604
349.346680
349.747223
349.822540
349.957123
349.834259
350.358032
349.761383
349.818878
349.499451
349.627930
349.715302
349.648560
349.326599
349.047821
349.082001
348.854736
349.028900
348.665253
348.641785
348.313141
347.983612
347.844513
348.047272
347.301331
347.337982
346.916718
346.937347
346.410980
346.315552
346.536621
345.958313
345.941071
345.217682
345.108246
344.997681
345.121399
344.485321
344.735901
345.106262
344.267853
344.401123
344.184967
343.948212
344.079681
344.263214
344.122284
343.832245
343.731140
344.631683
344.121307
344.513458
343.747375
344.320038
344.176117
344.703003
344.612549
344.798676
345.034363
345.374512
345.425079
345.632294
346.314270
346.606628
346.484253
346.521271
346.857605
347.090546
346.957092
347.762970
347.953796
347.970734
348.041382
348.773407
348.467896
348.972839
349.535736
348.986481
349.219666
349.401886
350.377686
350.081390
349.930267
350.025665
349.989258
349.574860
350.084808
349.516724
350.129028
350.127502
350.089447
349.439301
349.559937
349.428955
349.474548
349.542816
348.700195
348.796326
348.202057
348.601074
347.742889
347.659576
347.291718
347.138824
346.773773
346.558075
346.543854
346.208221
345.916870
345.514862
345.296967
344.874908
345.002563
344.614319
344.619843
344.203369
344.396210
344.146973
343.954773
343.837128
344.137512
343.760773
343.835571
344.490295
344.236786
344.156158
344.481659
344.467194
344.574890
344.985718
345.288452
345.551422
346.171600
346.004639
346.358643
347.172302
347.169922
347.686188
348.247009
348.815216
349.249634
349.322021
349.406372
350.375488
350.998474
351.446320
351.610291
351.926758
352.012451
352.384369
352.472595
352.076141
352.836334
352.832367
352.219482
352.358795
351.836151
351.525879
351.045471
350.775452
349.871124
348.038940
347.814850
346.391968
345.512299
343.942352
342.135193
340.443573
338.573334
336.645294
333.984772
332.100281
329.423248
326.604095
323.463257
320.597748
317.660583
313.767548
310.018555
306.847626
302.953461
299.005432
294.759216
290.987427
286.657684
282.209320
277.965118
273.374420
269.004059
264.214935
260.187592
255.392899
251.395859
246.953568
242.603775
238.222824
234.181732
230.376846
226.234070
222.502411
218.979858
215.873352
212.675095
209.618317
207.523254
204.996338
202.410095
200.574936
199.091370
197.903381
196.774780
195.902771
195.575607
195.807327

217.265030
184.070084
184.318787
185.108063
186.076019
187.064362
188.459335
190.519165
192.364441
194.575668
197.125092
199.745422
202.276093
205.701736
208.742996
211.991364
215.412155
218.827148
222.713867
226.418289
230.601105
234.464386
238.443207
242.399582
246.485138
250.260635
254.166672
258.256378
262.508514
266.132538
269.768402
273.867340
277.061188
280.551910
284.372803
287.442627
290.944641
293.794861
296.581787
299.535736
301.765259
304.515259
306.730499
308.502350
310.873047
312.238861
314.774963
315.617249
317.248840
318.407196
319.362000
320.705841
321.214996
322.435272
323.047058
323.724060
323.728149
324.579529
324.638672
324.937408
324.972260
324.848602
325.006165
324.554474
324.847015
324.727570
324.038055
323.899750
323.760681
323.054718
323.316284
322.612000
322.416748
321.984924
321.777893
321.167267
320.786926
320.926453
320.476593
320.119080
319.801514
319.835876
319.403870
319.554535
319.946777
319.509186
319.550323
319.387207
319.384583
319.295685
318.948761
319.467194
319.363098
319.667206
319.612762
319.797516
320.052551
319.685242
320.212616
320.494598
320.899750
321.303375
321.348297
321.764130
322.341370
322.205566
323.042145
322.965790
322.788452
323.392822
324.260437
324.445892
324.781586
325.236115
325.149261
325.645996
325.833710
325.740509
326.242065
326.366669
326.508423
326.576843
326.974457
327.276733
327.165802
327.037598
327.135345
327.159821
326.981781
326.972260
326.995972
326.547638
326.791229
326.434113
326.396820
326.043762
326.545074
325.582642
325.972168
325.384735
325.033386
324.531860
324.463959
324.453125
323.546539
323.626617
323.074432
323.042633
322.699249
322.369019
321.995178
321.855652
322.068237
321.555206
321.138580
320.932922
320.810059
320.155151
319.900940
320.123322
319.517303
319.656311
319.558655
319.663849
318.994568
319.370880
319.355896
319.281830
319.593506
319.201294
319.744415
319.704468
319.783600
319.867767
320.032227
319.869873
320.806122
320.652466
320.552124
320.837097
321.484100
321.492157
322.084686
322.320709
322.256958
322.800903
323.543884
323.488068
323.766693
324.200378
324.433167
324.813446
325.232941
324.987701
325.468597
325.788422
326.399811
326.573883
326.959229
327.145264
326.986267
327.470886
327.402100
327.904541
328.092804
328.249481
328.288361
328.499451
328.557251
328.645508
328.662537
328.514374
328.423370
328.550781
328.734192
328.311340
328.467224
328.412598
327.847687
327.366608
328.029175
327.211700
326.839722
327.027557
326.353607
326.355560
325.910065
325.851837
325.317932
325.260345
324.854523
324.667938
324.599579
323.827759
323.922943
323.226654
323.271912
323.077881
322.828186
322.227539
322.364014
321.910065
321.710083
321.539307
321.328339
321.313721
320.658752
321.015686
320.725494
320.141998
320.821411
320.345642
320.634186
320.022461
320.425995
320.256927
320.428802
319.722260
320.580688
320.430847
320.843170
321.050201
320.886047
320.876404
321.342560
321.555420
321.726685
322.019775
322.159454
321.904968
322.754639
323.105865
323.361877
323.837189
323.700012
324.326965
324.474030
324.518311
324.807831
325.109406
325.261871
325.873322
326.094971
326.305573
326.431427
326.781921
327.068573
326.940430
327.149933
327.585114
328.235596
327.965820
327.990051
328.167419
328.470520
327.955963
328.401276
328.248138
328.578552
328.431885
328.504059
327.974091
328.143066
328.306946
327.867218
327.836914
327.831146
327.421417
327.297760
327.483398
327.524506
326.940247
326.458557
326.218628
326.224274
325.862518
325.700623
325.742462
325.703979
325.357117
324.625793
324.552551
324.534668
324.044434
324.305359
323.726288
323.737915
323.755920
323.344086
322.843170
322.949829
322.990845
323.008575
322.841919
322.784302
322.481628
322.935211
322.324707
322.387238
322.393890
322.831635
322.772644
322.793823
322.982544
322.734741
323.520508
322.934235
323.312347
323.884155
323.732086
323.831757
324.321350
324.328766
324.668152
324.728302
325.115784
325.427032
325.603638
326.143677
325.909485
326.500092
326.812714
327.123444
327.515442
327.803436
327.454224
328.518799
328.380219
328.828552
329.079285
329.667603
329.148743
329.862122
329.815674
330.083008
330.304138
330.503876
330.655060
330.593994
330.857361
331.005005
331.040405
331.464325
331.261749
331.271942
331.195435
331.234833
331.039673
331.193085
330.890137
331.261627
330.851715
330.747406
330.689484
330.644592
330.156036
330.119904
329.911865
329.896729
329.625275
329.087860
329.022003
329.191620
328.888550
328.630371
328.203552
328.382080
327.869965
327.630676
327.777802
327.102448
327.241150
327.013794
326.720154
326.817261
326.687714
326.870148
326.117493
325.753662
325.912445
326.276123
325.426483
325.571014
325.935394
325.600159
325.258881
325.800232
325.716644
325.639404
325.347687
325.883331
325.560760
325.187958
326.232208
326.233276
326.005127
326.237610
326.143311
326.803864
327.405487
327.429291
327.699799
327.684845
327.976440
328.262604
328.304382
328.390656
329.028534
329.252167
329.659363
329.718414
329.788055
330.078125
330.663300
330.637421
331.413727
331.544800
331.825256
331.710602
331.973602
332.181122
332.135925
332.610443
332.525909
332.626068
332.611633
333.386566
332.903534
333.220886
333.084045
333.173767
333.516968
333.209045
333.241638
333.186707
333.486450
332.951569
333.017090
332.793854
332.900177
332.830841
332.549469
332.959869
332.436066
331.857758
331.897949
332.084167
331.599670
331.006378
331.254059
330.977905
330.671448
330.802887
330.310883
330.439270
330.111847
329.519836
329.602753
329.633209
329.452362
328.851532
328.860016
329.034973
328.800568
328.246399
328.920929
328.879211
328.590912
328.261963
328.583374
328.271362
328.421204
329.354340
328.666260
328.367493
328.886627
328.859100
329.373413
328.766205
328.890015
329.802399
329.805786
329.869934
330.377747
329.942291
330.779816
330.738617
330.955383
331.132812
331.507629
331.718353
332.388885
332.759247
332.911011
333.568665
333.293304
333.689087
334.263214
334.438507
334.370911
335.106812
335.367523
335.650452
336.229523
336.224091
336.519623
336.697937
336.788177
336.717773
337.314056
337.548309
337.710388
337.739136
337.800293
337.787354
337.977081
338.240295
338.394073
338.344940
338.197754
338.468445
337.922302
337.804321
337.991486
337.621918
337.901215
337.534790
337.302490
337.393524
337.202942
336.805847
336.633789
336.325226
336.258392
336.082031
336.109772
335.911469
335.328674
335.036041
334.902466
334.841034
334.119324
334.530548
333.884216
333.430115
333.583984
333.132812
332.922028
332.586365
332.866150
332.256622
332.614014
332.077545
332.037109
332.033783
331.694855
332.014832
331.468323
331.550018
331.544464
331.742126
331.435059
331.680969
331.671844
331.528809
332.147308
332.524628
332.264191
332.190826
332.815491
332.994843
333.547363
333.321869
334.205780
334.242523
334.287842
334.682220
335.220764
335.136505
335.505341
335.984741
336.097839
336.393066
337.052246
337.199982
337.181335
338.029938
338.149170
338.470337
338.836090
339.002625
339.509308
339.497345
339.652863
340.159973
340.406342
340.789703
340.989532
340.901825
341.291687
340.547089
341.454041
341.240784
341.574951
341.299164
341.501617
341.306488
341.656158
341.884918
341.599976
341.804932
341.271973
341.121918
341.254944
340.325897
340.704895
340.827972
340.575378
339.905182
339.791138
339.389923
339.518127
339.349457
338.524109
338.289642
338.128021
337.962677
337.875977
337.419891
336.821808
336.403503
335.875427
335.800903
335.509705
335.130127
335.180969
334.504150
334.451233
334.054016
333.594727
334.135132
333.357330
333.507416
333.119354
333.253815
332.840820
332.838623
332.842133
332.266235
332.477173
332.271942
332.587219
332.341980
332.031799
332.872528
332.496521
332.794312
332.580322
332.975525
333.216827
333.292603
332.915344
333.143646
333.931152
334.023621
333.856232
333.940674
334.436951
334.442444
335.032562
335.561554
335.763550
335.681030
336.103424
336.076935
336.261780
336.439636
336.877258
337.243927
337.631073
337.580597
337.601562
337.956329
338.211273
338.556915
338.590759
338.375977
338.425690
338.723938
338.770142
338.993896
339.071472
338.987183
339.240448
339.405701
339.044159
339.468811
338.815216
338.557770
338.642883
338.684052
338.275238
338.208862
338.238586
338.167938
337.719666
337.523346
337.420410
337.128357
336.938629
336.695862
336.732239
336.239563
336.002930
335.937836
335.317352
334.970367
335.369720
334.765656
334.613708
334.216125
334.272125
334.060852
333.115387
333.690063
333.476501
333.241364
332.834137
332.930634
332.762390
332.631134
332.669861
332.344513
332.632843
331.960205
332.568481
331.995392
332.013153
332.062927
332.298248
332.431122
332.458160
332.677826
332.442230
332.525757
332.192780
333.175323
333.152252
333.433746
333.081573
333.394592
333.692139
333.957428
333.594208
334.514099
334.453796
334.317688
334.740723
335.079163
334.809875
335.319611
335.488159
335.439880
335.778046
336.152557
336.654816
336.184631
336.178925
336.422455
336.695282
336.940308
336.228210
336.754181
337.071075
336.816956
337.503448
337.237427
336.947876
337.020264
337.161560
337.099548
336.866516
336.599426
336.529755
336.543304
335.924896
335.888977
336.063385
335.721283
335.484344
335.302948
335.601593
334.883850
334.227539
334.623993
334.181091
333.833588
333.643402
333.211334
333.237183
332.601685
332.484039
332.322144
332.280151
332.301392
331.963776
331.619598
331.524200
331.452698
331.199127
331.343414
331.063812
330.613892
330.787384
330.105591
330.616211
330.282471
330.212494
330.053711
329.903778
330.621948
330.027039
330.464050
330.375641
330.437805
330.839905
330.410797
331.068848
331.192017
331.123535
331.334167
331.699341
331.738892
331.706512
332.258484
332.281250
332.301727
332.885437
332.762146
333.164551
333.494873
333.992035
333.683136
334.087280
334.757568
334.525513
334.667023
334.553345
334.947479
335.298401
335.236145
335.075592
335.356903
335.553894
335.485199
335.263733
335.536469
335.698547
335.582794
335.159058
335.198059
335.354889
335.161041
335.174286
334.850311
334.780640
334.264496
334.262360
334.110779
333.651794
333.676208
333.370453
333.481995
332.839020
332.433807
332.307587
331.909424
331.927704
331.492828
331.419830
331.044067
331.226654
330.599915
330.406281
329.811584
329.660400
330.082825
329.473846
329.547211
329.582642
329.327728
329.181183
329.161102
329.560852
329.895966
329.461548
329.488708
329.352783
329.993896
330.326233
330.172272
330.539307
330.768250
330.961914
331.672882
331.495972
331.791351
332.527954
332.851196
333.039062
333.450897
333.575409
334.601715
334.693115
335.235443
335.655670
335.945892
336.062195
336.447876
336.576111
336.588654
336.823578
337.176178
337.079193
336.698456
337.079010
336.876740
336.622681
335.949799
335.642822
335.140472
334.097900
333.470154
332.222351
331.418945
330.378174
328.566711
327.122589
325.761200
323.348633
321.637726
319.430634
317.531097
314.582336
312.162933
309.059021
306.735168
303.375153
299.760590
296.531830
293.009766
289.648163
285.663483
281.865387
278.075958
274.059143
269.876709
265.717896
261.318909
257.079529
252.957458
248.862503
244.525497
240.420059
236.129837
231.880356
227.749603
224.185501
220.284927
216.656464
212.936615
209.689713
206.415207
203.433365
200.830917
198.272324
195.972198
194.100586
191.941330
190.564713
189.075027
188.165344
187.540314
187.042206
186.981323

220.566528
184.199097
184.461243
185.254639
186.200424
187.222717
188.615540
190.670212
192.511414
194.722916
197.281738
199.915161
202.405396
205.848526
208.912964
212.163254
215.559799
218.977844
222.915817
226.596802
230.783997
234.657196
238.617752
242.558960
246.688431
250.485306
254.394119
258.466614
262.718353
266.321136
269.976807
274.077484
277.320404
280.818176
284.608490
287.711731
291.209656
294.069031
296.872833
299.790375
302.063843
304.791809
307.012817
308.834869
311.185730
312.525665
315.063568
315.919434
317.556671
318.751617
319.698730
321.012360
321.509613
322.776886
323.381287
324.052368
324.069550
324.921387
324.957794
325.261719
325.319458
325.171326
325.348999
324.926666
325.244110
325.045166
324.341461
324.218475
324.054199
323.359741
323.674561
322.992981
322.746735
322.261810
322.104187
321.521606
321.127747
321.217133
320.817505
320.428619
320.126648
320.156311
319.657990
319.807098
320.202057
319.788452
319.828766
319.578857
319.614410
319.576324
319.182465
319.681732
319.588196
319.879517
319.847778
320.037537
320.205963
319.864410
320.362061
320.669006
321.020172
321.484955
321.438660
321.898834
322.444366
322.285156
323.123413
323.058258
322.832367
323.481293
324.328003
324.488190
324.796661
325.281372
325.181305
325.595856
325.824219
325.724670
326.202332
326.316284
326.506317
326.565338
326.946167
327.192993
327.124451
326.949463
327.064606
327.099152
326.891388
326.880951
326.914337
326.449432
326.664062
326.336029
326.267273
325.917328
326.429535
325.431549
325.886993
325.242645
324.863892
324.403839
324.332947
324.321777
323.403656
323.510315
322.896973
322.902100
322.615814
322.252655
321.886566
321.755341
321.956238
321.473602
321.024170
320.811859
320.721863
320.035156
319.804688
320.034119
319.424133
319.587677
319.463898
319.570343
318.939301
319.319519
319.336639
319.196625
319.520874
319.180115
319.695160
319.671997
319.788910
319.878845
320.020081
319.860809
320.792023
320.656952
320.605988
320.901459
321.543030
321.548248
322.143372
322.381989
322.337311
322.859894
323.631287
323.579956
323.832703
324.335449
324.561035
324.950409
325.351715
325.104889
325.565308
325.894745
326.529663
326.714752
327.094910
327.296143
327.119171
327.615631
327.580963
328.083405
328.230560
328.429321
328.448853
328.689545
328.719635
328.818726
328.888367
328.713623
328.604218
328.742798
328.928009
328.497772
328.634735
328.582153
328.027130
327.563995
328.224243
327.380096
327.019257
327.225891
326.490112
326.524872
326.059052
326.008362
325.479828
325.393555
324.977325
324.812164
324.720245
323.960083
324.049072
323.349792
323.392944
323.168365
322.900421
322.329224
322.452881
321.997375
321.768860
321.607483
321.384674
321.371490
320.712769
321.062744
320.768646
320.176666
320.835693
320.366333
320.628876
320.015808
320.405640
320.236145
320.414001
319.694733
320.537292
320.394714
320.791016
320.980286
320.809814
320.809143
321.268555
321.459045
321.657776
321.937958
322.082611
321.814545
322.657501
322.991058
323.255371
323.746460
323.606873
324.223114
324.386047
324.407898
324.697784
325.000397
325.137146
325.746063
325.986511
326.182373
326.311432
326.660828
326.976715
326.822357
327.041840
327.464142
328.145966
327.871399
327.900726
328.072845
328.380951
327.881897
328.318024
328.166260
328.513702
328.326752
328.452209
327.909698
328.070618
328.255981
327.836121
327.804352
327.797791
327.427460
327.303619
327.472321
327.518311
326.924316
326.487091
326.212189
326.279724
325.883270
325.751648
325.781830
325.795715
325.413757
324.723389
324.654480
324.654510
324.170471
324.414337
323.860168
323.910492
323.907684
323.483582
322.997650
323.126862
323.193481
323.201965
323.063873
322.998047
322.662689
323.124725
322.534393
322.639374
322.628693
323.101715
322.984436
323.070007
323.218994
322.986816
323.761871
323.188232
323.598511
324.152313
323.952606
324.124176
324.630890
324.601807
324.947906
325.006744
325.379211
325.723480
325.897430
326.442780
326.185974
326.774597
327.065430
327.418243
327.780670
328.071350
327.723999
328.787659
328.653046
329.084137
329.315552
329.901703
329.391327
330.088531
330.069366
330.302551
330.546509
330.724457
330.866150
330.829895
331.042023
331.226105
331.220062
331.650665
331.467194
331.404175
331.336456
331.394470
331.185150
331.305969
331.033936
331.383636
330.952118
330.858398
330.776031
330.726105
330.227448
330.167542
329.958221
329.974152
329.673584
329.124176
329.037201
329.190826
328.879517
328.631622
328.188080
328.365631
327.857178
327.607910
327.753174
327.072266
327.195953
326.962128
326.632660
326.756897
326.617035
326.791504
326.037872
325.687683
325.832520
326.181732
325.314178
325.462921
325.809540
325.505920
325.179871
325.688354
325.613068
325.542023
325.218414
325.763336
325.475800
325.075226
326.129730
326.113281
325.885193
326.114746
326.031860
326.699432
327.295715
327.343262
327.586182
327.581696
327.879059
328.149261
328.233307
328.337921
328.975616
329.182739
329.621399
329.665009
329.748688
330.063873
330.632019
330.624969
331.413177
331.553253
331.860718
331.729767
331.987976
332.187317
332.196106
332.681641
332.608551
332.712585
332.716858
333.482056
333.032166
333.356995
333.221710
333.304535
333.675690
333.386078
333.424622
333.369965
333.710663
333.155273
333.237762
333.023804
333.133911
333.120331
332.814819
333.263214
332.703613
332.172363
332.198456
332.392700
331.920288
331.334259
331.605743
331.325714
331.009064
331.176514
330.712036
330.829865
330.544647
329.912842
330.010681
330.081421
329.888214
329.288422
329.309174
329.461853
329.212463
328.709595
329.366028
329.362305
329.077393
328.740692
329.080933
328.733398
328.913544
329.458557
329.152527
328.867310
329.375458
329.348938
329.855560
329.238464
329.378174
330.329712
330.328003
330.387360
330.886902
330.460175
331.288544
331.213928
331.452850
331.607971
332.007812
332.179108
332.844727
333.251678
333.333588
334.025574
333.753540
334.144623
334.712769
334.874634
334.779816
335.547394
335.796356
336.065552
336.637695
336.611450
336.912018
337.051697
337.145691
337.080627
337.655548
337.903778
338.035065
338.087860
338.148102
338.088715
338.260223
338.501465
338.673492
338.623077
338.445862
338.702515
338.185028
338.040253
338.201324
337.823792
338.072205
337.737701
337.500916
337.560547
337.382477
336.965607
336.770386
336.476379
336.393524
336.211365
336.201477
336.005432
335.408783
335.127838
334.996948
334.916595
334.171051
334.592438
333.933502
333.485626
333.614685
333.147980
332.925232
332.599854
332.860901
332.245270
332.595215
332.053162
331.996002
331.988342
331.649292
331.979065
331.402710
331.482361
331.468903
331.649719
331.350494
331.597137
331.591217
331.438354
332.056671
332.447083
332.145630
332.068817
332.690247
332.892395
333.433411
333.173157
334.089447
334.107391
334.145416
334.546021
335.061707
334.971985
335.344086
335.828339
335.921509
336.219177
336.878235
337.027557
337.020447
337.837585
337.976471
338.306793
338.629242
338.796204
339.314941
339.311920
339.431335
339.951660
340.209747
340.584625
340.779083
340.702362
341.079620
340.341461
341.226105
341.018311
341.371460
341.068390
341.290741
341.087708
341.430206
341.653839
341.373291
341.588898
341.046570
340.913849
340.994202
340.080902
340.457703
340.589264
340.356903
339.681061
339.563965
339.154297
339.285370
339.124054
338.287109
338.033539
337.916077
337.738586
337.595367
337.163757
336.588257
336.147736
335.620819
335.561432
335.262177
334.877472
334.930725
334.290680
334.234039
333.821533
333.370148
333.885803
333.143127
333.241547
332.891144
333.009369
332.602020
332.624023
332.587555
332.028809
332.255707
332.044037
332.347870
332.129272
331.791809
332.641418
332.260040
332.572845
332.329956
332.731812
332.971710
333.066559
332.708282
332.937958
333.692200
333.837738
333.630615
333.726349
334.225616
334.229950
334.834137
335.352234
335.556061
335.475494
335.886566
335.873138
336.053467
336.256561
336.724731
337.062103
337.478638
337.398712
337.410736
337.798584
338.055328
338.387360
338.438965
338.209290
338.253906
338.536499
338.639740
338.802429
338.930969
338.846954
339.087341
339.265076
338.945129
339.373688
338.719025
338.459137
338.544159
338.598480
338.188416
338.120483
338.126312
338.070831
337.624481
337.452820
337.372620
337.051514
336.880157
336.609344
336.658112
336.196350
335.932678
335.856079
335.295288
334.914825
335.334106
334.722717
334.592529
334.162415
334.214691
334.039795
333.109467
333.663055
333.478088
333.248993
332.831970
332.736542
332.748138
332.601715
332.657990
332.339966
332.597565
331.970093
332.583405
332.010529
331.994293
332.088989
332.320953
332.407501
332.499969
332.669281
332.449982
332.543396
332.189575
333.169495
333.189270
333.433014
333.067139
333.395935
333.725952
334.014099
333.649719
334.530914
334.478699
334.331848
334.751984
335.087769
334.799286
335.345459
335.526978
335.483276
335.804474
336.204468
336.683594
336.213470
336.207581
336.426819
336.712219
336.939484
336.241577
336.776825
337.100250
336.879639
337.497009
337.284882
336.969574
337.033508
337.186707
337.124939
336.889404
336.636322
336.555298
336.553802
335.948303
335.909515
336.106415
335.739716
335.476440
335.334473
335.639923
334.895477
334.235382
334.640137
334.206177
333.871979
333.641815
333.236298
333.277161
332.633209
332.554688
332.352203
332.305420
332.346161
331.993805
331.671143
331.574860
331.507660
331.230530
331.387085
331.137451
330.639923
330.819794
330.163269
330.660492
330.340668
330.265045
330.104767
329.971863
330.681824
330.115540
330.529388
330.424561
330.503845
330.921082
330.489746
331.146973
331.252838
331.205719
331.421021
331.791534
331.828003
331.787415
332.354645
332.373932
332.379608
332.975952
332.868652
333.274536
333.587555
334.079803
333.784271
334.204773
334.854980
334.645813
334.759064
334.674194
335.056702
335.422729
335.362885
335.202271
335.477356
335.674927
335.622009
335.401184
335.693329
335.833282
335.733459
335.309906
335.329468
335.480530
335.304657
335.325439
334.996552
334.924469
334.421997
334.408813
334.250732
333.793396
333.850861
333.500854
333.636810
333.013824
332.570679
332.472260
332.045563
332.080475
331.647980
331.566925
331.172821
331.368927
330.744812
330.560028
329.935394
329.792938
330.223602
329.586670
329.687073
329.713959
329.461304
329.308044
329.270935
329.657257
330.020447
329.569489
329.597443
329.446655
330.107574
330.411407
330.268677
330.620636
330.821777
331.025879
331.750519
331.565155
331.869019
332.571198
332.906708
333.111847
333.506744
333.623535
334.623138
334.714935
335.266693
335.680450
335.964630
336.087646
336.451630
336.589081
336.572449
336.820557
337.160095
337.051025
336.680725
337.048248
336.856903
336.586395
335.898682
335.573456
335.077454
334.028076
333.386902
332.122772
331.348785
330.283295
328.479126
327.026001
325.653809
323.245392
321.515472
319.299896
317.387024
314.437408
312.011353
308.918793
306.589874
303.218719
299.578583
296.354828
292.848053
289.475952
285.493530
281.667664
277.901642
273.856232
269.686829
265.530640
261.130951
256.863892
252.758148
248.639343
244.335449
240.206009
235.901260
231.646606
227.520996
223.939255
220.061127
216.413788
212.697128
209.450989
206.183319
203.190018
200.588409
198.025864
195.717636
193.863693
191.699631
190.330658
188.828354
187.903397
187.284409
186.794525
186.752380

