248.853806
173.290802
173.932434
174.614075
175.475021
176.638336
178.041229
179.632278
181.368973
183.417694
185.935608
188.375366
190.777084
193.787430
196.697174
200.059326
203.255417
206.693054
209.989929
213.579575
217.156433
221.044479
224.919235
228.527481
232.085983
236.231522
239.584671
243.445404
247.120926
250.812561
254.265060
257.911957
261.464325
264.796661
268.191406
270.818115
273.894440
277.061707
279.678009
282.381927
285.078735
287.301147
289.275970
291.879761
293.258545
295.328033
296.787720
298.173920
300.052307
301.004364
302.127441
303.018555
304.436310
304.765869
305.614563
306.086548
306.552368
306.823669
306.998718
307.432007
308.079620
307.580719
307.599731
307.855133
307.416992
307.568970
307.129883
307.291229
307.129272
306.979401
306.385162
306.187164
305.880493
305.590942
305.477112
305.224976
305.161224
304.551086
304.204834
304.661469
304.244751
304.490021
304.072235
304.168518
303.801178
303.773193
303.696228
303.490021
303.700195
303.988556
304.021484
304.047363
304.189087
304.076294
304.295044
304.423798
305.127838
305.156647
305.544098
305.952301
306.853241
306.536407
306.914368
307.407837
307.788513
307.848663
308.175476
308.289551
308.890625
309.340424
309.447449
310.153534
310.417511
310.576477
311.200073
311.312012
311.762665
312.228546
311.919403
312.369019
312.936249
312.654724
313.078156
312.916687
313.487518
313.322296
313.342255
313.526581
313.021667
313.533417
313.434540
313.258026
313.072784
312.981293
313.026764
312.878357
312.647980
312.930298
312.844482
312.323486
311.910828
311.835602
311.279968
311.547546
311.259827
310.702301
310.133636
310.000885
310.234131
310.036041
309.338867
309.368988
309.405823
309.075714
308.780212
308.818146
308.701233
308.680725
308.342865
307.854797
308.230286
307.989929
308.004761
307.977844
308.072235
307.703461
307.721252
308.069580
307.960144
308.409454
308.218903
308.167847
308.768616
308.556763
309.126007
308.804291
308.765320
309.132446
309.918457
309.758942
310.643066
310.792816
310.944092
310.971832
311.811432
311.650940
312.445282
312.729797
312.989929
313.303131
313.677185
314.240662
314.618774
315.253937
315.074524
315.351105
315.846252
316.017242
316.267731
316.190552
316.586151
317.041565
317.219147
317.691650
318.034912
318.223267
318.004730
318.284882
317.964233
317.978455
318.565399
318.432892
318.770355
318.496094
318.390961
318.664124
318.186340
318.230042
317.995636
318.096832
317.417877
317.844543
317.484039
317.227936
317.481232
317.017487
316.966583
316.479034
316.292175
316.107697
315.723175
315.503998
314.807190
314.643463
314.373566
314.446564
314.025940
314.042908
313.788361
313.461639
313.392670
313.478760
313.371918
312.836548
312.751953
312.341736
312.083710
311.931610
312.016479
312.206146
312.340424
312.155060
311.813477
312.288116
312.033081
312.052307
312.108643
312.414948
312.289551
312.492523
312.779266
312.658905
313.039459
313.275208
313.004089
313.436554
313.726166
314.093018
314.244629
314.771973
314.978119
315.195465
315.560516
315.831268
316.455200
316.417755
316.708649
317.202301
317.112213
317.871399
318.086823
318.209991
318.445953
318.891357
319.052551
319.108063
319.768036
319.600098
320.018524
320.600342
320.283264
320.614349
320.757507
320.607819
320.748138
321.354095
321.202332
321.319458
321.445770
321.511536
321.118317
321.178375
320.847595
321.190308
321.427551
321.133270
320.862976
320.993958
320.744232
320.422363
320.302948
320.135498
320.117950
320.099426
319.793152
319.329010
319.128784
319.189178
318.944153
318.612305
318.650696
318.402374
318.305267
317.727448
317.591675
317.801422
317.443298
317.209137
317.194672
316.989807
316.978516
316.842560
316.468903
316.476471
316.347412
316.779144
316.398621
316.345734
316.226898
316.764709
316.698181
316.823059
316.767883
316.667999
317.194092
317.012329
317.300873
317.544098
317.743042
317.629944
318.022736
318.152466
318.483032
318.588989
318.622864
319.521637
319.368683
319.843445
319.591766
320.423737
320.235474
320.734558
321.061584
321.629608
321.541046
322.379669
322.392578
322.681732
322.941711
323.302460
323.451202
323.478027
323.945038
324.010101
324.985413
324.681976
325.247986
325.178101
324.791870
325.200439
324.985107
325.179016
325.448456
325.309937
325.756561
325.915039
325.568634
325.760071
325.456757
325.577148
325.361206
325.571442
325.418549
325.734222
325.122253
324.898743
324.997620
325.059540
324.519714
324.340698
324.024017
323.987061
324.170074
323.796204
323.715332
323.265411
322.810913
323.143097
322.923218
322.787415
322.155212
322.232361
322.173035
322.000824
321.688873
321.273865
321.245575
321.060120
320.777985
320.589813
321.222443
321.051544
321.018677
320.869934
320.813660
320.486786
321.105347
320.720215
321.388855
321.257904
321.053070
321.230530
321.409576
321.727783
321.675629
321.852814
322.060211
322.422058
322.231750
322.889709
322.955505
323.266418
323.540131
323.622711
324.411774
324.223572
324.407104
325.098083
325.112396
325.483643
325.856598
325.748505
326.356812
326.705444
326.875153
326.857056
327.225861
327.302185
327.912598
327.974976
328.570953
328.316101
328.670776
328.722961
328.838318
329.171661
328.906830
329.410034
329.528961
329.390320
329.562836
329.660339
329.837402
329.557495
329.734741
329.882416
329.374664
329.476135
329.347290
329.285034
329.694763
329.599396
328.993042
329.024109
328.816711
328.856750
328.511200
328.760468
328.135681
327.985565
328.049194
327.803528
327.827515
327.421570
327.202942
327.286163
327.128967
327.036011
326.975494
326.900574
326.825500
326.317596
326.292938
326.267853
326.152832
326.011017
326.215210
326.288422
325.914093
325.781677
326.204895
326.493896
326.412506
326.548370
326.843079
326.752319
326.960724
327.200409
327.661072
327.535431
327.774017
327.747192
328.308136
328.747681
329.044037
329.426056
329.384003
329.907867
329.780670
330.458954
330.596619
330.887817
331.356659
331.660950
331.969147
332.618866
333.188538
333.200317
333.509094
333.921875
333.947937
335.115234
335.116211
335.661987
335.522858
336.026367
336.470642
336.543793
336.937164
337.356262
337.093872
337.604828
337.657501
338.238464
338.160248
338.412964
338.217468
338.385864
338.571686
338.426941
338.867035
338.806091
338.136597
338.589569
338.999908
338.807587
338.546844
338.378540
338.414307
338.149353
338.240875
337.860046
338.025787
338.084076
337.808899
337.460663
337.221191
336.769012
336.434418
336.981964
336.524689
336.170837
336.316864
336.252319
335.715973
335.753235
335.640961
335.436523
334.977264
335.062744
334.631012
335.268463
335.144775
335.086304
334.769592
335.171265
334.594360
334.863892
334.596924
334.967377
335.087921
335.144867
335.096191
335.420105
335.501068
335.785889
336.287659
336.342834
336.428131
337.092865
336.719696
336.961487
337.624969
337.800049
338.320496
338.824554
338.979675
339.510712
340.290955
340.310608
340.380981
340.924683
341.659851
341.622589
341.975281
342.688629
342.512299
343.110992
343.518188
343.651276
344.324158
345.148010
345.472137
345.707123
345.987823
345.972687
346.750214
346.744171
346.976807
346.903381
347.578827
347.660950
347.721313
348.127502
347.889221
347.740051
348.178650
348.491669
348.035522
348.113708
347.887543
348.372437
348.499756
348.324219
347.655365
347.990326
348.000244
347.239319
347.899567
347.313110
346.818390
347.042206
347.034088
346.373230
346.017365
346.210052
345.343353
345.428680
344.833984
345.131073
344.710144
344.581573
344.127258
343.859802
343.642731
343.494019
342.992188
343.093506
342.957428
342.703644
342.553558
341.995300
342.452271
342.038116
341.909882
342.392181
341.657593
341.923248
341.265442
341.970917
341.466370
341.412903
342.271057
342.139648
342.073486
341.934021
342.183350
342.591980
342.477020
342.952271
342.978638
342.951782
343.546326
343.694641
343.766418
344.492554
344.644867
344.984894
345.521210
345.481903
345.629944
345.942657
346.374664
346.487976
347.213898
347.363861
347.807556
347.912933
348.374329
348.659760
348.505646
349.020172
349.117157
349.650085
350.054474
349.725616
350.141113
350.753754
350.752472
350.616089
350.911591
351.154419
351.016785
351.185181
350.806396
351.197754
351.442505
351.307892
351.231018
351.245483
351.047516
350.667816
350.993378
350.783997
350.094025
350.676727
350.171478
350.276978
350.146057
349.601349
349.556763
349.221436
349.554108
348.748474
348.876953
348.802704
348.311493
348.076019
348.418060
347.900360
347.361084
347.177307
347.454193
347.156708
346.833740
346.516418
346.696594
346.629456
346.140930
346.617462
346.393585
346.010376
346.363739
346.087250
345.743225
346.098755
345.800995
346.163269
345.873779
346.167480
345.749054
346.105743
346.540649
346.796082
346.162079
346.763763
347.066986
347.139740
347.341492
347.290894
348.147827
347.699432
348.390930
348.406708
348.964996
348.763031
349.084808
349.511261
349.749084
349.716278
350.155273
350.572998
350.325745
350.621460
351.041016
351.173187
351.137054
351.884705
351.482117
351.837738
352.171234
352.469025
352.214996
352.554749
352.143005
352.282166
352.758148
352.463776
352.435669
351.946411
352.558624
352.025391
352.108826
351.587372
352.468842
351.811584
351.641418
351.991028
351.161499
351.120056
350.799164
350.658264
350.592407
350.538849
349.822296
349.896118
349.737976
349.712463
349.389099
348.747375
348.239624
348.864014
348.010651
347.888977
347.538239
347.525116
347.493713
347.176270
346.801575
346.807587
347.241089
347.059875
346.380737
346.367859
346.235291
346.235443
346.112976
346.043335
346.260040
346.394165
346.180328
346.376770
346.473969
346.521606
346.368164
346.600891
346.994263
346.998993
347.448883
347.420868
347.280151
348.272858
348.143188
348.208496
348.264954
348.156372
349.307770
348.919342
349.508270
349.572601
349.574738
350.094910
350.521851
350.505737
350.745056
350.567444
351.328247
351.076904
351.863495
352.014648
351.648346
351.352570
351.876373
351.866272
352.267639
352.109283
352.023834
352.061890
351.732361
351.661224
352.072021
352.093323
351.543396
351.349823
351.360443
350.821838
350.831390
350.384003
350.301147
351.003296
350.141235
349.678955
349.678741
349.295776
348.908173
348.916107
348.606781
348.060669
348.194641
347.701782
347.302032
347.322266
346.959167
346.404816
346.410736
346.589508
346.304138
346.135498
345.736755
345.937317
345.444092
345.934540
345.532227
345.535156
345.508911
345.650146
345.572479
346.116119
346.057678
346.077759
346.600037
346.661926
346.978485
347.557312
347.321503
348.098480
348.272980
349.080872
349.644379
349.530731
350.529755
350.892700
350.816284
351.012390
351.702759
352.409485
352.196899
352.326935
353.175049
353.547394
353.504211
353.655212
354.180389
354.104401
354.293457
353.873169
352.753204
352.837097
352.606659
351.960327
351.577972
350.920532
350.083435
348.864227
347.488556
346.564453
344.469574
343.348816
341.782257
339.501129
337.463440
335.664337
332.793884
329.945190
327.503510
324.683136
321.158234
318.159088
314.346100
311.287933
307.305481
303.911316
299.998047
295.463867
291.432678
287.110840
282.904785
278.238556
274.040039
269.469208
265.153229
260.797577
255.542725
251.700638
247.635345
242.894989
238.934189
234.775238
230.692917
226.834106
223.303909
219.304474
216.217377
213.143097
210.188065
207.503876
204.944366
202.925751
201.094315
199.236328
198.061279
196.994293
196.189865
195.695618
195.798248

244.014603
173.599808
174.254745
174.938187
175.823059
176.974030
178.371231
179.947449
181.709274
183.762726
186.269073
188.720154
191.120193
194.145584
197.064316
200.440292
203.634125
207.090210
210.415131
213.983780
217.593521
221.471909
225.395752
229.003922
232.560547
236.731720
240.077057
243.942642
247.626694
251.347473
254.824356
258.480347
262.059235
265.387451
268.771820
271.456421
274.536591
277.685211
280.369415
283.058777
285.766541
288.029083
289.992340
292.612488
294.018280
296.107117
297.574371
298.976654
300.847015
301.799469
302.944122
303.859528
305.289154
305.636261
306.503845
306.970062
307.422913
307.722809
307.910126
308.311493
308.988556
308.500153
308.545380
308.797607
308.347290
308.511841
308.083984
308.249329
308.049225
307.921783
307.358948
307.154388
306.836182
306.556702
306.454834
306.178650
306.101440
305.522247
305.107361
305.567108
305.177216
305.406036
304.959503
305.074188
304.697510
304.655579
304.585266
304.374237
304.522583
304.811462
304.849609
304.851501
304.987244
304.859802
305.088043
305.179565
305.852356
305.882751
306.216370
306.637482
307.523529
307.159729
307.533203
308.018890
308.370422
308.403381
308.689423
308.781372
309.379211
309.802887
309.907959
310.562927
310.821472
310.964905
311.541656
311.637604
312.067200
312.513855
312.175659
312.641449
313.139404
312.872772
313.240997
313.064117
313.626556
313.417450
313.401520
313.579010
313.067871
313.541534
313.440918
313.225342
313.069183
312.907227
312.954529
312.771362
312.532135
312.784058
312.696014
312.139191
311.720215
311.671844
311.079773
311.304962
311.001007
310.446899
309.868195
309.705688
309.931183
309.721527
309.014923
309.022217
309.064362
308.736237
308.415588
308.463501
308.343079
308.298706
307.965302
307.464661
307.838013
307.600159
307.594482
307.570190
307.677002
307.300964
307.331818
307.652893
307.581451
308.008362
307.845490
307.774567
308.393921
308.179962
308.755249
308.448944
308.430786
308.796234
309.587036
309.452087
310.321198
310.475739
310.613617
310.668579
311.507812
311.358185
312.193756
312.491913
312.774536
313.078918
313.486725
314.038177
314.432098
315.084534
314.923889
315.181946
315.741638
315.911560
316.168823
316.077271
316.529358
316.990326
317.166687
317.650665
318.041351
318.209320
318.010681
318.317230
317.995575
318.029541
318.621674
318.551025
318.869934
318.643982
318.526062
318.828644
318.354858
318.446533
318.194611
318.317596
317.635162
318.117065
317.738861
317.506470
317.777496
317.353333
317.296600
316.773590
316.624298
316.476685
316.092712
315.867920
315.201385
315.073608
314.777496
314.889069
314.449005
314.512756
314.235901
313.929535
313.881012
313.978882
313.858307
313.335999
313.278900
312.868744
312.612488
312.422485
312.550049
312.791962
312.892365
312.696960
312.359467
312.880310
312.630829
312.655487
312.740875
313.032257
312.881439
313.114716
313.398468
313.284241
313.686035
313.941650
313.643982
314.078949
314.371735
314.717651
314.920898
315.407928
315.651642
315.864777
316.253479
316.505066
317.148438
317.090454
317.431824
317.917847
317.825836
318.551270
318.798859
318.938354
319.126282
319.623383
319.810028
319.861664
320.510223
320.353088
320.763000
321.329437
321.015533
321.322571
321.456970
321.381866
321.521423
322.137939
321.958435
322.093842
322.212738
322.269592
321.924103
321.941864
321.669220
322.008057
322.221619
321.911072
321.697327
321.814667
321.587067
321.244537
321.115234
320.972992
320.983093
320.999084
320.622375
320.178711
320.003479
320.061829
319.836792
319.514099
319.564270
319.274048
319.227478
318.623962
318.476807
318.696014
318.368988
318.139862
318.075287
317.922974
317.836426
317.766113
317.453552
317.416504
317.267059
317.716370
317.335175
317.273560
317.128510
317.758179
317.647705
317.759979
317.700439
317.571320
318.136780
317.949615
318.243774
318.496918
318.686981
318.591187
318.956757
319.087280
319.427155
319.490356
319.567444
320.408722
320.286285
320.742096
320.510406
321.344879
321.142487
321.635590
321.939606
322.522308
322.424805
323.261688
323.298889
323.542908
323.807007
324.176086
324.291595
324.274384
324.779541
324.807190
325.754730
325.465790
326.026245
325.918365
325.564178
325.955109
325.690155
325.871887
326.156555
325.997925
326.449066
326.530273
326.235779
326.356934
326.143982
326.199066
325.920319
326.148560
325.993500
326.230560
325.688416
325.399780
325.555176
325.557648
324.990692
324.846832
324.496063
324.442352
324.621216
324.214355
324.120728
323.642334
323.211304
323.447479
323.241943
323.137329
322.513214
322.535675
322.497284
322.270050
321.968323
321.568970
321.553406
321.282654
320.997803
320.795105
321.370361
321.249298
321.189270
321.035004
320.951385
320.633881
321.279205
320.814789
321.530457
321.335602
321.137604
321.275299
321.499359
321.761780
321.742798
321.872986
322.098816
322.452545
322.241425
322.914398
322.943115
323.277954
323.549744
323.624878
324.433075
324.182434
324.392517
325.052917
325.092072
325.504547
325.811401
325.716309
326.340393
326.652222
326.859283
326.846375
327.219604
327.286194
327.883881
327.937225
328.521606
328.231262
328.614410
328.699371
328.797852
329.134766
328.879730
329.399017
329.503479
329.388123
329.525177
329.640747
329.803741
329.572876
329.747467
329.858948
329.372070
329.455627
329.353241
329.279846
329.702240
329.590881
329.033722
329.027252
328.843781
328.896362
328.521210
328.778473
328.154694
328.038147
328.092407
327.856842
327.875458
327.474548
327.270538
327.357330
327.203400
327.084290
327.050903
326.995483
326.883911
326.383545
326.356476
326.334839
326.219666
326.095154
326.323822
326.363525
325.997223
325.849304
326.294434
326.587616
326.405945
326.651001
326.907593
326.837402
327.038727
327.286560
327.739288
327.614349
327.863129
327.837219
328.372986
328.821350
329.100037
329.502167
329.451782
329.949799
329.832489
330.490143
330.641479
330.944550
331.413239
331.685150
331.990509
332.666687
333.231415
333.233856
333.522095
333.951843
333.967468
335.109070
335.107666
335.674683
335.512787
336.017059
336.454712
336.498169
336.906769
337.316925
337.043030
337.569214
337.595917
338.189301
338.100037
338.348358
338.164001
338.322174
338.488678
338.355286
338.786224
338.695404
338.045654
338.500580
338.877655
338.688110
338.428772
338.253662
338.283875
338.003448
338.092896
337.737122
337.894592
337.940857
337.644043
337.294922
337.054810
336.602234
336.291565
336.813782
336.361786
336.013641
336.124512
336.091034
335.558258
335.592682
335.480011
335.273010
334.799500
334.898895
334.461548
335.097443
334.951263
334.919800
334.590454
335.005402
334.412415
334.685028
334.413635
334.778870
334.910004
334.956970
334.912903
335.255524
335.330414
335.611267
336.144501
336.183685
336.260345
336.958527
336.581604
336.806671
337.501007
337.695129
338.194672
338.729614
338.889557
339.407776
340.168640
340.214111
340.266083
340.846832
341.575043
341.556610
341.942383
342.597626
342.465759
343.078369
343.479095
343.609406
344.297668
345.107178
345.435730
345.657318
345.978668
345.977783
346.714722
346.745605
346.978882
346.945343
347.598022
347.675598
347.730347
348.141266
347.915863
347.813995
348.216797
348.568817
348.090790
348.189636
347.961029
348.433960
348.559723
348.405365
347.742310
348.084900
348.072662
347.335052
348.074585
347.425842
346.937073
347.148590
347.155762
346.489685
346.148499
346.328400
345.477081
345.572754
344.988403
345.284271
344.867371
344.759827
344.291718
344.026642
343.770966
343.656891
343.223297
343.245209
343.104767
342.880585
342.724243
342.174194
342.646118
342.240356
342.080933
342.594208
341.836426
342.140869
341.480804
342.167236
341.684021
341.645538
342.482269
342.346344
342.303864
342.166595
342.388062
342.836487
342.712311
343.154755
343.203369
343.146637
343.758301
343.895782
344.004547
344.700745
344.851532
345.169403
345.751221
345.689392
345.861572
346.189362
346.575378
346.731812
347.430969
347.552032
348.015259
348.151733
348.597839
348.887512
348.735748
349.196716
349.330109
349.832581
350.262756
349.954468
350.334290
350.953979
350.964478
350.821655
351.088928
351.354950
351.224426
351.364349
351.012543
351.386017
351.659973
351.524139
351.454315
351.456116
351.240814
350.878113
351.180573
350.995514
350.341705
350.910980
350.316833
350.452118
350.374969
349.810059
349.751251
349.393524
349.753662
348.884491
349.065033
349.039398
348.492920
348.251068
348.612061
348.070099
347.546112
347.351776
347.643036
347.331604
347.001862
346.714386
346.823883
346.789581
346.299194
346.799072
346.575653
346.185150
346.510406
346.265411
345.911530
346.246582
345.981720
346.313049
346.037750
346.300354
345.895599
346.243408
346.703613
346.932922
346.296021
346.900360
347.222687
347.279083
347.461914
347.411072
348.253906
347.837891
348.517700
348.537750
349.087128
348.862549
349.203705
349.626282
349.865295
349.854401
350.280701
350.680389
350.433533
350.708557
351.122589
351.288330
351.226074
351.988403
351.575928
351.941284
352.291016
352.572357
352.287506
352.625275
352.207825
352.343231
352.819336
352.526428
352.494507
351.992035
352.592163
352.070648
352.152771
351.649261
352.492798
351.825806
351.658081
351.984711
351.188690
351.147217
350.812164
350.675354
350.598114
350.535278
349.827057
349.928925
349.729553
349.685730
349.391846
348.723663
348.208801
348.844910
347.970795
347.833221
347.510742
347.497284
347.464264
347.120941
346.760559
346.783936
347.183807
347.004425
346.338257
346.325409
346.193512
346.194611
346.053497
345.963837
346.192322
346.305481
346.100159
346.306641
346.355988
346.437531
346.286255
346.494110
346.866241
346.921295
347.352325
347.322296
347.179382
348.142883
348.061035
348.109894
348.155518
348.046143
349.179626
348.810181
349.375671
349.454224
349.447144
349.967682
350.433197
350.355377
350.594666
350.449554
351.210144
350.950470
351.735718
351.883545
351.515442
351.227661
351.748077
351.727631
352.127350
351.973572
351.894318
351.910065
351.596375
351.542542
351.959717
351.973083
351.451721
351.217590
351.240906
350.699829
350.717194
350.228516
350.204895
350.891083
350.016571
349.562897
349.565521
349.209930
348.773956
348.843414
348.490997
347.948273
348.063141
347.608673
347.210815
347.223999
346.856873
346.301086
346.341187
346.479462
346.216400
346.064301
345.682800
345.894775
345.371307
345.889496
345.470428
345.481049
345.473969
345.616852
345.553192
346.094238
346.022736
346.094666
346.615631
346.662964
347.007568
347.566833
347.323608
348.114105
348.317108
349.115753
349.685577
349.553955
350.582764
350.932892
350.871216
351.081055
351.782776
352.463623
352.257355
352.410065
353.289215
353.608734
353.606537
353.752747
354.296021
354.250702
354.418243
353.983337
352.924988
352.982452
352.752472
352.137543
351.721863
351.073395
350.245941
349.054443
347.700470
346.786346
344.665039
343.527313
342.012054
339.702209
337.698242
335.895203
333.055420
330.183197
327.729431
324.946838
321.433960
318.435974
314.607910
311.557404
307.575806
304.207550
300.278595
295.768402
291.721649
287.411072
283.233643
278.550079
274.359680
269.802155
265.480194
261.122925
255.879074
252.055893
247.983368
243.236053
239.296860
235.114944
231.061737
227.187866
223.666229
219.661331
216.587601
213.524796
210.564560
207.894485
205.315872
203.321472
201.492813
199.620255
198.443176
197.370956
196.557159
196.080826
196.318634

199.225281
183.467499
183.815140
184.438110
185.413116
186.833023
188.003662
189.807465
191.854523
193.888687
196.231384
199.038010
201.760498
204.846085
208.084717
211.466080
215.014465
218.373001
222.324402
225.990784
229.777588
233.744110
237.726593
241.871170
245.910782
249.744354
253.506226
257.894989
261.478333
265.559662
269.058319
273.014282
276.525177
280.107910
283.573944
287.182800
289.930603
293.143494
295.825470
298.708618
301.513062
303.826416
306.028107
307.689667
309.965027
312.014465
313.891357
315.146027
316.659851
317.921539
319.309021
320.150421
320.928253
321.669617
322.856781
322.681702
323.644287
323.869995
324.684662
324.105225
324.299561
323.936127
324.709137
324.169281
324.426819
323.983978
324.013275
323.383606
323.491211
322.856964
322.405121
322.279144
322.460480
321.611084
321.228088
321.063782
321.097290
320.808167
320.397247
320.072235
319.902863
319.359314
319.626801
319.349030
319.183655
318.927826
318.773956
318.918396
318.786957
318.775452
318.791199
318.852173
318.994781
319.235321
319.221710
319.326599
319.639557
319.760559
320.293732
320.795197
320.499146
320.966003
321.180176
321.634186
322.137787
322.612488
322.356079
323.091888
323.127991
323.546692
323.947235
324.303955
324.576263
324.851807
325.272552
325.296326
325.802795
325.461639
326.235352
326.900421
326.209320
326.542969
326.685852
326.816223
326.844849
327.000885
326.644196
326.707092
326.789276
327.076782
326.878448
326.622467
326.371735
326.443390
326.763214
326.789307
325.647888
325.969147
325.438232
325.856110
325.066956
324.927734
324.570923
323.846863
323.877106
323.597870
323.532806
322.684113
322.447632
322.247375
321.941040
321.362518
321.255219
321.274323
320.806091
320.728119
320.755310
319.990875
320.354095
319.904572
319.841858
319.754120
319.738495
319.574097
319.361938
319.219696
319.063416
319.682922
319.516968
319.215668
319.578064
319.331848
319.478271
319.390320
319.672150
320.137756
320.306030
320.434570
320.875458
320.992859
321.559448
321.324615
321.548706
322.141327
322.240906
322.639252
323.236603
323.418365
323.571716
324.045959
323.947998
324.783569
324.852051
325.117065
325.447998
325.634491
326.051788
326.415039
326.839233
326.906647
326.839111
327.199860
327.005463
327.381531
327.253479
327.976990
327.866821
328.060822
328.276306
328.383362
327.995605
327.986389
328.407410
328.059692
327.778442
327.564667
327.976410
327.862396
327.829498
327.183289
327.133698
326.627106
326.061462
326.035156
326.125702
325.820343
325.463104
325.687958
324.816498
324.838623
324.415344
324.038452
323.543793
323.412659
323.387543
322.945618
322.456024
322.305054
321.906555
321.639038
321.167847
320.896942
321.203522
320.518738
320.130890
319.963165
319.922150
319.983978
319.917572
319.318024
319.603058
319.371124
319.183075
319.509857
319.178589
319.413177
319.275757
319.183716
319.651001
319.646820
319.496460
319.763794
320.023346
320.281097
320.090576
320.682312
320.786926
320.903748
320.961914
321.381439
321.390594
321.466461
321.840820
322.446442
322.898254
323.023071
323.446899
323.135315
323.349487
324.069885
324.119965
323.989044
324.592957
324.653076
325.068268
325.008789
325.245789
326.026703
326.151733
326.226685
326.054382
326.823456
326.437592
326.322205
326.523102
326.659027
326.790863
326.836548
326.972260
326.891693
326.868225
326.174225
326.662903
325.912994
325.925201
325.895386
326.055450
326.124969
326.011261
325.603241
325.477051
324.976807
324.813660
324.412628
324.377197
324.069122
323.697723
323.787476
322.937469
323.069580
323.064789
322.752411
322.358490
321.992645
322.129181
322.018036
321.680298
321.509949
320.960785
321.265625
320.865814
320.566589
320.967651
320.726074
320.418304
320.112732
320.469330
320.438751
319.805481
319.937531
320.119537
319.867310
320.210907
320.173218
320.228119
320.086182
320.780579
320.824799
320.610199
320.788361
320.881073
321.389130
321.609863
321.681824
321.923187
321.717560
322.531647
322.268066
322.983612
323.145294
323.419220
323.891296
323.910278
324.075897
324.437042
325.044098
325.110046
325.522919
325.504669
325.793640
325.774475
326.274872
326.414673
326.763977
326.827545
326.671814
327.152802
327.529205
327.013245
327.250488
327.542694
327.792511
327.586670
327.740479
327.273010
327.712311
327.370911
327.529266
327.317261
327.352997
327.233459
327.682617
327.085175
326.823914
326.854095
326.717468
326.814331
326.654938
326.243591
325.773834
325.653534
325.339569
325.017242
324.934845
324.644806
324.397797
324.334351
324.039062
323.758881
323.403259
323.161774
323.216095
322.905884
322.649506
322.640411
322.623413
322.132812
322.366943
322.124237
321.756653
322.360077
321.918213
321.948792
321.110443
321.528564
321.359528
321.860535
321.658508
321.198456
321.567383
321.492828
321.701538
321.939392
321.887543
322.138153
322.218781
322.177887
322.990082
323.137695
322.795807
322.911316
323.323029
323.836548
324.071838
323.973846
324.768188
324.689423
324.944794
324.964050
325.443542
325.996002
326.005188
326.443237
326.294189
326.627319
327.034210
327.611755
327.311890
327.401672
327.733490
328.317261
328.047882
328.271027
328.341919
328.538513
328.786682
328.792328
329.000793
328.877258
329.215698
328.818146
329.031006
329.121979
328.816589
329.207306
329.034302
328.592987
328.415070
328.828278
328.147369
328.264343
328.381683
328.130981
328.415527
328.320648
327.300232
327.553131
327.416229
326.991486
327.048248
326.982910
326.474792
326.269897
326.159485
326.137909
326.179291
325.596588
325.498566
324.902649
325.291443
324.727081
324.819977
324.818176
324.576935
324.471283
324.554352
324.599335
324.465759
324.560303
324.498413
324.143433
324.385834
324.673767
324.553284
324.694733
324.570404
325.024933
325.178650
324.777557
324.946350
325.808563
325.917023
325.967255
326.043884
326.545288
326.436005
326.768829
327.198517
327.320465
327.723297
327.949280
328.054199
328.696106
329.049255
329.003662
329.518707
329.869781
330.074982
330.617859
331.278809
331.164032
331.400238
331.695953
332.234772
331.846802
332.315765
333.317902
333.427338
333.375214
333.456696
333.546112
333.833801
334.041779
334.310028
334.334290
334.232086
333.915253
334.410645
334.621643
334.549652
334.402588
334.244049
334.314484
334.156799
334.164185
334.001709
333.573914
333.589630
333.642487
333.419952
333.156952
333.146454
333.195526
332.544647
332.591980
332.145905
331.995148
331.683197
331.548340
331.046600
331.397217
330.463196
329.979004
330.042542
330.542145
329.750519
329.650696
329.371796
329.371094
329.180664
328.995758
328.560394
328.937836
328.530426
329.002502
328.461884
328.325958
328.575562
328.251831
328.783844
328.528870
328.814789
328.512451
328.666534
328.910065
329.064392
329.155396
328.914551
329.643494
329.463287
330.270599
330.266541
330.246460
330.836090
330.997284
331.588043
331.844910
332.014404
332.264648
333.010254
333.249725
333.489716
333.762299
334.107269
334.477417
334.697998
334.907684
335.493347
335.639282
335.591461
336.225403
336.741669
337.255707
337.193146
337.507507
338.203400
338.114075
338.238647
338.468719
338.488861
339.020233
338.986816
338.803131
339.092072
339.174896
339.010986
339.162567
339.244141
339.488647
339.056702
339.263489
339.012146
338.963593
339.154602
338.882782
338.153687
338.660461
338.684235
338.264618
337.759949
337.465942
336.909271
337.186310
336.832916
336.564026
336.085358
336.124756
335.548126
335.204895
335.045471
335.045990
334.695221
334.520508
334.305939
333.593262
332.982910
333.373810
332.996124
333.077118
332.463715
332.270020
332.323578
331.871124
331.931458
331.899078
331.380585
331.282379
330.996613
331.334015
331.097504
331.250305
331.241364
331.252563
331.388367
331.504608
331.561066
331.799225
331.936462
331.782562
332.010834
332.446442
332.304779
332.410461
332.929230
332.828796
333.104309
333.204987
333.577484
334.384644
334.117798
334.446686
334.128937
335.091278
335.121948
335.706726
335.681000
336.049255
336.032349
336.637512
336.506042
336.749847
336.783203
337.192291
337.205353
338.129730
337.673218
338.190247
338.188843
338.676636
338.762970
338.588440
338.610535
338.978577
338.967834
338.922150
338.706909
338.570160
338.876526
338.623077
339.013062
338.277985
338.364349
338.453094
337.975800
338.118103
337.801575
337.274933
336.836273
337.228149
336.793182
337.089142
336.860565
336.562134
336.188263
335.585602
336.020233
335.526520
335.460663
334.937592
334.789825
334.751495
334.043976
334.394562
333.683044
333.709198
333.612244
333.257446
333.132965
333.238007
332.935486
332.984131
332.792328
332.620697
332.581543
332.545532
332.659302
332.347778
332.554993
332.551971
332.636871
332.579620
332.876221
332.904358
332.971161
333.154022
333.418152
333.350372
333.180634
333.542572
333.778137
333.826050
334.160065
334.548431
334.577240
334.964203
334.616333
334.811035
335.474579
335.663116
335.744171
336.051270
336.223602
336.621368
336.177094
336.477448
336.964325
337.635040
337.556305
337.089722
337.281799
337.133087
337.341522
337.317749
337.816498
337.272308
337.565674
337.822662
338.150665
337.791504
338.060364
337.420563
337.513824
336.921722
337.402466
336.943298
336.588440
336.640198
336.696838
336.525238
335.934723
336.007904
335.600952
335.881561
334.836975
334.968536
334.935699
334.906158
334.538208
334.455231
333.435730
333.563507
333.345917
333.375061
332.680603
332.633087
332.520630
332.319672
332.310242
331.906586
331.433807
331.750214
331.528503
331.421051
331.464874
330.849579
331.051086
331.128998
331.072479
331.101685
331.174164
331.088745
331.066956
330.707733
331.042023
330.869080
331.127258
331.411987
331.385071
331.670288
331.608948
332.132111
332.265961
332.685364
332.287384
332.239868
332.587128
333.019958
333.409698
333.711670
333.453796
333.625549
333.805969
334.327576
334.341980
334.520325
334.900848
335.213348
335.165558
335.054382
335.549988
335.593414
335.672302
335.774933
336.152863
335.362549
336.063416
335.821167
335.726105
335.957428
335.509644
335.613708
335.298767
335.490021
335.281799
335.428955
335.216949
334.486023
334.636902
334.272827
334.246002
333.479218
333.700531
333.113129
332.810028
332.461121
332.877106
332.042572
331.838959
331.765137
331.261841
331.412933
331.037781
330.539124
330.061066
329.794647
330.061310
330.008759
329.401245
329.521820
329.323792
329.164795
328.956451
329.099335
329.404388
329.143005
329.153503
329.197174
329.503021
329.650330
329.369385
330.033112
329.925476
330.438385
330.715393
330.923126
330.927826
331.651581
332.017944
332.079285
332.635071
333.046600
333.196533
333.903900
334.426025
334.433624
335.204712
335.809113
335.392639
335.953583
335.702667
336.254883
336.752075
336.149200
336.750610
336.904449
336.514160
336.584167
335.804108
335.636261
334.998199
334.184875
333.973114
332.843872
331.670502
330.603912
329.315002
328.254333
326.364502
324.283691
322.838898
320.708221
318.890472
316.545044
313.559784
311.166962
308.682556
305.605865
302.561127
299.284210
295.601593
292.122955
288.787079
284.650787
280.782654
276.991699
273.201691
269.170532
264.616821
260.275208
256.313599
251.863846
247.759232
243.298691
239.511368
235.083939
231.097839
227.300125
223.393311
219.219543
215.721100
212.024902
208.901581
205.653046
202.427643
199.828888
197.262314
195.079407
192.874832
191.129791
189.611877
188.272934
187.228119
186.548782
185.998474
186.030777

201.598389
183.810104
184.174408
184.771774
185.736404
187.185852
188.359772
190.125336
192.185272
194.240845
196.578995
199.406601
202.103043
205.209625
208.456726
211.851334
215.404709
218.763260
222.711624
226.374710
230.192535
234.156296
238.142776
242.288956
246.346542
250.182373
253.948288
258.361450
261.947601
266.029572
269.511169
273.519348
277.021301
280.635284
284.097870
287.697723
290.465881
293.685913
296.366455
299.291534
302.061035
304.400055
306.625275
308.260925
310.555481
312.596222
314.502411
315.764740
317.292603
318.554535
319.988464
320.803528
321.614227
322.321228
323.496948
323.385284
324.314972
324.555817
325.387756
324.825500
325.005402
324.631653
325.451324
324.897278
325.139832
324.698334
324.723694
324.127350
324.217926
323.558411
323.158630
322.987152
323.223602
322.334656
321.991547
321.735840
321.838806
321.539062
321.126678
320.785767
320.654022
320.072876
320.374756
320.070831
319.881561
319.639801
319.490173
319.624359
319.492798
319.442200
319.451874
319.552917
319.696350
319.892914
319.843628
319.951172
320.293732
320.452789
320.917694
321.395721
321.097992
321.546173
321.779938
322.226746
322.703430
323.185089
322.907074
323.680725
323.690948
324.093567
324.480499
324.815735
325.095703
325.358551
325.768280
325.816376
326.247498
325.909119
326.686859
327.323853
326.646301
326.983582
327.121216
327.248535
327.273254
327.360077
327.023590
327.090485
327.179932
327.416016
327.196625
326.973450
326.714050
326.772736
327.057220
327.108795
325.972900
326.263947
325.747955
326.144897
325.362701
325.179321
324.856323
324.082092
324.129303
323.849091
323.797028
322.896362
322.710510
322.492462
322.200653
321.599884
321.485718
321.531128
321.053040
320.978668
320.977844
320.222321
320.570862
320.109985
320.061523
319.981995
319.959015
319.794525
319.598114
319.437897
319.277100
319.896484
319.714478
319.467072
319.805664
319.545380
319.694946
319.646790
319.899628
320.361816
320.562592
320.659393
321.138794
321.250275
321.805420
321.550385
321.795135
322.386383
322.496429
322.896332
323.524597
323.675140
323.814545
324.323212
324.187805
325.055511
325.115906
325.397766
325.667908
325.895996
326.307739
326.678528
327.109192
327.147430
327.072296
327.420532
327.252808
327.628937
327.513885
328.207764
328.116882
328.315887
328.490204
328.655334
328.226471
328.197083
328.615723
328.284882
328.005219
327.783752
328.212982
328.062958
328.056213
327.378662
327.356842
326.852783
326.232941
326.215668
326.292236
325.983826
325.641235
325.848724
324.962524
324.996277
324.564667
324.171295
323.665070
323.565704
323.512115
323.074249
322.539520
322.420715
322.009033
321.749359
321.219269
320.986481
321.284882
320.594574
320.191772
320.022186
319.970245
320.038422
319.948883
319.337708
319.630157
319.397217
319.181549
319.514130
319.164673
319.399170
319.245850
319.174805
319.622589
319.630554
319.465454
319.742035
320.017975
320.243439
320.060852
320.665710
320.720703
320.865082
320.924713
321.338348
321.342804
321.410767
321.791687
322.408081
322.848175
322.965057
323.414185
323.083496
323.318817
324.045990
324.106201
323.972443
324.567169
324.624939
325.044495
325.015320
325.217224
326.025024
326.151001
326.227814
326.057709
326.839355
326.456024
326.374969
326.557495
326.729889
326.865479
326.899261
327.042847
326.954590
326.946625
326.264618
326.770081
326.041840
326.073334
326.046814
326.212708
326.269135
326.175629
325.769897
325.676300
325.175537
325.030243
324.662750
324.630219
324.340759
323.948730
324.087524
323.238281
323.364502
323.370361
323.056976
322.701141
322.365631
322.509186
322.391571
322.098907
321.881287
321.363647
321.648254
321.291718
321.027649
321.384705
321.141846
320.850067
320.587311
320.921906
320.935059
320.280121
320.423859
320.634796
320.391144
320.744995
320.671326
320.739655
320.605927
321.288177
321.357971
321.163910
321.334351
321.414215
321.953094
322.201202
322.229858
322.453064
322.257141
323.109467
322.829224
323.514313
323.670410
323.966339
324.429108
324.455017
324.587036
324.955597
325.557037
325.617645
326.030975
325.999512
326.324036
326.252686
326.755707
326.888092
327.196869
327.292969
327.104004
327.608978
327.950470
327.435944
327.629608
327.946655
328.177979
327.966095
328.090912
327.604584
328.039825
327.691650
327.834686
327.606110
327.636780
327.490784
327.935364
327.324249
327.059998
327.073517
326.911652
327.001038
326.835236
326.411407
325.922577
325.793701
325.451874
325.138702
325.040100
324.733154
324.465637
324.386993
324.085388
323.765656
323.414764
323.139526
323.201782
322.907257
322.611023
322.575806
322.575134
322.067902
322.304657
322.013123
321.674011
322.252075
321.805634
321.819214
320.979675
321.390320
321.207245
321.717743
321.496735
321.027283
321.388580
321.322937
321.511444
321.769196
321.691376
321.955994
322.030701
321.984741
322.790131
322.943878
322.603729
322.721069
323.114624
323.636505
323.856659
323.781555
324.557892
324.467804
324.763062
324.776550
325.268188
325.790283
325.820618
326.287292
326.106537
326.463501
326.889160
327.445526
327.181122
327.257355
327.588165
328.201294
327.913788
328.168152
328.253082
328.440430
328.714294
328.707275
328.936584
328.825104
329.176422
328.781403
329.009430
329.100189
328.779938
329.189880
329.056427
328.628174
328.450195
328.874207
328.166321
328.319122
328.460297
328.208160
328.484558
328.420959
327.411438
327.691559
327.547302
327.129395
327.222900
327.150543
326.629303
326.455322
326.366608
326.327209
326.416565
325.801239
325.710480
325.131226
325.565186
324.976929
325.085449
325.107727
324.879242
324.720825
324.830597
324.911987
324.775116
324.832703
324.817688
324.482147
324.738129
324.616486
324.880981
325.047729
324.947205
325.420807
325.511688
325.113495
325.324188
326.154816
326.277222
326.323456
326.390106
326.910767
326.825104
327.127167
327.552917
327.691772
328.078094
328.297760
328.413483
329.057648
329.400269
329.342804
329.888763
330.221161
330.439911
330.954987
331.623962
331.500275
331.724731
332.013245
332.553925
332.155029
332.619934
333.627991
333.740875
333.686096
333.756622
333.835083
334.110992
334.314056
334.570404
334.589417
334.485016
334.135651
334.661499
334.868561
334.765625
334.602356
334.444733
334.512299
334.318787
334.340210
334.188965
333.759888
333.731750
333.821472
333.584015
333.283661
333.285858
333.320190
332.681305
332.704742
332.248535
332.082001
331.766968
331.611176
331.106873
331.470062
330.499725
330.019653
330.076385
330.597107
329.793854
329.672699
329.380127
329.358917
329.138702
328.980835
328.541931
328.895874
328.506775
328.928253
328.410278
328.244171
328.505859
328.176239
328.694214
328.432556
328.716980
328.406830
328.553772
328.779694
328.927734
329.013885
328.769592
329.515167
329.321075
330.105164
330.095276
330.086823
330.666656
330.816803
331.377136
331.668335
331.792999
332.061005
332.801453
333.030304
333.267181
333.529724
333.884949
334.254303
334.451599
334.663147
335.227844
335.386597
335.320160
335.960938
336.458679
337.002258
336.928040
337.247620
337.927887
337.810089
337.949249
338.185120
338.204010
338.709076
338.653931
338.497955
338.771729
338.834991
338.685333
338.844147
338.930481
339.155029
338.696167
338.903992
338.671021
338.629333
338.811279
338.511536
337.787720
338.285675
338.332764
337.878662
337.376862
337.101532
336.529541
336.784424
336.447174
336.154999
335.737549
335.737213
335.149811
334.791382
334.657013
334.650696
334.282074
334.139954
333.907806
333.181976
332.560516
332.978729
332.598999
332.694244
332.059448
331.878906
331.931885
331.484406
331.547089
331.499451
330.983826
330.874359
330.599609
330.928894
330.710785
330.857178
330.860992
330.861267
331.000061
331.116974
331.209686
331.422211
331.576447
331.379456
331.635040
332.090637
331.920624
332.014313
332.564850
332.468079
332.743805
332.836914
333.242157
334.035339
333.772461
334.136444
333.809296
334.740753
334.797455
335.386017
335.363464
335.753052
335.716797
336.315216
336.188629
336.461487
336.473236
336.952179
336.923309
337.846344
337.412842
337.917755
337.916931
338.444946
338.529358
338.366089
338.372864
338.727051
338.764771
338.700409
338.498962
338.372894
338.667450
338.465668
338.843140
338.115936
338.207123
338.319366
337.805786
337.979004
337.644592
337.142242
336.694489
337.096436
336.688599
336.988037
336.783569
336.472504
336.134705
335.477386
335.954346
335.485992
335.406494
334.900604
334.769836
334.720795
334.016846
334.378204
333.673553
333.671478
333.608765
333.251373
333.088013
333.090118
332.960388
332.985077
332.817108
332.628204
332.597107
332.571320
332.708801
332.403381
332.636322
332.613922
332.708282
332.692047
332.983093
332.960358
333.009003
333.249542
333.495575
333.399353
333.283142
333.638184
333.862183
333.955505
334.238708
334.653320
334.700012
335.083649
334.733551
334.928711
335.623627
335.760345
335.852234
336.157257
336.341949
336.732483
336.304626
336.601379
337.054718
337.774750
337.655273
337.212585
337.396423
337.267822
337.450348
337.422913
337.934021
337.399628
337.689758
337.940155
338.265289
337.917053
338.170776
337.543304
337.617676
337.028076
337.527313
337.065033
336.700073
336.755035
336.809296
336.640228
336.058411
336.110077
335.712891
335.970642
334.931824
335.043884
335.051788
335.006989
334.647064
334.557312
333.557404
333.676514
333.440552
333.477905
332.795990
332.727875
332.614258
332.408936
332.390259
331.999084
331.530701
331.853119
331.623444
331.510651
331.563202
330.965942
331.135925
331.228943
331.172485
331.219421
331.271576
331.177277
331.172516
330.830963
331.123291
330.970947
331.226044
331.507690
331.470001
331.759064
331.713226
332.224670
332.350220
332.787659
332.353577
332.312836
332.669220
333.110321
333.511444
333.814178
333.537964
333.735443
333.909943
334.433807
334.457031
334.605164
334.982788
335.327362
335.271576
335.164703
335.638550
335.688690
335.777527
335.885803
336.250336
335.477844
336.185333
335.938446
335.845642
336.060181
335.610657
335.727112
335.412262
335.600769
335.407532
335.528625
335.334991
334.598785
334.763733
334.384430
334.373749
333.587280
333.828583
333.212799
332.917511
332.568542
333.011841
332.134094
331.936401
331.875061
331.365997
331.528961
331.129364
330.663269
330.173492
329.885834
330.179840
330.106720
329.500732
329.631195
329.412354
329.274811
329.035431
329.196716
329.491211
329.239899
329.255341
329.260468
329.581421
329.736725
329.449799
330.101959
329.959442
330.506897
330.777710
330.986420
330.989807
331.690796
332.071930
332.121155
332.698547
333.096436
333.233063
333.958496
334.458954
334.470490
335.215576
335.846191
335.422852
335.978607
335.704102
336.258698
336.769226
336.154510
336.760345
336.914917
336.506195
336.579193
335.802399
335.607117
335.006805
334.164581
333.934418
332.813080
331.628021
330.570587
329.267609
328.208893
326.298279
324.234436
322.798370
320.640106
318.836823
316.481995
313.499390
311.105408
308.612854
305.527924
302.478149
299.201569
295.501038
292.045898
288.712708
284.555176
280.706726
276.895752
273.100708
269.068726
264.519104
260.163696
256.219574
251.745743
247.650024
243.192276
239.387543
234.971268
230.981674
227.170364
223.267654
219.095306
215.590149
211.904236
208.765762
205.520676
202.301208
199.699417
197.131287
194.951782
192.741425
190.983231
189.477737
188.128769
187.102158
186.407990
185.870865
185.906754

