306.274902
172.541199
172.567856
173.518799
174.291260
175.358063
176.885025
178.495148
180.299332
182.392990
184.443649
186.802200
189.389572
192.467575
195.352249
198.552475
201.801743
205.008560
208.639404
212.186111
215.839935
219.581314
223.404984
227.237549
231.214539
234.561020
238.668503
242.212509
246.197769
249.531204
252.935043
256.748230
259.941193
263.063904
266.575195
269.997833
272.788239
275.470734
278.241516
280.792511
283.269531
285.672668
287.832916
290.485809
291.856873
293.906555
295.400391
296.766083
298.174042
299.480774
301.362640
301.537292
302.607758
303.324860
304.080627
305.040222
305.007904
305.730072
305.848053
305.769165
306.130096
306.215942
305.999054
306.122955
306.157410
306.230652
305.725128
305.900177
305.452606
305.274933
305.066193
304.779144
304.536438
304.469757
304.159180
303.885986
303.540344
303.588257
303.156769
303.154694
303.225861
303.060913
302.208649
302.805420
302.573853
302.567749
302.104431
302.164154
302.929871
302.890076
302.501892
303.037048
302.887970
302.958282
303.160889
303.478088
303.636139
304.185333
304.034119
304.710876
305.103119
305.248474
305.324371
305.814606
306.600342
306.523773
307.155365
307.370789
307.576538
307.979370
308.608826
308.639709
309.235840
309.220245
309.617188
309.902771
310.763947
310.429382
310.762299
311.265045
311.321533
311.634857
311.336670
311.507690
311.930054
312.045013
312.251434
312.316772
312.179962
312.007141
312.292999
311.647461
311.661682
311.876129
311.889709
311.422699
311.648041
310.986877
310.986298
311.072357
310.553619
310.507538
310.205383
309.770935
309.908447
309.705383
309.218079
309.202637
308.762756
308.378937
308.241272
307.941925
308.064789
307.525787
307.366791
307.181610
307.124237
306.923706
307.024780
306.679291
306.513062
306.528900
307.089752
306.164398
306.193085
305.877838
306.261902
306.335938
306.725739
306.457153
306.544586
306.734131
306.615875
306.714508
307.206726
307.565216
307.210510
307.835144
308.185486
308.650177
308.829742
309.068024
309.157440
309.656433
309.738892
310.108673
310.683167
310.852692
311.404480
311.380554
311.801392
312.377899
312.397797
312.721954
313.014374
313.664612
313.538239
314.072632
314.413269
315.152679
314.986786
315.467377
315.380524
315.576843
315.704498
315.635193
316.224579
316.417572
315.924164
316.380188
316.252289
316.596313
316.197754
316.266846
316.203033
316.248474
316.147156
316.173706
316.392670
315.681091
315.239197
315.716827
315.162537
314.844360
314.755249
314.612579
314.475708
313.621490
313.894135
313.450928
313.791565
312.970734
313.068024
312.751465
312.387299
312.039398
311.731750
311.482574
311.510681
311.425812
310.682190
310.244446
310.471771
310.415649
310.183044
309.772980
309.685944
309.921600
309.574554
309.407898
309.474579
309.216888
309.210846
309.159912
309.120026
309.307465
309.628754
309.341400
309.623596
309.704193
309.789551
310.179993
310.521820
310.527771
310.121704
311.035431
310.997040
311.480316
311.524231
311.761749
312.387207
312.103180
312.829254
312.484772
313.282166
312.903717
313.779938
314.015778
314.459930
314.855255
314.842834
315.255768
315.079712
315.737122
315.864410
315.767670
316.241272
316.480469
316.579010
316.939850
317.027039
317.463165
317.564178
317.319794
317.815979
317.610046
317.468414
317.651093
318.179230
317.972260
318.108856
317.846558
317.791077
317.602600
317.293335
317.539246
317.255188
317.105347
317.463531
317.041962
316.726074
316.460052
316.542786
315.894897
315.866577
315.890533
315.587463
315.375122
315.308990
315.113922
315.291656
314.499420
314.347900
314.077118
314.313110
314.149078
313.826630
313.617035
313.286285
313.518158
313.142151
313.303558
312.828552
312.785614
312.870331
312.977997
312.902466
312.560181
312.913025
312.932770
312.407166
312.983521
312.791718
313.224365
313.265228
313.077606
313.304779
313.607086
313.691589
314.114746
314.009430
314.391052
314.501068
314.707397
314.521576
315.169983
315.259399
315.798065
315.769745
316.410065
317.009735
316.770630
316.968414
317.497528
317.398438
317.944794
318.524780
318.331665
318.717285
319.194763
319.321350
319.347839
319.918030
320.217773
320.575287
319.921844
321.132721
321.120728
320.769775
320.956299
321.422302
320.894623
321.185608
321.798798
321.436371
321.635010
321.563904
321.346344
321.157837
321.363007
321.175140
321.045898
320.847809
321.243011
320.942688
320.390350
320.941193
320.625824
320.369659
320.141754
320.062927
320.338226
319.721130
319.302063
319.140076
318.924683
319.002747
318.997772
318.596924
318.454346
318.035095
318.282837
318.042023
317.814423
317.471252
317.065216
317.477722
317.320557
316.837921
316.915649
316.507324
316.430420
316.747803
316.440338
316.666351
316.862274
316.883118
316.923157
317.041870
317.010284
317.259064
317.068085
317.363159
317.148834
317.848999
317.462250
318.068146
318.261810
318.326447
318.411011
318.514282
319.195160
319.358978
319.624542
319.739777
319.938416
320.121857
320.604523
320.903503
321.561249
321.621979
321.605743
322.370056
322.097809
322.431000
322.634399
322.992615
322.877045
323.653870
323.727875
323.788696
324.349487
324.340118
325.010071
324.764984
324.832123
324.901184
325.389832
325.168762
325.171967
324.916351
325.652191
325.013550
325.695984
325.474152
325.434052
325.471069
325.945953
325.154633
325.313354
324.957367
325.523315
325.231567
324.467712
324.472961
324.477448
324.151093
324.146637
324.124512
324.183350
323.715546
324.110596
323.915741
323.099457
323.380310
323.392090
323.275116
322.457825
322.576508
322.649384
322.044952
322.254303
322.169006
322.206818
322.156250
321.919983
321.979340
322.143188
321.951843
321.964355
322.063934
322.468811
322.267792
322.349915
322.732880
322.462433
322.585175
323.130096
323.163483
323.213837
323.544952
324.056732
324.402588
324.034363
324.854370
325.084930
325.215668
325.514709
326.158234
326.198883
326.545166
327.144287
327.305359
327.377075
328.031372
328.510559
328.960510
329.138733
329.475708
329.524597
330.092529
330.593536
330.705963
331.626434
331.887024
331.810486
332.466339
332.715057
333.023682
332.911591
333.107483
333.139679
333.829041
333.674164
333.829987
334.627441
334.208557
334.626251
334.521088
334.219299
334.420441
334.491241
335.093719
334.251556
334.774200
334.577179
334.446838
334.457886
334.841125
334.341492
334.122986
334.079102
333.885773
333.874969
333.594452
333.184845
333.077637
332.848328
332.670380
332.517181
332.466644
332.344208
332.050964
332.154663
331.961884
331.799194
331.610016
331.298462
331.383392
331.197510
330.927734
331.222504
330.956329
331.089478
331.035889
331.192017
331.213684
331.205597
331.179810
331.760376
331.384949
331.667236
331.695435
332.047089
332.379456
332.308533
332.444275
332.779755
332.965607
332.957611
333.422211
334.043243
333.840973
334.302155
334.428497
334.913330
335.468048
335.825928
336.033203
336.539337
336.903717
337.510529
337.767151
338.441833
338.641937
338.839874
339.481964
339.609009
340.144104
340.700317
341.346436
341.222534
341.806610
342.146606
342.910217
342.339539
343.032898
343.078461
343.351074
343.681824
344.321747
344.367493
344.880524
344.350983
344.933929
344.905518
345.003113
344.452179
344.782257
344.785645
344.931824
344.949219
345.078400
344.760742
344.349915
344.858948
344.166748
344.012543
343.910156
343.866089
343.951752
343.608459
343.405243
343.174316
343.365601
342.788116
342.381042
342.338776
342.111664
341.601898
341.357727
341.305389
341.075867
340.811218
340.537292
340.248657
339.926605
339.998840
340.252533
339.797791
339.249268
339.109253
339.292938
339.085632
339.302887
338.714050
338.633301
339.287323
338.686401
338.781769
339.211121
338.721832
338.514130
339.028809
339.181091
339.248688
339.094910
339.272705
339.601501
339.868683
340.028290
340.173706
340.544403
341.110352
340.608795
341.364136
341.903076
342.152161
342.160858
342.620056
342.379883
343.214264
343.604034
343.329010
344.344299
343.990234
344.363037
344.805939
345.341736
345.490204
345.808197
346.182495
346.751221
346.231110
346.744659
347.029877
347.579102
347.474701
347.430328
347.736877
347.776245
347.863831
347.998840
348.253326
348.364685
348.258179
348.178192
348.397644
348.038940
347.769379
347.818115
348.286804
347.795471
347.426147
347.470612
347.254578
347.325806
347.181396
346.942749
347.099121
346.402954
346.273773
346.460815
345.390167
345.562500
345.280518
345.353790
345.499908
345.341705
344.666016
344.703735
344.483093
344.178040
343.770020
343.824493
343.528015
343.633026
343.569031
343.473846
343.387939
343.030243
343.172211
342.710114
342.759857
342.991638
342.391846
342.961914
342.856384
342.875671
343.033936
343.019989
343.124786
343.191040
343.644409
343.139801
343.698639
343.642761
343.863983
344.305481
344.334076
344.804596
344.791107
344.668121
345.230133
345.331665
345.629333
345.794708
346.214478
346.413818
346.476379
346.517212
347.256561
347.191742
347.367065
347.803802
347.699615
348.188599
348.413086
348.486420
348.659363
348.424683
348.777344
348.920685
348.838470
348.789032
349.277618
349.029327
349.248260
349.421478
349.284393
349.256653
348.683899
349.080505
348.243073
348.380981
348.270844
348.406769
348.554626
348.070251
347.674622
347.343658
347.577026
347.256042
346.737854
346.522400
346.092804
346.495392
346.148315
345.624817
345.158142
345.491852
344.868378
345.212311
344.503204
344.690948
344.908447
343.861084
343.826477
343.771423
343.721588
343.397980
342.993073
342.860382
343.134460
343.329956
343.039978
343.086884
342.732025
342.940552
343.039185
342.451935
342.665253
342.669922
342.905060
343.330109
343.463867
343.542572
343.852173
343.438782
343.954132
344.040192
344.337616
344.218384
344.699890
344.861084
344.922546
345.213348
345.616577
345.688477
345.978333
345.691711
346.559662
346.566772
346.864166
347.334900
347.598206
347.415283
347.664307
347.548126
348.271637
348.249786
348.567047
348.114136
348.101929
348.314789
348.624512
348.110840
348.202576
348.206848
348.232910
347.706573
347.923187
348.262848
347.853394
347.637695
347.691040
347.133240
347.056488
346.771606
346.561646
346.058655
346.353729
345.203552
345.896729
346.050903
344.914673
344.814056
344.451508
344.464783
344.278259
343.571198
343.299744
342.996521
342.870178
342.484863
342.639862
342.106689
342.443207
341.871521
341.772766
341.613525
342.016449
341.695831
341.982971
341.265442
341.600922
341.917053
341.945557
342.605286
342.546295
342.591766
342.818420
343.311523
343.762695
343.840881
344.089447
344.597351
344.681702
345.188782
345.510803
346.229095
346.403473
346.811615
346.895355
347.733215
347.983551
348.436523
348.641846
349.165588
348.942474
349.394012
349.408539
349.490112
349.495300
349.367310
349.903442
349.593536
348.788574
348.636871
348.458771
347.375092
346.839935
345.349365
345.311005
343.340240
342.078125
340.234497
339.403809
337.264069
335.252228
333.327423
331.195892
328.590973
325.943909
323.847900
320.482513
317.453369
314.248474
311.089386
307.114441
303.595734
299.914825
295.970154
291.974426
287.845520
283.928680
279.407318
274.692444
270.894928
265.891449
262.265076
257.709900
253.017624
248.655243
244.277466
239.958115
235.460602
231.483765
227.598175
224.051254
220.373535
217.184387
213.354279
210.607895
207.540100
205.103165
202.493454
200.217590
198.269806
196.787415
195.483429
194.334900
193.548828
193.016418
193.062119

302.951477
172.407394
172.442764
173.373291
174.178864
175.244827
176.764816
178.379501
180.209641
182.311737
184.352631
186.730682
189.331253
192.449112
195.323334
198.554764
201.806274
205.033417
208.674896
212.233215
215.910706
219.671066
223.539169
227.400986
231.380249
234.760391
238.866058
242.446243
246.441772
249.832886
253.263275
257.092834
260.329773
263.491486
266.994781
270.462097
273.267212
275.987091
278.811096
281.383575
283.880219
286.340790
288.516632
291.190582
292.600647
294.665314
296.162994
297.584656
299.027222
300.341644
302.284058
302.448303
303.584534
304.311127
305.117645
306.102936
306.102356
306.835510
307.005341
306.933655
307.316315
307.425232
307.227844
307.382904
307.444305
307.534943
307.035065
307.238098
306.813873
306.646606
306.448730
306.199036
305.985657
305.928223
305.583405
305.349731
305.027100
305.096039
304.688324
304.677765
304.751221
304.605286
303.734924
304.328766
304.115479
304.122803
303.644287
303.743561
304.477203
304.447418
304.042419
304.570709
304.466125
304.473541
304.718323
305.002594
305.150513
305.691620
305.535828
306.196564
306.572083
306.690033
306.747375
307.238098
308.025696
307.891937
308.518524
308.697998
308.897369
309.275482
309.888519
309.895569
310.471313
310.414734
310.826111
311.059082
311.875305
311.558929
311.850830
312.348785
312.367401
312.656738
312.314728
312.424347
312.819244
312.938019
313.147797
313.135895
312.976929
312.772552
313.036621
312.366150
312.349854
312.541138
312.500427
312.018585
312.202393
311.527954
311.474701
311.531006
310.973999
310.933472
310.591400
310.134888
310.230438
310.000031
309.479126
309.445465
308.985565
308.559204
308.393829
308.052826
308.170624
307.557404
307.410736
307.200134
307.119141
306.894653
306.977081
306.608795
306.423767
306.433472
306.941162
305.997040
306.047272
305.697327
306.058472
306.118927
306.482056
306.175537
306.253693
306.445190
306.331207
306.391357
306.881836
307.215485
306.836243
307.461304
307.805206
308.270416
308.449432
308.669556
308.758118
309.224762
309.315796
309.683350
310.243774
310.419067
310.947083
310.964020
311.365540
311.921875
311.933929
312.289612
312.562592
313.228516
313.060822
313.653564
313.966888
314.715759
314.549713
315.041382
314.962372
315.166321
315.256927
315.223328
315.840118
316.050903
315.549744
316.013824
315.884583
316.245758
315.866943
315.955811
315.886322
315.959595
315.820007
315.911652
316.170868
315.454315
315.008453
315.477234
314.948273
314.645874
314.594604
314.465027
314.333557
313.455780
313.770935
313.359802
313.720306
312.936066
313.019012
312.709045
312.376526
312.023407
311.771423
311.545166
311.578491
311.528564
310.806244
310.365326
310.619019
310.602570
310.401703
310.004822
309.930359
310.174530
309.850647
309.678741
309.795105
309.573669
309.589264
309.550415
309.570984
309.734009
310.092926
309.822693
310.106842
310.252960
310.377594
310.753174
311.115082
311.181244
310.823090
311.746033
311.719757
312.213745
312.319977
312.561340
313.189636
312.944122
313.705017
313.378632
314.205383
313.845398
314.798401
315.025513
315.484558
315.935486
315.919769
316.351624
316.247375
316.919067
317.085907
317.004883
317.463470
317.791046
317.922089
318.278900
318.359528
318.821838
319.020172
318.783539
319.313019
319.110474
319.009033
319.217133
319.752014
319.578796
319.724670
319.521942
319.433075
319.310150
319.069092
319.288452
319.046936
318.896973
319.306976
318.896515
318.633179
318.400482
318.488281
317.867432
317.863983
317.874268
317.623260
317.423706
317.411407
317.175781
317.387543
316.629639
316.459534
316.203735
316.469238
316.303680
315.980042
315.823029
315.531097
315.733124
315.369843
315.570282
315.075836
315.093384
315.176788
315.273529
315.223022
314.848083
315.249634
315.253845
314.725739
315.326233
315.135895
315.548309
315.675018
315.428833
315.615814
315.989166
316.027435
316.395325
316.360809
316.696716
316.875977
317.013550
316.792938
317.454712
317.555969
318.035065
318.036560
318.658356
319.224060
319.041321
319.125916
319.692261
319.581726
320.095917
320.636505
320.510559
320.813019
321.266235
321.414307
321.396912
321.956024
322.229126
322.585693
321.811920
323.104340
323.058319
322.687408
322.882355
323.239960
322.693024
322.928833
323.548676
323.214386
323.315552
323.240265
323.001556
322.743073
322.935211
322.763885
322.565613
322.325958
322.743286
322.409302
321.828735
322.301208
321.972626
321.604126
321.453186
321.290314
321.548767
320.839722
320.410309
320.274384
319.959900
320.056427
320.021790
319.561615
319.368683
318.964905
319.142120
318.925568
318.669434
318.275879
317.887115
318.205627
318.029419
317.496368
317.524963
317.112396
317.053619
317.235779
316.966339
317.154266
317.308136
317.339508
317.284454
317.461731
317.347900
317.555481
317.345642
317.621979
317.393341
318.056671
317.728851
318.260986
318.460236
318.471832
318.509552
318.615906
319.282227
319.407837
319.653076
319.739014
319.959076
320.109283
320.550812
320.831482
321.530487
321.537598
321.527893
322.260193
321.996826
322.301941
322.487335
322.888763
322.745209
323.513763
323.551605
323.639526
324.155182
324.164886
324.822418
324.593903
324.631165
324.709320
325.166443
324.953766
324.940094
324.720642
325.453186
324.786865
325.481445
325.257294
325.219574
325.241272
325.705200
324.908325
325.065125
324.722534
325.301727
325.034698
324.249786
324.245514
324.263092
323.939117
323.925568
323.917542
323.996552
323.511017
323.911865
323.735413
322.925018
323.188354
323.212799
323.116241
322.291656
322.391144
322.491272
321.876587
322.084595
322.021851
322.066559
322.011719
321.786072
321.843719
322.009766
321.829163
321.874542
321.936066
322.344696
322.114288
322.237183
322.617706
322.358765
322.492584
323.047180
323.055908
323.119202
323.458527
323.981476
324.329041
323.933685
324.779541
325.016907
325.143494
325.427521
326.083679
326.134094
326.453674
327.060944
327.225800
327.321899
327.950470
328.441803
328.849854
329.057983
329.382355
329.441071
330.015015
330.515839
330.614746
331.553375
331.792084
331.731201
332.365143
332.633209
332.935211
332.809570
333.010834
333.017639
333.722626
333.550629
333.713257
334.508759
334.069366
334.499969
334.369751
334.084167
334.264801
334.329285
334.926666
334.077515
334.613953
334.420837
334.277161
334.285370
334.628113
334.138092
333.915710
333.888855
333.688141
333.654968
333.388245
332.960022
332.861847
332.619843
332.432007
332.243256
332.241272
332.105286
331.799225
331.923065
331.675476
331.521423
331.342499
331.015137
331.096680
330.912140
330.638794
330.948883
330.669220
330.823944
330.726990
330.879608
330.908356
330.920807
330.868927
331.427246
331.038574
331.324310
331.364990
331.704346
332.032867
331.964264
332.089417
332.417236
332.596710
332.606079
333.082794
333.688049
333.438995
333.972076
334.054047
334.549622
335.089966
335.461853
335.671143
336.169678
336.498566
337.150452
337.355347
338.072205
338.285583
338.442932
339.100281
339.251343
339.744171
340.340210
340.965424
340.796326
341.414948
341.770416
342.524414
341.939056
342.648285
342.699524
342.957184
343.281036
343.933990
343.978821
344.492065
343.939880
344.565521
344.550079
344.596863
344.084259
344.394135
344.440155
344.540833
344.584839
344.706970
344.355896
344.000549
344.475067
343.788940
343.626404
343.541748
343.491058
343.580170
343.252441
343.032776
342.839752
342.970123
342.456085
342.019287
341.993195
341.787537
341.272247
340.984344
340.953186
340.749603
340.455566
340.218231
339.858032
339.570984
339.661652
339.871613
339.468323
338.915009
338.770203
338.965118
338.711761
338.969086
338.345245
338.277039
338.949310
338.382721
338.461090
338.865936
338.371613
338.204803
338.713837
338.870178
338.893402
338.802979
338.955597
339.275848
339.545776
339.719452
339.847748
340.286621
340.805115
340.330078
341.048676
341.593994
341.858215
341.889160
342.356384
342.119965
342.897156
343.354919
343.048950
344.056213
343.698242
344.065247
344.546967
345.053741
345.269043
345.540405
345.918457
346.523315
345.962921
346.527496
346.783691
347.349731
347.259094
347.198944
347.504791
347.565704
347.626251
347.766357
348.036499
348.170410
348.025696
347.950470
348.186401
347.836853
347.594910
347.625092
348.094116
347.609436
347.255646
347.252716
347.080933
347.165466
347.044708
346.756836
346.917633
346.231018
346.116180
346.357025
345.235870
345.441742
345.124969
345.215698
345.368073
345.244568
344.521729
344.582458
344.352539
344.020447
343.630798
343.715851
343.450348
343.528900
343.454041
343.385040
343.308868
342.940063
343.077728
342.632965
342.685364
342.912354
342.325989
342.892609
342.767059
342.777222
342.973969
342.959351
343.056946
343.130066
343.565948
343.075500
343.642853
343.572815
343.805176
344.278473
344.261658
344.784637
344.758881
344.637177
345.209076
345.297577
345.599854
345.783142
346.176453
346.407410
346.468201
346.485443
347.239166
347.185394
347.335663
347.773346
347.694244
348.172882
348.407501
348.464417
348.653198
348.440277
348.783386
348.903168
348.817108
348.787415
349.255157
349.036591
349.222687
349.443390
349.267578
349.252838
348.701935
349.077118
348.217957
348.367493
348.268799
348.411896
348.546783
348.064636
347.686188
347.355286
347.588989
347.252167
346.731598
346.513550
346.086914
346.466278
346.136780
345.641266
345.152832
345.502716
344.867065
345.206451
344.483002
344.676453
344.902008
343.870911
343.815674
343.758728
343.720093
343.371399
343.017212
342.839020
343.122345
343.319885
343.013062
343.097595
342.726318
342.902344
343.032501
342.439484
342.639801
342.649902
342.885529
343.333313
343.446777
343.545837
343.854431
343.449951
343.946320
344.037598
344.344543
344.199036
344.690582
344.856750
344.909332
345.186859
345.635162
345.659668
345.946014
345.690918
346.565369
346.546692
346.842072
347.345734
347.602753
347.422577
347.662323
347.513336
348.272797
348.251770
348.552521
348.111572
348.074890
348.309570
348.600281
348.132904
348.190063
348.198364
348.217987
347.734070
347.918030
348.272919
347.863037
347.652069
347.702820
347.169525
347.090179
346.795013
346.588531
346.050690
346.369568
345.201630
345.900330
346.108215
344.942139
344.855438
344.473785
344.488251
344.311127
343.598938
343.323395
343.043732
342.901764
342.527924
342.696136
342.160187
342.477783
341.922913
341.837830
341.669525
342.092438
341.752869
342.042969
341.347748
341.675110
342.001312
342.009277
342.690308
342.663300
342.684845
342.909698
343.408142
343.860046
343.947968
344.187256
344.701813
344.802338
345.273895
345.615173
346.331635
346.527924
346.913330
347.055817
347.853149
348.146973
348.573608
348.778320
349.326172
349.072021
349.566345
349.556488
349.648376
349.662994
349.563660
350.089233
349.783661
348.966248
348.799713
348.632477
347.562561
347.057892
345.537903
345.502167
343.550842
342.283173
340.450714
339.599670
337.484039
335.485260
333.554504
331.400787
328.834076
326.198334
324.085754
320.714172
317.709869
314.511871
311.336060
307.371094
303.854279
300.167633
296.225403
292.211456
288.120239
284.195251
279.693420
274.990265
271.209778
266.176483
262.560303
257.993195
253.300156
248.927902
244.574463
240.264236
235.738037
231.759262
227.905960
224.355621
220.665115
217.480789
213.659180
210.927078
207.849487
205.403885
202.795975
200.540985
198.572586
197.089523
195.777863
194.643417
193.863159
193.327988
193.544388

222.843338
185.169434
185.867950
186.679672
187.435120
188.664383
190.241318
191.971420
193.973038
196.001144
198.657959
201.195694
204.007492
207.101578
210.468903
213.498413
217.299316
221.024887
224.338425
228.295822
231.999283
236.420288
240.144058
244.094635
248.368149
252.345001
256.411011
260.319519
264.298035
268.461884
272.128998
275.907959
279.236572
282.973541
286.441254
289.715057
292.872772
295.889587
298.893738
301.600067
304.156982
306.716217
309.210541
311.345734
313.444672
315.014862
317.128906
318.217804
320.232178
320.957733
322.087128
323.240814
323.619965
324.899963
325.724396
326.323456
326.732391
327.322174
327.350861
327.190338
327.709076
326.948425
327.360687
328.079651
327.540375
326.997681
326.867035
326.427338
325.967834
326.009521
325.367554
325.184631
324.695953
324.712555
324.466614
323.865112
323.470001
323.290741
322.572235
322.464966
322.625610
322.503418
322.148926
321.646729
321.816101
321.815704
321.424774
321.331940
321.687378
321.474091
321.278137
321.377472
321.675140
321.674042
322.021088
321.692719
322.271301
322.203979
322.499329
322.870331
323.010742
323.268219
323.694550
324.123138
324.436005
324.739014
325.008057
325.314087
325.398987
325.916626
326.235352
326.444244
326.651703
327.064331
326.665802
327.869110
327.507935
328.189301
328.329529
328.860107
328.474182
328.124390
328.568481
329.095062
329.149200
329.099457
329.083832
328.767273
328.614685
329.123688
328.885468
328.811188
328.340210
328.784515
328.275146
328.214050
328.040741
327.325989
327.497833
327.085571
326.987305
326.647858
326.574951
326.053040
325.779236
325.759979
324.977020
324.690002
324.535767
323.878571
323.559143
323.460052
323.445740
322.912811
322.739349
322.064331
322.041290
321.944305
321.713104
321.425110
321.595123
321.048523
321.037506
320.846863
320.806091
320.532135
320.681183
320.856720
321.015472
320.577667
320.612030
321.093536
321.132263
321.030029
320.932373
321.445496
321.897522
321.699982
322.185608
322.500946
322.649689
323.027069
322.944946
323.410614
323.994507
324.056488
324.276855
324.849670
325.056702
325.153839
325.941010
326.001038
326.115082
326.486420
326.922607
327.316498
327.141541
327.826813
328.398376
328.466248
328.253113
328.884552
328.966370
328.977600
329.238098
329.347595
329.406952
329.088470
329.388062
329.363678
329.411316
329.321777
329.274292
329.351410
328.885315
329.127869
329.259308
328.859619
328.451416
328.553253
328.551666
328.363037
327.953400
328.119354
327.439209
327.316620
326.557983
326.425568
325.856079
325.791473
325.338837
325.166534
324.740051
324.614441
324.605591
324.094055
323.788971
323.336365
323.101929
323.122559
322.512390
322.245300
322.311707
321.639160
321.880280
321.146790
320.965363
321.285583
320.959808
320.643921
320.772583
320.501862
320.916473
320.494568
320.482361
320.749451
320.666687
320.935333
320.439758
321.277252
321.130371
320.476196
321.116516
321.241394
321.607635
322.021118
321.590057
322.541168
322.555267
322.854401
323.223785
322.856537
323.331848
323.951874
323.629639
323.801208
324.630646
324.936951
324.401001
325.189972
325.529602
325.625702
326.057190
326.306549
326.765015
326.853363
326.899292
327.100708
327.213287
327.333588
327.781921
327.645203
327.752411
327.845306
327.801575
328.091522
328.161499
328.497711
327.923645
328.033813
328.633514
328.327728
327.760651
328.113190
327.662140
327.562225
327.557739
327.427704
327.553314
326.957672
326.445251
326.836243
326.490326
326.183685
326.026093
325.865753
325.474792
325.494812
325.342102
325.227631
324.700439
324.363739
324.378387
323.822357
323.609985
323.775391
323.580505
323.358459
322.938232
322.888000
322.741547
322.619354
322.678375
322.501007
322.318207
321.951965
322.301910
322.344116
322.135529
322.161896
322.749420
322.216095
321.916962
322.710449
322.567719
322.664673
322.886749
323.067169
323.146118
323.082733
323.319977
323.771820
323.946777
323.901520
324.142609
324.521637
324.489655
325.272827
325.278778
325.340210
325.726349
326.083954
326.552124
326.814484
327.098969
327.125000
327.184662
327.825958
328.003632
328.292053
328.769531
328.784760
328.803406
329.239960
329.389923
329.888824
329.470459
329.791962
329.992188
330.021210
330.603058
330.313324
330.490387
330.306305
330.616791
330.469696
330.312897
330.591705
330.226990
330.474854
330.226929
330.287964
330.226898
330.117096
329.852112
329.736389
329.284912
329.188202
329.411377
329.282013
328.455170
328.324188
328.094788
328.310211
327.521423
327.655731
327.186859
327.337982
326.684052
326.962158
326.291718
326.209412
326.214294
326.280304
325.813965
326.196686
325.653778
325.453033
325.369781
325.297180
325.260956
325.035553
324.763763
324.897034
324.913971
325.046448
324.716736
325.036285
324.573730
324.986603
324.975769
325.343750
325.290680
325.671265
325.031494
325.443176
325.765778
326.118408
326.178253
326.811249
326.261353
326.315674
327.186401
327.200317
327.834900
327.471954
328.156769
328.484650
329.037415
328.738678
329.006348
329.137329
329.499451
330.080566
330.019409
330.595184
330.434418
330.632721
331.177460
331.527679
331.707001
331.643646
331.801575
331.966827
331.938171
331.831848
332.582947
332.118744
332.393677
332.266876
332.686066
332.587341
332.759064
332.509308
332.687927
332.280121
332.899628
332.243835
332.201630
332.575928
331.805176
331.813263
331.631561
331.453949
331.169006
331.183014
331.429718
331.320862
330.788788
330.510620
330.334930
330.111267
329.993958
329.846985
329.684601
329.553497
329.221741
329.461761
328.924286
328.797089
328.396027
328.156464
328.234711
327.921173
328.080383
327.962708
327.938171
328.193573
327.565552
327.718323
327.751251
327.743378
328.825470
327.860199
327.805511
327.863281
328.307220
328.165314
328.304413
328.528717
328.069794
328.576538
329.257904
329.282990
329.838867
330.035522
329.930054
330.502197
331.005066
331.297638
331.081604
331.621490
331.792084
331.991699
332.872437
332.655884
333.072510
333.659424
333.561768
333.961212
334.531647
334.688568
335.035889
334.884125
335.439178
335.914154
336.033417
336.134827
336.079926
336.423187
336.756836
337.182129
337.185852
336.973114
337.418182
337.547028
337.379517
337.548126
337.231171
337.761597
337.573669
337.432251
337.567841
337.349823
337.397156
336.901459
336.906097
336.728180
337.103516
336.752106
336.110870
336.436829
335.993958
335.508148
335.553925
335.162933
335.100952
334.915100
334.456512
334.683350
334.561462
334.149139
333.870789
333.582275
333.617645
333.243378
332.648376
332.639404
332.729523
332.104553
332.052856
331.869934
331.676636
331.991272
331.751617
331.638458
331.583160
331.401764
331.081085
331.281219
331.567291
331.409760
331.878876
331.579041
331.891357
332.401672
332.132935
332.285675
332.654205
332.497314
332.990692
333.182770
333.652435
333.526123
334.231049
334.628540
335.100861
334.694336
335.385132
336.059021
335.712067
336.136322
336.315125
336.991974
336.867188
337.875458
337.903564
338.167969
338.472931
338.877136
339.197266
339.426392
339.847992
340.226013
340.056061
340.574646
341.070740
340.914581
341.074341
341.295776
340.948761
341.344208
342.284973
341.593262
341.716187
342.008331
341.756287
342.020203
342.199921
342.288208
342.217102
342.216217
341.909149
341.831085
341.619629
341.356201
341.023529
340.684814
340.250763
340.144165
339.953278
340.195404
338.948029
339.322723
338.589630
338.484741
338.207764
338.190369
337.988037
337.448639
337.299774
337.285156
336.413025
336.247192
335.838776
335.627167
335.944611
335.321533
335.271210
335.367035
334.609344
334.896912
333.699890
333.544373
333.889648
334.117767
333.324280
333.640625
333.562408
333.087585
333.450562
333.417633
333.328583
333.450928
333.604553
333.848633
333.734711
333.607605
334.015442
334.146729
334.442474
334.683350
334.446106
334.744080
334.780762
335.207642
335.309845
335.452148
335.714233
335.629364
336.144073
336.859863
336.970123
337.129181
337.486023
337.559235
337.987183
338.602570
338.317200
338.826874
338.882538
338.990845
338.941498
339.345642
339.684814
339.725006
339.921844
339.934875
340.206085
340.156189
340.233948
340.120239
340.147247
340.757874
340.633179
340.743378
340.380249
340.607544
340.563721
340.666718
340.633453
339.623444
340.352448
339.754425
339.718719
339.305908
339.071625
339.213104
338.876099
337.995117
338.515350
338.221741
337.902161
337.521484
336.764435
337.141144
336.909698
336.509491
336.507355
336.184448
335.654022
336.081512
335.373352
335.014679
334.973541
335.136993
334.995148
334.504456
334.976166
334.448212
334.560211
334.048340
334.204041
334.390900
334.026733
334.236023
333.396606
333.621490
333.930573
334.049438
333.646759
334.024200
334.624359
334.037201
334.189972
334.548370
335.111298
334.720886
334.924683
334.864502
334.876770
335.402832
336.081299
335.670349
336.273590
335.997223
336.728302
336.714050
336.755463
336.842010
337.179535
337.386963
337.545044
338.178833
337.921600
338.217407
338.214111
337.934448
338.669739
338.632507
338.964478
338.440887
338.749908
339.214874
339.146271
338.965820
339.198090
338.877563
339.266052
339.234650
338.899445
338.960419
338.591675
338.623383
338.474640
338.574066
338.238037
338.074524
337.801849
337.350616
337.833008
337.310394
336.682220
336.454193
336.277313
336.319122
335.901245
336.039612
335.661072
335.312897
335.269318
335.000305
334.623535
334.157593
334.239807
334.250732
333.974579
333.705658
333.384216
333.473450
333.217194
333.090668
333.012238
332.760803
332.823395
332.920013
332.892334
332.613739
332.622040
332.631653
332.235016
332.942017
332.574219
332.497711
332.755554
332.505371
333.223236
333.220673
333.221191
333.368591
333.570129
333.966431
334.081512
334.118896
334.469208
334.982758
334.898865
335.177826
334.914093
335.498993
335.624634
336.043945
336.211060
336.460358
336.586060
336.775940
337.157623
336.985291
336.983124
337.296143
337.644928
338.001526
337.600189
337.530121
337.530121
338.260864
337.545227
337.596649
337.646362
337.573608
337.496826
337.556427
337.289856
337.335266
337.106659
337.353455
336.571716
336.878357
336.452118
336.404053
335.992920
335.455292
335.086212
335.131378
334.791809
334.336334
334.137085
333.625610
333.926605
333.395752
333.155884
332.797943
332.833130
332.404358
332.130402
332.273956
332.086090
331.594482
331.580719
331.556854
331.483948
331.069733
331.617798
331.401489
331.394043
331.361481
331.440735
331.858337
331.588593
332.153870
331.891846
332.533508
333.032288
332.764923
332.922241
333.666107
333.702087
334.279266
334.754120
334.833160
335.049316
335.505798
336.421265
336.386932
336.921570
337.159058
337.711487
338.055939
338.153961
338.519775
338.662445
338.990021
338.717041
338.684570
338.627777
338.067108
338.315918
337.623535
337.750183
337.045959
336.295868
336.067871
334.880280
333.767639
332.612152
331.265503
329.912048
328.391754
326.559204
324.712250
322.453430
320.448486
318.324951
315.794250
312.901489
310.449951
307.665497
303.977234
300.809204
297.716858
293.948547
290.085968
286.744232
282.769928
278.766693
274.433899
270.926605
266.280396
262.056854
257.956360
253.746689
249.057617
244.986755
240.788666
236.580917
232.348831
228.444855
224.543869
220.695831
216.830231
213.390518
210.048370
206.870148
203.736649
201.236984
198.618332
196.224701
194.096497
192.260239
190.556137
189.471939
188.479568
187.744934
187.345627
187.392853

223.096375
185.174973
185.871536
186.681305
187.441498
188.663254
190.245453
191.971268
193.985123
196.029083
198.668625
201.206512
204.042206
207.145554
210.498444
213.525696
217.342529
221.059784
224.419464
228.365158
232.088516
236.521896
240.252121
244.203049
248.457123
252.456894
256.511932
260.468994
264.448303
268.584564
272.280426
276.069489
279.393433
283.171875
286.613678
289.919861
293.087280
296.105927
299.145294
301.821838
304.396606
306.948517
309.462708
311.623596
313.752777
315.317383
317.419983
318.531769
320.562531
321.292786
322.431366
323.590851
323.964569
325.257294
326.087128
326.682861
327.123383
327.714325
327.752350
327.602631
328.096497
327.373901
327.760193
328.512878
327.971222
327.456940
327.331421
326.887970
326.418732
326.482239
325.835449
325.677216
325.182678
325.175446
324.956238
324.343323
323.955383
323.807068
323.069519
322.946045
323.119934
323.020782
322.616272
322.160492
322.284241
322.305634
321.923462
321.836426
322.201477
321.965851
321.790070
321.811066
322.174438
322.193420
322.511383
322.164825
322.732483
322.690857
322.981628
323.341614
323.454926
323.728149
324.165253
324.572906
324.888580
325.178070
325.437500
325.768921
325.834351
326.326202
326.652466
326.847229
327.058502
327.482849
327.084991
328.295288
327.879608
328.570343
328.716095
329.261200
328.855133
328.523834
328.939880
329.462555
329.527832
329.499908
329.448181
329.115479
328.987061
329.533234
329.269440
329.198029
328.684601
329.147949
328.649506
328.572510
328.412506
327.696899
327.870758
327.456818
327.347504
327.011353
326.930847
326.453461
326.152863
326.141754
325.323212
325.090332
324.926483
324.275970
323.954834
323.857208
323.882965
323.343414
323.184692
322.499817
322.476532
322.386322
322.118866
321.864624
322.053436
321.485382
321.504303
321.327942
321.266541
321.014130
321.159790
321.373688
321.538666
321.098083
321.114197
321.630341
321.677032
321.559143
321.498505
321.966919
322.469116
322.259003
322.786072
323.065308
323.224548
323.595215
323.542603
324.002472
324.609924
324.693817
324.890289
325.518738
325.709869
325.799042
326.592346
326.652374
326.792236
327.180389
327.559204
327.998169
327.835846
328.531525
329.086273
329.181976
328.966370
329.544983
329.649048
329.659271
329.941711
330.032135
330.146515
329.787994
330.096039
330.084564
330.110107
330.035858
329.969482
330.057709
329.529175
329.831573
329.932861
329.547333
329.142181
329.265961
329.234711
329.053467
328.598999
328.778809
328.083832
327.952362
327.207794
327.056549
326.478119
326.401154
325.942017
325.771637
325.358368
325.206146
325.172455
324.650360
324.347107
323.909149
323.664062
323.620575
323.030487
322.785278
322.822601
322.145111
322.400787
321.609863
321.436768
321.708191
321.400604
321.080872
321.209442
320.894958
321.296417
320.853180
320.837311
321.118286
320.852478
321.289520
320.763184
321.600830
321.455719
320.789429
321.433899
321.533234
321.895294
322.278961
321.838135
322.786774
322.796692
323.079681
323.422699
323.081116
323.556488
324.146759
323.839081
324.011078
324.823944
325.122559
324.593597
325.373047
325.690613
325.770508
326.194763
326.436737
326.916077
326.991486
327.028534
327.208466
327.342224
327.472046
327.914856
327.775787
327.892120
327.965240
327.939209
328.242706
328.261353
328.614502
328.048370
328.121368
328.760315
328.442017
327.881958
328.240479
327.780884
327.709412
327.668549
327.556793
327.668732
327.092773
326.572144
326.956329
326.624817
326.329865
326.181976
326.016052
325.611481
325.657867
325.497711
325.400055
324.857910
324.532837
324.548950
323.990631
323.797607
323.954102
323.739166
323.529175
323.116852
323.084503
322.932434
322.822632
322.886902
322.703918
322.517365
322.153931
322.509186
322.566650
322.316467
322.365814
322.937653
322.409088
322.127655
322.926514
322.764343
322.874786
323.076691
323.242798
323.336212
323.253052
323.511627
323.955536
324.119110
324.066528
324.300079
324.682678
324.641785
325.420288
325.417419
325.484650
325.876160
326.234344
326.682831
326.917267
327.192627
327.217041
327.276947
327.881409
328.071991
328.361237
328.816589
328.837799
328.822784
329.267181
329.407166
329.906097
329.447113
329.768951
329.950226
329.961029
330.548309
330.258667
330.409698
330.230225
330.521118
330.326538
330.165436
330.456482
330.080841
330.273102
330.029755
330.110626
330.009247
329.895081
329.625244
329.502106
329.003204
328.896301
329.112488
328.980133
328.148682
327.992767
327.749603
327.953644
327.147156
327.307312
326.826172
326.934967
326.279083
326.577454
325.866760
325.759918
325.761536
325.841827
325.349915
325.723267
325.172272
324.960663
324.870544
324.769470
324.749207
324.537170
324.247986
324.351074
324.381470
324.513885
324.184113
324.488129
324.062012
324.441254
324.423401
324.768524
324.743622
325.112030
324.488434
324.888336
325.169891
325.549316
325.653778
326.269592
325.723358
325.807129
326.636932
326.651398
327.288605
326.921936
327.626343
327.941040
328.517059
328.222748
328.517120
328.643707
329.010986
329.620422
329.536194
330.128571
329.970703
330.183746
330.743805
331.101471
331.278259
331.212250
331.375397
331.588562
331.569946
331.455109
332.205261
331.785828
332.061829
331.947662
332.402313
332.277191
332.469849
332.220062
332.368530
332.025238
332.590027
332.017944
331.986237
332.334290
331.589111
331.622192
331.442383
331.265167
330.962311
331.061646
331.297974
331.160095
330.659149
330.410950
330.235809
330.011597
329.894226
329.764648
329.578857
329.495300
329.161865
329.371826
328.871338
328.735321
328.326263
328.132080
328.186279
327.962677
328.079803
327.922028
327.933105
328.170959
327.622192
327.739410
327.762024
327.737000
328.062897
327.847992
327.865234
327.863770
328.342041
328.188873
328.324554
328.539490
328.069031
328.657990
329.308258
329.282806
329.832214
330.086853
329.887695
330.548828
330.992584
331.279877
331.074921
331.624756
331.765900
331.944275
332.843536
332.665405
333.000031
333.601440
333.477722
333.912140
334.439758
334.613922
334.927673
334.803894
335.355072
335.811188
335.897705
336.007965
335.937012
336.245728
336.563934
337.023224
337.000580
336.827209
337.194885
337.340240
337.117004
337.284637
336.970490
337.480927
337.307648
337.123047
337.307251
337.030334
337.079681
336.527252
336.564514
336.356354
336.740845
336.358398
335.707001
336.033264
335.593719
335.124146
335.100189
334.733795
334.643097
334.442139
333.995087
334.186218
334.099548
333.628906
333.345337
333.039398
333.108124
332.686371
332.083313
332.062347
332.144470
331.498749
331.453918
331.260376
331.047729
331.376556
331.131622
330.967651
330.936310
330.733948
330.424072
330.589783
330.884155
330.718597
331.185089
330.868866
331.182251
331.687866
331.437988
331.555664
331.918457
331.751465
332.248779
332.453308
332.888733
332.784454
333.461792
333.879852
334.332062
333.936981
334.612732
335.276184
334.928833
335.344208
335.559418
336.218597
336.083374
337.079803
337.115631
337.344757
337.654816
338.067505
338.388824
338.629669
339.053192
339.431580
339.267517
339.801392
340.263611
340.145691
340.243469
340.527802
340.192749
340.557800
341.507568
340.785339
340.950989
341.233551
340.966370
341.258881
341.424713
341.515015
341.458649
341.431549
341.151978
341.100586
340.886444
340.597931
340.276276
339.939148
339.522797
339.429901
339.272461
339.452942
338.247681
338.587372
337.858826
337.799713
337.539581
337.495911
337.289124
336.787598
336.659180
336.599030
335.764801
335.582001
335.176514
334.980255
335.330475
334.691040
334.659515
334.804260
334.024109
334.292664
333.148438
332.996521
333.322693
333.559113
332.791504
333.121277
333.039581
332.624268
332.925140
332.898193
332.864532
332.985687
333.128601
333.399597
333.286865
333.177216
333.601837
333.739410
334.021149
334.320129
334.056549
334.377228
334.417572
334.860168
334.940613
335.107513
335.417023
335.347839
335.899048
336.583527
336.713348
336.860352
337.267670
337.352356
337.823914
338.365234
338.159546
338.670258
338.705658
338.882751
338.777252
339.208954
339.570892
339.599274
339.850555
339.812408
340.112244
340.087494
340.208435
340.073853
340.127747
340.755981
340.637970
340.728271
340.421356
340.646973
340.633972
340.712616
340.712219
339.731384
340.455170
339.860687
339.868896
339.481293
339.230377
339.399628
339.054596
338.159485
338.698120
338.409424
338.159576
337.732147
336.987854
337.333954
337.137939
336.747162
336.767487
336.429047
335.933136
336.347931
335.653534
335.298004
335.294891
335.473480
335.345428
334.859467
335.041992
334.806396
334.908569
334.439056
334.592712
334.775452
334.363739
334.660370
333.806427
334.059784
334.290588
334.464264
334.061890
334.429535
335.018463
334.465179
334.631531
334.993774
335.538391
335.168823
335.357361
335.276672
335.314575
335.813873
336.544403
336.109161
336.762848
336.458618
337.192200
337.167969
337.219360
337.298798
337.602661
337.857086
337.983093
338.629639
338.399475
338.649078
338.652039
338.379150
339.093384
339.079987
339.408264
338.871399
339.217102
339.612091
339.576813
339.381805
339.621979
339.296143
339.678162
339.647766
339.334076
339.369507
339.007965
339.020569
338.896790
338.970337
338.615387
338.427032
338.184082
337.721222
338.201019
337.663391
337.042999
336.810974
336.638702
336.655579
336.252869
336.391541
336.003510
335.652588
335.611725
335.323822
334.967133
334.493439
334.560974
334.550446
334.299133
334.006622
333.673584
333.793091
333.537445
333.396576
333.274780
333.020569
333.100800
333.185455
333.173828
332.899445
332.850494
332.884369
332.505798
333.197510
332.844757
332.752411
332.986816
332.739716
333.468567
333.480499
333.442932
333.630768
333.800629
334.195831
334.327271
334.364807
334.678162
335.228699
335.122437
335.394928
335.123230
335.711243
335.842987
336.265625
336.435913
336.703156
336.796478
336.979797
337.365082
337.192444
337.211884
337.470734
337.871216
338.225555
337.810425
337.718231
337.731049
338.459045
337.758026
337.789642
337.848328
337.751312
337.715088
337.776611
337.464783
337.518402
337.286804
337.502747
336.760101
337.068115
336.618958
336.586060
336.188599
335.668396
335.271942
335.311066
334.959106
334.528442
334.309326
333.781738
334.082336
333.577209
333.339661
332.945068
332.975586
332.580536
332.293976
332.429443
332.246246
331.792023
331.746307
331.705719
331.677795
331.222046
331.767303
331.575256
331.569489
331.528229
331.602173
332.032288
331.768372
332.308167
332.025940
332.670746
333.189148
332.901123
333.063110
333.792419
333.838470
334.411591
334.867218
334.960114
335.189026
335.641235
336.563690
336.552734
337.052521
337.298401
337.823425
338.158539
338.319153
338.634888
338.777191
339.134674
338.811646
338.810883
338.763123
338.181946
338.420471
337.723511
337.865082
337.174438
336.361816
336.176697
334.949432
333.869568
332.686432
331.364258
330.012054
328.505066
326.628540
324.789581
322.531006
320.536896
318.387238
315.877411
312.968842
310.521484
307.733521
304.064941
300.875153
297.779724
294.024384
290.152313
286.799866
282.832062
278.837250
274.488251
270.984650
266.338104
262.104706
257.994659
253.799225
249.108307
245.054520
240.835770
236.612122
232.401031
228.510788
224.591736
220.749222
216.881119
213.427750
210.082687
206.906433
203.773224
201.269058
198.651276
196.270401
194.139999
192.306564
190.590210
189.495743
188.508286
187.777817
187.370407
187.417130

