261.911316
173.339462
173.873367
174.328384
175.309601
176.517075
178.004333
179.545090
181.225967
183.635239
185.525711
188.101410
190.661591
193.531357
196.590027
199.439209
202.877853
206.009155
209.824875
213.227585
216.892105
220.589844
224.216309
227.999359
231.988693
235.533783
239.314240
243.301727
246.567398
250.326996
253.897278
257.789825
261.033630
264.290497
267.428711
270.475464
273.548950
276.600372
278.983551
281.886383
284.483398
286.460327
288.818573
290.932648
292.777924
294.485291
296.205505
297.651245
299.185883
300.490448
301.353088
302.487885
303.411865
304.137299
304.847107
305.038696
305.779572
306.263245
306.491333
306.547943
307.054230
306.667633
306.684357
306.818634
306.455994
306.812988
306.544647
306.177063
305.995605
305.940094
305.616882
305.088898
304.970917
304.750336
304.369354
304.387543
303.974915
303.731262
303.370819
303.253326
303.065216
302.788757
302.803314
302.893646
302.334808
302.557892
302.631622
303.093140
302.743713
302.524109
302.553741
302.920471
302.824677
303.029144
303.391418
303.990387
303.650848
304.389435
304.315460
304.518555
304.930908
305.029663
305.341949
306.060394
305.443146
306.555054
306.926361
307.123016
307.394012
307.897766
308.055298
308.254517
309.052246
308.938690
309.513580
309.657257
310.346802
310.285461
310.770752
310.963654
311.029175
311.277618
312.003204
311.605591
311.771088
311.849854
311.784485
311.628693
312.008148
311.983887
311.866852
312.072510
311.856323
312.093170
311.957611
311.627411
311.377197
310.971405
310.796173
310.670319
310.867920
310.086212
310.094177
309.893036
310.106537
309.094757
309.245361
308.757935
308.507568
308.367523
308.149750
308.037384
308.168579
307.790253
307.570435
306.999115
307.162567
306.609985
306.927124
306.580292
306.466339
306.132324
306.466675
306.036591
305.859955
306.423096
306.167694
306.310699
306.675751
306.618378
306.956665
306.780548
307.049988
307.139801
307.371490
307.424774
307.901611
308.011963
308.322723
308.124664
308.896576
309.307526
309.202087
309.759430
310.055664
310.888672
310.701355
311.197357
311.992706
312.569397
312.358704
312.344330
312.925568
313.080048
314.038574
313.855377
314.365204
314.915619
315.220398
314.828613
315.923584
315.729584
315.813873
316.114319
316.799774
316.549011
316.828217
316.814911
317.303741
316.919983
316.939056
317.155334
316.790710
317.101654
317.163788
317.155182
317.308319
317.013489
316.738312
316.905212
316.636261
316.353699
316.049377
316.282532
315.608795
315.604095
315.867767
315.071777
314.839722
314.602142
314.494415
314.378143
313.932556
313.739685
313.677338
313.012909
312.613831
312.908386
312.831329
312.594727
312.225525
312.017639
311.581421
311.727478
311.415161
311.074524
311.636810
311.291229
310.799652
310.892761
311.102295
311.051636
311.170990
310.982330
310.851257
310.624329
311.076294
311.316071
311.230865
311.300873
311.539978
312.000183
312.223663
311.948822
312.486847
312.565338
312.759521
312.955780
313.223663
313.407745
313.676788
313.752167
314.451141
314.543182
314.899414
315.250275
315.722198
315.865540
316.247772
316.819214
317.197968
317.045929
317.620087
317.693542
318.028015
318.175140
318.419708
319.028290
319.356598
319.189667
319.724274
319.484802
319.730865
319.928802
319.987701
320.076599
320.091248
320.540070
320.308380
320.349915
320.471558
320.381561
320.305573
320.357086
320.138306
319.963287
320.102020
319.780273
319.668549
319.712372
319.577972
319.240936
318.992310
319.073212
318.946808
318.702637
318.368469
318.253052
318.300446
318.026031
317.576294
317.420563
317.350403
316.976288
316.991791
316.715576
316.920441
316.388672
316.646423
316.543365
315.968262
315.872192
315.862976
315.977692
315.781311
315.993347
315.952637
315.387146
315.956238
316.073090
315.780304
315.848450
316.147156
316.166321
316.442688
316.538055
316.415588
316.815155
316.886292
316.957092
316.851227
317.797363
317.677032
318.067108
318.388367
318.562469
319.232361
319.054138
319.237701
319.567139
320.432770
320.697021
320.487671
321.265839
321.179504
321.804626
321.721069
321.928009
322.508423
322.204041
322.790588
323.239655
323.190186
323.483887
323.918671
323.919647
324.184479
324.152710
324.308563
324.786041
324.645203
324.719208
325.285553
325.540710
325.010193
325.224579
325.243408
325.088745
325.311462
324.983490
325.026917
325.393768
325.016357
324.679260
324.701172
324.275940
324.601501
324.391479
324.686737
324.404022
323.845825
323.667114
323.149689
323.158051
323.378937
322.591339
322.827942
322.241852
322.579590
322.085815
321.785767
321.612061
321.937897
321.408661
321.102600
321.045197
320.940063
321.043457
321.024750
320.924622
320.773071
320.135132
320.798889
320.730682
320.370361
320.725250
320.335205
320.461853
320.190338
320.762329
320.630524
321.258942
320.736481
321.039490
321.441620
321.726654
321.645905
321.440216
321.809296
322.692505
322.114227
322.602936
323.085083
323.438965
323.772644
324.288910
324.068542
324.471893
324.753632
324.996887
325.467407
325.706451
325.986755
325.880920
326.404236
326.792694
326.736115
326.819000
327.524078
327.763123
327.911133
327.950195
328.645203
328.830017
328.298706
328.998199
329.281281
329.287537
329.186371
329.420013
329.320068
329.617188
329.139954
329.454712
329.241211
329.235962
329.612762
329.333405
329.026184
329.444397
329.150757
329.089386
328.790741
328.782959
328.882416
328.456451
328.608459
328.032104
328.017151
328.431488
327.504333
327.478607
327.280731
327.269928
327.472595
327.082916
327.056549
326.577209
326.604279
326.722504
326.275360
326.179077
325.804352
325.871704
326.263306
325.911774
326.091583
325.990356
326.011688
325.891815
325.744904
325.964783
326.185211
326.180817
326.452515
326.721283
327.031158
326.707764
326.959595
327.188080
327.599274
327.842560
327.947906
328.424164
328.492279
328.893219
328.978821
329.557129
329.872772
330.309143
330.878082
330.822784
331.256012
331.308075
332.275665
332.416901
333.001587
333.147705
333.402039
333.554474
334.298676
334.403656
334.867737
335.141083
335.538727
335.854858
335.924622
336.371338
336.563416
336.968506
336.714508
337.073975
337.886047
338.103333
338.181671
337.935120
338.131592
338.020569
338.365143
338.273468
338.324646
338.437744
338.716431
338.817780
338.321869
337.955414
338.496155
338.448212
338.218109
338.276031
337.989380
337.722443
337.264160
337.230530
337.142242
337.015533
337.011719
336.228333
336.118164
336.256653
336.325989
335.742310
335.241699
336.217255
335.653290
335.186859
335.250793
334.979431
335.027069
334.652771
334.402466
334.748260
334.779388
334.357300
334.810303
334.055786
334.091400
334.350311
334.195923
334.538666
334.275909
334.238037
334.889740
334.810272
335.448090
335.023621
335.190765
335.710327
336.111298
335.717529
336.917419
336.960846
337.158966
337.216736
337.671204
338.363434
338.243591
338.693512
339.218658
339.308472
339.712494
340.183960
340.738098
340.812775
341.215912
341.892242
341.882812
341.934418
342.967102
343.172180
343.376617
344.051544
344.416901
344.419952
344.504639
345.375366
345.436249
345.545532
346.326019
346.445770
346.033020
346.351074
346.294861
346.778259
347.130341
347.226685
346.724182
346.692169
346.850830
346.947662
346.963043
346.944031
347.251129
346.693817
347.034698
346.665497
346.452484
346.299713
346.290466
345.415588
345.529144
345.567535
345.275879
345.379456
345.016296
344.574951
344.497498
344.169891
343.697540
343.890320
342.960358
342.508148
342.498840
342.793335
342.151703
341.948853
341.761810
341.713104
341.155640
341.464539
340.864777
340.981842
340.750244
340.376740
340.156738
340.074707
339.879639
340.061279
340.139832
340.095673
340.044189
340.417419
339.964569
340.366547
340.124084
340.247986
340.187195
340.929871
341.048920
341.103638
341.153839
341.602783
341.773346
341.582397
341.871094
342.222229
342.755951
342.559265
343.262115
343.286621
344.155518
344.167480
344.113098
344.616638
345.201569
345.590485
345.915924
345.951996
346.373260
346.671661
346.923065
346.885529
346.928375
347.401611
347.766541
347.966492
348.031036
348.369965
348.710144
348.852234
348.986816
349.066772
349.256348
348.882965
349.191040
349.365997
349.444580
349.024933
348.975800
348.885651
348.809143
348.846313
348.773041
348.228912
348.379364
348.053009
348.006042
348.123047
347.927582
347.493500
347.717896
347.179382
347.582886
346.877441
346.824036
346.201172
346.361328
345.851868
345.865509
345.390137
345.306763
345.474487
344.727295
345.018829
344.844849
344.362457
344.212402
344.718048
344.586090
344.602539
344.270081
344.327179
343.997528
344.141693
344.119690
343.869995
343.948242
343.695068
344.228607
343.861328
343.990845
344.316071
344.463409
344.729523
344.707764
344.622559
345.242737
345.308502
345.293335
345.516510
345.749817
345.877502
346.104248
346.385986
346.451569
347.084991
347.521942
347.952972
347.925262
348.123322
348.140076
348.973328
348.797394
348.818756
349.114624
349.387177
349.479370
350.197357
349.818634
350.316650
349.804169
350.531921
350.260895
350.166016
350.289886
351.085602
350.596741
350.970367
350.872192
351.119904
350.755219
350.824097
350.729401
350.314789
350.090515
350.301941
349.687225
349.875336
349.587036
349.419678
349.699738
349.322784
349.089478
348.984253
348.580139
348.388000
348.148468
347.941986
347.565552
347.130890
346.849762
346.983246
346.576233
346.613831
346.129517
346.190704
346.312592
345.658783
345.343536
345.201324
345.183441
345.774780
344.773590
344.947998
345.041840
345.090332
345.210297
344.773773
344.919159
345.207092
345.007233
345.022034
345.183075
345.254456
345.574280
345.643402
345.448456
345.338348
345.542511
346.269714
346.410645
346.299561
346.370087
346.653961
347.258179
347.097992
347.840637
347.957886
348.085419
348.262451
348.535309
348.354736
349.060638
349.177399
349.652679
349.599762
349.976837
349.976990
350.422302
350.263702
350.199829
350.678955
351.011810
350.760040
350.441345
350.606659
350.925446
350.973236
350.887451
350.726257
350.604980
350.473755
349.895996
350.253540
350.351288
350.231323
350.060272
349.755829
349.297577
349.330292
349.025513
348.785370
348.290894
348.165039
348.353180
347.671783
347.561737
347.333466
347.145355
346.847656
346.582367
346.236786
346.016876
345.765533
345.562408
345.268250
344.855591
344.667938
344.615631
345.027069
344.700409
344.443512
344.725311
344.484009
344.743225
345.021179
344.858429
345.349243
345.223969
345.290710
345.634216
345.641144
346.253723
346.341583
346.623810
347.627808
347.490387
347.857056
348.596558
349.078369
349.284943
349.658691
350.318298
350.720398
350.912628
351.621582
351.657990
352.028595
352.066162
352.401276
352.913879
352.319641
353.039124
352.868134
353.165924
353.195709
352.841156
352.056824
352.095001
351.289337
351.084503
350.029358
349.741180
348.379974
347.074158
345.948059
344.437042
342.994019
340.851532
339.132599
337.197815
334.616302
332.548065
329.877197
327.238678
324.257751
320.959900
317.662231
314.460205
310.764374
307.113556
303.164368
299.375549
295.674408
291.317413
287.113983
282.788605
278.374603
273.602875
269.536285
264.919861
260.828735
256.069092
251.599884
247.555466
242.932251
238.969101
234.301590
230.454529
226.590424
223.002823
219.685196
215.956161
212.733170
210.186768
207.373886
204.992371
203.002289
201.020828
199.270432
197.987396
196.983551
196.391968
195.668747
196.089828

261.615356
173.264847
173.781982
174.253815
175.231384
176.451202
177.938568
179.492203
181.176392
183.624481
185.492798
188.087006
190.668518
193.533371
196.603058
199.476395
202.932938
206.080582
209.902603
213.341354
217.013977
220.727402
224.375626
228.217392
232.182053
235.774200
239.583481
243.603119
246.876602
250.667191
254.259521
258.190216
261.459778
264.748932
267.894257
271.002808
274.083679
277.173431
279.594086
282.523621
285.154053
287.150574
289.535278
291.675476
293.552673
295.306396
297.017487
298.542847
300.076447
301.434723
302.329620
303.455902
304.444366
305.176819
305.915680
306.103607
306.904144
307.398926
307.650360
307.737946
308.284485
307.917206
307.915833
308.123108
307.778259
308.139862
307.883514
307.558380
307.409943
307.348053
307.041321
306.519867
306.449066
306.239838
305.820740
305.931641
305.531799
305.252411
304.917633
304.793610
304.608643
304.363617
304.387878
304.464417
303.905426
304.118225
304.223633
304.670319
304.327759
304.105530
304.167084
304.492920
304.396149
304.583038
304.990662
305.514282
305.186035
305.943298
305.869873
306.037506
306.455750
306.526306
306.866821
307.538727
306.902527
307.957458
308.373688
308.550659
308.774139
309.252045
309.392548
309.574432
310.327332
310.234833
310.780121
310.872040
311.568695
311.502838
311.939453
312.075592
312.129150
312.371277
313.063873
312.645111
312.799133
312.862244
312.736176
312.564240
312.942017
312.877380
312.713531
312.904633
312.653442
312.875000
312.692780
312.355621
312.076569
311.628510
311.449280
311.296326
311.461334
310.657104
310.646698
310.401611
310.612305
309.543579
309.668182
309.176331
308.910126
308.753998
308.513641
308.354828
308.443115
308.064819
307.796844
307.227692
307.383301
306.800537
307.090210
306.738251
306.605408
306.218262
306.570923
306.115692
305.943176
306.491760
306.197327
306.335358
306.687256
306.606232
306.942719
306.739136
307.025421
307.095917
307.316681
307.354034
307.827759
307.923889
308.234741
308.015961
308.806641
309.209656
309.107300
309.633728
309.933228
310.763885
310.588257
311.060150
311.850128
312.434479
312.227753
312.214111
312.797607
312.944427
313.886749
313.713409
314.234222
314.806122
315.109314
314.717590
315.809631
315.631683
315.722351
316.040253
316.725250
316.480286
316.757538
316.756134
317.259705
316.879517
316.893005
317.139771
316.774384
317.102722
317.148712
317.169220
317.320923
317.075562
316.809845
316.997681
316.720306
316.429871
316.139679
316.346588
315.758972
315.740234
316.005859
315.225952
315.015808
314.792297
314.685455
314.592194
314.163269
314.006439
313.933624
313.305145
312.884674
313.224976
313.145599
312.888092
312.576294
312.394745
311.953888
312.123322
311.789703
311.518402
312.082489
311.729797
311.282654
311.369324
311.578156
311.542389
311.693024
311.520111
311.413910
311.242188
311.656372
311.915955
311.885803
311.941986
312.159210
312.702728
312.884094
312.663452
313.166748
313.299744
313.523468
313.748047
314.026764
314.209442
314.507233
314.606110
315.286255
315.398071
315.811066
316.179779
316.620026
316.783783
317.217560
317.771454
318.243347
318.054199
318.650818
318.743774
319.119904
319.290527
319.547577
320.100067
320.515350
320.379425
320.868225
320.592224
320.952393
321.183075
321.160034
321.352203
321.296417
321.773285
321.596863
321.658447
321.797455
321.745605
321.647461
321.676361
321.525482
321.381836
321.493225
321.172424
321.125488
321.132568
321.051178
320.730774
320.451843
320.586517
320.452209
320.248871
319.964172
319.812592
319.905792
319.628174
319.163757
318.983307
318.997223
318.571533
318.612701
318.321075
318.612854
318.033813
318.323608
318.226105
317.613647
317.544678
317.547485
317.665527
317.500671
317.723846
317.633636
317.082916
317.613495
317.789001
317.476410
317.564789
317.834747
317.877350
318.129211
318.256927
318.139648
318.522003
318.584747
318.597260
318.551727
319.497955
319.376251
319.763489
320.080505
320.231110
320.896637
320.648529
320.835724
321.171387
322.070831
322.323517
322.080627
322.845123
322.744476
323.271545
323.296387
323.438202
323.991821
323.691803
324.297028
324.662933
324.578461
324.907501
325.290833
325.298248
325.464325
325.486938
325.660248
326.076294
325.920593
325.964630
326.520966
326.782013
326.220215
326.407379
326.434906
326.207428
326.409058
326.055176
326.126038
326.487854
326.069550
325.671143
325.704834
325.251404
325.496887
325.322845
325.583008
325.261230
324.684509
324.424316
323.907806
323.916718
324.132843
323.294067
323.524261
322.896057
323.219604
322.726410
322.370911
322.200897
322.543884
321.921112
321.596649
321.532166
321.388855
321.487701
321.438843
321.320526
321.187988
320.499817
321.162903
321.056885
320.689758
321.019470
320.619537
320.723358
320.405609
320.954407
320.807159
321.447906
320.871552
321.185211
321.619904
321.889343
321.736694
321.537170
321.915436
322.733551
322.189880
322.632935
323.140533
323.487610
323.824707
324.321198
324.097809
324.468719
324.763275
324.966705
325.432129
325.671356
325.965240
325.850128
326.366425
326.742950
326.668579
326.744629
327.454132
327.684937
327.815765
327.879578
328.555878
328.736298
328.218170
328.917175
329.199585
329.204468
329.088593
329.334930
329.196930
329.501282
329.049286
329.356476
329.134949
329.129761
329.513153
329.224335
328.938904
329.359741
329.043457
328.997711
328.680145
328.680023
328.788177
328.327667
328.503052
327.928192
327.919556
328.319855
327.395966
327.385590
327.173920
327.173798
327.362030
326.952850
326.956909
326.493591
326.522491
326.611053
326.171570
326.091980
325.696503
325.763580
326.133667
325.787262
325.984314
325.865753
325.885223
325.744141
325.612823
325.828217
326.114777
326.050812
326.297821
326.571960
326.857544
326.538605
326.796143
326.998444
327.401398
327.666168
327.788177
328.238220
328.291229
328.661285
328.738647
329.347382
329.656769
330.063110
330.615204
330.529022
330.992157
331.021729
331.978577
332.090759
332.679993
332.804474
333.054810
333.210327
333.941528
334.037506
334.511871
334.747772
335.166321
335.471985
335.536133
335.965302
336.118561
336.506317
336.208008
336.596954
337.377472
337.648071
337.662781
337.399109
337.584717
337.467255
337.805756
337.695587
337.745331
337.854706
338.106293
338.270844
337.695496
337.293823
337.855499
337.841949
337.591553
337.614594
337.321869
337.029419
336.545441
336.530426
336.431763
336.308044
336.290009
335.499237
335.374756
335.548065
335.595428
335.004181
334.496735
335.448792
334.892242
334.421906
334.480164
334.205414
334.246002
333.859039
333.641357
333.970123
334.003967
333.568542
333.991638
333.275665
333.271332
333.530396
333.384308
333.753540
333.481964
333.453461
334.097778
334.013550
334.684723
334.246155
334.427765
334.936768
335.300568
334.952148
336.161438
336.199677
336.420227
336.497498
336.938934
337.640198
337.533813
337.977936
338.516083
338.618134
339.037170
339.500580
340.051117
340.143250
340.583984
341.246002
341.225037
341.304871
342.378143
342.568329
342.788757
343.468201
343.840790
343.846191
343.961761
344.844727
344.913452
345.041412
345.830933
345.955078
345.542755
345.918762
345.858063
346.352509
346.708954
346.815552
346.366730
346.309235
346.490173
346.580139
346.608246
346.610077
346.955200
346.409241
346.732819
346.394775
346.187531
346.061371
346.035828
345.209961
345.320312
345.381744
345.088623
345.213196
344.870087
344.455780
344.363495
344.027191
343.591125
343.787598
342.908142
342.434784
342.417084
342.742004
342.123108
341.906403
341.747253
341.715027
341.191742
341.488861
340.891479
341.015839
340.781921
340.453613
340.235046
340.111847
339.955078
340.159058
340.253967
340.184479
340.178864
340.551453
340.097504
340.493286
340.269409
340.406067
340.356110
341.101654
341.245270
341.287201
341.332703
341.795166
341.958099
341.780396
342.104919
342.421906
342.969147
342.792755
343.475586
343.525299
344.374451
344.398773
344.328003
344.841034
345.455170
345.847504
346.157867
346.186371
346.629089
346.924011
347.170532
347.123535
347.209290
347.669067
348.031982
348.201233
348.285065
348.605438
348.934967
349.095551
349.206238
349.290802
349.481323
349.065277
349.437225
349.596771
349.660889
349.265472
349.188965
349.102936
349.025726
349.051178
348.955963
348.426239
348.549255
348.235352
348.195709
348.315552
348.113281
347.683167
347.887787
347.345886
347.723816
347.042145
346.965698
346.333221
346.498535
345.995880
346.003021
345.516663
345.449097
345.605316
344.844025
345.111847
344.913574
344.448517
344.290466
344.785706
344.745209
344.675293
344.322754
344.386780
344.045319
344.195221
344.142883
343.895660
344.008972
343.717285
344.245972
343.872711
343.991516
344.294128
344.444946
344.723511
344.662201
344.577606
345.205292
345.243896
345.236542
345.422241
345.681000
345.812500
346.028107
346.267517
346.342499
346.983856
347.421509
347.843628
347.826996
347.970642
348.023621
348.871094
348.666809
348.657501
348.952789
349.268280
349.331451
350.055206
349.691864
350.145660
349.643341
350.347900
350.084747
350.017517
350.126678
350.848755
350.414917
350.753021
350.677246
350.907745
350.562836
350.625610
350.524628
350.077820
349.880188
350.058563
349.481720
349.672028
349.399445
349.227600
349.486145
349.085876
348.870331
348.781555
348.373108
348.118561
347.928467
347.751129
347.350067
346.893646
346.650391
346.764069
346.376770
346.348663
345.869507
345.954498
346.112976
345.475250
345.119385
344.967743
345.002167
345.556824
344.595856
344.724854
344.837402
344.893860
345.018219
344.587769
344.727173
344.995483
344.791656
344.843872
345.009064
345.069061
345.390991
345.470001
345.302551
345.165497
345.351624
346.082184
346.264526
346.148987
346.188690
346.506561
347.110962
346.991058
347.681305
347.789276
347.946136
348.161743
348.409332
348.195648
348.908051
349.031403
349.475281
349.521942
349.881256
349.902069
350.295502
350.130402
350.118011
350.572479
350.836151
350.632172
350.286957
350.548401
350.847839
350.858521
350.750336
350.597290
350.510986
350.353271
349.824402
350.096405
350.260193
350.122314
349.946960
349.678772
349.173615
349.274750
348.927734
348.674011
348.177124
348.055634
348.260986
347.611450
347.479584
347.230743
347.061951
346.708679
346.476196
346.121033
345.882843
345.665344
345.439392
345.143311
344.730469
344.526306
344.459778
344.886597
344.533173
344.297485
344.588440
344.368744
344.613403
344.866028
344.700836
345.201233
345.028961
345.131348
345.443085
345.471680
346.077240
346.184418
346.417267
347.450073
347.278931
347.633636
348.376160
348.896301
349.040558
349.445526
350.115204
350.501129
350.674194
351.418823
351.458313
351.771881
351.820801
352.132690
352.666290
352.076935
352.797974
352.582245
352.887665
352.895142
352.530060
351.752411
351.805176
350.995880
350.787659
349.711823
349.438751
348.069794
346.747345
345.627960
344.125275
342.674347
340.511627
338.772400
336.838715
334.249451
332.186859
329.504089
326.850616
323.898193
320.587463
317.293457
314.076355
310.340790
306.695160
302.773193
298.966644
295.269318
290.907532
286.716248
282.356079
277.926971
273.165100
269.095032
264.481415
260.409973
255.626724
251.147659
247.106033
242.489044
238.513123
233.825531
230.015106
226.133820
222.554932
219.208313
215.470093
212.278152
209.725586
206.897705
204.520645
202.538361
200.551315
198.798706
197.524368
196.508606
195.915634
195.185089
195.480637

216.613739
184.438110
184.963821
185.483200
186.433365
187.600739
189.224304
191.142670
193.038300
195.276260
197.781570
200.128189
203.199493
206.232391
209.257248
212.590744
215.926346
219.905762
223.298325
227.117142
231.206299
235.267288
239.138336
243.355881
247.369537
251.487762
255.394806
259.133759
263.367676
267.284088
270.645508
274.509216
278.440491
281.539551
285.346222
288.394196
291.790344
294.931610
297.867859
300.765778
303.194214
305.843323
308.104431
310.089325
311.757904
313.699829
315.833954
317.767914
319.189423
320.071106
321.302063
322.521393
323.364105
324.351929
324.734283
325.068298
325.629181
325.992249
325.941925
326.418182
326.539734
325.890076
326.538269
326.225983
326.325562
326.059753
325.920288
325.984314
325.105347
324.641724
324.743988
324.151550
323.960846
323.735260
323.682068
322.808899
322.685608
322.453857
322.064941
321.689117
321.600220
321.208923
321.288330
320.946960
320.919464
321.072021
321.025940
320.870117
321.139496
320.649292
321.114929
321.100067
321.329651
321.610138
321.592712
321.447418
322.222046
321.816895
322.234528
322.517426
322.818787
323.036987
322.864685
323.417328
323.761475
324.050842
324.271484
325.363800
325.299988
325.457245
325.781799
325.791077
326.132538
326.594574
326.635254
326.998413
327.340698
327.501892
327.986359
328.246735
328.227875
328.162567
328.044434
328.915680
328.318054
328.488586
328.971466
328.840454
328.810760
328.784088
328.462677
328.189026
328.559204
328.830566
328.118744
327.811066
327.709564
327.322937
327.614227
327.061005
326.807129
326.687592
326.052307
326.180573
325.798645
325.561371
324.842682
324.560974
323.923706
324.169739
323.394348
323.500427
323.032501
322.530792
322.654205
322.142700
321.913452
321.648132
321.334473
321.101074
321.493927
321.608612
320.793182
320.772339
320.465454
320.363953
320.731506
320.709839
320.770660
320.455719
320.607117
321.171631
320.826752
320.413696
321.246735
321.448853
321.780792
321.059692
321.817810
322.447876
322.738617
323.432617
323.274536
323.808411
323.622559
324.300140
324.157135
324.389557
324.829285
325.326538
325.897797
325.731018
325.580536
326.431671
326.440887
327.169159
327.622162
327.576141
327.812042
328.294891
328.420776
328.612305
328.873413
329.275787
329.305389
329.252808
329.799805
329.018799
329.634491
328.888885
329.249390
329.378082
329.693420
329.293732
329.363647
328.787842
328.726196
328.474915
328.624023
328.529175
328.146362
327.969604
327.947662
326.719788
327.080566
327.066040
326.777649
326.130280
325.758209
325.343719
325.256317
325.148102
324.822784
324.569702
324.190399
323.989624
323.677979
323.548431
322.475372
322.505585
322.572449
322.611237
322.274750
321.514771
321.397980
321.012360
321.181641
320.684601
320.802979
320.344269
320.300323
320.258942
320.694641
320.801819
320.205658
320.494781
320.065430
320.652863
320.283325
320.503448
320.915131
320.417236
320.427856
320.782013
321.231049
321.380035
321.916809
322.161621
322.455383
322.898956
322.703308
322.929230
323.168732
323.401611
323.978210
323.879456
324.661530
324.230774
324.488159
324.679657
325.332611
325.076355
326.096832
325.598389
326.357758
326.363800
326.159637
326.963013
326.769714
326.969849
327.346558
327.419006
327.343750
327.307465
327.723358
327.192291
327.540619
327.432831
327.723663
327.856354
327.275665
327.400848
327.192169
327.154724
327.376709
327.324371
326.940002
326.878754
326.917480
326.339386
326.303101
326.145203
325.968689
325.637909
325.667603
325.076416
325.101318
324.601257
324.613617
324.160583
323.993103
323.402954
323.835938
323.679443
323.490875
323.113800
322.709320
322.641357
322.714783
322.211853
321.871674
321.753021
321.528320
321.524658
321.903717
321.401642
320.955261
321.334351
321.862976
321.360107
321.524841
321.055847
321.394623
321.760956
321.354950
321.755554
321.925934
321.968048
321.972321
322.309296
322.811127
322.438354
322.662170
322.598145
323.072296
323.443970
323.944977
324.160858
324.199249
324.572510
324.644958
325.135620
325.377502
325.159027
325.750458
326.110321
326.343964
326.521301
326.463959
326.637909
327.185822
327.347565
327.797546
328.068542
328.314545
328.371155
329.019135
328.833832
329.117004
328.608887
329.386261
329.065765
328.909149
328.976379
329.066071
329.256927
329.900970
329.335052
329.053253
329.286469
329.011353
329.136566
328.857544
328.834412
328.418152
328.268494
328.296997
327.555481
327.502747
327.736725
326.979279
327.094910
326.879913
326.846436
326.536713
326.210114
326.130035
325.760315
325.431671
325.478424
325.286438
324.534393
324.495056
324.459076
324.272369
324.006042
324.527466
323.308685
323.876282
323.530029
323.560699
323.462769
323.399536
323.366577
323.523346
323.665405
323.337585
323.650452
323.485138
323.627441
323.243561
323.305847
323.673309
323.839844
323.600952
324.118286
324.048737
324.300262
324.790527
324.896179
325.219177
325.558136
325.533783
325.949066
325.979919
326.284637
326.694672
327.071564
327.031158
327.711365
327.658264
327.938995
328.041718
328.593231
328.515320
329.176117
328.823151
329.312836
329.453918
329.407196
329.869934
330.464233
330.412201
330.286469
330.625122
330.721222
330.800720
330.955078
330.880035
331.146912
331.321167
331.326202
331.193878
331.197388
331.163971
331.111389
330.852112
331.275635
330.764282
330.678345
330.569550
330.287628
330.147980
330.527191
330.005371
329.737213
329.493408
329.746063
329.185455
329.156525
329.133148
328.804962
328.615753
328.163330
328.405121
328.428741
327.480927
327.966248
327.530212
327.094757
326.987030
326.924622
327.025513
326.823059
327.274414
326.391541
326.531769
326.564514
326.358673
326.536682
326.375031
326.897095
327.362305
326.666443
326.673798
326.844910
327.373413
327.409790
327.186768
327.032562
327.661987
327.754761
328.231628
327.812836
328.698181
329.150269
329.119995
329.574432
329.816315
330.323608
330.806061
330.513855
330.927124
331.302216
331.975464
331.800171
332.241028
332.926727
332.893616
333.347626
333.476532
334.059570
334.431702
334.423218
334.761475
334.971863
335.375031
335.600037
335.784821
335.864899
336.166290
336.073303
336.233337
336.768799
337.052277
336.711884
336.927551
336.798157
336.843964
337.104858
336.983124
337.061981
337.268280
336.747437
337.134430
336.447906
336.923950
336.879822
336.655457
336.243622
336.046967
336.141266
336.022186
335.857635
335.465515
335.116913
335.047852
334.708405
334.150940
334.177856
334.228241
333.833557
333.801727
333.613190
333.195953
333.454498
333.074829
333.068024
332.390778
331.844238
331.760864
332.137024
331.978180
332.101471
331.745117
331.730133
331.456909
331.572510
331.647308
331.557648
331.414368
331.960541
331.700287
332.015533
331.813324
332.431976
332.682739
332.723358
332.369659
332.848145
333.338989
333.595398
333.645630
334.154297
334.615723
334.853210
334.867706
335.298889
335.980469
335.945374
336.054504
336.571106
337.064484
337.664673
338.020172
338.282593
338.566101
339.065521
339.025177
339.665649
339.774902
340.156494
340.425171
340.508636
341.059753
341.225372
341.736389
342.003113
341.762329
342.012451
342.183472
342.694855
342.903137
342.714569
342.967163
342.724548
342.862762
342.689209
342.679901
342.997528
342.650757
342.849335
342.384094
342.723999
342.432617
342.367462
341.913239
341.977966
341.269104
341.472198
340.985931
340.830292
340.632172
340.442810
340.363708
339.686066
339.463654
339.813446
339.288635
338.140442
337.777222
337.770935
337.575775
337.766449
337.171600
337.176331
336.417267
336.092499
336.013519
335.715851
335.923096
335.038483
334.979218
335.037140
335.063049
334.835785
334.139435
334.752899
334.259979
334.473022
334.914398
334.751862
334.322357
334.685730
334.712555
334.799408
334.629578
334.670532
335.056702
335.178101
334.938843
335.502075
335.849121
335.897156
335.619751
336.095245
335.683716
336.708740
336.907837
337.514252
337.057556
337.703339
338.221130
338.364960
338.758179
338.726654
339.039276
339.701965
340.181000
339.937256
340.298981
340.237671
340.783905
340.586304
340.616608
340.725586
341.023285
341.253143
341.084320
340.984283
341.481598
341.404419
341.290649
342.043182
341.531006
342.083466
341.522675
342.124603
341.851257
341.531952
341.176605
341.349884
341.138611
340.805695
340.979340
340.505157
340.627747
340.043091
339.880951
339.741241
339.690399
339.339905
338.874817
338.978912
338.512543
338.050415
338.005798
337.669250
337.425842
337.185760
336.982483
337.213287
336.872955
336.285065
335.867065
336.227264
336.152100
335.866089
335.764984
335.516724
335.506226
334.595215
335.031860
334.789307
334.571747
334.741180
334.936462
334.731934
334.817963
334.311646
334.508270
334.637817
335.109650
335.087555
335.345154
335.193542
335.521301
335.743927
335.762421
336.336273
336.029175
336.554565
336.341522
336.284149
336.753784
337.080139
336.908386
337.851898
337.556763
337.421692
337.646912
337.892242
338.470795
338.585510
338.382416
338.493713
339.092468
339.322418
339.171082
339.354645
339.254425
339.250153
339.391876
339.435883
339.562347
339.512573
339.502289
339.653442
340.305237
339.549683
339.483826
339.129028
339.270416
339.155853
338.569244
339.084015
339.008850
338.430237
338.171082
338.100891
338.399170
337.529633
337.728363
337.283173
336.846497
336.433258
335.499512
336.293671
335.953796
335.767426
335.741913
335.031494
334.610504
334.934509
333.846832
334.376709
333.732513
333.727295
333.445953
333.368103
333.247559
332.957458
332.624176
332.534119
332.531708
332.722107
332.117249
332.715485
332.507874
332.705292
332.494293
332.813660
332.777710
332.744293
332.369476
332.446075
332.618317
333.263947
333.112823
332.856293
333.285858
333.154907
334.174927
333.918152
334.207336
334.263947
334.033661
334.403137
334.474701
335.254028
335.300568
335.209167
335.361969
335.556458
335.668823
336.907288
336.232483
336.309387
336.346497
336.535095
336.965637
336.820862
337.376740
337.320740
336.751831
336.905396
337.011292
336.584442
336.796753
337.318115
337.020752
336.512299
336.708893
336.587280
335.863983
335.721466
335.792450
335.897736
335.486420
335.156616
335.419281
335.206177
333.850800
334.321045
333.787781
333.682007
333.144104
332.554230
332.747528
332.695770
332.117554
331.874817
331.199768
331.453461
331.134064
330.452362
330.533295
330.542847
330.378784
330.493317
330.099854
330.085602
330.203064
330.313141
330.053711
330.262299
330.329865
330.037903
330.526459
330.610077
330.757782
331.244324
331.384460
331.959534
331.743073
332.236572
332.935425
332.811676
333.457611
333.397308
334.178894
334.183990
334.476410
335.226257
335.538696
335.779846
335.942719
336.627319
336.238800
336.890045
337.321228
337.086700
337.153442
336.993958
337.350677
337.084045
336.595703
336.310333
335.951660
335.781525
334.951599
333.866699
333.212555
332.466156
331.132233
329.982422
328.575989
326.787384
325.369202
323.712494
321.536987
319.369598
316.872772
314.044617
312.297729
308.765778
306.082947
303.214264
299.587952
296.160706
292.990356
289.370850
285.440277
281.677826
277.691467
273.747559
269.077271
264.994873
261.117737
256.816528
252.625137
248.417328
244.165787
239.505402
235.903488
231.733337
227.727493
223.624466
219.622070
215.971802
212.639938
209.234512
206.245773
203.135666
200.532806
197.968094
195.644180
193.420776
191.794479
190.210373
188.674561
187.683777
186.795380
186.683029
186.111786

221.194336
185.050201
185.583527
186.117264
187.076385
188.223969
189.834015
191.770172
193.657013
195.921265
198.411072
200.784317
203.875031
206.874924
209.912613
213.233337
216.576111
220.587799
223.969650
227.820786
231.900558
235.955383
239.870911
244.103561
248.097702
252.178497
256.137115
259.863983
264.143707
268.078949
271.426056
275.316559
279.242950
282.370331
286.156464
289.255035
292.612396
295.776428
298.737183
301.694580
304.084290
306.752716
309.012604
311.040344
312.696259
314.655457
316.795013
318.763306
320.157654
321.084808
322.300507
323.531586
324.406158
325.376007
325.767059
326.147888
326.682831
327.089081
327.021393
327.505585
327.663696
326.958954
327.680389
327.292511
327.413147
327.119629
327.028931
327.058472
326.230469
325.798035
325.849731
325.238251
325.101288
324.873932
324.832794
323.900238
323.774231
323.607513
323.168488
322.821167
322.731201
322.325592
322.449860
322.035858
322.065308
322.137451
322.202759
321.927734
322.294281
321.737396
322.259949
322.237457
322.410004
322.677490
322.664551
322.495605
323.256500
322.895599
323.289185
323.614441
323.801544
324.090149
323.864410
324.399597
324.735291
325.035004
325.263000
326.331818
326.236908
326.417023
326.702576
326.679443
327.009491
327.501190
327.447906
327.841614
328.226074
328.366974
328.795288
329.047363
329.002380
328.964813
328.810486
329.660919
329.089203
329.189789
329.662781
329.534241
329.526459
329.444946
329.129822
328.846283
329.135406
329.433289
328.741608
328.357971
328.326904
327.921753
328.142487
327.607330
327.335571
327.249481
326.548553
326.697327
326.285187
326.075531
325.324402
325.026123
324.351807
324.548737
323.813568
323.897339
323.474548
322.951965
323.059082
322.534515
322.300293
322.028564
321.680176
321.451111
321.807709
321.917908
321.124634
321.117004
320.805603
320.662354
321.061981
321.022278
321.036987
320.750854
320.917236
321.440063
321.147064
320.700012
321.530090
321.722687
322.035614
321.275024
322.017975
322.689362
322.979492
323.627594
323.479401
324.037872
323.854095
324.523987
324.341431
324.584137
325.004791
325.524475
326.061859
325.898163
325.766937
326.596008
326.613831
327.320953
327.765289
327.745392
327.974304
328.443878
328.569641
328.782593
329.031982
329.356506
329.409637
329.358307
329.909241
329.105438
329.757782
328.979065
329.328766
329.457642
329.766693
329.358643
329.428406
328.849426
328.809296
328.511963
328.649506
328.545441
328.159515
327.995026
327.939850
326.728058
327.075867
327.062866
326.760254
326.092224
325.715729
325.318848
325.210602
325.094604
324.749664
324.514557
324.119507
323.940918
323.599243
323.460815
322.368988
322.432281
322.458282
322.490723
322.175018
321.415649
321.278076
320.906677
321.073303
320.571503
320.696838
320.222534
320.152435
320.122528
320.565857
320.635590
320.050323
320.338959
319.966339
320.503326
320.148224
320.363831
320.773315
320.246399
320.296173
320.622192
321.106079
321.245392
321.784851
322.035919
322.318787
322.780975
322.595154
322.803833
323.062164
323.281647
323.877136
323.784607
324.578552
324.154785
324.421448
324.625458
325.265625
325.013123
326.073334
325.548431
326.332520
326.345245
326.159424
326.972473
326.818268
327.012848
327.392548
327.491364
327.431152
327.399628
327.826721
327.292114
327.689362
327.554657
327.905212
328.012115
327.456635
327.607971
327.445587
327.418365
327.625061
327.612518
327.227905
327.211975
327.251099
326.703125
326.655243
326.500336
326.372223
326.051300
326.102295
325.507233
325.544708
325.095978
325.109497
324.648376
324.528442
323.915985
324.408966
324.241028
324.100006
323.737823
323.335846
323.301941
323.365692
322.872498
322.546021
322.443756
322.233124
322.251770
322.667938
322.160553
321.706116
322.133728
322.613983
322.156830
322.321869
321.869873
322.193207
322.555847
322.149353
322.595551
322.755554
322.821625
322.806885
323.148926
323.665222
323.314972
323.505371
323.484985
323.921295
324.309998
324.801331
325.041840
325.064697
325.408234
325.516449
326.019531
326.217865
326.038483
326.602051
326.960480
327.201263
327.309113
327.320190
327.451050
327.990692
328.133179
328.575226
328.843903
329.093506
329.127899
329.797333
329.556000
329.833832
329.309662
330.116364
329.753815
329.570648
329.599365
329.638580
329.875946
330.494812
329.926361
329.623505
329.867157
329.525299
329.641388
329.359528
329.333679
328.899200
328.713440
328.774536
327.946167
327.891327
328.109253
327.354858
327.443695
327.201324
327.166046
326.831757
326.535736
326.380341
325.989258
325.637390
325.691589
325.490143
324.751404
324.677124
324.618408
324.388916
324.136963
324.648438
323.395508
323.945740
323.598846
323.599487
323.505493
323.394012
323.380920
323.508911
323.654144
323.305786
323.604523
323.410706
323.561798
323.159943
323.217499
323.566315
323.742584
323.493774
323.997650
323.944214
324.182831
324.662231
324.744476
325.070862
325.399048
325.368408
325.788879
325.821716
326.104706
326.533661
326.907227
326.874023
327.541351
327.468658
327.760651
327.857544
328.420746
328.315643
329.012604
328.664673
329.156586
329.299896
329.251892
329.718506
330.343750
330.266235
330.156158
330.503143
330.601837
330.691925
330.861389
330.801361
331.073853
331.262177
331.236328
331.148254
331.115906
331.103363
331.053558
330.820007
331.260925
330.750031
330.686066
330.572510
330.305145
330.181061
330.570282
330.035919
329.797180
329.570312
329.816406
329.276917
329.251648
329.252533
328.934326
328.726379
328.319000
328.588745
328.589325
327.615051
328.136139
327.708527
327.289215
327.197113
327.154572
327.266785
327.053162
327.545868
326.624969
326.814758
326.838074
326.632660
326.841614
326.685791
327.189301
327.409729
326.959686
327.002655
327.172485
327.754456
327.738251
327.554077
327.389069
328.053162
328.134491
328.620850
328.210236
329.079376
329.535187
329.534637
329.974487
330.201324
330.744415
331.228882
330.920685
331.367950
331.700104
332.409637
332.244751
332.662506
333.362274
333.299652
333.780853
333.869293
334.509491
334.833649
334.845947
335.181885
335.392212
335.765381
335.998718
336.234436
336.255676
336.568176
336.463165
336.604492
337.156403
337.436005
337.092316
337.302216
337.199066
337.197510
337.485199
337.339905
337.437469
337.608948
337.088837
337.492371
336.786621
337.244049
337.189392
336.979340
336.562561
336.350006
336.451721
336.310974
336.134399
335.746948
335.384003
335.298126
334.983826
334.437042
334.436310
334.448059
334.092621
334.058044
333.846497
333.435486
333.676300
333.284454
333.283295
332.590820
332.044189
331.926239
332.337189
332.167206
332.270294
331.899841
331.888489
331.598999
331.720184
331.797455
331.671265
331.530334
332.058716
331.787201
332.115967
331.881317
332.503418
332.752777
332.784729
332.428375
332.917664
333.382874
333.656616
333.675201
334.184906
334.636017
334.841614
334.863159
335.284637
335.982635
335.939514
336.029785
336.528748
337.010284
337.616699
337.957458
338.209930
338.506500
338.983002
338.921875
339.582977
339.680267
340.048950
340.305084
340.369659
340.932343
341.086639
341.578430
341.837738
341.606201
341.818817
342.010437
342.517975
342.722321
342.521637
342.740417
342.496979
342.629639
342.455261
342.457092
342.746826
342.393372
342.596069
342.123688
342.452637
342.146729
342.082397
341.616760
341.686646
340.959015
341.149994
340.669220
340.475403
340.281738
340.104156
340.030334
339.327271
339.080658
339.434509
338.895172
337.760956
337.395844
337.367676
337.183685
337.349792
336.755798
336.751617
336.014160
335.680634
335.579529
335.283508
335.488861
334.608643
334.573456
334.573639
334.593628
334.371857
333.698242
334.274078
333.778931
333.988037
334.459381
334.257721
333.831879
334.187897
334.207367
334.321045
334.139099
334.190125
334.566956
334.684814
334.460266
335.001038
335.378296
335.395844
335.136810
335.595001
335.208527
336.242401
336.455811
337.049225
336.602386
337.217468
337.762482
337.898254
338.251770
338.279724
338.567871
339.233826
339.748596
339.506775
339.877106
339.774780
340.352325
340.130219
340.178925
340.338043
340.592133
340.840210
340.703156
340.597839
341.072113
341.048401
340.938599
341.658966
341.168823
341.702911
341.152802
341.754303
341.509003
341.203522
340.849945
341.056427
340.833282
340.500366
340.680267
340.227264
340.310883
339.779388
339.641632
339.494171
339.435608
339.062317
338.593781
338.713715
338.297821
337.853790
337.800140
337.432434
337.246765
336.999054
336.821686
337.061218
336.709412
336.104523
335.731903
336.071686
336.019012
335.736847
335.522064
335.394958
335.377289
334.499969
334.922089
334.703705
334.470703
334.657288
334.886292
334.661560
334.761566
334.278046
334.460388
334.618134
335.060150
335.063416
335.290894
335.162750
335.483856
335.709595
335.735046
336.279419
336.048920
336.564178
336.328003
336.284332
336.779907
337.093384
336.943909
337.880859
337.606842
337.446014
337.648071
337.948730
338.499664
338.643707
338.408783
338.515015
339.135315
339.375092
339.187378
339.401886
339.313416
339.293152
339.407959
339.476593
339.594147
339.575043
339.551239
339.699829
340.373291
339.592865
339.515198
339.192169
339.325623
339.216705
338.635681
339.124786
339.063416
338.488251
338.221100
338.169922
338.449738
337.589661
337.782654
337.361298
336.899536
336.491089
335.551300
336.358551
335.997833
335.809845
335.806854
335.084930
334.639008
334.986908
333.877502
334.464203
333.792725
333.776245
333.480682
333.421661
333.288849
333.006134
332.669708
332.578278
332.605591
332.778870
332.168945
332.736969
332.561462
332.779663
332.555756
332.895447
332.824280
332.792023
332.394592
332.478333
332.675903
333.312988
333.156860
332.893799
333.342224
333.216614
334.207275
333.979401
334.272491
334.316010
334.081055
334.437927
334.521088
335.300964
335.356415
335.261963
335.418823
335.639465
335.736389
336.951019
336.306030
336.350922
336.397217
336.603638
337.030212
336.872925
337.409668
337.374786
336.840118
336.966064
337.068207
336.655701
336.838593
337.392822
337.090454
336.593536
336.770813
336.642456
335.927612
335.776306
335.844757
335.942657
335.529144
335.210907
335.479431
335.289124
333.878387
334.381714
333.856018
333.706116
333.176727
332.599976
332.783813
332.738220
332.188568
331.924225
331.251007
331.495911
331.189545
330.512665
330.562775
330.571747
330.409790
330.542480
330.136810
330.118103
330.241943
330.353516
330.093781
330.312164
330.371948
330.070587
330.551697
330.639954
330.792969
331.267517
331.414734
331.977997
331.779541
332.262787
332.931915
332.831787
333.458801
333.367950
334.177338
334.179382
334.472961
335.206787
335.537384
335.778931
335.946716
336.621277
336.197266
336.884491
337.286133
337.072144
337.120483
336.972321
337.304291
337.044250
336.541748
336.252380
335.901794
335.729431
334.906128
333.840698
333.172943
332.409821
331.073792
329.940826
328.517334
326.719818
325.324005
323.644958
321.449982
319.287018
316.797241
313.976227
312.215240
308.683716
305.979370
303.121674
299.511322
296.065399
292.896667
289.283813
285.330231
281.587799
277.577240
273.644104
268.979034
264.889099
261.010284
256.695374
252.497864
248.309189
244.059235
239.396667
235.771576
231.608353
227.598953
223.507462
219.489517
215.843185
212.502823
209.102371
206.118988
203.001068
200.396606
197.836044
195.516891
193.294250
191.660080
190.068802
188.544128
187.549759
186.660156
186.538879
186.011856

