263.759094
174.190750
174.692276
175.224579
176.230865
177.362946
178.608917
180.428375
182.328125
184.361221
186.756958
189.016098
191.782410
194.276077
197.303619
200.758743
204.025360
207.476715
210.894562
214.635635
218.250351
221.888870
225.287109
229.445465
233.097839
237.087418
240.638947
244.839417
248.243301
252.158783
255.671967
258.867157
262.369232
265.965973
269.148285
272.284637
275.370056
278.369232
280.954956
283.669403
285.931976
288.441833
290.246979
292.581512
294.516693
296.384125
298.071716
299.598267
300.711914
302.288300
303.194305
304.821899
305.179565
305.858307
306.572510
307.291901
307.400055
308.111084
308.292816
308.732666
308.593689
308.713654
308.860474
308.554169
308.851837
308.224274
308.866394
308.004944
308.078827
308.246429
307.809753
307.320160
307.229401
306.828766
306.607117
306.481049
305.642334
306.031281
305.656219
305.583466
305.069305
305.127106
304.626648
304.942078
304.557159
304.565399
304.544647
304.439514
304.506348
304.814728
304.866058
305.012299
305.213867
305.013702
305.055084
305.376068
305.729156
305.886047
306.298676
306.240417
307.112915
307.513702
307.405182
308.018921
308.393616
308.865173
309.173645
309.251831
309.466064
310.225677
310.184662
310.536163
311.212646
311.128418
311.477264
311.869781
312.508545
312.535706
312.906036
313.514679
312.811676
313.317139
313.468384
313.891815
313.960693
313.680756
313.861481
314.182892
314.093567
314.077545
313.733398
314.677155
313.625092
314.088104
313.557373
313.777649
313.346008
313.241272
313.131927
312.547821
312.403015
311.914673
311.992554
311.639252
312.055481
311.658325
311.269867
310.904877
310.704346
310.665344
310.324554
309.956970
309.798767
309.447937
308.885559
309.427368
308.911407
308.789825
308.723267
308.771362
308.431366
308.222260
308.115234
307.881073
308.139893
308.326508
308.141296
308.096100
308.368439
308.273773
308.514435
308.706451
308.590637
309.102875
309.395660
309.484253
309.481964
310.031921
310.174713
310.360443
310.408752
311.008667
311.209961
311.627197
311.893005
312.194519
312.894684
313.288849
313.378662
313.971222
314.097198
314.311646
314.592316
314.932648
315.297699
316.119934
316.258057
316.230591
316.354370
316.728119
317.027863
317.499817
317.943054
317.916931
317.672333
318.269745
318.555847
318.480469
318.292969
318.744812
318.775604
318.528381
318.974823
318.808838
318.709564
318.919952
318.763275
318.490387
317.839630
318.506653
318.117462
318.279694
317.619873
317.651581
317.555542
317.113312
317.138092
316.531219
316.527954
316.129578
316.011932
315.340363
315.126526
315.076141
315.118927
314.901398
314.795471
314.239349
314.270935
313.736572
313.373444
313.514313
313.252899
313.230713
313.263184
312.427185
312.936493
312.728729
312.252167
312.539764
312.298523
312.086182
312.223969
311.981415
312.335693
312.426422
312.681427
312.381226
312.626190
312.625610
312.385559
312.954895
313.459778
313.278198
313.391632
313.788513
314.147827
314.195740
314.654663
314.653137
314.861267
315.226990
315.608765
315.765778
316.275421
316.714355
316.850769
316.888611
317.797424
317.754150
318.122681
318.365448
318.469421
318.809631
319.190979
319.537750
320.210327
319.465210
319.819305
320.189209
321.002319
320.405212
320.654114
320.908844
321.247314
321.208008
321.565643
321.507782
321.398804
320.986389
321.351715
321.810791
321.269012
321.410889
321.077820
321.269989
320.972992
321.124176
320.661469
320.757996
320.480103
319.899872
320.392517
319.725891
319.644653
319.407837
319.115204
319.280823
319.281067
318.724823
318.609924
318.400085
318.291870
317.834808
317.602570
317.858307
317.781158
317.647400
316.993439
317.435150
316.602966
317.027679
317.107483
316.665985
316.610565
317.012939
316.516418
316.608704
316.875488
316.632660
316.724579
316.761749
316.736664
316.580750
317.379822
317.225372
316.993164
317.003265
317.611298
317.408783
318.025208
318.403809
318.532013
318.935944
319.247345
319.095978
319.112122
320.048889
319.864075
320.470581
320.476776
321.195404
321.567017
321.466217
321.992004
322.342407
322.417877
322.522614
323.193451
323.179535
323.546478
323.954712
323.575378
324.386078
324.489868
325.216187
324.792877
324.975067
325.218109
325.383179
325.477844
325.460175
325.640381
325.704132
325.566040
325.963776
325.996094
326.172302
325.839996
325.785461
325.669525
325.583618
325.534149
325.652802
325.088013
325.163300
325.012238
324.871002
324.634369
324.856354
324.782043
324.079742
324.055542
323.820129
324.007019
323.615570
323.248535
322.578613
322.765503
322.380157
322.584045
322.145630
322.316193
321.670532
321.645203
321.980804
321.361298
321.541321
321.176483
320.899445
321.031250
321.297119
321.037598
320.981537
321.267120
320.994629
321.122864
320.898254
321.251038
321.499207
321.456543
321.342163
321.642212
321.506897
321.766998
321.947845
322.274750
322.310760
322.453949
322.787231
323.171509
323.428223
323.860382
323.856689
324.615692
324.416016
324.829620
325.244965
324.855438
325.675873
325.911987
326.016449
326.413788
326.856445
327.223358
326.752167
327.477264
327.841278
328.075409
328.218353
328.159149
328.864105
328.624756
328.843536
328.813873
329.118317
329.486053
329.481720
329.653809
329.403229
329.574371
329.774689
329.899200
330.242615
329.362427
329.805115
329.633820
329.946899
329.552734
329.251404
329.421387
329.270081
329.175598
329.370239
329.140930
328.621552
328.413666
328.730988
328.540131
328.538574
328.046173
327.368439
327.750000
327.402130
327.523773
327.023346
327.540405
327.149811
326.987030
326.929108
326.934845
326.470673
326.523285
326.333618
326.430420
326.731354
326.346252
326.343018
326.500946
326.287048
326.357605
326.455170
326.454987
326.645966
326.823853
327.013519
326.794250
327.411926
327.594330
327.924866
328.104706
328.342255
328.338989
328.272430
329.189514
328.866699
329.554535
329.808960
330.054932
330.361664
330.605896
331.344299
331.549835
331.668579
332.484070
332.944916
333.271667
333.362518
333.356110
334.244202
334.343964
335.089996
335.108521
336.137939
336.180298
336.053375
336.301758
336.875336
337.253082
337.380920
337.581177
337.767609
338.344177
338.368317
338.119019
338.530182
338.726318
338.656830
338.747925
339.101410
339.313049
339.102234
338.712097
338.895264
338.893280
338.535156
338.539703
338.665192
337.933594
338.489868
338.057312
338.233490
337.677582
337.788483
337.366455
337.343079
337.407227
337.110992
336.845520
336.784760
336.733124
336.408905
336.453857
336.112000
336.120392
335.517548
335.668701
335.320038
335.499634
335.236206
335.181152
335.086334
335.122955
334.684937
334.607635
335.027039
334.669800
334.941711
335.096771
335.443909
335.052216
334.823395
335.126984
334.900024
335.775818
335.765106
336.137726
335.996185
336.402496
336.716064
336.831696
337.191864
337.581696
337.866730
338.074890
338.364258
338.942749
339.405212
339.904968
339.687286
340.553070
341.186371
340.777313
341.214935
341.935211
342.467651
342.983826
343.160126
343.705292
343.663544
344.821136
344.855011
345.262817
345.191620
345.962555
346.093506
346.283478
346.437592
346.924377
347.313995
347.304779
347.794464
347.428772
347.379517
348.407318
347.930634
347.998199
348.224762
347.795319
348.152649
348.450928
348.549438
347.727692
347.718842
347.618042
347.531189
347.851074
347.619629
347.518616
347.372437
346.783813
346.586670
346.429565
346.310974
345.952789
345.256714
345.043243
345.032745
344.807343
344.461182
344.439423
344.235779
343.913055
343.860779
343.388763
342.964630
343.373627
342.449371
342.758057
342.474304
342.223389
342.045929
341.955322
342.017029
341.743378
341.992249
341.555603
341.654663
341.380463
341.616486
341.672821
341.593445
341.290100
341.923676
341.998688
341.860718
341.997223
342.459564
342.087555
342.300049
342.675507
343.010773
343.128387
343.555939
343.809326
344.154938
344.537415
344.781555
345.006470
344.623474
345.763062
345.820648
345.731659
346.751617
346.859070
347.077576
347.465729
348.199066
347.751373
348.643494
348.482269
349.034912
349.311066
349.527618
349.816223
350.016418
349.711365
350.527802
350.694061
351.058197
350.845032
350.993378
350.933807
351.128418
350.914062
351.465790
350.915253
351.041565
351.009247
351.301910
351.321381
350.687622
351.287781
350.515991
350.769806
350.416443
350.201630
350.397858
350.155090
349.889862
349.759094
349.782379
349.317200
348.908173
348.870758
349.002716
348.815094
348.229156
348.070251
347.910431
347.444885
347.548920
347.515625
347.301666
347.136475
347.560455
346.405762
347.011200
346.494080
347.075256
346.310669
346.434631
346.870026
345.737854
346.353271
346.369812
346.562408
346.073090
346.659515
346.792145
346.721375
346.600281
346.730194
346.709778
346.971588
347.229706
347.446014
347.966858
347.656464
348.332031
347.811859
348.627594
348.267883
348.509460
349.371796
349.116455
349.572968
349.592438
350.041473
350.681061
350.563110
350.688782
351.282684
351.030609
351.652496
351.361389
352.227112
351.951324
352.424133
352.415527
352.532623
352.825470
353.047272
352.774292
352.365387
352.754883
352.814148
353.494568
353.305573
353.069061
352.460236
352.719604
353.048767
352.569092
353.192047
352.976135
352.848175
352.653534
351.745605
351.964081
351.878937
352.055054
351.228821
351.128937
350.856262
350.690887
350.054230
350.267792
349.952087
349.559631
349.571716
349.335358
348.934296
348.877045
348.941956
348.525421
348.273163
348.228333
347.987061
347.827484
347.645538
347.401520
347.497345
347.440979
347.566132
347.273590
347.335876
347.300934
347.044617
347.099335
347.278046
347.650635
347.081116
347.297577
347.421021
347.855682
347.840332
347.852264
347.997620
348.104004
348.523041
348.526611
348.625580
348.764862
349.287201
349.969940
350.028748
350.182251
350.384064
350.664307
350.668579
350.613525
351.130890
351.836884
351.684265
351.724670
351.757507
351.919739
352.431427
352.391632
352.734589
352.987915
352.750519
352.782776
352.699493
353.120239
352.943604
353.276093
352.904144
352.921478
352.593445
352.742828
352.597290
352.594910
352.162994
352.151428
352.118286
352.184692
351.777161
351.332062
351.059723
350.744293
350.442322
350.046844
350.096008
349.479370
349.731720
349.272766
348.874329
348.549286
348.147064
348.146423
347.540466
347.323364
347.024536
347.377380
347.159424
346.749176
346.956787
346.529449
346.689087
346.328979
346.656982
346.568298
346.638000
346.504822
346.676392
346.923187
346.746582
346.785522
346.966675
347.800110
347.862061
347.976715
348.599579
348.982605
349.587585
349.984772
350.718048
350.557922
350.794495
351.714111
352.015808
352.123810
352.753967
352.945496
353.310455
353.832062
353.601807
354.331360
354.519989
354.492401
354.510742
354.921631
354.438873
354.462036
354.270996
354.312378
353.573578
352.720642
352.306702
351.541626
350.956757
349.757629
348.601105
347.225250
345.752045
344.104736
342.838623
340.491821
338.345612
336.062408
333.622498
330.672424
328.175354
325.512268
322.052002
318.841736
315.731018
311.739655
308.137421
304.615784
300.535217
296.620728
292.326630
287.453003
283.845459
279.214996
274.590088
270.158356
266.132599
261.248962
256.647827
252.477448
247.930634
243.603470
239.487442
235.519684
231.163513
227.345306
223.470444
220.433868
216.754440
213.672058
210.747910
208.146713
205.631790
203.438629
201.519104
199.753342
198.333801
197.572266
196.591644
196.178757
196.542374

260.266479
174.385712
174.868439
175.416153
176.432236
177.561859
178.823273
180.651993
182.516937
184.578049
186.977020
189.237244
192.040390
194.536331
197.579727
201.048782
204.321518
207.769485
211.219513
214.963654
218.576508
222.252808
225.661697
229.819870
233.496704
237.503067
241.072723
245.299774
248.711334
252.607605
256.170807
259.358612
262.886658
266.530121
269.682098
272.867828
275.966888
278.972015
281.555939
284.334839
286.626434
289.123962
290.974579
293.302673
295.259003
297.174011
298.850006
300.392487
301.546082
303.130768
304.021362
305.698822
306.045074
306.799835
307.475616
308.230591
308.372192
309.067474
309.255829
309.684418
309.601135
309.710358
309.892822
309.600677
309.905273
309.282440
309.932983
309.081055
309.143768
309.303741
308.891907
308.400330
308.333466
307.937378
307.699310
307.585358
306.765350
307.172943
306.770020
306.714142
306.195801
306.211029
305.709900
306.032593
305.669006
305.624725
305.636749
305.532562
305.570953
305.859467
305.914917
306.045959
306.222351
306.031036
306.054169
306.360382
306.712830
306.872162
307.245789
307.161560
308.035065
308.439270
308.266785
308.874390
309.262299
309.690125
309.980408
310.083618
310.257507
310.979706
310.911865
311.271790
311.914459
311.793213
312.100739
312.491455
313.123260
313.114197
313.487488
314.060760
313.318451
313.818481
313.934448
314.325073
314.401855
314.084473
314.257599
314.547424
314.431335
314.389404
314.046265
314.943115
313.880035
314.316589
313.754639
313.956940
313.505310
313.404358
313.242065
312.662903
312.503204
311.992065
312.071167
311.679871
312.086914
311.668152
311.247772
310.861938
310.670746
310.616394
310.234131
309.865814
309.686523
309.349701
308.740387
309.309387
308.777832
308.646759
308.554840
308.621887
308.260681
308.061859
307.935028
307.688110
307.921692
308.126953
307.923553
307.881897
308.142914
308.065308
308.314148
308.478729
308.381683
308.860748
309.173706
309.245850
309.252289
309.814636
309.966339
310.145477
310.220154
310.785583
311.005310
311.429993
311.667633
311.982971
312.699738
313.108337
313.198059
313.806732
313.927399
314.165253
314.459900
314.780060
315.193359
315.996429
316.168610
316.157623
316.286499
316.641205
316.989044
317.441010
317.889221
317.889557
317.625488
318.259155
318.566223
318.502197
318.305450
318.766571
318.839905
318.569489
319.041412
318.873016
318.826691
319.065155
318.878052
318.612396
317.970856
318.658661
318.227356
318.429657
317.814423
317.852814
317.770538
317.322845
317.349396
316.757477
316.786346
316.384308
316.247955
315.581482
315.382782
315.390808
315.400360
315.207336
315.103790
314.591370
314.595856
314.069427
313.727051
313.888519
313.633362
313.608276
313.659851
312.825989
313.347473
313.160248
312.653931
312.971802
312.719818
312.536926
312.710724
312.444580
312.848328
312.899750
313.193817
312.881683
313.116669
313.143127
312.898804
313.485962
313.968079
313.821655
313.934052
314.355042
314.710022
314.745270
315.224701
315.235138
315.473053
315.815552
316.195007
316.359253
316.882385
317.362823
317.473511
317.532440
318.413147
318.354797
318.754761
319.045898
319.159637
319.469238
319.907043
320.210907
320.941040
320.190247
320.552612
320.919373
321.746277
321.159180
321.407593
321.664307
322.044006
322.011627
322.310669
322.308289
322.215454
321.783051
322.182648
322.641907
322.122864
322.283478
321.952240
322.111267
321.882782
322.021301
321.523071
321.688324
321.424438
320.868591
321.302979
320.658142
320.579468
320.396027
320.083038
320.259064
320.312073
319.735657
319.627838
319.439270
319.357513
318.889374
318.654724
318.955627
318.880341
318.711517
318.112244
318.569275
317.706207
318.191528
318.196716
317.750763
317.728546
318.195892
317.621918
317.755676
317.995789
317.785492
317.888611
317.950439
317.888489
317.771729
318.538086
318.428162
318.176910
318.200317
318.845398
318.644684
319.202911
319.624146
319.747437
320.174286
320.488220
320.283966
320.283234
321.235535
321.072418
321.686523
321.652893
322.377289
322.777466
322.684235
323.183868
323.517151
323.601349
323.696777
324.338013
324.349609
324.692657
325.063080
324.691162
325.519989
325.604462
326.239594
325.902649
326.018341
326.338715
326.450714
326.589600
326.490692
326.723297
326.692352
326.619476
326.946320
326.958435
327.190979
326.781677
326.727264
326.624481
326.498505
326.454254
326.539917
325.948547
326.011108
325.859589
325.774567
325.433929
325.654877
325.551849
324.856262
324.791443
324.520599
324.756104
324.327118
323.934418
323.260742
323.454102
323.020996
323.218933
322.761719
322.874695
322.276276
322.208679
322.515900
321.885681
322.081787
321.718292
321.424011
321.486755
321.705017
321.484253
321.407318
321.670074
321.394226
321.551880
321.226105
321.612793
321.837891
321.816681
321.750458
322.005005
321.776825
322.073853
322.217468
322.543091
322.582306
322.718842
323.001312
323.426453
323.665192
324.097321
324.091156
324.819519
324.602325
325.035187
325.423035
325.034485
325.865967
326.112732
326.158417
326.559814
327.032135
327.361725
326.931274
327.602783
327.964752
328.208771
328.293274
328.285461
328.970398
328.765656
328.950562
328.935272
329.237030
329.588013
329.577057
329.727051
329.490295
329.650177
329.862488
329.999573
330.336304
329.449249
329.905151
329.720428
330.003143
329.656433
329.350037
329.490173
329.361542
329.259155
329.449402
329.208252
328.693512
328.497040
328.790253
328.610962
328.605988
328.115875
327.442047
327.809937
327.476013
327.592377
327.097473
327.599518
327.210388
327.039185
327.001678
326.967651
326.516846
326.578491
326.410004
326.482025
326.756500
326.379242
326.374084
326.518768
326.300690
326.375214
326.475403
326.444855
326.676453
326.845398
327.004547
326.823120
327.436676
327.600983
327.924408
328.086273
328.330536
328.313263
328.248596
329.175751
328.821167
329.527191
329.772766
330.007233
330.289642
330.559235
331.285706
331.492218
331.607697
332.393799
332.889404
333.187897
333.262482
333.245361
334.112030
334.228058
334.981598
334.974976
335.987305
336.049469
335.924866
336.148071
336.738953
337.100494
337.213287
337.416046
337.578033
338.144836
338.173126
337.911987
338.335693
338.521637
338.419922
338.505402
338.859100
339.091858
338.869568
338.479340
338.660004
338.641449
338.301422
338.269012
338.414001
337.679718
338.212952
337.767700
337.954102
337.389740
337.523041
337.088531
337.066498
337.100739
336.817963
336.545349
336.472015
336.439880
336.115479
336.161774
335.816589
335.815582
335.241699
335.371460
335.043732
335.201050
334.941833
334.879913
334.806000
334.826111
334.421509
334.330627
334.757690
334.394623
334.697052
334.857025
335.161499
334.807190
334.571808
334.868195
334.659180
335.546021
335.545227
335.905945
335.767700
336.198700
336.495789
336.613495
336.975922
337.350189
337.678406
337.882874
338.204346
338.780823
339.234680
339.746033
339.543793
340.414734
341.088409
340.668579
341.104889
341.852203
342.377838
342.920227
343.083557
343.654602
343.581512
344.813629
344.796661
345.236847
345.171051
345.959442
346.117737
346.283264
346.440826
346.952728
347.359619
347.376251
347.853912
347.510620
347.425171
348.491547
348.008667
348.071106
348.347992
347.947662
348.271088
348.591156
348.678711
347.838348
347.835602
347.785339
347.723785
348.015350
347.835083
347.700287
347.532227
346.993744
346.788574
346.621033
346.551514
346.191742
345.522919
345.289551
345.322052
345.062805
344.717865
344.716858
344.511108
344.220734
344.147797
343.666107
343.258728
343.686890
342.727539
343.061188
342.788879
342.564880
342.365875
342.307068
342.352417
342.070892
342.334534
341.898773
341.970367
341.692139
341.977173
342.023956
341.944031
341.648315
342.289246
342.338928
342.208649
342.336395
342.831177
342.445709
342.653503
343.066559
343.324707
343.531403
343.933289
344.175476
344.506958
344.866943
345.167847
345.329102
344.977478
346.146881
346.210022
346.078979
347.102936
347.209656
347.428070
347.829712
348.599365
348.128265
349.033661
348.866760
349.353485
349.659760
349.891602
350.152313
350.384247
350.073029
350.864502
351.048004
351.407318
351.178375
351.344788
351.243530
351.427124
351.230347
351.763123
351.215942
351.356873
351.324707
351.610565
351.621826
350.980530
351.605316
350.795807
351.060913
350.694916
350.499969
350.683319
350.422485
350.153076
350.023285
350.004456
349.565948
349.151855
349.114166
349.287384
349.079926
348.513306
348.316498
348.148254
347.660126
347.760864
347.704590
347.493408
347.354218
347.749847
346.605988
347.225983
346.696198
347.240753
346.479553
346.605042
347.052917
345.911102
346.515747
346.524628
346.751099
346.197754
346.827393
346.921539
346.833740
346.699890
346.831970
346.807617
347.083740
347.331909
347.530731
348.069397
347.781647
348.420166
347.876282
348.674652
348.326202
348.561981
349.433624
349.163086
349.616608
349.626740
350.061707
350.726501
350.594452
350.713257
351.287781
351.063599
351.681213
351.353088
352.214813
351.927734
352.402527
352.392151
352.513672
352.816376
353.018860
352.720520
352.309174
352.716217
352.752991
353.439331
353.226135
352.969116
352.387512
352.616425
352.940247
352.469086
353.128510
352.866211
352.728882
352.524750
351.617004
351.837769
351.732117
351.912445
351.105225
350.968353
350.712433
350.540619
349.933533
350.095734
349.780121
349.346771
349.397003
349.139343
348.748322
348.705658
348.761810
348.335754
348.080017
348.026276
347.786530
347.582397
347.415253
347.222687
347.290405
347.247009
347.320099
347.036011
347.068451
347.063843
346.795410
346.838562
347.045471
347.396271
346.831665
347.063141
347.156525
347.592865
347.614258
347.602936
347.744934
347.859222
348.258179
348.263367
348.379791
348.481995
349.048340
349.694824
349.768768
349.947906
350.157349
350.430359
350.403229
350.371765
350.880035
351.581848
351.420868
351.462616
351.485626
351.663269
352.167053
352.165771
352.485840
352.745789
352.485168
352.532501
352.442291
352.871796
352.736969
353.048828
352.687073
352.682526
352.374023
352.527863
352.365112
352.351044
351.937744
351.936340
351.927185
351.955872
351.583618
351.136871
350.865936
350.541901
350.269653
349.820435
349.898590
349.288452
349.525574
349.104675
348.707672
348.401672
347.989960
347.982391
347.433655
347.194946
346.873932
347.278320
347.029724
346.623413
346.838593
346.418304
346.571655
346.228607
346.571594
346.455627
346.532990
346.414978
346.609924
346.846771
346.645935
346.733368
346.947388
347.737183
347.806091
347.946686
348.592957
348.976685
349.562256
349.985016
350.730957
350.576965
350.843567
351.749664
352.050934
352.207550
352.799103
353.009857
353.350342
353.875702
353.685913
354.430603
354.610779
354.569946
354.609131
355.049042
354.581268
354.601501
354.431000
354.448059
353.735443
352.885986
352.468109
351.721375
351.138550
349.943726
348.777252
347.420990
345.981567
344.313019
343.029053
340.714325
338.573425
336.275940
333.872253
330.924347
328.429779
325.763855
322.329254
319.131042
316.004059
312.001526
308.405029
304.924652
300.833954
296.939178
292.633453
287.778595
284.165924
279.545837
274.931366
270.506439
266.504639
261.583496
256.999603
252.818314
248.296631
243.963791
239.826538
235.886551
231.508743
227.699600
223.840027
220.838547
217.146057
214.055038
211.122559
208.514679
206.015686
203.825745
201.912628
200.147690
198.729828
197.967743
196.958054
196.561188
197.054565

219.834686
183.497665
184.286682
184.821457
185.929626
187.129211
188.582993
190.541000
192.311661
194.601151
197.120529
199.603210
202.489044
205.674789
208.666977
211.924713
215.299240
218.727844
222.626755
226.474930
230.850525
234.491150
238.250473
242.304840
246.115845
250.381790
254.371841
258.188232
262.485901
266.434357
270.013153
273.653473
277.235596
280.714111
284.461121
287.506805
291.144257
294.058563
296.815125
298.997833
302.333740
304.413086
306.952820
309.189056
310.909668
312.951233
314.391724
316.562225
317.664673
318.649170
320.258240
321.230042
321.844940
322.847778
323.347687
323.989502
324.790436
324.811584
325.434631
325.037750
325.425110
324.898346
325.394775
325.672516
324.893463
324.985443
324.758179
324.689026
324.106628
323.663422
323.352386
323.543945
322.773132
322.808228
322.202209
322.089813
321.992249
321.042023
320.885925
320.899841
321.058441
320.601227
320.126892
320.071045
320.170898
319.532257
319.459991
319.815369
319.501312
319.712982
319.647430
319.875732
319.915710
319.920074
320.149658
320.185547
320.463379
320.742279
321.053467
321.445404
321.913483
321.930542
322.019775
322.449249
323.063965
323.638977
323.644165
323.733215
324.414215
324.529388
324.670471
324.920410
325.220123
325.156067
325.977356
325.985779
326.651794
326.805634
327.195984
326.942047
327.256042
327.541687
327.463654
327.603607
327.536102
327.894440
328.070923
327.949066
327.731476
327.911102
327.462494
327.542084
327.607178
328.070282
327.720520
327.105621
326.765259
326.522369
326.310455
326.585968
325.824219
325.290405
325.177582
325.040039
324.901337
324.354065
323.957977
324.193420
323.534424
323.009033
323.075012
322.570953
322.661926
322.275665
321.299988
321.137604
321.330353
321.061218
320.816895
320.588043
320.978058
320.554657
320.820801
320.076752
319.756531
319.958771
320.001984
320.030670
320.078156
319.657654
320.191589
320.113861
320.192749
320.496399
321.107574
321.030365
320.666687
320.706604
321.742065
321.208160
322.527710
322.774536
322.943207
323.486877
323.698181
323.504608
323.313110
324.152435
324.857513
324.768921
325.278198
325.269196
325.375488
325.822235
326.381958
326.856934
326.743835
327.029755
327.204956
327.528076
327.697357
328.267334
328.009491
328.332489
328.596619
329.015289
328.944763
328.828857
329.056458
328.850250
328.779877
329.344269
329.022400
328.893799
329.168365
328.662048
328.824158
328.400116
328.399536
328.340027
328.177643
327.602112
327.256165
326.978302
327.152985
326.674957
326.783417
326.135284
325.848999
325.355957
324.931213
324.780945
324.770233
324.456970
324.416718
323.656891
323.815033
323.297913
322.822601
322.532867
322.048737
321.859558
321.934387
321.744415
321.391724
321.619385
320.850037
320.976807
320.707520
320.442047
320.620819
320.385040
320.836426
320.406494
320.596191
320.188904
320.434814
320.132080
321.105560
320.996887
320.854523
321.223389
320.625214
320.970245
321.412994
321.937592
321.869904
322.194061
322.613892
322.687866
322.631836
322.603027
323.031006
323.487915
324.037750
323.992371
324.378845
324.580566
324.833588
324.988037
325.611755
325.355286
326.136444
326.735260
326.487183
326.965668
326.631531
327.233643
327.185120
327.692383
327.679260
327.653076
328.358490
327.884644
328.177032
327.479553
328.008972
328.010773
327.892365
327.739716
327.634186
327.832703
327.951691
327.759949
327.689819
327.490173
327.667511
327.132385
326.953857
326.615387
327.071075
326.898560
326.509949
326.061646
325.814209
325.567688
325.119629
325.026703
324.748718
325.013184
324.383331
324.331909
323.629669
323.433105
323.409119
323.314941
323.066833
322.808838
322.304138
322.456329
322.504639
322.270691
322.206024
321.729218
321.932892
321.814575
321.446136
321.589874
321.372528
321.573273
321.608521
321.300110
321.690460
321.555267
321.539337
322.184326
321.825378
321.842560
322.317902
322.702637
322.157104
322.105194
322.705872
323.075256
323.260925
323.414825
324.195953
324.419159
324.587799
324.335785
324.813782
325.065277
325.505768
325.545044
325.899475
326.438507
325.909332
326.390930
327.055969
327.377319
326.971741
327.553925
328.279755
328.337433
328.095398
328.572510
328.912598
328.945465
328.782410
329.064392
329.020477
328.806213
329.208130
329.387909
329.071167
329.467896
329.299988
329.441376
329.170807
329.187408
328.970917
328.629303
328.665619
328.398499
328.232910
328.233856
328.207825
327.657959
327.641541
327.259064
327.404541
327.031189
327.040161
326.900238
326.713287
326.263580
326.121765
325.386292
325.798553
325.173706
324.899597
324.611664
324.615997
324.298096
324.305389
324.010406
323.821106
323.313232
323.553955
323.314636
323.524750
323.024506
323.225952
323.622040
323.177521
323.364471
323.294159
323.292023
323.170319
323.434875
323.316711
323.479370
324.001099
323.281158
323.681061
323.823517
323.901123
323.954620
324.220001
324.582397
324.423279
325.291870
325.229553
325.374115
325.598236
325.955872
326.385834
326.352631
326.615997
326.911224
327.403015
327.386688
327.657166
327.721436
328.257629
328.428711
328.622284
329.113342
329.177765
329.506958
329.546204
329.639069
330.110229
329.938568
330.041901
330.671478
330.517853
330.200470
330.168610
330.312805
330.411377
330.642181
330.382233
330.676025
330.559174
330.974091
330.646332
330.385651
329.850067
330.071228
329.739227
329.739136
329.819550
329.484131
329.401917
329.330353
328.683716
329.024109
328.793274
328.299072
328.028259
328.200836
327.818329
327.827179
327.352356
327.217896
326.923828
326.968933
326.529388
326.552582
326.365326
325.783325
326.192474
325.862457
325.748169
325.638824
325.352844
325.400543
325.342865
325.681122
325.233673
325.335083
325.806702
325.668762
325.449036
325.830048
325.832062
325.838623
326.447693
326.304688
326.373901
326.015747
326.903198
326.836456
327.837524
327.487335
327.728027
327.854950
328.541473
328.301910
328.954712
329.761444
329.257538
329.816498
330.355774
330.414886
330.901367
331.034332
331.469696
331.092163
332.363678
332.269287
332.428314
332.524475
333.118011
333.727936
333.679077
334.394836
334.039978
334.686157
334.326630
334.820953
334.744354
335.080566
334.888092
335.740326
335.020691
334.848053
334.755981
334.734772
335.051575
334.940521
335.041962
334.759460
334.863098
334.876587
334.697723
334.464783
334.645050
334.076996
334.220337
333.941986
334.167450
333.318390
333.011017
333.011292
332.456024
332.285706
332.109741
332.331970
331.807587
331.252899
330.764954
330.621277
331.052277
330.630005
330.468292
330.050049
330.377350
329.862061
329.242920
329.481567
329.361877
329.228607
329.431305
329.082581
329.668732
328.891266
328.746429
328.941315
328.645905
329.464966
329.059723
329.636902
329.596954
329.994751
329.667664
330.352936
330.452087
330.498718
330.229370
330.459961
330.536438
331.119568
331.417755
331.767883
331.974518
332.278015
332.947327
333.312042
333.742401
334.203949
334.184723
334.602234
334.977295
335.397552
335.294159
336.349762
335.923645
336.157166
336.331482
337.044495
337.083771
337.631989
338.011169
338.022980
338.490479
338.123138
338.727020
338.816742
339.255951
339.431213
339.015991
339.418610
339.323273
339.267853
339.569916
339.686646
339.632782
339.629578
339.171417
339.268250
339.350830
339.399780
339.330658
339.040436
338.937744
338.519318
338.330963
338.119873
338.198334
337.697144
337.288055
337.111115
336.531799
336.006744
336.202759
335.874542
335.999695
335.518768
335.487091
334.819305
334.448944
334.365295
334.115875
333.700500
333.541534
333.068848
332.723022
332.468414
332.250061
332.305176
332.183502
331.865784
331.942871
331.804779
331.322784
331.579163
331.638153
331.475983
331.546783
331.235626
331.612579
331.136383
331.833069
331.294403
331.462799
331.772369
331.957672
332.017456
332.353516
332.532867
332.568176
332.821167
333.657715
333.546722
333.385498
333.745789
334.316040
334.419342
334.900940
334.669189
335.062897
335.385864
335.533600
336.119171
335.756439
336.359924
336.622864
336.756470
336.761932
336.758392
336.970215
337.923126
338.285889
338.067871
338.362762
338.357117
338.111023
338.783997
338.573669
338.641357
338.910217
338.636475
338.429504
339.059875
339.055023
338.682953
339.047211
338.293274
338.739563
338.428345
338.081848
337.947540
337.958740
337.706940
337.740936
337.328400
337.303955
337.248138
337.039093
336.416351
336.521362
335.940552
335.392700
335.798065
335.529938
335.505524
335.240601
334.576355
334.598175
334.477112
334.314880
334.268280
333.746948
333.965881
333.645203
333.351166
333.679443
332.775604
333.083862
332.784607
332.221375
332.600037
332.709961
332.772888
332.842590
332.626617
332.664368
332.046936
332.604340
332.819092
333.110626
333.273438
333.412689
332.905701
333.494415
333.758545
333.524506
333.706879
333.733429
333.631653
334.426086
334.085236
334.841187
334.911804
335.189331
335.242401
335.470459
335.740356
335.854614
336.279663
336.587555
336.535614
336.635437
336.897095
337.367371
337.106079
337.220215
337.474274
337.339661
337.652130
337.562469
337.834778
337.588257
337.910217
337.743561
337.773041
337.828033
337.867065
337.685944
337.360474
337.309174
337.221100
336.852051
337.395630
336.460052
336.647827
336.720367
336.649353
336.537262
335.857178
335.877411
335.475555
335.178497
334.891602
334.795135
334.431885
334.090454
334.311859
333.737396
333.555115
333.361053
333.020874
333.007294
332.914246
332.491455
332.390137
331.931610
332.103760
331.641724
331.743713
331.722168
331.370087
331.121399
330.967346
331.231445
331.131592
330.895264
330.986481
331.254425
331.404175
331.084839
331.205170
331.446564
331.917938
331.701202
332.108551
332.192902
332.474609
332.337524
332.638550
332.282623
332.744232
332.788055
332.617981
333.307068
333.500275
334.214996
334.179413
334.404022
334.555695
334.752655
334.970642
334.735474
335.360504
335.523804
335.201996
335.843781
335.164398
335.998016
335.852600
335.958618
336.528351
336.322510
336.380615
336.023346
336.086365
336.602722
336.128632
336.442139
335.893066
335.850220
335.707642
335.541779
335.108551
335.352051
335.050507
334.976929
334.831207
334.329987
334.119385
334.001617
333.545563
333.234802
333.602631
333.389557
332.409088
332.280060
332.049561
331.971954
331.526337
331.111023
330.922241
330.439758
330.110016
330.362213
330.489899
330.869080
330.215668
329.937653
329.630493
330.128967
330.045746
330.230164
330.068481
329.896149
330.388794
330.335205
330.680542
330.758423
330.982910
331.486267
331.391357
331.694244
332.266449
332.571381
332.574402
333.043884
333.500824
333.937988
334.122406
334.566254
335.523346
335.621399
335.926025
335.621735
336.200531
336.568176
336.869720
337.147919
337.419098
337.370483
337.360901
337.403107
337.717834
336.776123
336.931152
336.200653
336.211487
335.402069
334.659912
333.492676
332.773224
331.492188
330.653778
328.689819
327.306152
325.239838
324.121216
321.942505
319.665710
317.174927
314.623108
312.360168
309.241913
306.403351
303.167816
299.938507
296.587097
293.285217
289.550781
285.813080
282.208191
277.823212
273.971954
269.728699
265.308075
261.527496
257.158264
252.865189
248.601776
244.228638
240.067413
236.026108
231.726273
227.860321
224.003647
219.935501
216.397491
212.589767
209.682816
206.409576
203.533173
200.497955
198.147491
195.774918
193.748535
192.319229
190.462906
189.061005
188.031769
187.433517
186.647247
186.725128

225.552124
184.064819
184.878723
185.378723
186.503876
187.727905
189.166641
191.130890
192.921066
195.196289
197.750000
200.192902
203.094162
206.285156
209.280991
212.539459
215.947617
219.364288
223.261932
227.127136
231.508514
235.158295
238.935242
242.985062
246.825699
251.078156
255.075821
258.889709
263.222107
267.131836
270.735718
274.424530
278.021240
281.509338
285.232483
288.289276
291.928680
294.856354
297.599884
299.811218
303.179901
305.279266
307.809906
310.101715
311.817566
313.837555
315.292786
317.460999
318.589355
319.555054
321.132996
322.131042
322.805420
323.840790
324.276276
324.977905
325.788483
325.785553
326.436249
326.038635
326.390533
325.837555
326.369263
326.704315
325.979828
325.975220
325.764130
325.764526
325.157867
324.699554
324.364532
324.608032
323.820343
323.790649
323.210083
323.074280
323.004944
322.072510
321.894440
321.935120
322.033966
321.618103
321.167908
321.038330
321.198792
320.510986
320.457367
320.825653
320.495026
320.658783
320.581451
320.765594
320.857330
320.878113
321.016052
321.137238
321.307129
321.643280
321.947754
322.300812
322.759796
322.737335
322.835632
323.320007
323.935883
324.399994
324.393219
324.454285
325.120514
325.260681
325.368103
325.612335
325.950409
325.794281
326.615173
326.647186
327.281921
327.461029
327.775940
327.559540
327.855164
328.135468
328.006561
328.138306
328.034973
328.403290
328.526733
328.421204
328.251099
328.367889
327.857788
327.943726
327.984802
328.456268
328.109406
327.461731
327.104767
326.794098
326.616180
326.826782
326.101776
325.551331
325.404266
325.263031
325.182068
324.538940
324.162689
324.353668
323.747375
323.179443
323.263153
322.716980
322.762573
322.441528
321.467743
321.280396
321.454193
321.153381
320.899506
320.678375
321.032928
320.611908
320.897308
320.110626
319.767609
319.997131
320.045837
320.037170
320.089142
319.721375
320.189484
320.145355
320.163452
320.497009
321.065552
321.012878
320.615662
320.693787
321.731049
321.188660
322.494415
322.715088
322.845490
323.391296
323.633820
323.414764
323.215515
324.076477
324.746033
324.643494
325.158173
325.190430
325.261383
325.682587
326.267059
326.712646
326.620514
326.904785
327.060883
327.395721
327.544739
328.089935
327.828613
328.179993
328.440704
328.859558
328.765015
328.631866
328.860809
328.654572
328.585388
329.194244
328.814026
328.684174
328.933350
328.453064
328.608887
328.156830
328.149475
328.097107
327.910889
327.358246
327.025543
326.723724
326.896606
326.392029
326.505005
325.848328
325.545837
325.059204
324.629608
324.490540
324.473022
324.125000
324.087952
323.319092
323.468414
322.948608
322.507263
322.195862
321.729279
321.512634
321.604065
321.389191
321.030640
321.261292
320.494232
320.605469
320.328491
320.052094
320.210785
320.020996
320.474609
320.045227
320.237701
319.830109
320.128693
319.761963
320.733154
320.603088
320.494781
320.871918
320.272247
320.589294
321.055054
321.606628
321.535156
321.847687
322.255402
322.347412
322.313446
322.264313
322.717560
323.166077
323.738831
323.692627
324.088806
324.330139
324.573914
324.720886
325.372284
325.130463
325.896362
326.536835
326.352661
326.771301
326.438568
327.097626
327.068695
327.543488
327.576630
327.543976
328.285919
327.794922
328.118164
327.472351
327.969849
328.009857
327.919159
327.755432
327.710999
327.907043
327.994690
327.893860
327.831177
327.664948
327.817169
327.314545
327.169067
326.843170
327.325439
327.165802
326.772888
326.368378
326.156982
325.922607
325.446838
325.406555
325.122345
325.436768
324.864197
324.757324
324.109467
323.930298
323.940155
323.837158
323.605560
323.388611
322.844391
323.062347
323.138031
322.885315
322.835602
322.358978
322.593170
322.468811
322.153564
322.321686
322.131073
322.291229
322.345551
322.051788
322.460815
322.386047
322.334503
322.944183
322.676758
322.659454
323.126282
323.527039
323.008301
322.959534
323.571655
323.925873
324.139465
324.279358
325.034729
325.309418
325.445892
325.213684
325.692993
325.927429
326.367645
326.431000
326.798645
327.295502
326.741486
327.252258
327.883453
328.239716
327.843872
328.357727
329.092896
329.153046
328.915466
329.354309
329.675323
329.726410
329.524719
329.847931
329.738068
329.543365
329.906097
330.065155
329.726074
330.156403
329.935883
330.091766
329.778442
329.815216
329.583710
329.218231
329.246521
328.946320
328.802368
328.782471
328.727997
328.138489
328.162292
327.705414
327.833405
327.494324
327.468079
327.326813
327.114960
326.600922
326.461853
325.738647
326.106781
325.488434
325.149170
324.905670
324.879089
324.552856
324.522949
324.223511
324.011139
323.482117
323.725067
323.468994
323.662384
323.157715
323.344116
323.737274
323.301483
323.461029
323.368378
323.342041
323.214478
323.469818
323.346008
323.486237
323.998596
323.285187
323.692261
323.811096
323.909241
323.925232
324.188049
324.551178
324.374786
325.249756
325.179596
325.329956
325.559631
325.906403
326.336182
326.308197
326.541962
326.835876
327.322235
327.324005
327.596832
327.666962
328.196198
328.386505
328.601318
329.047272
329.129059
329.463257
329.512848
329.617920
330.076813
329.910522
330.017426
330.666016
330.501404
330.212860
330.189117
330.335815
330.436340
330.679138
330.450256
330.748718
330.612000
331.036926
330.729675
330.459900
329.963806
330.184387
329.856720
329.875977
329.954132
329.626740
329.555237
329.509094
328.851379
329.222321
328.976868
328.500702
328.265015
328.426178
328.078217
328.041382
327.595306
327.482574
327.196869
327.229431
326.801117
326.862213
326.679749
326.111969
326.536682
326.200073
326.126526
326.004669
325.745575
325.767090
325.735260
326.122345
325.629242
325.757507
326.044922
326.095795
325.881500
326.305511
326.293823
326.282440
326.900177
326.739746
326.850525
326.495758
327.376160
327.321655
328.334747
328.024628
328.209473
328.367706
329.050781
328.812439
329.500519
330.274261
329.765289
330.352844
330.882385
330.925323
331.406036
331.528259
331.948364
331.609619
332.904663
332.767731
332.907471
333.029083
333.656769
334.271545
334.205750
334.899597
334.571167
335.211426
334.873657
335.341003
335.260620
335.588654
335.399536
336.248260
335.553741
335.346924
335.249786
335.228760
335.557281
335.396240
335.528503
335.240631
335.352875
335.321747
335.176605
334.958069
335.108734
334.531525
334.655334
334.403168
334.604889
333.737793
333.436218
333.447601
332.865631
332.691101
332.501953
332.737213
332.190826
331.647949
331.142487
331.001892
331.411469
330.959991
330.814819
330.398743
330.760162
330.204346
329.567566
329.812988
329.693390
329.563660
329.740021
329.392029
329.958374
329.170624
329.060120
329.226501
328.905273
329.729034
329.338989
329.890472
329.860291
330.248352
329.900848
330.602631
330.676361
330.706757
330.417023
330.672668
330.735046
331.296997
331.614044
331.951477
332.155029
332.435394
333.099579
333.451080
333.894318
334.340240
334.302582
334.723358
335.080841
335.496918
335.394531
336.440826
336.018616
336.237640
336.393433
337.098083
337.114685
337.691742
338.072510
338.038757
338.528625
338.131561
338.718719
338.812042
339.234406
339.434113
339.006134
339.396332
339.296478
339.208191
339.516052
339.633087
339.574280
339.539734
339.089813
339.187561
339.255463
339.296906
339.196014
338.902039
338.772552
338.349487
338.154846
337.957062
338.007111
337.500397
337.090790
336.904236
336.312347
335.788239
335.978180
335.643280
335.761719
335.260895
335.202301
334.549652
334.159302
334.070343
333.835175
333.403900
333.246704
332.755768
332.413300
332.150391
331.911896
331.962555
331.816986
331.523712
331.570312
331.444214
330.924316
331.184296
331.262726
331.070709
331.155884
330.828888
331.181641
330.734039
331.382904
330.876740
331.028870
331.338257
331.513062
331.578247
331.906586
332.076202
332.104492
332.395874
333.196381
333.057556
332.943420
333.265991
333.857300
333.921967
334.396240
334.164154
334.602112
334.922089
335.034851
335.612885
335.244263
335.870697
336.152588
336.280029
336.278778
336.266907
336.439758
337.427826
337.776093
337.556732
337.872986
337.864014
337.603882
338.282745
338.085663
338.179047
338.412109
338.170013
337.980865
338.568451
338.573761
338.213898
338.554413
337.827667
338.279053
337.965454
337.635254
337.505524
337.484589
337.286835
337.273895
336.863800
336.860260
336.827087
336.614197
335.980865
336.102051
335.520905
334.996643
335.359772
335.107330
335.117126
334.818787
334.168762
334.172729
334.068451
333.940857
333.856323
333.351868
333.600769
333.314819
332.994049
333.236786
332.397064
332.731506
332.450897
331.883667
332.272644
332.374329
332.461609
332.510742
332.306000
332.330505
331.717010
332.270935
332.554138
332.835022
332.982117
333.154968
332.654297
333.216644
333.474274
333.284637
333.455536
333.467682
333.389557
334.160278
333.809509
334.615814
334.665100
334.947449
335.018951
335.249786
335.501709
335.640991
336.041443
336.339691
336.334717
336.447754
336.698090
337.126984
336.883759
337.004120
337.283417
337.120880
337.415100
337.371277
337.662506
337.409943
337.737000
337.567657
337.573883
337.607452
337.711029
337.489410
337.197998
337.119690
337.051331
336.663940
337.218079
336.353333
336.483429
336.539825
336.479095
336.344360
335.721222
335.717773
335.333618
335.020508
334.750000
334.637817
334.286560
333.958618
334.176605
333.604279
333.419922
333.242065
332.890137
332.857147
332.770996
332.376404
332.275909
331.823517
331.972931
331.507141
331.628754
331.594208
331.240326
331.004395
330.870850
331.121857
331.034302
330.794098
330.886871
331.169128
331.311401
331.004272
331.114655
331.346436
331.808685
331.636139
332.024872
332.100342
332.386749
332.249115
332.555573
332.217499
332.667389
332.708435
332.533966
333.236053
333.437531
334.137756
334.119232
334.343170
334.507965
334.702942
334.920685
334.696442
335.296417
335.478180
335.158722
335.792633
335.116241
335.947571
335.818817
335.917694
336.477386
336.295776
336.361938
335.982849
336.048523
336.582184
336.077667
336.399811
335.865509
335.820374
335.680908
335.494324
335.065338
335.306976
335.017151
334.934540
334.810669
334.312927
334.085541
333.975708
333.558685
333.188416
333.591766
333.356537
332.383392
332.248444
332.004089
331.941345
331.508514
331.069916
330.881165
330.395660
330.059998
330.301544
330.437561
330.813721
330.174896
329.881836
329.580780
330.066467
329.997284
330.181519
330.016846
329.859589
330.319305
330.244537
330.621246
330.685730
330.897614
331.382477
331.312164
331.599762
332.161224
332.491364
332.471283
332.955872
333.412994
333.845673
333.995300
334.465881
335.403717
335.503113
335.789337
335.516846
336.075836
336.416595
336.728455
337.002533
337.270691
337.233337
337.201752
337.217987
337.571075
336.608063
336.768066
336.050476
336.032898
335.221100
334.479462
333.302826
332.578705
331.290222
330.470886
328.488037
327.099670
325.040710
323.907013
321.746918
319.433746
316.971893
314.380188
312.150665
309.004242
306.189545
302.929352
299.725128
296.315155
293.041107
289.316315
285.556610
281.940338
277.577454
273.716370
269.481964
265.030396
261.273010
256.907623
252.572708
248.301453
243.978531
239.783127
235.746567
231.447693
227.553421
223.703217
219.634674
216.095169
212.311234
209.400909
206.119019
203.236694
200.215210
197.844986
195.472137
193.444839
192.025772
190.166763
188.754303
187.748291
187.118408
186.351425
186.495895

