275.833191
171.682922
172.089218
173.010132
173.653702
174.850433
176.121002
178.021957
179.782990
181.640762
183.973129
186.380264
188.991119
191.981323
194.741013
197.857285
200.986649
204.563705
207.460907
211.826401
215.250885
219.212738
222.614029
226.582489
230.092972
233.903839
237.602844
241.229065
244.757996
248.699722
252.236588
255.971527
259.184326
262.656921
265.693176
269.055542
272.070831
274.550415
277.082703
280.171112
282.182678
284.442413
287.134705
288.997131
290.900909
292.775116
294.327301
295.742462
297.248718
298.630524
299.539490
300.813110
301.384003
302.347687
303.044373
303.739990
303.990662
304.325562
304.571930
304.694885
304.854370
305.117126
305.247681
304.985657
305.305695
305.021973
304.880310
304.887665
304.429810
304.011505
304.389862
303.883667
303.430786
303.253540
302.790253
302.982391
302.714081
302.203613
301.913300
301.928406
301.627655
301.628937
301.530579
300.961578
301.184509
301.456390
301.473846
301.190918
300.998535
301.704498
301.552704
301.526062
301.635071
301.528534
301.987244
302.043243
302.535889
302.531921
303.140076
303.258057
303.605835
304.172058
304.351257
304.590851
305.131714
305.251801
305.592621
306.070312
306.666321
306.800201
307.232117
307.329102
307.616150
308.180878
308.593658
308.831940
308.815063
309.591705
309.823639
309.716827
309.955353
309.939514
310.344696
310.595490
310.623047
310.798767
310.757935
310.850586
311.168182
310.829193
310.514282
310.884827
310.970795
310.557404
310.585999
310.335388
310.160095
309.832367
310.079529
309.723450
309.616180
309.465973
309.173615
308.887268
308.812378
308.464111
307.772949
307.918213
307.588562
307.517120
306.978790
306.880829
306.916779
306.658386
306.354675
306.519196
305.897400
305.995148
305.401581
305.499847
305.267822
305.346832
305.057587
305.071106
304.993195
305.180420
304.916443
305.465179
305.656494
305.702911
305.500702
305.795990
306.080719
306.311493
306.398987
306.377106
306.643829
306.772400
307.228546
307.668884
308.096680
308.122589
308.571991
308.801270
309.085938
309.118958
310.038116
310.196014
310.047882
310.931030
311.313873
311.317169
311.841187
312.192352
312.713745
312.455200
312.935974
313.187592
313.589935
313.785431
314.304382
314.146484
315.133820
314.850372
314.801819
315.420105
315.515045
315.694977
314.987640
315.717743
315.606689
315.837311
315.844574
315.412262
315.706177
315.485779
315.566498
315.709747
315.725189
315.482300
315.351562
314.811371
314.894135
314.593750
314.425659
313.655426
314.146454
313.614380
313.272675
313.575500
312.851807
312.528931
312.220673
312.064758
311.853638
311.582367
311.474792
311.362457
311.153656
310.890900
310.313416
310.244751
310.295441
309.896423
309.710052
309.656372
309.807343
309.173889
309.414459
309.166443
309.243469
309.202759
309.013092
308.920197
309.069489
309.448029
309.285217
309.494507
309.570892
309.078613
309.771545
309.590912
310.007812
309.747162
310.557648
310.661957
311.222168
310.874176
311.401794
311.311279
311.973724
311.928162
312.536835
312.816315
312.931396
313.005096
313.627594
313.837067
314.376648
314.331238
314.850281
315.449799
315.129395
315.510773
315.928162
315.990906
316.459869
316.876678
317.100037
317.056122
316.966888
317.236084
317.657135
317.524689
317.900787
317.312531
317.963898
317.684052
317.867584
317.468018
317.582367
317.938965
318.269836
317.608734
317.958069
317.635590
317.468964
317.623810
317.090424
316.813263
316.647095
316.866089
317.106354
316.335205
315.887573
315.938690
315.643463
315.478424
314.998535
315.116791
314.754852
314.637787
314.577484
314.261719
314.013000
313.996399
313.776581
313.128143
313.380188
313.427979
313.230591
313.214233
312.791565
312.786926
312.713898
312.693176
312.586060
312.871918
313.124817
313.028290
312.742279
313.045929
312.882843
313.304840
313.076508
313.068573
313.552338
313.247803
313.694092
314.015686
314.083832
314.564789
314.968262
315.123657
315.346893
315.349976
315.416260
315.684265
315.929016
316.645905
317.097198
316.738708
317.246368
317.683899
317.748474
317.890533
318.559052
318.770905
319.237274
318.386566
319.341919
319.813324
319.691223
320.385284
320.248291
320.207214
320.400787
320.249542
320.891876
320.914398
321.086975
321.526154
321.604950
321.129852
321.662323
321.576508
321.423859
321.470306
321.648438
321.442474
321.201202
321.313416
321.432617
320.840179
320.659760
320.845917
320.299500
320.608704
320.367157
319.832672
320.114838
319.549042
319.473511
319.486145
319.043427
318.785278
318.916229
318.327423
318.218170
318.024139
318.167725
317.717773
317.633087
317.456238
317.511749
316.919281
316.793518
316.896820
316.368988
316.599457
316.832123
316.187378
316.475830
316.287109
316.148987
316.391785
316.111084
316.446991
316.436951
316.678680
316.574554
316.551941
316.505157
316.979706
317.281158
316.675262
317.394623
317.782196
317.889679
317.821381
318.105133
318.386932
318.530609
319.101654
319.210602
319.242432
319.564819
319.663116
320.376678
320.487671
320.949371
321.118103
321.236542
321.805084
321.635345
321.730194
322.528625
322.552460
322.903076
323.054657
323.524384
323.488098
323.900543
323.925690
324.098419
323.922913
324.408386
324.356842
324.310394
325.234772
324.433990
324.369690
324.944489
324.286072
324.588562
324.492706
324.672455
324.669006
324.747314
323.988281
324.218719
324.185303
323.587006
323.780792
323.776459
323.649872
323.534790
323.315094
322.910828
322.695770
322.732697
323.268646
322.501190
322.066284
321.613068
322.141937
322.429535
321.814850
321.518829
321.663849
321.687653
321.502533
321.366150
321.308502
320.852478
321.373352
321.427185
321.140778
320.973907
321.039124
320.704651
321.136963
321.328827
321.976593
321.550598
321.479401
321.626434
322.017059
321.847168
322.438782
322.292816
322.765961
323.101044
323.183044
323.513641
323.996521
324.277618
324.837067
324.727814
325.529266
325.563324
325.748901
326.274811
326.721924
326.975250
327.245636
328.044373
328.424622
328.673248
328.699341
329.021301
329.667145
329.635315
330.102325
330.001556
330.856354
331.122223
331.350891
331.502563
331.698486
332.373138
332.603485
332.585693
332.948395
332.542450
332.983582
333.122070
333.103851
333.431946
333.428802
333.591156
333.141296
333.819580
333.355225
333.020355
333.481964
333.411316
333.549744
332.850128
332.882538
333.052551
332.814240
332.970032
332.363434
332.202972
332.281494
331.868805
331.657013
331.552856
331.508057
331.207062
331.111084
330.735321
330.698364
330.845490
330.625610
330.534851
330.029053
330.126587
329.768372
330.049255
329.927948
329.580933
329.761414
329.695862
329.717010
329.365967
329.650421
329.811310
329.775970
330.009583
329.968323
330.166077
330.486633
330.117371
330.840179
331.217560
331.211639
331.205780
331.669739
332.024139
332.338959
332.192749
333.125336
332.781464
333.620544
333.465363
334.345764
334.340393
335.030914
335.717560
335.649200
336.255005
336.568298
337.311615
337.188995
337.859711
338.283142
338.337982
338.704041
339.148590
339.705902
339.986633
340.759521
340.608551
341.049438
340.981232
341.363647
341.856293
342.019043
342.164520
342.333191
342.837280
342.765503
342.978668
343.192230
342.728668
343.492920
343.219940
343.677887
343.402618
343.427582
343.141235
343.244720
342.714783
342.924347
342.843475
342.619934
342.536469
342.384857
341.883118
341.805481
341.487976
341.175232
341.249847
341.448334
340.522461
339.975159
340.204193
340.069458
339.986755
339.332703
339.217987
339.267365
338.865570
338.796112
338.293152
338.451324
338.153046
337.900421
337.792084
338.031494
337.615234
337.381012
337.508850
337.500732
337.280640
337.374298
337.398773
336.922821
337.351196
337.263428
337.054718
337.690857
337.522766
337.523224
337.909668
338.104767
337.984558
338.433075
338.172180
339.326355
339.110138
339.039795
339.623688
340.227448
340.075043
340.539032
340.845581
340.953247
341.523773
341.609497
341.967255
342.525940
342.603790
342.896393
342.982361
343.225250
343.647919
344.382538
344.384705
344.698853
345.349365
345.125580
345.240112
345.595734
346.252075
345.905396
346.200531
346.846802
346.540741
346.951996
346.853058
346.961792
346.906891
347.109650
347.203186
347.098999
347.185516
347.057709
346.697723
347.058868
346.874176
347.071289
346.589752
346.436035
346.128143
346.484283
346.389496
345.532623
345.634216
345.625854
344.870941
345.304871
344.982880
344.686401
344.544312
344.469177
343.825775
344.558044
343.675964
343.390930
343.336212
343.448273
343.278259
343.420929
342.881683
342.771606
343.032104
342.997009
342.632385
342.709412
342.723877
342.451965
342.645203
342.815643
342.807861
342.539551
342.335052
342.782349
342.707367
342.896576
342.970032
343.037903
343.029602
343.230865
343.972076
343.662537
344.197266
344.474792
344.354645
345.131256
345.087494
345.202911
345.446350
345.528290
346.007050
346.347992
346.329285
346.929993
346.941010
347.606750
347.489105
347.627655
348.061676
348.108429
347.894928
348.408722
348.456787
349.153839
348.781097
349.171265
349.510376
349.510162
349.264648
349.601562
349.637451
349.213348
349.898254
349.268341
349.399078
349.683472
349.493134
349.393799
348.955017
348.905548
349.061127
348.340057
348.670593
348.224121
348.184113
348.124817
348.345123
347.547333
347.462585
347.563568
346.947205
346.880676
346.557068
346.185608
345.823761
346.150116
346.211670
345.750244
345.234528
345.141693
344.724152
344.506439
344.941162
344.323059
344.486572
344.290039
344.181244
344.130798
343.817108
343.848267
343.609863
343.902863
343.286499
343.781433
343.896027
343.891113
343.968231
343.660980
344.121216
343.912903
344.292206
344.126038
344.832550
344.856201
345.146210
345.548889
345.794617
345.787079
345.679260
346.160706
346.642761
346.071899
346.715576
347.131012
347.315247
347.954285
348.256714
347.484558
348.053253
348.235291
348.877594
348.846222
348.996735
348.989777
349.328888
348.797607
349.334045
349.496094
349.298218
349.220276
349.770172
349.567352
349.598419
349.329895
349.491241
349.192261
349.210205
349.052795
348.678894
348.715271
348.775909
348.076904
347.744263
347.654144
347.434326
347.342499
346.894257
346.921722
345.901123
346.005188
345.730072
345.851685
345.272369
344.881439
344.615692
344.249847
344.403168
344.040802
343.852112
343.492523
343.342346
343.826355
343.446320
342.816681
343.173157
342.771545
342.698578
343.174988
343.057037
342.861176
343.229004
342.981750
343.564301
343.417511
343.921204
344.160156
344.667053
344.704926
344.714996
345.217346
345.409088
346.100922
346.183807
346.442841
347.388458
347.676575
347.739563
348.425232
348.888977
349.154541
349.515900
349.709473
350.262543
350.692383
350.234314
351.103058
350.944397
350.559357
351.097626
350.229950
350.353058
350.308197
349.589691
349.196289
348.610870
347.890015
346.915863
346.087219
344.787628
343.546387
341.847748
340.271545
338.314056
336.865662
334.337677
332.203186
329.528351
327.652802
324.644989
321.524078
318.146637
315.348267
312.165680
308.243134
305.019897
300.788422
296.878387
292.872894
288.996613
284.782318
280.430481
275.691650
271.397247
267.277039
262.803162
258.310089
253.730057
249.406067
245.064453
240.965576
236.925873
232.401871
228.358978
224.516647
220.989365
217.358826
213.916794
210.900360
208.491119
205.400970
203.142685
200.802734
199.120316
197.396393
196.153671
194.837128
194.287476
193.534195
193.962112

272.466919
171.807999
172.230804
173.145966
173.789307
174.968170
176.277664
178.152222
179.963211
181.819016
184.141983
186.560623
189.174866
192.181229
194.948517
198.073547
201.218140
204.828659
207.701706
212.104538
215.541489
219.509293
222.930450
226.925644
230.467545
234.255966
237.979782
241.643005
245.158020
249.149231
252.713058
256.460754
259.669037
263.192291
266.227509
269.610504
272.645660
275.161926
277.726501
280.837616
282.856506
285.145386
287.835449
289.719055
291.650848
293.547699
295.089874
296.550385
298.064178
299.498962
300.427856
301.698456
302.310394
303.269989
304.002655
304.706390
304.969666
305.313263
305.574860
305.727478
305.857666
306.192505
306.316101
306.080566
306.387695
306.117645
305.968262
305.984894
305.550171
305.168030
305.519867
305.040588
304.589050
304.406616
303.955933
304.156403
303.872314
303.393890
303.085205
303.107697
302.836456
302.845337
302.717743
302.157257
302.336945
302.604523
302.643005
302.348297
302.125519
302.816498
302.682404
302.655060
302.722321
302.652161
303.074615
303.125977
303.598816
303.578278
304.178223
304.303955
304.656006
305.169403
305.323242
305.545563
306.062775
306.207153
306.484802
306.960052
307.541779
307.652954
308.049988
308.143280
308.393280
308.932312
309.327850
309.553986
309.513092
310.278351
310.496918
310.346069
310.548096
310.497803
310.895599
311.144562
311.140076
311.295380
311.227203
311.327820
311.587006
311.198517
310.873566
311.227783
311.289490
310.856293
310.868469
310.589813
310.383820
310.041504
310.267242
309.897766
309.769379
309.606476
309.283844
308.986603
308.876678
308.513214
307.794647
307.959137
307.598022
307.497803
306.955231
306.834106
306.836914
306.587280
306.275543
306.414612
305.779205
305.871124
305.263855
305.352417
305.108948
305.183014
304.912659
304.890137
304.801178
304.977814
304.721283
305.276825
305.455231
305.506866
305.286346
305.548798
305.850555
306.093384
306.170959
306.156708
306.418488
306.540558
306.990173
307.410400
307.874573
307.891205
308.378571
308.582031
308.873749
308.905090
309.830750
310.005493
309.842529
310.729431
311.116394
311.149353
311.666687
312.024048
312.565216
312.303223
312.806763
313.073975
313.461945
313.671143
314.198700
314.050598
315.031555
314.772064
314.728973
315.352936
315.441956
315.633209
314.952148
315.708466
315.593140
315.850647
315.873718
315.435883
315.742126
315.543762
315.604004
315.768555
315.806671
315.568176
315.449768
314.910797
315.032379
314.735443
314.543854
313.808899
314.320648
313.784454
313.448059
313.759827
313.038574
312.729645
312.438751
312.316742
312.109161
311.815460
311.741058
311.632904
311.384918
311.176880
310.637238
310.585663
310.622040
310.207336
310.105011
309.988861
310.164490
309.548492
309.771118
309.546356
309.606873
309.601257
309.416321
309.324097
309.469360
309.855621
309.719818
309.904572
310.044159
309.571381
310.247192
310.073212
310.471863
310.235413
311.043579
311.153198
311.746063
311.378510
311.947144
311.904022
312.503571
312.516388
313.107971
313.430939
313.503021
313.595764
314.233795
314.452881
314.995819
314.954315
315.495300
316.094299
315.804230
316.196411
316.595184
316.674896
317.125580
317.569427
317.804810
317.739685
317.695679
317.988922
318.403809
318.325470
318.652588
318.096039
318.698151
318.489349
318.706848
318.332642
318.407196
318.761047
319.160248
318.455109
318.872833
318.543304
318.382324
318.500610
318.037598
317.682526
317.609070
317.843353
318.067291
317.313080
316.898224
316.947754
316.629547
316.490173
316.029785
316.161072
315.852814
315.725494
315.680359
315.407745
315.160034
315.109558
314.913666
314.273529
314.545227
314.567780
314.439270
314.415771
313.971588
313.969635
313.999908
313.988220
313.803558
314.090851
314.397980
314.248413
313.994110
314.352936
314.160339
314.548950
314.347137
314.348541
314.826416
314.535339
314.962494
315.278870
315.391998
315.903015
316.245300
316.416595
316.656555
316.669952
316.763977
316.995850
317.290924
317.955627
318.447571
318.016327
318.566620
319.011322
319.055939
319.241760
319.888275
320.071716
320.503265
319.658447
320.620361
321.052643
320.968536
321.638824
321.508270
321.493713
321.665802
321.454803
322.108643
322.152130
322.250732
322.720917
322.798096
322.284332
322.849152
322.706512
322.515411
322.619843
322.740479
322.564636
322.285797
322.426788
322.493988
321.882141
321.681274
321.883575
321.281403
321.560120
321.344238
320.764801
321.024689
320.426605
320.335938
320.358551
319.908020
319.583252
319.749695
319.159454
318.975647
318.793854
319.001617
318.460449
318.340637
318.164520
318.239044
317.601837
317.480682
317.579742
317.029785
317.210388
317.425476
316.752045
317.040009
316.869080
316.686798
316.928711
316.650177
316.976471
316.932098
317.156342
317.029114
317.029846
316.996155
317.373566
317.740692
317.097900
317.803345
318.190338
318.282562
318.203857
318.441315
318.727875
318.857147
319.408966
319.508789
319.533569
319.822021
319.987579
320.653717
320.727051
321.214081
321.340454
321.465088
322.012482
321.860382
321.929626
322.746979
322.741730
323.129333
323.261261
323.724915
323.676697
324.059570
324.069946
324.253418
324.082886
324.551392
324.482819
324.427765
325.373474
324.571075
324.499939
325.022858
324.403442
324.712280
324.591034
324.774445
324.802124
324.832336
324.094116
324.282867
324.246216
323.682587
323.882233
323.861542
323.723114
323.605927
323.403290
322.999451
322.770294
322.805511
323.327332
322.563049
322.132416
321.678864
322.222534
322.497833
321.859863
321.566925
321.714600
321.751648
321.546875
321.424286
321.365082
320.893616
321.415894
321.469727
321.178345
321.003693
321.074219
320.700287
321.164978
321.274811
321.980255
321.541016
321.498138
321.617554
322.007141
321.852203
322.415955
322.252197
322.730286
323.069885
323.156494
323.468994
323.949982
324.237915
324.781860
324.657227
325.445129
325.479889
325.693848
326.183258
326.647461
326.881744
327.149719
327.933105
328.304443
328.558929
328.560791
328.890167
329.521973
329.469696
329.947144
329.848236
330.688507
330.972992
331.208374
331.329742
331.523132
332.165558
332.396149
332.400726
332.748383
332.338898
332.772736
332.890106
332.864990
333.203918
333.207153
333.327515
332.881775
333.558014
333.091675
332.758759
333.225281
333.135040
333.289520
332.581360
332.623627
332.775482
332.558441
332.690094
332.086334
331.912903
332.000946
331.578705
331.377808
331.260010
331.225647
330.909760
330.831970
330.447723
330.434937
330.563934
330.332306
330.228790
329.759735
329.857117
329.482544
329.772980
329.639252
329.302094
329.467133
329.427338
329.432556
329.092651
329.389374
329.562836
329.515320
329.768768
329.741608
329.912354
330.253265
329.905487
330.591675
330.999298
330.975037
330.987122
331.473816
331.847809
332.173431
332.014374
332.951904
332.580414
333.460785
333.323273
334.195099
334.237732
334.903198
335.600220
335.526825
336.156036
336.470703
337.207428
337.096741
337.803040
338.233246
338.296295
338.657318
339.134827
339.659119
339.991028
340.743347
340.597321
341.056274
340.988159
341.371246
341.894165
342.078308
342.207825
342.373230
342.862335
342.872559
343.026855
343.255798
342.808807
343.574463
343.339600
343.800201
343.527039
343.550781
343.300110
343.394592
342.880920
343.095001
343.044647
342.787964
342.719208
342.577209
342.099335
342.022705
341.718018
341.407288
341.498108
341.680969
340.814697
340.218781
340.462067
340.369141
340.269196
339.595184
339.513245
339.553802
339.143341
339.081573
338.566650
338.741364
338.448730
338.222931
338.101044
338.337341
337.951263
337.726166
337.844757
337.837799
337.623779
337.691925
337.749329
337.257599
337.708832
337.619110
337.399597
338.019073
337.872711
337.871826
338.312103
338.419128
338.323883
338.796387
338.546967
339.712067
339.476471
339.437653
339.990295
340.574493
340.399963
340.931427
341.204071
341.324677
341.873444
341.955048
342.348206
342.881531
343.002594
343.237183
343.334625
343.570984
344.015594
344.751801
344.695007
345.051117
345.677063
345.485321
345.612823
345.918640
346.620514
346.246002
346.522034
347.174072
346.861084
347.267151
347.190094
347.304718
347.209930
347.412292
347.506561
347.386566
347.458130
347.344696
347.004669
347.342346
347.161591
347.316650
346.889954
346.712891
346.424408
346.713104
346.620026
345.785614
345.881104
345.886108
345.140717
345.536133
345.244415
344.939453
344.765015
344.689819
344.064301
344.761810
343.884583
343.616425
343.558807
343.642487
343.486542
343.629730
343.086487
342.975189
343.181183
343.150085
342.804596
342.881042
342.885406
342.619568
342.805603
342.963715
342.936371
342.668365
342.468811
342.933624
342.834625
343.006042
343.069214
343.163696
343.096527
343.344086
344.073059
343.728607
344.294006
344.548828
344.426208
345.221313
345.114471
345.220551
345.498566
345.562195
346.024292
346.405609
346.341370
346.943939
346.924133
347.629089
347.478363
347.649017
348.021240
348.060852
347.863647
348.399475
348.429169
349.085846
348.726746
349.124084
349.455872
349.448029
349.181061
349.527985
349.562469
349.110840
349.799744
349.177612
349.295471
349.589111
349.390411
349.254059
348.821930
348.788818
348.929443
348.192566
348.521515
348.095337
348.010681
347.968445
348.180664
347.370453
347.271729
347.418182
346.766663
346.715088
346.365540
345.980713
345.628479
345.931519
346.015228
345.534576
345.048950
344.928680
344.521057
344.298859
344.727295
344.100281
344.240295
344.059235
343.917664
343.884613
343.556030
343.612305
343.369110
343.675323
343.045868
343.531311
343.638611
343.620300
343.713470
343.379852
343.851318
343.635559
344.021393
343.823029
344.552338
344.591522
344.875427
345.247253
345.546173
345.497528
345.386475
345.865387
346.366913
345.786041
346.427551
346.853363
347.053650
347.650879
347.979889
347.209229
347.761536
347.967621
348.560974
348.560669
348.721893
348.704102
349.035492
348.547424
349.081604
349.214325
349.024689
348.970062
349.526062
349.297791
349.347412
349.071014
349.260071
348.957886
348.988922
348.822449
348.452087
348.493835
348.552826
347.847046
347.526764
347.409302
347.224518
347.126740
346.693329
346.712067
345.698303
345.851471
345.547882
345.690796
345.075958
344.708771
344.459015
344.080170
344.259369
343.879761
343.714020
343.341919
343.209747
343.671814
343.329742
342.689636
343.072479
342.676605
342.603394
343.074066
342.984772
342.793121
343.152069
342.919647
343.538757
343.398438
343.890167
344.126770
344.662781
344.702972
344.746460
345.211487
345.424713
346.130646
346.212189
346.457947
347.435303
347.740387
347.817413
348.506287
348.947815
349.246429
349.630157
349.823303
350.363190
350.827118
350.365662
351.240417
351.114075
350.728363
351.257233
350.406158
350.555756
350.531250
349.798096
349.397644
348.838806
348.111938
347.151215
346.327240
345.038544
343.802887
342.125122
340.545502
338.589355
337.175598
334.610291
332.518158
329.848083
327.979736
324.985809
321.847595
318.491486
315.697845
312.520416
308.612335
305.412323
301.185974
297.260620
293.291443
289.396118
285.195770
280.840332
276.121735
271.809448
267.704285
263.246979
258.768768
254.184860
249.848694
245.510925
241.416718
237.397720
232.867920
228.834396
224.991898
221.471146
217.832672
214.398773
211.394257
208.973251
205.897461
203.630295
201.272369
199.611420
197.908539
196.653290
195.349731
194.792755
194.040100
194.613586

220.635300
183.574631
183.949554
184.740097
185.534897
186.881729
188.314835
189.991974
191.914719
193.868530
196.580765
199.514343
201.925354
205.082977
208.173920
211.680023
215.008057
218.473633
222.415268
226.310287
230.033218
233.837677
237.700821
241.913498
245.998810
250.023285
253.990479
257.983795
261.938293
265.677185
269.512207
273.305328
276.856934
280.439056
283.993622
287.121613
290.501129
293.102875
296.543274
299.035187
301.899689
304.141144
306.600311
308.778931
310.178955
312.399078
314.270172
315.554565
317.149811
318.387604
319.754150
320.531677
321.861542
322.442963
322.665924
323.735077
324.170746
324.399139
325.016388
325.261353
324.843170
325.018219
325.223480
325.125427
324.475281
324.343719
324.654388
324.067291
323.441895
323.891937
323.271240
323.187500
322.888153
322.252533
321.988007
321.705353
321.410767
320.945709
320.975433
320.663330
320.360107
320.363159
319.835205
319.638000
319.514740
319.928406
319.681763
319.377167
319.173279
318.986267
319.126770
319.256073
319.645447
319.795532
320.002625
320.499725
320.023987
320.281555
321.168182
320.750519
321.230927
321.627228
321.929901
321.710907
322.150909
322.970978
323.268158
323.720673
324.013336
324.217743
324.005585
324.621490
324.869812
325.173492
325.171112
325.556671
326.189331
326.435272
326.238708
326.607574
326.841797
327.264343
327.416931
327.216461
327.555389
327.082031
327.165833
327.064484
327.408722
327.232635
327.040558
327.352783
327.140747
327.010468
327.045349
326.477173
326.590363
326.235748
326.064117
325.835815
325.405518
325.164062
324.556824
324.386536
324.149536
323.993683
323.442688
323.606049
323.399567
322.834351
322.585114
322.568756
322.175873
321.449951
321.481232
320.959198
321.069550
320.566803
320.680298
320.064117
320.016663
319.968719
320.029144
319.738037
319.651520
319.571747
319.788055
319.535492
320.149170
319.577789
319.861145
319.909119
320.223602
320.270081
320.397461
320.156708
320.685455
320.537964
320.834473
321.596863
321.578125
322.430542
322.410431
322.476868
322.753204
323.244598
323.326843
323.684021
324.183075
324.686218
324.858185
325.148224
325.256500
325.346069
326.055969
326.445740
326.579498
326.741333
327.106537
327.383057
327.670715
328.274750
328.118927
328.393982
328.370117
328.614929
328.365479
328.490692
328.996399
328.233826
328.744598
328.882294
328.742645
328.514404
328.162445
328.539856
328.357208
328.298676
328.234589
327.573883
327.738892
327.685638
327.218781
327.150116
326.894409
326.516510
326.361359
326.190338
325.533905
325.713715
324.430054
324.598236
324.432678
324.164825
323.685913
323.301514
322.778687
322.692566
322.346252
322.169830
322.225494
322.154083
321.937317
321.408569
321.216919
321.080139
321.427795
320.728821
320.722504
320.638153
320.356262
319.900696
319.766693
320.237427
319.734619
319.798889
320.155945
320.026459
320.118164
320.407593
320.637299
320.434448
320.468781
320.858582
321.033875
321.548584
320.943451
321.782715
322.021606
322.494690
322.657318
322.337006
322.756287
323.124329
323.269531
323.910980
324.675262
324.486115
324.307068
325.030060
325.276825
325.103699
325.448273
325.901123
326.220032
325.777771
325.862762
326.200012
326.788086
326.814636
327.103058
327.014282
327.667053
327.437500
327.369781
327.783142
327.377258
327.612732
327.333069
327.695740
327.648895
327.375305
327.697693
327.045013
327.159515
327.050629
326.629822
326.987122
326.820923
326.430481
326.262390
325.526398
325.557648
326.116547
325.618866
325.116608
324.778839
324.412292
324.791656
324.228394
323.791595
323.700531
323.723999
322.923340
323.057129
323.132751
322.675934
322.307800
322.147858
322.360779
322.087860
321.904572
321.929688
321.829193
321.228943
321.241364
321.367004
321.282288
320.897491
321.134521
321.216675
321.306152
321.326019
321.241760
320.980408
321.207306
321.506500
321.734039
321.859833
322.415771
322.604889
322.347107
322.675812
322.831299
323.261597
323.101196
323.334320
323.858154
323.878998
324.120453
324.358185
324.949829
325.359344
325.579590
325.878235
325.837189
326.231323
326.613770
326.677612
327.109558
327.155701
327.511597
327.660400
327.728851
328.211975
328.023254
328.538544
328.434814
328.523193
328.968506
328.923950
328.967468
329.093079
329.294342
329.062408
329.195648
329.065002
328.730865
328.922607
328.813171
328.679962
328.743500
328.513702
328.466370
328.368530
327.668243
328.048981
327.512634
327.392059
327.371948
326.560394
326.806152
326.561127
326.621246
326.465271
325.682251
325.440765
325.592224
325.143219
325.014984
324.614532
324.347839
324.345490
324.433899
324.410400
323.409485
323.458801
324.008911
323.386566
322.844849
322.943665
323.123871
322.976044
323.227783
323.288208
323.116364
323.023193
323.299591
322.975922
323.282623
322.797699
323.196014
323.505432
323.248962
323.320007
323.223450
323.312286
323.798248
324.466675
324.156036
324.180603
324.487244
324.828827
325.418945
325.512207
325.860840
326.171265
326.066742
326.537811
326.814514
326.963104
327.442139
327.803406
328.143829
327.802002
328.594482
328.850861
328.949799
328.822906
328.910553
329.732971
329.164612
329.855164
329.984039
329.920380
330.074921
330.397339
330.222809
330.175018
330.270081
330.130676
330.384277
330.546539
330.357330
330.427338
330.009796
330.462616
330.507385
330.072693
330.004761
329.853027
329.762146
329.900452
329.803101
329.461212
329.334595
328.500763
328.629608
327.869873
327.872223
327.566101
327.769104
327.486298
327.868713
327.147156
327.366699
326.917969
326.712128
327.048553
326.687744
325.849701
325.861969
325.625061
325.652649
325.881622
325.693481
325.807007
325.689667
325.346802
325.787750
325.426483
325.430420
326.454559
325.252777
325.684937
325.673431
325.730865
325.938171
326.081421
326.222107
326.501190
327.009521
326.736450
327.182281
327.340240
328.042084
328.514771
328.046875
328.465485
328.911652
329.251648
329.582886
329.721802
330.060699
330.606140
330.797241
331.136597
330.845093
331.792114
331.949615
332.092438
332.777222
333.136108
333.064423
333.252716
333.543213
333.606262
334.133026
334.301331
334.718170
334.737305
334.626434
335.210266
335.538300
335.210419
335.066040
335.237457
335.506653
335.123627
335.352661
335.164215
335.278412
335.597687
335.125427
335.511658
334.973999
334.907288
335.132812
334.643555
334.740692
334.111359
334.317596
334.013275
333.899353
333.519562
333.355957
332.895447
332.952911
332.789337
332.123932
332.609955
331.707092
331.699768
331.699738
331.240326
330.977051
330.615662
330.807526
330.025757
330.301361
330.202789
330.187561
330.266357
329.708832
329.640472
329.771973
329.490051
329.317505
329.208069
329.310669
329.027832
329.871582
329.296326
329.529724
329.587097
329.987549
330.443054
329.824310
330.512146
330.328644
331.205658
330.511719
331.591766
331.942352
331.737549
331.881744
331.887909
332.380341
332.893951
333.255951
333.862366
334.058960
333.813843
334.801605
335.254272
335.432953
335.977631
336.207031
336.292206
336.057251
336.938568
336.872650
337.201843
337.427490
337.730530
337.879425
338.307556
338.957184
338.374725
338.939850
338.593872
339.349121
338.917389
339.615021
339.873993
339.484070
339.761841
339.473572
339.546997
339.728333
339.624420
339.893799
339.154877
339.171631
339.751984
339.296967
338.606537
338.499939
338.198669
337.954895
337.685181
337.990173
337.231659
337.270660
336.469177
336.300690
336.194580
335.750427
335.760223
335.457428
334.575958
334.098969
334.097321
333.985260
333.981598
334.362579
333.410583
332.977600
333.303986
332.960541
332.478821
332.386688
331.819275
331.943024
332.163422
331.576324
331.849304
331.543640
331.450592
330.929108
331.123199
331.290222
331.650879
331.851135
331.436310
331.990356
331.734650
331.742584
332.125336
332.809662
332.303833
332.685699
332.678040
332.354370
333.011230
333.120605
333.184662
333.902130
334.028839
334.160126
334.299896
335.153656
335.106842
335.069305
335.227295
335.943939
335.789673
336.330566
337.018646
336.988617
337.396271
337.447601
337.454285
337.651733
338.241547
338.042938
338.523956
338.303741
338.329529
339.132141
339.330475
339.000275
338.889435
338.849213
338.814178
339.096405
339.032715
339.277191
339.052002
338.400574
338.693420
338.532776
338.105011
338.542480
338.263214
338.392639
337.693451
337.526154
337.000183
337.154327
336.690002
337.101105
337.169189
336.143433
336.162048
335.726562
335.957886
335.335968
334.966431
335.081482
334.574982
334.194824
334.183472
333.876373
333.592743
333.998199
333.850220
333.833313
333.089478
333.480499
333.149628
333.155396
332.748718
332.769531
332.698578
332.865753
333.041199
332.751495
332.807861
333.042816
332.360596
332.949982
332.905182
333.028564
333.103119
334.056854
333.472778
333.484955
333.898773
334.075104
334.457855
334.510132
334.562439
334.916565
335.575134
335.209839
335.532288
336.045074
335.760559
335.820740
336.173340
336.640503
336.833801
337.104034
337.083832
337.279358
337.758759
337.746674
337.972626
337.995758
337.961182
337.865997
337.727570
337.971039
338.250946
338.338593
338.524597
338.423615
338.473602
338.505096
337.725952
338.086365
337.744415
337.425812
337.139526
337.334595
337.576874
337.176880
337.017059
336.853668
336.970856
336.732117
335.957153
336.095459
335.824036
335.041260
335.257019
335.225616
334.637360
334.515076
334.568176
334.303009
334.228912
333.688324
332.897156
333.055481
333.243713
332.456909
332.718201
332.896484
332.134399
332.151398
332.510559
332.207672
332.481750
332.004974
331.859070
332.025452
331.746490
331.836456
332.017578
332.049133
332.166321
331.982208
332.074493
332.318207
332.145538
332.840515
332.523956
333.163574
333.054382
332.411407
333.382629
333.440704
333.669708
333.358551
333.875031
334.449158
334.078003
334.813416
334.735352
334.982971
335.774994
335.506104
336.098206
336.376678
336.892456
336.341248
336.586456
336.587677
336.817993
336.502899
337.137665
336.931946
336.726593
337.330444
337.245087
337.021698
337.133667
336.869049
337.042603
336.837616
337.105835
336.435028
336.516235
336.128479
336.206024
336.067535
335.852509
335.393646
335.366699
335.109161
334.972931
334.444794
334.005676
333.871063
333.816467
333.587036
333.158722
332.785553
332.684845
332.470062
332.105865
331.539093
331.496826
331.189423
331.145905
330.945526
330.754303
331.154816
330.896545
330.712219
330.784332
330.876923
330.483459
330.720093
330.666565
330.648834
331.196106
331.094116
331.584900
331.778961
332.388458
332.494843
332.552948
333.543091
333.614136
333.583984
333.785431
333.953003
334.697845
335.306824
335.423004
335.794556
336.306519
336.616333
337.077393
337.203125
337.743500
337.626068
338.062286
337.983368
338.564728
337.791748
338.152588
337.588348
337.439606
337.506226
337.000824
336.498108
335.946167
335.669464
333.869263
332.671509
331.819946
331.244812
329.327026
327.670593
325.842102
324.173370
322.114929
319.927032
317.678528
314.840393
312.486389
309.322327
306.722137
303.918243
300.436890
297.138885
293.920441
290.025208
286.390930
282.442657
278.680634
274.170288
270.155457
265.812469
261.654755
257.780243
252.969681
248.870773
244.625931
240.457260
236.123398
232.032486
228.143036
224.139847
220.386765
216.542007
212.953812
209.658310
206.447189
203.464523
200.477341
198.344559
196.017670
194.105698
192.079376
190.481430
188.781387
187.949249
187.223068
186.963501
187.104431

225.665375
184.152267
184.505203
185.306686
186.094849
187.438751
188.881317
190.577805
192.517654
194.434082
197.140106
200.098679
202.510239
205.682938
208.766953
212.292221
215.632706
219.085983
223.035385
226.966705
230.677292
234.495865
238.371185
242.588669
246.691956
250.715714
254.681198
258.684784
262.660156
266.390717
270.230377
274.055023
277.613800
281.212982
284.772186
287.924103
291.293854
293.922729
297.338257
299.846710
302.731201
305.000519
307.417267
309.660278
311.068787
313.269958
315.147278
316.465851
318.094574
319.304291
320.700073
321.494629
322.811554
323.387482
323.677063
324.718079
325.127167
325.387238
326.018097
326.262268
325.885040
326.037659
326.263733
326.188080
325.530670
325.368958
325.729309
325.142548
324.452789
324.928223
324.280701
324.227325
323.940887
323.317261
323.087067
322.763123
322.497894
322.007446
322.075256
321.705963
321.447357
321.482330
320.927673
320.735596
320.554993
320.957184
320.734039
320.400391
320.219818
319.964020
320.221283
320.301941
320.699402
320.808655
321.025208
321.530914
320.991333
321.216278
322.080963
321.719147
322.182678
322.536621
322.841675
322.575012
323.084106
323.825256
324.123108
324.586670
324.870087
325.044250
324.813263
325.377533
325.684784
325.914825
325.917389
326.322784
326.944946
327.204681
326.930878
327.285400
327.543121
327.937103
328.118591
327.886688
328.205872
327.751129
327.793823
327.622864
327.992126
327.795532
327.590515
327.884338
327.682739
327.525940
327.503662
326.948425
327.032715
326.709900
326.486359
326.275940
325.860718
325.579651
324.951813
324.771851
324.488678
324.383057
323.854340
323.921600
323.744904
323.176483
322.860474
322.878845
322.514923
321.669983
321.747162
321.250519
321.308868
320.795013
320.903900
320.280762
320.242218
320.156769
320.229889
319.940033
319.873383
319.793762
319.985687
319.733368
320.319244
319.760315
320.025635
320.078949
320.377777
320.439606
320.568634
320.299408
320.816681
320.639679
320.946106
321.702179
321.710388
322.576172
322.546082
322.585724
322.870453
323.305023
323.432861
323.775513
324.264282
324.747711
324.906067
325.184387
325.311646
325.364777
326.079559
326.462952
326.603668
326.760773
327.113251
327.403992
327.680939
328.273682
328.091919
328.366486
328.373749
328.615173
328.343567
328.503082
328.943573
328.213593
328.703156
328.831268
328.689331
328.454163
328.092621
328.465179
328.270111
328.228027
328.139709
327.479492
327.629089
327.587402
327.098633
327.041748
326.790466
326.407013
326.248871
326.053040
325.394928
325.565308
324.257263
324.414795
324.278412
324.007050
323.515289
323.114014
322.580505
322.495544
322.143127
321.967438
322.033051
321.957916
321.721191
321.191772
320.986542
320.859680
321.184845
320.495697
320.506989
320.376740
320.118896
319.673828
319.540741
319.985718
319.482300
319.568115
319.990051
319.792664
319.873627
320.157532
320.397125
320.188965
320.221436
320.625824
320.793060
321.327698
320.688934
321.548004
321.787415
322.285797
322.450623
322.126038
322.564117
322.949738
323.121674
323.741302
324.514984
324.331268
324.160797
324.886780
325.132568
324.966980
325.335663
325.826355
326.125916
325.692474
325.782654
326.152954
326.756409
326.794861
327.077606
327.016022
327.701660
327.459717
327.412994
327.822906
327.452850
327.707214
327.425262
327.839325
327.772614
327.543732
327.862854
327.239563
327.361420
327.313721
326.862366
327.243805
327.101532
326.710571
326.556427
325.829651
325.859192
326.487091
326.019623
325.520081
325.205811
324.878815
325.239532
324.697479
324.278748
324.215515
324.273987
323.475983
323.595947
323.700592
323.251923
322.907959
322.786194
322.963837
322.723877
322.562714
322.608826
322.529999
321.915222
322.004547
322.101440
322.070557
321.662292
321.919373
322.003479
322.113159
322.091644
322.047729
321.762421
321.988617
322.306122
322.560211
322.681976
323.271484
323.455902
323.178894
323.509186
323.726471
324.102081
323.963196
324.226257
324.711273
324.743683
324.982666
325.223846
325.807098
326.225708
326.398712
326.725555
326.685669
327.117218
327.474915
327.495300
327.911560
328.006012
328.343903
328.464905
328.498932
328.992432
328.791565
329.288544
329.176636
329.281738
329.636261
329.654083
329.667419
329.770691
329.951996
329.678711
329.896606
329.696503
329.355438
329.504639
329.393097
329.241760
329.277222
329.047241
328.989960
328.901886
328.139252
328.525909
327.947021
327.809570
327.775146
326.965179
327.168976
326.922272
326.945190
326.806854
326.003052
325.746704
325.873749
325.407990
325.242340
324.827881
324.544189
324.560120
324.595276
324.558868
323.535461
323.606964
324.114502
323.483459
322.948090
323.012207
323.171112
323.009277
323.270325
323.322693
323.129883
323.015900
323.284424
322.925964
323.221954
322.769684
323.127014
323.440552
323.155975
323.226227
323.148438
323.212463
323.709167
324.374359
324.055573
324.081879
324.367798
324.711548
325.287750
325.393829
325.727448
326.034302
325.923462
326.418884
326.654297
326.816437
327.285370
327.692963
327.996704
327.663483
328.473724
328.730194
328.809998
328.689758
328.803223
329.624634
329.058289
329.770691
329.879028
329.820953
329.994568
330.303528
330.179962
330.112000
330.203674
330.056091
330.337006
330.522278
330.321625
330.399597
329.975555
330.454224
330.512360
330.068237
330.024780
329.889008
329.803650
329.953796
329.862976
329.513275
329.395905
328.599792
328.727783
327.973969
328.023499
327.714966
327.931641
327.625427
328.051270
327.339264
327.542999
327.102386
326.921509
327.254883
326.915161
326.108063
326.093689
325.851501
325.905060
326.158875
325.972412
326.116974
325.995331
325.659912
326.098145
325.740570
325.764252
326.527985
325.591125
326.024475
326.008545
326.093506
326.326996
326.469238
326.585388
326.877075
327.385071
327.131287
327.599640
327.715271
328.443542
328.921204
328.464447
328.869019
329.336212
329.682068
330.017487
330.180420
330.474152
331.047729
331.226227
331.573151
331.233582
332.181030
332.356964
332.522095
333.203766
333.587311
333.450287
333.676849
334.006042
334.035431
334.544403
334.701141
335.124908
335.136719
335.085632
335.604645
335.920502
335.640594
335.460541
335.678558
335.936096
335.521851
335.716980
335.549347
335.670074
335.941559
335.477661
335.900604
335.355103
335.251160
335.487244
335.003479
335.090942
334.441223
334.644531
334.366425
334.216187
333.833405
333.682220
333.218231
333.246674
333.098969
332.436768
332.875336
331.986389
331.974182
331.985413
331.511841
331.213959
330.847015
331.056000
330.253998
330.505066
330.444580
330.412903
330.477325
329.913483
329.842621
329.976440
329.692139
329.500916
329.379791
329.478271
329.213715
330.023804
329.441681
329.680450
329.697113
330.119324
330.559662
329.954865
330.624603
330.425598
331.287750
330.605225
331.684662
332.009674
331.792358
331.937988
331.942383
332.425476
332.921234
333.284424
333.892426
334.087463
333.824829
334.818817
335.259979
335.431000
335.985168
336.200714
336.278503
336.002594
336.882965
336.792542
337.141541
337.369965
337.649506
337.798279
338.224762
338.862946
338.260315
338.815674
338.496490
339.226501
338.789856
339.467712
339.744751
339.332245
339.605164
339.295044
339.387329
339.536316
339.436829
339.680573
338.933777
338.970215
339.530426
339.070862
338.376068
338.246094
337.923737
337.709381
337.411682
337.721985
336.953949
336.996643
336.180023
335.992767
335.903168
335.434113
335.413025
335.114319
334.256073
333.779327
333.739258
333.632599
333.640259
334.010345
333.032867
332.581848
332.925995
332.569489
332.089142
331.971069
331.429260
331.538910
331.761871
331.169830
331.431091
331.130707
331.023438
330.479187
330.688293
330.864624
331.202209
331.408661
330.977936
331.515594
331.271057
331.262573
331.657410
332.348969
331.846497
332.218231
332.198700
331.881714
332.544037
332.664612
332.719299
333.410522
333.583954
333.681244
333.856079
334.685822
334.638885
334.606323
334.763123
335.469727
335.344208
335.880432
336.539856
336.529419
336.926727
336.978180
336.994324
337.188782
337.778473
337.602051
338.070984
337.854553
337.896332
338.688232
338.908539
338.611176
338.470703
338.424744
338.447998
338.682495
338.641998
338.875763
338.659485
337.992767
338.306610
338.157532
337.743073
338.172516
337.911346
338.018982
337.345093
337.153290
336.673218
336.808838
336.366302
336.767120
336.854370
335.841888
335.856476
335.394379
335.653717
335.022858
334.689209
334.784485
334.326355
333.912445
333.927246
333.607147
333.333496
333.739075
333.606232
333.594666
332.759094
333.249908
332.928223
332.924225
332.560608
332.553040
332.509521
332.657715
332.857117
332.589386
332.621033
332.844940
332.202393
332.787231
332.721283
332.846436
332.953308
333.874420
333.318756
333.335754
333.766907
333.877838
334.310211
334.408508
334.398651
334.778870
335.450714
335.122864
335.408478
335.938477
335.623108
335.750854
336.077637
336.555176
336.756287
336.999176
337.015228
337.186829
337.661285
337.674988
337.870789
337.927246
337.877197
337.780792
337.638855
337.919586
338.231781
338.255920
338.440735
338.360718
338.406555
338.438538
337.696259
338.011017
337.668793
337.390015
337.076111
337.261749
337.514160
337.130981
336.964569
336.789825
336.922546
336.703552
335.900421
336.037659
335.775665
335.010101
335.219116
335.184448
334.592834
334.485535
334.533508
334.246796
334.176361
333.644318
332.867615
333.034119
333.213257
332.429932
332.706879
332.866058
332.099304
332.119110
332.456757
332.166504
332.473969
331.974121
331.829041
331.987793
331.735229
331.790161
331.983673
332.017426
332.146484
331.951141
332.062988
332.309998
332.124634
332.812775
332.501801
333.163727
333.006165
332.364838
333.352295
333.432068
333.655884
333.350525
333.851349
334.412201
334.048676
334.806488
334.735321
334.981049
335.764343
335.492554
336.073822
336.353210
336.884033
336.321381
336.571655
336.605652
336.830750
336.482758
337.130493
336.914917
336.724640
337.320770
337.238556
337.013275
337.112823
336.869080
337.034576
336.816650
337.089935
336.448212
336.508331
336.135040
336.198883
336.045654
335.853821
335.383026
335.357391
335.114624
334.965057
334.444397
334.008301
333.858795
333.817169
333.576050
333.165039
332.773682
332.689178
332.442322
332.092804
331.517914
331.468719
331.156311
331.141754
330.914062
330.740387
331.118225
330.881256
330.657623
330.741608
330.836151
330.433777
330.685608
330.634277
330.596649
331.146606
331.045624
331.531982
331.721039
332.361176
332.430878
332.487885
333.469727
333.544647
333.525787
333.721954
333.885315
334.596222
335.215912
335.344788
335.717499
336.236969
336.528748
337.007782
337.103485
337.634399
337.511658
337.975159
337.891174
338.452393
337.680145
338.012238
337.462708
337.312347
337.369171
336.847778
336.398895
335.792480
335.518524
333.717865
332.522156
331.681763
331.085266
329.196106
327.508026
325.691895
323.998016
321.948456
319.736389
317.478668
314.678131
312.337555
309.148346
306.561218
303.750305
300.231079
296.973206
293.699554
289.838837
286.198456
282.257996
278.483246
273.978485
269.946808
265.600677
261.469452
257.579224
252.748917
248.659317
244.401794
240.240234
235.921890
231.809555
227.937317
223.909744
220.156967
216.316757
212.759399
209.430847
206.216324
203.233902
200.284515
198.103745
195.789566
193.873062
191.852982
190.237610
188.552795
187.738052
186.967621
186.726685
186.908615

