284.634399
173.795135
174.080475
174.740143
175.513550
176.868561
178.233871
180.143051
181.698578
183.667969
185.926910
188.507812
191.027267
194.060104
196.956863
200.326599
203.355515
206.807632
210.149307
214.067780
217.367828
221.411743
225.100464
228.674789
232.741302
236.494751
240.227432
243.760254
247.549011
251.305542
255.000305
258.454407
261.969086
265.680389
268.630676
272.059540
274.071991
277.079071
279.981628
282.904358
285.309845
287.474396
289.648865
291.617096
293.441193
295.710663
297.655945
298.735840
299.867432
301.482269
302.475250
303.825134
304.638763
305.186676
305.375183
306.357971
306.638306
307.313751
307.754578
308.032745
308.193756
308.032501
307.936005
308.035645
308.000031
307.757751
307.886749
307.417145
307.688995
307.106720
306.961243
306.464355
306.242950
305.863373
305.816925
305.849945
305.752991
304.875916
304.733154
304.261932
304.302582
304.256561
304.018951
304.120331
303.915649
303.833893
303.991669
303.865814
304.187714
303.487427
303.831726
304.181671
304.154785
304.620789
304.589569
304.997131
304.591583
304.989471
305.690887
305.648987
306.389343
306.551880
306.895569
307.079254
307.478119
307.676147
308.450562
308.465576
309.139862
309.088165
309.692261
309.687866
310.527802
310.479034
311.045563
311.653198
311.555115
311.755341
312.078644
312.438812
312.554840
312.853363
312.534332
312.895325
313.422211
313.133301
313.378082
313.109406
313.482513
313.456268
313.667847
313.277985
312.980499
313.041962
312.885773
312.909210
313.023987
312.386322
312.531342
312.007538
311.880737
311.575439
311.528961
311.077606
311.116882
310.723145
310.562622
310.121033
309.906158
309.408173
309.242920
309.592194
309.197205
308.858582
308.675995
308.617584
308.414398
308.102661
307.845398
307.952820
307.864227
307.395538
307.277100
307.607849
307.645508
307.345734
307.420929
307.419495
307.336029
307.848358
307.991364
307.875092
307.890259
307.974609
308.707031
308.428619
308.826965
309.120544
309.101807
309.568665
309.983185
310.190399
310.413239
311.053406
311.348419
311.447540
311.794098
312.123779
312.224304
312.853455
313.302643
313.756042
313.890717
313.940979
314.547516
314.862518
315.084076
315.570404
315.701172
316.488892
316.299042
316.538574
316.459167
317.229156
317.207916
317.489807
317.506683
318.055603
317.496460
317.679810
317.838104
318.173431
317.791565
317.866089
318.526031
317.851349
317.278778
317.874329
317.584686
317.345581
317.653046
317.195679
317.184937
316.748413
316.726837
316.686707
315.923584
316.156769
315.905518
315.738403
315.113586
314.955566
314.974182
314.341583
314.210693
313.731354
313.804321
313.349243
313.285889
313.058380
312.996033
312.775574
312.339478
312.396271
312.024445
311.927856
311.828552
311.645172
311.253082
311.510010
311.382629
311.626282
311.634125
311.361816
311.483459
311.637939
311.590210
311.490662
312.080322
311.748932
311.903259
312.137878
312.443176
312.602539
312.744110
312.899475
313.129669
313.499603
313.641449
313.829590
314.355347
314.489777
314.913666
315.481506
315.582611
316.161987
316.224915
316.376434
316.403931
316.879028
317.177765
317.258179
317.729523
318.299438
318.477356
318.857758
318.601868
319.379059
318.874420
319.616638
319.630035
319.901367
320.134186
320.302490
319.913269
320.314148
320.943329
320.496857
320.759857
320.667175
320.580658
320.465668
320.767731
320.265717
320.377167
320.336060
320.326630
320.274841
319.666229
320.168243
319.537903
319.553864
319.752106
319.356934
318.677460
318.953705
318.911377
318.321594
318.179657
317.855621
318.228577
318.049896
317.392151
317.411713
317.211609
317.230682
316.656982
316.433624
316.507202
316.500519
316.216705
315.883850
315.906281
315.975403
315.633942
316.169861
315.878693
315.851990
316.168365
315.869720
315.771484
316.014252
315.854675
315.861389
316.570038
316.423248
316.401459
316.452332
316.639435
316.799500
317.322479
317.684540
317.788971
317.810791
318.358948
318.198151
318.706604
318.909058
319.369141
319.846405
320.068085
319.966492
320.654938
320.966125
321.684631
321.537354
321.735748
321.821869
322.284882
322.878113
322.773254
323.137268
323.894562
323.634338
323.978119
323.957245
323.879242
324.263977
324.155151
324.528351
324.960754
324.587799
325.294464
324.647614
324.835297
324.667633
324.649200
325.053467
324.790497
325.040802
324.675507
324.943329
324.363556
324.660095
324.358429
324.181305
324.374512
323.708099
323.842010
324.045868
323.602386
323.577515
322.747589
323.173859
323.077179
322.753296
322.265381
321.813568
322.281067
321.933350
321.339111
321.715240
321.720337
320.923157
321.094910
320.717407
320.721069
320.760284
320.293396
320.345459
320.274719
320.325378
320.422607
320.088654
320.491119
320.160339
319.901001
319.608826
320.415222
320.298615
320.340668
320.622009
320.416870
320.783508
321.395050
321.606415
321.611603
321.370331
321.958832
321.727356
322.543121
322.301880
322.570496
322.947266
323.150574
324.069489
324.058960
324.022156
324.338593
325.187592
325.114868
325.202362
325.658234
325.625427
326.268097
326.189362
326.351074
326.375031
327.081665
327.382751
327.030914
327.655487
327.949646
327.768921
328.479340
328.452057
328.551819
328.437958
328.503113
328.778168
328.415161
328.903961
328.958221
328.777802
328.738159
328.949188
328.599121
328.607300
328.660858
328.591248
328.535217
328.577454
328.204346
328.168762
327.934631
327.966095
327.737610
327.548462
327.501617
327.527954
327.479584
327.228333
326.971252
326.673584
326.600067
326.391663
326.969147
326.174957
326.062103
326.029144
326.032440
325.790985
325.867249
326.079193
325.525482
325.190002
325.622223
325.194946
325.189117
325.315399
325.580383
325.423828
325.642670
326.048920
326.034668
325.871796
326.352539
326.409119
326.509369
326.590424
327.065002
327.451385
327.416687
327.765533
328.241882
328.674957
328.358826
329.067780
328.900269
329.368988
329.789612
330.020233
330.430420
330.638214
331.181702
331.714813
332.372437
332.494568
333.061920
333.506012
333.380066
333.842285
333.866241
334.422119
334.947937
335.154907
335.544952
335.768707
336.276917
336.175110
336.211670
336.244873
336.798096
337.143585
337.245697
337.670258
337.524902
337.744690
338.069214
338.032654
338.015167
338.078735
338.063446
337.997620
337.628418
337.547028
337.673737
337.667328
337.099426
337.066467
337.492920
336.962372
336.636749
337.377808
336.434967
336.366669
336.034698
336.309265
335.952545
336.026550
335.704041
335.334412
335.403931
334.933502
335.020569
334.430237
335.012512
334.623291
334.537079
334.321442
334.285919
334.115326
334.100250
333.654968
333.682098
333.778992
333.904480
334.128387
333.834076
333.896881
333.773010
334.227722
333.655731
334.599182
334.841156
334.684418
335.012939
334.900726
335.495697
335.689148
335.616241
336.335266
336.393250
336.875214
337.098541
337.596893
337.713379
338.029083
338.658600
338.935699
339.398254
340.175598
339.762238
340.661591
340.537750
341.285339
342.180573
342.045074
342.585602
342.786255
343.401733
344.031189
344.033752
344.580597
344.978607
345.178772
344.821747
345.132599
345.945282
345.801392
346.287415
346.296478
346.546936
346.859375
346.799561
347.047180
347.246674
346.854340
347.564758
347.154419
347.222992
346.705383
346.630951
347.070648
346.700562
346.640869
346.507385
346.068695
346.304199
346.159882
345.937042
345.824554
345.452423
345.084595
344.714691
345.026031
344.326172
344.274231
344.197174
343.820953
343.231415
343.199677
343.019501
342.716400
342.880219
342.378082
341.790833
341.969177
341.704376
341.297943
341.231628
341.257996
341.134186
340.653717
340.689423
340.949432
340.473083
340.252228
340.733032
340.054230
340.426727
340.723969
340.630341
340.901672
341.079987
341.067505
341.088776
341.356903
341.277985
342.125366
341.758881
342.046722
342.542175
342.901886
342.335663
343.203094
343.499420
343.509827
344.155334
344.456055
344.803345
344.985474
345.578857
345.557587
345.581757
346.368378
346.633148
347.191956
347.425690
347.319641
347.779816
347.511993
348.259216
348.605988
348.977539
348.920563
349.393524
349.638184
349.409393
349.170013
349.794525
349.743256
349.810272
349.940277
350.512787
350.184814
350.758575
350.020508
350.492493
350.201691
349.796112
350.473663
349.700867
349.795380
349.988312
349.694275
349.469543
349.403900
348.841034
348.708191
348.902039
348.663971
348.791718
348.171356
348.274902
347.954193
347.494812
347.882507
346.943878
346.993103
346.401886
346.881348
346.352478
346.187653
346.011627
346.137024
345.984680
346.246338
345.640656
345.304016
345.719147
345.541473
345.344574
345.437469
345.181183
345.327698
345.322174
345.335022
345.428741
345.254761
345.953979
345.397034
345.730255
346.141052
346.212860
346.131622
346.491058
346.311432
347.052704
347.002747
347.498383
347.619751
347.700684
347.613342
348.114105
348.657471
348.493835
348.890076
349.032684
349.208252
349.050232
349.330627
350.142242
350.421417
350.760010
350.891327
351.108368
351.377197
351.476501
351.577423
351.788879
351.337799
351.832489
351.821167
351.796936
351.899323
351.878357
352.206696
351.926086
352.001923
351.895721
351.431305
351.695374
351.570404
352.174438
351.227936
351.643372
351.412781
351.381287
351.077423
350.391754
350.423767
350.478485
349.879089
350.152618
349.865021
349.862122
349.123383
349.107971
348.601379
348.677582
348.473206
348.414703
347.780670
347.737457
347.192810
347.413055
347.276917
346.929260
347.431549
346.963257
346.598511
346.266052
346.195984
346.038513
346.302795
346.400543
345.933136
346.421051
345.895630
346.333282
346.455139
346.500275
346.737335
346.794434
346.452118
346.712921
346.754486
346.871521
347.479828
347.363953
347.859467
347.830688
348.336182
348.263245
348.851471
348.844849
349.235077
349.560425
349.812714
349.530121
349.574646
350.053680
350.872620
350.594910
351.127808
350.762299
351.472900
351.504517
351.721039
351.895355
351.139313
351.791809
351.661530
351.778992
351.846741
352.154297
352.282135
351.632996
351.950958
352.347412
351.536346
351.603790
351.553741
351.618011
351.958557
350.955597
350.705017
350.719849
350.534119
350.329102
349.533569
349.566833
349.656250
349.283295
348.580963
348.733765
348.543976
348.052551
347.620941
347.656738
347.085327
346.837616
346.593231
346.317200
345.647705
345.983826
345.952820
345.704163
345.363342
345.746765
345.262512
345.473358
345.758270
345.796448
345.747894
345.350250
345.663025
346.247528
346.378326
346.494232
346.945587
347.138214
347.340240
347.495148
348.111938
348.300537
348.842682
349.127075
349.543945
350.262268
350.557648
350.990021
351.137482
351.617279
352.087280
352.068817
352.703888
353.093842
353.503387
353.604919
353.891510
353.599884
353.775330
353.662292
353.757843
353.075287
353.520508
352.742279
352.360840
351.766296
350.632843
350.007507
349.060059
348.243103
346.428223
344.790283
343.370850
341.792236
339.457825
337.842133
335.297394
333.268127
330.540955
327.585083
324.669830
321.663239
318.059418
314.915222
311.739288
307.142273
303.675323
299.631592
295.676727
291.753906
287.425323
282.905914
278.545380
273.764740
269.734375
265.327942
260.584900
256.366150
251.902481
247.347061
243.255493
238.702988
234.592377
230.933136
226.975189
222.982803
219.510345
216.205170
213.296432
210.070694
207.556198
205.132935
202.958191
200.872009
199.409332
197.998077
196.977798
196.273529
195.952133
196.159180

281.285034
173.922562
174.199387
174.856583
175.631393
176.978546
178.366547
180.274719
181.845322
183.819168
186.076462
188.684799
191.207733
194.232513
197.141464
200.532166
203.588135
207.039963
210.383652
214.310715
217.640381
221.708160
225.409286
229.011795
233.068130
236.826706
240.615051
244.152847
247.978470
251.727966
255.449341
258.936096
262.441803
266.199646
269.133484
272.600281
274.651337
277.690155
280.573303
283.530426
285.997162
288.167603
290.322418
292.323853
294.179718
296.498566
298.386963
299.558777
300.694397
302.296875
303.339783
304.672577
305.512482
306.114624
306.272461
307.286469
307.605347
308.310394
308.762482
309.040955
309.235596
309.062622
308.994385
309.110016
309.072449
308.849487
309.042969
308.512024
308.843903
308.251007
308.113312
307.627808
307.434631
307.024597
307.008362
307.002655
306.954529
306.079224
305.930817
305.441467
305.464478
305.455566
305.193176
305.349091
305.096985
305.032257
305.169189
305.021545
305.341705
304.645996
304.977081
305.340515
305.289337
305.765930
305.693848
306.087830
305.688171
306.069427
306.744110
306.695160
307.404663
307.572235
307.877319
308.058258
308.444244
308.647583
309.379425
309.353149
310.032135
309.936340
310.512939
310.529083
311.326843
311.263397
311.815338
312.390656
312.299255
312.454071
312.751404
313.065338
313.186798
313.467926
313.148529
313.443604
313.953522
313.652832
313.853821
313.597076
313.945465
313.862457
314.066864
313.663849
313.325836
313.380371
313.212769
313.205017
313.309540
312.622894
312.754852
312.214722
312.066498
311.749573
311.695984
311.212555
311.204742
310.807983
310.650513
310.171204
309.926880
309.407990
309.251526
309.573914
309.139282
308.793243
308.612610
308.521210
308.314850
308.012482
307.735992
307.806702
307.734070
307.250336
307.130371
307.424438
307.477814
307.159058
307.231049
307.232971
307.157227
307.637756
307.786591
307.661621
307.637512
307.748535
308.481689
308.215576
308.591125
308.899963
308.897369
309.302643
309.753479
309.976410
310.183105
310.842987
311.107361
311.236450
311.567383
311.919800
312.019531
312.631531
313.112671
313.562286
313.692719
313.739471
314.380005
314.708008
314.938995
315.437866
315.559662
316.354401
316.161499
316.444427
316.350555
317.123413
317.072723
317.393036
317.423645
318.026581
317.458588
317.624634
317.792816
318.165131
317.784546
317.866211
318.505371
317.843323
317.315765
317.925751
317.596863
317.417114
317.720123
317.261871
317.254608
316.849396
316.812164
316.816010
316.063629
316.281342
316.011963
315.906036
315.290314
315.141632
315.160950
314.533142
314.415833
313.931519
314.014404
313.569580
313.539062
313.298950
313.272003
313.054810
312.627777
312.687012
312.306183
312.244049
312.156799
311.958282
311.595306
311.843536
311.741119
312.003113
311.980865
311.719879
311.894928
312.036438
311.964630
311.910706
312.467590
312.185516
312.352509
312.563507
312.920624
313.035126
313.227600
313.370941
313.616669
313.985962
314.132904
314.330170
314.861908
315.027161
315.468292
316.017090
316.124084
316.720276
316.794037
316.956421
317.008667
317.483246
317.807037
317.877350
318.379303
318.948792
319.137451
319.521332
319.254120
320.057343
319.573914
320.337585
320.348022
320.649200
320.901794
321.082672
320.720734
321.126373
321.763794
321.307892
321.602173
321.500671
321.413208
321.353973
321.679352
321.162384
321.307312
321.295258
321.264404
321.223877
320.616180
321.172913
320.519196
320.571320
320.785217
320.369812
319.722595
320.015472
319.996857
319.402588
319.252258
318.969330
319.310028
319.136536
318.518219
318.557434
318.390381
318.437256
317.842255
317.645081
317.743134
317.755432
317.482513
317.116882
317.193420
317.280426
316.913940
317.434143
317.162811
317.176056
317.427795
317.224396
317.132324
317.389313
317.242401
317.190399
317.933807
317.775665
317.803345
317.839691
318.030762
318.166931
318.732941
319.107758
319.136200
319.184204
319.795410
319.614716
320.145874
320.338318
320.808075
321.227448
321.528229
321.354675
322.078735
322.353516
323.079132
322.937836
323.108978
323.218536
323.640778
324.216980
324.168518
324.483643
325.242767
324.992188
325.354065
325.258972
325.205627
325.545044
325.472321
325.812653
326.260773
325.875244
326.541595
325.931580
326.064514
325.926331
325.919189
326.315735
326.009918
326.207520
325.791565
326.118622
325.541229
325.783997
325.457214
325.281769
325.434723
324.755554
324.876801
325.093658
324.611816
324.556030
323.693298
324.142212
323.983124
323.661133
323.202637
322.732910
323.178894
322.824310
322.157990
322.526184
322.531952
321.687225
321.850586
321.475586
321.456696
321.451202
320.985626
321.023773
320.931580
320.988434
321.055084
320.692230
321.141052
320.738342
320.470642
320.161102
320.963654
320.796021
320.891205
321.098846
320.945587
321.259094
321.883087
322.064301
322.032806
321.766754
322.361572
322.095062
322.872650
322.679016
322.944824
323.261993
323.489258
324.380432
324.348541
324.306366
324.595581
325.478973
325.382446
325.423859
325.925629
325.868713
326.508453
326.444000
326.562439
326.596527
327.314178
327.588928
327.267059
327.841370
328.125824
327.916595
328.650513
328.602051
328.726776
328.595398
328.676147
328.923370
328.554779
329.029816
329.066925
328.910248
328.874207
329.085571
328.730896
328.715240
328.737457
328.683258
328.656219
328.654449
328.305054
328.257507
328.011230
328.054657
327.838135
327.635162
327.590149
327.594299
327.544342
327.286682
327.027252
326.747223
326.668365
326.437561
327.031281
326.206512
326.124573
326.099762
326.071014
325.858887
325.897308
326.137939
325.540558
325.223846
325.655762
325.205566
325.234711
325.335266
325.596283
325.426666
325.610687
326.033295
326.035370
325.861664
326.346985
326.367371
326.494415
326.573486
327.050293
327.426086
327.363983
327.735840
328.214081
328.624481
328.295776
329.019135
328.831024
329.307678
329.672882
329.923309
330.353973
330.540985
331.079071
331.576294
332.242401
332.367706
332.946472
333.369507
333.231049
333.692200
333.715118
334.253632
334.793671
335.001587
335.361908
335.576782
336.081268
335.981110
336.042450
336.062256
336.596710
336.953125
337.025482
337.457214
337.326294
337.518982
337.833160
337.817749
337.777466
337.834473
337.807434
337.768036
337.382904
337.302063
337.430389
337.413910
336.819489
336.852814
337.241638
336.673462
336.376892
337.101776
336.141693
336.086853
335.737640
336.033386
335.688934
335.732849
335.397888
335.057098
335.131439
334.647247
334.754395
334.143219
334.714996
334.349701
334.256165
334.034241
334.007935
333.845154
333.857544
333.417480
333.419830
333.500153
333.664246
333.875000
333.615967
333.664276
333.569733
333.975891
333.444122
334.381561
334.647461
334.453949
334.811554
334.712341
335.287964
335.527222
335.433868
336.164734
336.216919
336.722168
336.957886
337.441589
337.560150
337.929810
338.511475
338.807739
339.288971
340.096375
339.689575
340.585022
340.466003
341.230560
342.128937
341.998718
342.569458
342.772034
343.413422
344.046906
344.029236
344.611816
344.957001
345.209625
344.875244
345.187592
346.034821
345.879913
346.365601
346.340302
346.623688
346.965668
346.886963
347.158478
347.359711
347.004395
347.712677
347.284698
347.410095
346.875031
346.821655
347.221100
346.878876
346.814728
346.717712
346.282104
346.534760
346.367767
346.186798
346.051971
345.725647
345.333771
344.980530
345.289764
344.583435
344.530579
344.481812
344.127228
343.546875
343.477875
343.335083
343.050903
343.192505
342.713806
342.110779
342.302643
342.016449
341.635925
341.581238
341.581055
341.517487
341.024109
341.033661
341.282227
340.857056
340.604187
341.088104
340.415222
340.800842
341.081848
340.982086
341.262268
341.418762
341.409637
341.483612
341.720337
341.674988
342.492950
342.114197
342.412598
342.905670
343.274933
342.705109
343.614746
343.852783
343.903046
344.545532
344.853210
345.177551
345.350555
345.962982
345.911591
345.983795
346.742645
346.976868
347.534393
347.785339
347.654449
348.149902
347.867737
348.632629
348.953705
349.332611
349.272034
349.739624
349.969086
349.710480
349.522095
350.146332
350.079620
350.167450
350.263916
350.825317
350.528046
351.062347
350.297424
350.792511
350.502533
350.113403
350.756958
350.015472
350.077637
350.293610
350.006744
349.748962
349.668762
349.108856
348.991425
349.170013
348.928253
349.046417
348.417816
348.522858
348.159698
347.738464
348.080658
347.173615
347.208099
346.596069
347.078491
346.561493
346.391571
346.213593
346.313354
346.180603
346.432617
345.851898
345.450409
345.908020
345.689331
345.481079
345.591095
345.320038
345.482117
345.467834
345.489777
345.582794
345.408447
346.070679
345.514801
345.839447
346.222412
346.281281
346.210571
346.578003
346.397217
347.140228
347.070709
347.575439
347.687683
347.755585
347.664276
348.148621
348.705811
348.507019
348.935974
349.031189
349.237518
349.069977
349.307617
350.135071
350.383911
350.742981
350.881622
351.103699
351.348969
351.435303
351.560120
351.735657
351.285431
351.758606
351.749268
351.726227
351.821014
351.784088
352.103516
351.821716
351.883209
351.800110
351.319794
351.569855
351.429901
352.047485
351.098511
351.501617
351.267639
351.238892
350.913452
350.224609
350.258606
350.308868
349.711670
349.930420
349.701385
349.696533
348.952881
348.922119
348.401184
348.468414
348.245331
348.185822
347.534698
347.511414
346.964447
347.181519
347.055023
346.679047
347.200378
346.700500
346.348053
346.009125
345.938354
345.783722
346.043427
346.103607
345.667603
346.157990
345.621216
346.040436
346.164886
346.230255
346.453796
346.517731
346.168762
346.403961
346.450226
346.574463
347.182373
347.070831
347.565277
347.533020
348.015076
347.976013
348.569946
348.552460
348.912659
349.263947
349.541077
349.242828
349.293121
349.756287
350.577179
350.290405
350.816315
350.482025
351.201813
351.202728
351.444458
351.591156
350.858490
351.498596
351.403809
351.482056
351.609406
351.879761
351.993103
351.369781
351.688446
352.105835
351.316650
351.328735
351.298340
351.407410
351.711517
350.709900
350.503204
350.502869
350.315887
350.106049
349.343292
349.376678
349.447235
349.080750
348.377045
348.569153
348.365234
347.864136
347.475098
347.492950
346.931854
346.687683
346.453308
346.197754
345.532471
345.864502
345.843567
345.611420
345.256256
345.645782
345.173706
345.407166
345.684326
345.719666
345.686890
345.311554
345.648926
346.245392
346.368103
346.487274
346.914093
347.151337
347.357941
347.496185
348.122894
348.355408
348.891022
349.187012
349.638184
350.301514
350.622650
351.071777
351.237488
351.725433
352.216003
352.171570
352.838531
353.242065
353.667358
353.774902
354.058411
353.794647
353.955963
353.879578
353.958282
353.270996
353.760559
352.983521
352.603485
352.004150
350.912170
350.293793
349.337555
348.565216
346.757172
345.122864
343.676453
342.115173
339.781738
338.173737
335.638153
333.640259
330.891144
327.939636
325.047058
322.062378
318.460907
315.314484
312.150330
307.555664
304.088257
300.052277
296.092010
292.187561
287.873383
283.378937
279.022095
274.220154
270.217560
265.808807
261.061249
256.851166
252.379745
247.821442
243.740677
239.181549
235.092072
231.455994
227.499542
223.495300
220.022202
216.727737
213.817093
210.604843
208.088913
205.668900
203.489639
201.400543
199.947144
198.530746
197.507111
196.805069
196.492722
196.829865

216.866241
183.806244
183.880417
184.609253
185.849838
187.032227
188.293304
190.573959
192.314407
194.527832
196.835144
199.458694
202.308548
205.366653
208.259567
211.902588
215.387238
218.800583
222.489426
226.627472
230.276199
234.040878
238.474380
242.506119
246.437683
250.021393
254.218658
258.401367
262.340729
266.141327
269.657013
273.115173
277.069672
281.000275
284.597595
287.723663
290.503448
293.753418
296.462219
298.813660
301.775391
303.975006
306.530396
308.787994
310.597168
312.467010
313.832916
315.698181
317.042908
318.563629
319.901245
320.658020
321.629211
322.707611
323.312927
324.167389
324.528473
324.410614
324.863708
325.065094
325.309174
325.304077
324.875122
324.992432
324.842346
324.420288
324.593475
324.125458
324.204132
323.349274
323.548065
322.988251
322.407135
322.528961
321.748627
321.391754
321.261597
321.209320
320.778229
320.667908
320.302277
320.191620
320.100647
319.677856
319.508179
319.597229
319.106903
319.138031
319.245667
319.448669
319.762604
319.582336
319.447937
319.908478
319.647278
319.837402
320.400757
320.531677
320.844055
321.132172
321.767029
321.340576
322.129181
322.319122
323.021179
322.961243
323.375702
324.310272
324.181366
324.629700
324.663757
324.539124
324.934540
325.157684
325.255890
325.775146
326.105011
326.337311
326.227325
326.783905
326.895050
327.106445
326.943359
327.680450
327.389496
327.353912
327.181946
327.126465
327.496613
327.546387
327.592163
327.274384
327.509460
326.847839
326.704163
326.500519
326.605164
326.094849
326.205505
326.332581
325.727234
325.301453
325.165253
324.904572
324.406250
324.569946
323.738068
323.502258
323.478363
322.842804
322.704285
322.103210
322.196503
321.484497
321.485992
320.885895
320.669983
320.549347
320.229004
320.261444
320.196777
320.009430
319.645966
319.578369
319.482208
319.447632
319.640106
319.621033
319.510345
319.731781
319.609161
319.721710
320.038391
320.447876
320.370972
320.321228
320.755127
320.552673
320.833038
321.233673
321.748138
322.182678
322.575653
322.610779
322.568817
323.082672
323.118164
323.740204
323.837708
324.527985
324.806732
325.096466
325.424561
325.728973
326.167847
326.161346
326.725464
327.310242
327.867340
327.606506
327.903046
327.375671
328.141235
327.957336
328.375854
328.457794
328.563019
328.339874
328.460327
328.438416
328.330414
328.781219
328.382782
328.128693
328.366516
328.487732
328.534058
327.743469
327.785645
327.609436
327.776398
327.396179
326.532318
326.677338
326.407471
326.166138
326.061432
326.043579
325.697021
325.210266
324.966309
324.689209
324.358795
323.825317
323.541138
323.320160
323.209595
322.410797
322.610901
322.043884
321.793854
321.691711
321.276031
321.323425
320.910004
320.632843
320.797058
320.457367
321.048279
321.055786
320.243683
320.141876
320.273987
320.081879
320.299988
320.163208
320.374847
319.860901
320.092041
319.987000
320.177216
320.405792
320.756378
320.934204
320.847809
321.160889
321.248383
321.767059
322.112701
322.216888
322.628540
322.851410
323.280853
323.600342
323.690613
323.709717
323.803589
324.086884
324.391541
324.587799
325.260864
324.987396
325.287476
325.830963
325.846130
326.214081
326.921478
327.069061
327.187378
327.181122
327.285309
327.451782
327.518433
327.580719
327.812958
327.415649
327.827423
327.659882
327.912811
327.835815
327.452698
327.910461
327.276672
327.286194
327.337280
327.312805
327.463104
327.509918
326.989380
326.833740
326.938293
326.107391
326.208862
326.100861
326.042511
325.614319
325.188721
324.967468
324.520905
324.471466
324.340454
323.812683
323.410461
323.423889
323.691650
322.934814
322.828247
322.662537
322.356903
322.448883
322.716125
321.404663
321.450989
321.662933
321.816437
321.713959
321.651520
321.315002
321.487061
321.595795
321.742798
322.082642
321.807404
321.584167
321.687836
321.612762
322.140991
322.157104
322.771881
322.433533
323.023865
322.678741
323.296783
323.259399
323.548737
323.723328
324.119812
323.695160
324.835236
324.803345
324.773254
325.098816
325.229279
325.998810
326.386292
326.269409
326.773193
326.926453
327.417755
327.118073
327.709991
327.921082
328.210968
328.122284
328.433258
328.748169
329.231171
329.158722
328.499390
328.894775
329.095612
329.421600
329.127319
329.268677
329.739136
329.494171
329.402740
329.519989
329.256439
329.294586
328.913483
328.769135
328.761780
329.195801
328.650024
328.560333
328.404266
328.115295
327.956696
327.596649
327.396881
327.633667
326.867828
327.115143
326.697723
326.841614
326.385834
325.941132
325.948395
325.734253
324.992371
325.006927
324.842224
324.473755
324.238159
324.103363
323.534210
323.682892
323.360840
323.401764
324.007324
323.738342
324.085266
323.300232
323.869812
323.791168
323.279541
323.472351
323.877258
323.592072
323.592468
323.541626
323.916382
323.965454
323.986664
323.691376
324.589630
324.126282
324.281616
324.906464
325.260315
325.370575
325.808594
326.030518
326.237427
326.003906
326.591644
326.732910
327.001862
327.191742
327.582428
327.677277
328.209747
328.626953
328.438232
328.780609
328.992706
328.894562
329.978241
329.446442
329.695465
330.178192
330.304413
330.420410
330.503693
330.816193
330.718567
330.529022
330.549866
330.722046
330.964111
331.210724
330.603149
331.247345
330.937836
331.036835
330.485199
330.380280
330.514862
330.396820
330.081512
329.998779
330.215210
329.312653
329.904907
329.612091
329.933289
328.756409
328.759186
328.824677
328.245941
328.695129
328.577332
327.824646
327.829071
328.063171
327.359253
327.430573
326.686218
326.702057
326.703125
326.411285
326.009552
326.563171
326.339905
325.728821
325.712433
325.567200
325.869568
326.169891
326.101990
325.328461
326.392487
326.010040
325.736542
326.512817
326.419189
326.514618
326.768738
326.467346
326.835297
326.708527
327.356476
327.676727
327.769867
327.924683
328.472687
328.298828
328.530823
329.171997
329.593750
329.944855
330.073334
330.588348
330.673859
330.993439
331.169281
331.412720
331.664825
331.778442
332.424744
332.999756
332.845093
333.180145
333.825684
333.706116
334.144623
334.749542
334.545746
334.645447
335.111420
334.890900
335.389557
335.107758
335.154816
335.206787
335.240753
335.706757
335.620422
336.019714
335.623840
335.545654
335.852539
335.378174
335.451752
335.202087
335.389343
335.299652
334.770477
334.850342
334.277039
334.094360
334.037659
333.633270
333.460907
333.505554
332.829071
333.060028
332.747162
331.981598
332.333221
332.219513
331.903503
331.610870
331.497498
331.630371
331.138306
330.811249
331.088715
330.279510
330.078369
330.500244
329.968597
330.167328
330.025940
329.792633
329.279358
330.114166
329.600922
329.662170
329.894135
329.349884
330.005493
330.079926
330.159973
330.363617
330.096405
330.784271
330.798523
330.867920
331.129761
331.140686
331.731689
331.775269
332.260468
332.276642
333.018921
333.362976
333.589508
333.769043
334.464355
334.682861
335.111938
335.367645
335.555389
335.965210
336.160675
336.795074
336.736664
337.220825
337.493256
337.951477
338.362946
338.607788
338.756348
339.177307
339.401459
339.558228
339.677795
339.504364
339.801392
339.835968
340.245819
340.313385
340.435272
340.317596
340.763031
340.328217
340.602600
340.026031
340.114777
340.231659
340.843719
340.129822
339.609924
340.101013
339.587219
339.183411
339.045197
338.997406
339.277405
338.558990
337.757721
337.803619
337.525055
337.368500
337.153717
336.826233
336.526031
336.246429
335.533386
335.424530
334.894226
335.398651
334.293060
334.181458
334.000336
333.600128
332.925354
333.336548
332.926361
332.866211
332.833221
332.702301
333.027100
332.447479
332.126740
332.098419
332.265564
332.211151
332.322571
332.308014
332.079315
332.216827
332.097137
331.900146
332.372162
332.248444
332.894623
332.775726
332.843292
332.892822
333.423767
333.185303
333.149597
333.854248
333.933746
334.167938
334.610962
334.816589
335.359375
335.343628
335.707184
335.985138
336.302521
336.120300
336.455597
336.991699
337.696411
338.110077
337.642303
337.378479
337.995819
337.950287
338.222870
338.404816
338.112030
338.749756
339.139862
338.914062
339.138977
338.924469
339.129303
339.346863
339.034943
339.579620
339.139954
339.450897
339.270813
339.097870
339.118561
338.870331
338.547180
338.630005
338.392853
338.401733
338.051025
337.564911
337.432526
337.452118
337.449738
337.259460
336.743317
336.883240
336.314331
335.816254
335.727325
335.647095
335.471283
335.326538
334.783722
334.950470
334.617218
334.235138
334.571747
334.395691
333.863647
333.604492
333.818451
333.368652
332.693298
332.635101
333.050507
332.970428
332.746643
333.041901
332.678436
332.419952
332.810913
332.754272
333.068756
332.828094
332.490662
333.583435
332.928925
333.538422
333.760345
333.760620
334.398590
334.119934
334.857239
334.370056
334.924988
334.599396
335.115234
335.600708
335.935303
335.956909
335.811646
335.620972
336.079529
336.571869
336.615112
336.957031
337.233063
337.154297
337.707397
337.606781
338.052307
337.795654
338.092834
337.176331
338.048889
337.802826
338.094025
337.918884
338.296417
338.192322
338.856262
337.836731
338.155487
337.854065
337.604706
337.563049
337.570374
337.509186
337.513885
337.114624
336.987030
336.755768
336.861481
336.272156
336.064667
335.826172
335.875183
335.069794
335.278778
334.766571
334.265564
334.152100
334.479645
334.147156
334.047089
333.559296
333.317017
332.588776
332.393005
332.360504
332.509827
332.218933
332.067688
332.152527
331.828064
332.095093
331.607666
331.804321
331.719086
331.613953
331.799805
331.405304
331.450653
331.739166
331.906525
331.764954
332.035278
332.304382
332.039124
331.888153
332.182007
332.166199
332.620880
332.715424
332.975830
333.415771
333.045441
333.383270
333.522156
333.811340
334.130707
334.049774
334.436615
334.770874
334.658661
335.110321
335.938324
335.727448
336.194031
336.115295
336.047699
336.456604
335.994232
336.656494
336.408630
336.893005
336.435944
336.597412
336.664459
336.389465
336.096313
336.145721
336.511230
336.199188
336.075317
335.655792
335.476013
335.573181
335.662903
335.136139
335.161224
334.806213
334.632202
334.261139
334.377258
333.394989
333.135254
332.830933
333.181183
332.704407
332.517578
331.974365
332.104218
331.175018
331.561859
331.091888
330.744598
330.069977
330.312775
329.951630
330.248779
330.001709
330.096619
329.839813
329.617706
329.665283
329.960297
330.028870
330.213165
330.125580
330.339569
330.278442
330.207062
330.666229
331.001465
331.206573
331.542389
331.866119
332.658661
332.525055
332.678955
333.370605
334.005859
333.948853
334.739502
335.291718
335.338043
335.978485
335.764038
336.019562
335.845673
336.291168
337.043549
337.178406
336.853668
337.003876
337.120758
337.264954
336.843231
336.484009
336.050323
335.724304
335.194336
334.544250
333.158356
331.980713
331.053528
330.345459
328.345642
326.984467
324.916565
323.334473
321.176849
319.338104
316.897797
314.508850
311.685150
309.007599
306.393463
303.463959
299.815399
296.318695
292.884308
289.160156
285.510712
281.813812
277.422791
273.400421
269.201904
264.961395
261.086395
256.760864
252.300659
248.218872
243.773911
239.934357
235.666656
231.493240
227.806290
223.454590
219.956451
216.236237
212.584930
209.334152
205.796204
203.113602
200.593430
197.947540
195.321915
193.518448
191.782410
190.159943
188.783325
187.697372
186.758316
186.658524
186.467117

220.607498
184.355804
184.454147
185.187744
186.413223
187.602722
188.862183
191.143982
192.904984
195.109024
197.421875
200.039856
202.916687
205.988327
208.849899
212.524445
216.012726
219.429077
223.150345
227.287247
230.932053
234.697388
239.171082
243.217224
247.148834
250.727615
254.923859
259.128418
263.071625
266.891205
270.386169
273.881287
277.860870
281.803375
285.441528
288.548859
291.330780
294.584656
297.280731
299.668243
302.640137
304.862549
307.434174
309.671478
311.543640
313.407959
314.774536
316.644196
318.027832
319.527069
320.931000
321.626923
322.606140
323.690094
324.316925
325.234863
325.577484
325.490295
325.956177
326.209412
326.409515
326.402374
325.981781
326.052734
325.972260
325.508179
325.709625
325.243164
325.338776
324.508026
324.694733
324.153168
323.578156
323.694946
322.926849
322.602417
322.407410
322.396088
321.962463
321.831421
321.466644
321.388794
321.286407
320.851654
320.692780
320.764618
320.231598
320.282318
320.391449
320.600769
320.884674
320.699097
320.606964
321.089752
320.778961
320.942139
321.538879
321.670166
321.913666
322.229340
322.841370
322.430481
323.203156
323.378540
324.044220
323.993011
324.395172
325.295929
325.200256
325.611603
325.667999
325.528442
325.901062
326.103638
326.201599
326.709015
327.026978
327.295105
327.132111
327.670380
327.752563
327.961304
327.759064
328.528992
328.139435
328.190491
327.990051
327.864349
328.286133
328.323547
328.321198
327.990631
328.275360
327.567169
327.418823
327.173035
327.296234
326.746155
326.876465
326.956421
326.322723
325.936127
325.803741
325.513672
325.016968
325.181793
324.327850
324.075195
324.078613
323.348938
323.240601
322.649139
322.703339
322.030823
322.002960
321.409912
321.165802
321.029694
320.718903
320.711090
320.685028
320.436188
320.096283
320.032196
319.936829
319.898712
320.088013
320.032471
319.925934
320.152191
319.988129
320.110626
320.387085
320.836060
320.737854
320.683258
321.141235
320.938690
321.192657
321.594666
322.101776
322.524719
322.899933
322.945740
322.914642
323.408203
323.435455
324.069763
324.158813
324.838623
325.116089
325.407593
325.708099
326.008057
326.440338
326.446808
327.004578
327.588501
328.141602
327.897430
328.167542
327.612366
328.383728
328.210754
328.613739
328.670929
328.782532
328.547821
328.686737
328.648712
328.519562
328.973907
328.542053
328.297180
328.530060
328.672546
328.698730
327.900208
327.927826
327.734924
327.908661
327.493683
326.663544
326.799316
326.489288
326.258240
326.169250
326.117126
325.757111
325.275146
325.022888
324.760651
324.399445
323.869049
323.577972
323.367401
323.235962
322.437164
322.598511
322.051636
321.794647
321.664337
321.262329
321.307922
320.913574
320.601501
320.757172
320.404938
321.003357
321.018768
320.192566
320.080811
320.212067
320.020172
320.231567
320.093811
320.320312
319.785675
320.021698
319.933563
320.131531
320.333191
320.694214
320.869537
320.760864
321.085327
321.187012
321.691315
322.052063
322.183105
322.590607
322.782318
323.254028
323.547882
323.666473
323.684113
323.783142
324.056488
324.394623
324.593506
325.289185
324.993011
325.320557
325.879120
325.884094
326.280640
326.979523
327.133789
327.283356
327.280823
327.402588
327.566925
327.663818
327.699890
327.993011
327.589844
328.003204
327.837402
328.093842
328.076294
327.702942
328.191498
327.572968
327.566620
327.613617
327.614746
327.812195
327.852814
327.372620
327.246704
327.328888
326.520111
326.630005
326.522736
326.471649
326.099518
325.672211
325.513275
325.051178
325.001007
324.925293
324.393585
323.987762
324.033630
324.280884
323.582642
323.458954
323.292114
323.000366
323.099030
323.412384
322.088287
322.183563
322.380829
322.550842
322.459534
322.421783
322.075043
322.268097
322.405304
322.522247
322.883484
322.590790
322.412994
322.458618
322.445648
322.984131
322.998749
323.598450
323.274597
323.900635
323.526062
324.152710
324.084259
324.397186
324.591125
324.958893
324.562531
325.686554
325.643280
325.598663
325.923920
326.076416
326.843201
327.222626
327.067108
327.600983
327.726196
328.199768
327.898346
328.529083
328.684509
328.975525
328.858002
329.153870
329.462280
329.935547
329.861847
329.187561
329.561157
329.746307
330.077301
329.746246
329.879089
330.324432
330.091095
329.926666
330.057404
329.765472
329.796722
329.422485
329.286011
329.218414
329.637451
329.083466
328.969788
328.770203
328.502594
328.299774
327.924622
327.693939
327.934479
327.137878
327.385681
326.922302
327.082855
326.602966
326.146606
326.114868
325.877136
325.102570
325.121002
324.935699
324.533630
324.313904
324.140991
323.542847
323.687500
323.357971
323.397797
323.984955
323.716858
324.010010
323.227478
323.791595
323.713837
323.146210
323.341980
323.751221
323.438721
323.416168
323.367004
323.739349
323.755157
323.794434
323.478821
324.391998
323.912811
324.085785
324.685181
325.017761
325.133057
325.547791
325.782867
325.986938
325.753296
326.331390
326.477692
326.734100
326.922394
327.313538
327.402710
327.985199
328.372833
328.175354
328.512970
328.758301
328.633484
329.715912
329.190338
329.489227
329.952271
330.054382
330.187317
330.275604
330.615845
330.512848
330.331604
330.385986
330.538971
330.792450
331.062439
330.473389
331.096375
330.819519
330.899811
330.334259
330.291199
330.422913
330.334686
330.003998
329.926727
330.143341
329.286896
329.890198
329.556427
329.920013
328.722076
328.761871
328.829559
328.281006
328.726257
328.629608
327.890015
327.894989
328.166168
327.430450
327.520325
326.773560
326.770599
326.828979
326.526550
326.147003
326.711945
326.513062
325.892944
325.902985
325.740295
326.043121
326.373260
326.293060
325.538452
326.213928
326.196014
325.932281
326.750488
326.650269
326.742371
327.046875
326.762726
327.080750
326.972412
327.675873
327.978058
328.054932
328.214722
328.740662
328.566833
328.823853
329.509277
329.898041
330.256073
330.368866
330.911987
331.003540
331.328583
331.480042
331.716492
332.001190
332.109528
332.718018
333.314819
333.144135
333.487885
334.133728
333.976593
334.445129
335.055481
334.830414
334.935730
335.425842
335.187500
335.671783
335.361755
335.419708
335.480255
335.539703
335.950531
335.872528
336.272675
335.909485
335.783722
336.100006
335.608429
335.635437
335.428406
335.601349
335.530060
334.960907
335.052063
334.477539
334.289673
334.234680
333.837616
333.622650
333.674896
332.997314
333.222260
332.894409
332.102661
332.455475
332.357483
332.014374
331.722839
331.594147
331.705872
331.230835
330.902679
331.162903
330.336761
330.138153
330.566223
330.008789
330.207245
330.047699
329.799744
329.302002
330.111633
329.601562
329.666718
329.881439
329.335999
329.972687
330.057709
330.126068
330.327240
330.073120
330.746765
330.720276
330.782928
331.050995
331.062225
331.632599
331.677399
332.146667
332.153503
332.897827
333.224091
333.444611
333.632874
334.314240
334.528381
334.948608
335.203522
335.378998
335.793427
335.957275
336.585480
336.526123
337.015167
337.281738
337.722656
338.123505
338.356781
338.514923
338.905548
339.121613
339.296204
339.397430
339.233521
339.518219
339.539337
339.941376
340.000336
340.131500
339.995728
340.438812
340.002930
340.270447
339.653900
339.784271
339.891418
340.463470
339.744598
339.251129
339.729401
339.222961
338.784363
338.635010
338.594330
338.857208
338.135254
337.342682
337.396240
337.094269
336.942352
336.718445
336.376434
336.098114
335.787781
335.077118
334.967072
334.429871
334.907196
333.809998
333.693024
333.513031
333.119019
332.467590
332.842438
332.456116
332.372040
332.335052
332.216156
332.516693
331.943329
331.613586
331.582306
331.759033
331.689392
331.806427
331.785828
331.575653
331.701385
331.587036
331.398743
331.886444
331.758026
332.399597
332.271881
332.386261
332.373657
332.910980
332.680145
332.677002
333.377686
333.431549
333.689697
334.120728
334.360016
334.878235
334.866608
335.247803
335.518402
335.861206
335.684418
336.024628
336.545685
337.255127
337.670654
337.213287
336.978577
337.580841
337.578308
337.801910
338.006989
337.731567
338.389496
338.751831
338.550232
338.765900
338.570312
338.802307
339.006195
338.675842
339.293060
338.840210
339.149750
338.973724
338.787933
338.820221
338.579987
338.282745
338.362274
338.155701
338.137878
337.845184
337.323883
337.222961
337.239227
337.256714
337.037079
336.562714
336.722412
336.110474
335.610535
335.559265
335.509705
335.340454
335.232513
334.657898
334.826416
334.526581
334.162659
334.523254
334.280670
333.825562
333.565948
333.608978
333.327393
332.676331
332.619202
333.009247
332.951019
332.774445
333.019043
332.705994
332.415619
332.850220
332.759827
333.077209
332.835785
332.512024
333.584503
332.993958
333.604370
333.838013
333.833893
334.459320
334.191528
334.942291
334.419006
335.012268
334.725159
335.203918
335.691528
336.013855
336.052155
335.933167
335.729645
336.175659
336.673553
336.748474
337.062531
337.326965
337.266357
337.814606
337.723297
338.197784
337.918304
338.223602
337.280273
338.165710
337.907471
338.223785
338.065887
338.439911
338.333588
338.988831
337.932373
338.294006
337.987335
337.726868
337.688934
337.670563
337.612946
337.631226
337.241760
337.122772
336.890411
337.009644
336.399445
336.156219
335.928955
335.996246
335.170563
335.377777
334.881134
334.380493
334.259644
334.587036
334.243378
334.141968
333.692993
333.431366
332.687805
332.497803
332.450500
332.629456
332.308899
332.152802
332.257538
331.930145
332.188782
331.714386
331.908417
331.834381
331.705353
331.883667
331.497009
331.537659
331.822723
331.991943
331.838318
332.130096
332.389313
332.111938
331.960602
332.276031
332.232208
332.715515
332.804474
333.042328
333.491150
333.122803
333.454956
333.602051
333.890381
334.203674
334.100159
334.488953
334.831818
334.735657
335.180298
336.003082
335.792633
336.252289
336.189972
336.111908
336.514038
336.045380
336.713135
336.481140
336.975220
336.499786
336.657867
336.733063
336.459595
336.166351
336.189056
336.587341
336.249786
336.096832
335.720093
335.542236
335.628906
335.692719
335.192688
335.179626
334.857147
334.691132
334.310425
334.401276
333.434906
333.191132
332.884735
333.234100
332.751526
332.557465
332.019714
332.150055
331.224274
331.598053
331.154388
330.775604
330.088593
330.344421
330.003784
330.298035
330.042511
330.140778
329.888885
329.648468
329.691833
329.982788
330.040466
330.223877
330.154602
330.345642
330.290100
330.245300
330.706635
331.015137
331.206360
331.561035
331.911987
332.666473
332.538940
332.691162
333.381134
334.009918
333.946320
334.730469
335.302338
335.337585
335.963776
335.745758
336.010223
335.837952
336.288269
337.036682
337.173706
336.815948
336.985291
337.092834
337.230621
336.807434
336.462250
336.012268
335.695007
335.170563
334.510223
333.137665
331.954559
331.038635
330.313446
328.312622
326.957428
324.863129
323.293182
321.145935
319.282532
316.849243
314.431366
311.619202
308.934113
306.333130
303.399750
299.760864
296.281036
292.813812
289.109100
285.434601
281.753784
277.343140
273.336487
269.128937
264.872681
261.012146
256.693604
252.230850
248.138367
243.710709
239.857132
235.577591
231.409729
227.733749
223.359787
219.878922
216.152237
212.503265
209.243454
205.695557
203.014984
200.527847
197.862915
195.246292
193.448395
191.681763
190.071777
188.696198
187.611176
186.662033
186.550079
186.381409

