264.535522
173.974640
174.152664
175.027206
175.935486
176.941650
178.254608
179.959122
181.881393
183.633118
186.215240
188.484955
191.229279
194.118637
197.208817
200.240448
203.314560
206.888077
210.244934
214.007782
217.271576
221.069992
225.167831
228.795868
232.701126
236.556274
240.039185
243.940308
247.500565
251.402344
254.883484
258.427338
261.810364
265.422089
268.208588
271.571594
274.491974
277.395569
280.305145
282.440765
285.143219
287.487122
289.714294
291.895508
294.038147
295.456879
297.303253
298.882568
300.015686
301.610565
302.372986
303.373993
304.187073
305.383148
305.502686
306.403625
306.752747
306.962799
307.689880
307.813110
308.189423
307.760162
307.909912
307.388977
308.271393
307.400391
307.626892
307.408203
307.195190
307.062714
306.721344
306.347076
306.167480
305.965759
305.491425
305.392120
304.847443
304.337555
304.839233
304.694366
304.348083
303.826721
304.032562
303.776337
303.933136
303.942322
303.464142
303.867035
303.859833
304.140320
303.942169
304.183746
304.020111
304.508514
304.309601
304.936737
305.122467
305.333069
305.631287
305.953278
306.140411
306.912476
307.042084
307.345276
307.744598
307.985687
308.257111
308.046448
308.524323
309.305786
309.665070
310.073029
310.269531
310.611176
310.931427
310.937317
311.621826
311.930511
311.990570
312.219910
312.497192
312.739563
312.979645
313.122375
312.979980
313.637360
313.086700
312.971375
313.277618
313.424805
313.275146
313.491638
312.895752
312.821198
312.612610
312.869598
312.886017
312.254211
312.227905
312.178497
312.009674
311.591278
311.345917
311.627808
310.579895
310.473450
310.532928
310.254883
309.884247
309.659210
309.721771
309.665894
309.067200
309.072357
308.424530
308.508881
308.467682
308.178284
308.446747
307.563965
307.868134
307.522308
307.992920
307.258850
307.214417
307.275879
307.690765
307.431488
307.462128
307.509521
307.604156
307.859192
308.041138
308.009430
308.664703
308.521759
309.154816
308.855347
309.324921
309.555847
309.632324
310.281342
310.403870
310.856049
311.497192
311.587372
311.890594
312.044098
312.430939
312.888000
313.863312
313.151581
313.929230
314.488617
314.167664
314.761749
314.985901
315.379883
315.801300
316.255341
316.373108
316.810059
316.760254
316.861755
317.109192
317.175720
317.578217
317.323425
317.719391
317.513733
317.472015
317.828033
317.816406
318.135223
317.830261
318.029938
317.838867
317.641266
317.372101
317.507538
316.843384
317.153656
317.005493
316.367767
316.680145
316.354614
316.297729
315.833008
315.533386
315.603088
314.792023
314.882996
314.794617
314.314789
314.117981
313.868591
313.546173
313.326721
313.360901
312.848480
312.785950
312.481903
312.608673
312.364105
311.671600
312.138794
311.593201
311.772949
311.643494
311.224579
311.698914
311.226196
311.288147
311.383850
311.588013
311.375824
311.734497
311.492950
311.893372
312.028625
311.796692
312.154724
312.356049
312.663910
312.665955
312.895020
313.545349
313.520630
313.834473
313.919891
314.064514
314.447449
315.070007
315.010254
315.559357
315.870453
316.238678
316.833099
316.611023
316.974823
317.070679
317.482819
318.011383
318.540527
318.122620
318.921570
319.309967
318.757477
319.499115
319.671265
320.215973
319.922974
319.835938
320.157654
320.354370
320.757721
320.853394
320.764191
320.502289
320.640869
320.859009
320.424530
320.567871
320.443787
320.550507
320.184784
320.311646
320.087952
320.166412
320.449280
320.081268
319.934784
320.004120
319.505798
319.476929
319.175751
318.831940
318.486786
318.139771
318.285309
318.189178
317.607452
318.003845
317.582550
317.391022
317.289307
317.070557
317.061035
316.534973
316.631104
316.144226
316.262634
316.496155
316.358948
316.439728
316.631592
315.912842
316.136139
316.547485
316.271912
316.243927
316.578644
316.462341
316.632294
316.574890
316.948883
317.144470
317.220428
317.241974
317.388519
317.632263
318.160583
318.271362
319.017212
318.951233
319.334106
319.548492
319.444977
319.586212
320.131805
320.361450
320.717194
321.550476
321.795532
322.075104
322.246796
322.260864
322.704071
323.286804
323.127228
323.858246
323.483215
324.020447
324.741974
324.360077
324.786377
324.729980
325.444977
325.172607
325.159271
325.373291
325.545319
325.880585
325.985901
326.123016
325.869049
325.860168
326.163788
325.967804
326.504089
325.858490
326.023193
326.057251
325.604858
326.081421
325.859650
324.978363
325.083679
324.402832
324.365967
324.422485
324.271698
324.085815
324.082367
323.737061
323.512878
323.549103
323.718353
323.277832
322.896027
322.712982
322.815338
322.431732
322.359589
321.872803
322.027435
321.884827
322.047760
321.542297
321.525543
321.561707
321.440613
321.070526
321.511200
321.811462
321.625214
322.009125
321.765442
321.757660
321.801941
321.796265
321.738861
322.126556
322.599518
322.618866
322.684540
322.940216
322.834381
323.373596
323.319427
323.813293
323.742188
324.270691
324.194489
325.020020
324.539337
325.574951
325.616119
325.796417
325.839172
326.381500
327.031219
326.486603
327.131317
327.714752
327.792786
328.251678
328.110199
328.368927
329.071899
328.871887
329.258636
329.447723
329.947632
329.753723
330.289520
330.005707
330.252930
330.401550
330.410126
330.580170
330.438507
330.488159
330.814819
330.685944
330.777679
330.719727
330.666382
330.114777
330.532684
330.643036
330.177246
329.985352
330.131805
329.963745
329.958313
329.155151
329.796478
329.349121
329.123230
329.062469
328.707062
328.803833
328.420319
328.422913
328.182587
327.853790
327.993530
327.303101
327.799225
327.799774
327.764984
327.737823
327.333496
327.294708
327.261993
327.424622
327.200348
327.333130
327.000519
327.727570
327.282837
327.664337
327.653992
327.610626
327.687408
327.858002
327.784180
328.737183
328.308167
328.600616
328.838257
329.401550
329.484680
329.644287
330.284546
330.724091
330.598511
330.740021
331.072357
331.884705
332.322876
332.535889
333.232635
333.307434
333.561371
334.012115
334.207062
334.981201
335.412109
335.476715
335.808899
336.124756
336.694641
336.800354
337.288788
337.254242
337.980255
337.372070
338.129395
338.573486
339.235352
338.712891
338.929474
339.146393
339.264709
339.418213
339.371277
339.403748
339.551392
339.572723
339.713776
340.010010
339.828491
339.245514
339.412933
339.632721
339.458344
338.859222
338.957947
338.617462
338.914368
338.711792
338.405151
338.209290
337.770599
337.793427
338.265350
337.265930
337.308533
337.177002
336.886444
336.663727
336.659058
336.576080
336.505768
336.332245
336.283234
335.960297
336.135437
335.726044
335.884430
335.302399
335.621307
335.850800
335.363220
335.575623
335.242065
335.879578
335.568481
335.423920
335.867889
336.156097
335.687927
335.891205
336.292389
336.555786
336.540436
336.835266
337.409912
337.467926
337.955872
338.011780
338.698242
338.585815
339.287201
339.644135
339.953583
340.290955
340.557068
340.681000
341.435638
341.471649
342.170135
343.183624
342.972717
343.448120
343.517059
344.073273
344.635925
344.961395
345.191528
345.633514
346.171204
346.082672
346.784424
346.859497
347.215698
347.169220
347.643890
347.809235
347.920197
347.994141
348.381775
348.270264
348.396118
348.744324
348.348419
348.508362
348.565948
348.540436
348.309265
348.702637
348.622467
347.896210
348.213654
347.919769
347.776886
347.367615
347.176758
346.893768
346.905548
346.535553
346.380402
346.489807
346.060791
345.860046
345.518372
345.147217
344.717438
344.662415
344.496735
344.540222
343.867859
343.498016
343.979340
343.748718
343.189270
342.721680
342.426788
342.424591
342.342285
342.003174
342.259003
342.105286
341.921082
341.760162
341.695770
342.030579
341.611511
341.712830
341.788574
341.509216
342.072845
342.334686
342.000061
342.292114
342.206238
342.485413
342.946686
342.793243
343.253754
343.415222
343.411011
343.581177
343.862305
344.696686
344.416748
344.959625
345.159515
345.625031
346.112885
346.282776
346.402374
346.428314
347.305908
347.194855
347.570892
347.881317
348.059021
348.328247
348.865540
348.520355
349.007721
349.686127
349.333130
350.124420
349.812286
350.323517
350.731354
350.605408
350.956085
350.824982
350.549072
350.681274
350.736847
351.110077
350.834503
350.668243
350.314117
350.594696
350.971680
350.475159
350.343658
350.168793
350.124390
349.751587
349.571503
349.410980
349.222046
349.202545
348.995087
348.941864
348.218872
348.693359
348.074463
347.993652
347.673370
347.349121
346.851074
347.145050
346.917023
346.997345
346.694153
346.232117
346.435516
346.180939
345.806305
346.015167
346.243439
346.119324
345.620087
345.887573
345.566833
345.707214
345.239258
345.424744
345.311279
345.381378
345.123108
345.937317
345.832428
345.827454
345.813171
345.850494
346.353149
346.240051
346.267029
346.728394
346.737946
347.211151
347.189636
347.873016
347.983337
348.154572
348.478027
348.960083
348.584991
348.808014
349.209961
349.344940
349.424255
350.105682
350.471649
350.294922
350.938080
350.870667
350.899597
351.132416
351.212555
351.259308
350.985199
351.872009
351.781586
351.467224
352.023254
351.809570
352.056061
351.705841
351.625671
351.676239
351.193481
351.317780
351.401123
351.296631
350.807465
350.738159
350.661926
350.890045
350.758789
350.092773
350.138733
349.906464
349.342102
349.136627
348.870300
348.969879
348.522736
348.482880
348.031616
347.707092
348.027649
347.581604
347.420319
347.235626
346.813385
346.598541
346.258331
345.824646
345.913574
345.779785
345.827759
346.103210
345.603394
345.748230
345.457703
345.691528
345.516144
345.565857
345.943329
345.083862
345.575592
345.775482
345.700775
345.883728
345.803558
345.906311
346.415314
346.088379
345.998077
347.290833
346.888153
347.326935
347.880066
347.781647
347.630829
348.116852
348.748138
348.504150
349.239594
349.265808
349.785004
349.338867
349.743530
350.199280
349.767120
350.435425
351.238281
350.642578
350.887329
350.802948
350.960114
350.777588
351.620209
351.388245
351.853088
351.077423
351.873413
351.151794
351.150787
350.612549
351.077606
350.702179
351.018707
350.954987
350.449341
350.605438
350.014374
350.081055
349.686127
349.599762
349.559357
348.988953
348.580078
348.504272
348.267914
347.872864
347.432251
347.412750
346.962494
347.032837
346.380585
346.035675
346.168549
346.180115
345.926544
345.525452
345.471893
345.112854
345.326050
345.196899
345.496002
345.214325
344.741180
344.959442
345.111420
345.600525
346.071472
345.359924
345.919495
346.221100
346.237122
346.566437
347.074768
347.021210
347.548157
347.883118
348.161713
348.437347
349.017273
349.482117
350.228577
350.206573
350.407440
351.229034
351.518616
352.016785
352.284851
352.558685
352.892059
353.182190
353.636475
353.968323
353.767517
353.636414
353.288116
352.789062
353.085114
352.398438
352.196503
351.565674
350.507599
349.521332
348.658569
347.134216
345.814331
344.855957
342.916168
341.351196
339.750336
337.065063
335.176331
332.911133
329.746887
327.285309
324.019257
321.588226
318.234589
314.921387
310.774475
307.244812
303.679901
299.627991
295.335175
291.538788
287.279968
282.805115
278.291077
274.180878
269.240326
265.032928
260.402069
256.282776
251.396729
247.662064
242.846619
238.635910
234.884567
230.735474
226.856949
223.257111
219.286743
216.221924
213.036697
210.245438
207.541504
205.012817
203.196732
201.131958
199.619492
197.927277
197.007950
196.452194
195.806198
195.787811

261.796844
173.898178
174.058685
174.950974
175.855164
176.874344
178.199677
179.894684
181.848541
183.602020
186.207138
188.457016
191.227890
194.137924
197.240280
200.272644
203.387543
206.953415
210.358063
214.120209
217.411377
221.234299
225.351807
228.981491
232.921066
236.785431
240.311111
244.231522
247.818634
251.748367
255.274139
258.837555
262.226013
265.898651
268.703888
272.069244
275.023224
277.994385
280.916687
283.092438
285.809570
288.151947
290.430145
292.651886
294.819092
296.261841
298.129364
299.738892
300.899384
302.545319
303.321381
304.339996
305.216217
306.467407
306.577301
307.507050
307.869324
308.127777
308.861267
308.999084
309.381897
309.046021
309.166229
308.685120
309.594849
308.754303
309.015991
308.800598
308.565308
308.461395
308.159088
307.797333
307.610168
307.435608
306.928558
306.867584
306.339172
305.851532
306.357544
306.224762
305.903320
305.361542
305.586334
305.316650
305.447327
305.505157
305.035156
305.448334
305.369324
305.675354
305.478088
305.716644
305.549286
306.060028
305.817749
306.424469
306.609619
306.822388
307.075836
307.411285
307.566376
308.331635
308.493713
308.752167
309.140137
309.329803
309.600433
309.384949
309.815155
310.585846
310.918304
311.282837
311.489624
311.805054
312.103149
312.080078
312.769470
313.014557
313.041656
313.248871
313.517731
313.712646
313.923035
314.023132
313.857758
314.525421
313.900085
313.763550
314.034241
314.175232
313.982239
314.171753
313.544678
313.429535
313.200470
313.417877
313.401459
312.754486
312.706726
312.612701
312.426514
311.963593
311.692413
311.960999
310.877228
310.720734
310.790833
310.464813
310.067047
309.805511
309.865692
309.779633
309.160034
309.129028
308.447632
308.493134
308.452881
308.135803
308.389038
307.468811
307.752289
307.389404
307.854706
307.113007
307.039642
307.072601
307.476471
307.192108
307.217438
307.261414
307.346954
307.577087
307.744019
307.701843
308.358368
308.189697
308.799622
308.538879
308.998260
309.191437
309.270721
309.916687
310.038696
310.508331
311.125549
311.170349
311.508453
311.630524
312.040558
312.471649
313.452667
312.768890
313.540863
314.112946
313.758209
314.390045
314.624115
315.039673
315.419342
315.868134
316.026154
316.441345
316.431335
316.538788
316.781525
316.861023
317.242004
317.035767
317.453064
317.240936
317.231476
317.589996
317.588470
317.943390
317.644836
317.816040
317.664734
317.459686
317.220398
317.396820
316.696655
317.053711
316.905914
316.329193
316.633789
316.308380
316.249084
315.817871
315.529846
315.660889
314.827576
314.930573
314.901184
314.418640
314.249023
313.994415
313.701111
313.515564
313.554565
313.044464
312.985931
312.706573
312.868652
312.659241
312.003113
312.480042
312.002838
312.158325
312.044922
311.651428
312.133423
311.683807
311.765900
311.877808
312.104401
311.929504
312.262451
312.133026
312.509796
312.672974
312.470795
312.854858
313.048523
313.356415
313.397278
313.680359
314.333374
314.325867
314.678467
314.806091
314.952606
315.335205
316.016632
315.984039
316.550140
316.892487
317.251740
317.904205
317.664062
318.069122
318.191406
318.628998
319.197205
319.721619
319.348511
320.150146
320.552521
320.017426
320.804688
320.999817
321.562958
321.305542
321.216797
321.592163
321.843933
322.214752
322.311707
322.267639
322.005737
322.254822
322.463867
321.978729
322.200684
322.106171
322.199463
321.848969
322.002930
321.786743
321.901489
322.259583
321.872711
321.739502
321.853668
321.364075
321.332153
321.081940
320.740662
320.399292
320.049805
320.217560
320.168762
319.530792
320.007812
319.600494
319.417480
319.309967
319.154877
319.184174
318.611023
318.701691
318.236115
318.340179
318.568268
318.476349
318.594574
318.776245
318.038391
318.311279
318.634216
318.435455
318.398529
318.755066
318.637207
318.793945
318.715942
319.120239
319.321655
319.384521
319.363983
319.556763
319.836853
320.304016
320.386017
321.162354
321.104187
321.443604
321.692932
321.585541
321.702942
322.231384
322.450745
322.789459
323.586395
323.859344
324.075317
324.263824
324.257050
324.686829
325.223206
325.050262
325.799133
325.437958
325.880920
326.593445
326.225616
326.603119
326.570923
327.248932
326.963379
326.917938
327.102112
327.285217
327.552856
327.624420
327.746552
327.439911
327.436096
327.685242
327.467560
327.984253
327.378113
327.485901
327.488495
326.981598
327.388977
327.195496
326.266968
326.397034
325.636597
325.565125
325.635193
325.410217
325.183899
325.186310
324.826630
324.540527
324.553192
324.656494
324.242889
323.801025
323.583710
323.646454
323.247772
323.176208
322.622284
322.757172
322.572235
322.732452
322.197235
322.153656
322.170685
321.998077
321.608276
322.018860
322.299103
322.129303
322.453308
322.171295
322.131805
322.189392
322.158844
322.103973
322.465088
322.853516
322.861481
322.961670
323.198700
323.044891
323.544586
323.495148
323.980133
323.913605
324.355804
324.261505
325.102844
324.615784
325.661499
325.685242
325.845062
325.886902
326.423798
327.052429
326.465729
327.138580
327.683441
327.742249
328.181976
328.065216
328.290833
328.967346
328.829956
329.178558
329.373047
329.881866
329.638336
330.192383
329.902588
330.125885
330.299011
330.286255
330.489319
330.291504
330.371277
330.701263
330.549225
330.632599
330.611420
330.552582
329.987915
330.392670
330.538147
330.049561
329.866333
330.023499
329.830048
329.839294
329.035614
329.691833
329.253326
329.003235
328.953064
328.605743
328.677673
328.316132
328.331055
328.086090
327.750916
327.876190
327.225769
327.701355
327.700012
327.657654
327.645569
327.262573
327.202271
327.183411
327.349213
327.123596
327.261993
326.915833
327.629303
327.175079
327.587585
327.592712
327.526184
327.639221
327.784760
327.706024
328.662750
328.239044
328.520721
328.767242
329.316559
329.418335
329.552246
330.200134
330.634186
330.515869
330.677917
330.972656
331.804871
332.228027
332.452240
333.135223
333.214539
333.465942
333.894714
334.085968
334.869202
335.316986
335.362640
335.703949
335.985382
336.558716
336.659393
337.126617
337.102844
337.807983
337.220459
337.958038
338.384460
339.062683
338.535431
338.756165
338.962189
339.083313
339.225159
339.172272
339.180481
339.337524
339.357666
339.496643
339.768677
339.599915
339.026703
339.196198
339.393280
339.218018
338.598419
338.695740
338.352142
338.642578
338.422394
338.148743
337.886810
337.496338
337.488373
337.973480
336.955841
336.998749
336.871796
336.584656
336.322662
336.342316
336.264160
336.174561
335.985687
335.938141
335.624603
335.777771
335.385437
335.556488
334.974304
335.281097
335.503601
335.024811
335.228424
334.900421
335.519470
335.225494
335.055939
335.502289
335.805878
335.324188
335.538269
335.947083
336.208557
336.198547
336.487213
337.063080
337.123322
337.587982
337.668854
338.385529
338.245697
338.937103
339.298920
339.615692
339.954712
340.200073
340.374634
341.128021
341.190643
341.879639
342.887756
342.667847
343.147186
343.210236
343.820618
344.348328
344.691589
344.909515
345.401062
345.911591
345.807709
346.542450
346.597656
346.951477
346.927612
347.426514
347.582306
347.700958
347.803284
348.150879
348.064880
348.171509
348.543091
348.173187
348.354431
348.372040
348.356964
348.150696
348.540588
348.491272
347.745361
348.064392
347.803650
347.645691
347.246490
347.051178
346.777100
346.775421
346.418823
346.293304
346.391785
345.953827
345.786957
345.442383
345.048065
344.654205
344.567444
344.443451
344.470520
343.825012
343.441742
343.912262
343.715668
343.140411
342.688690
342.387909
342.364410
342.309448
341.968384
342.239288
342.089661
341.939209
341.757782
341.713440
342.029724
341.631531
341.732635
341.815796
341.503418
342.057404
342.385864
342.049530
342.323547
342.225159
342.502686
342.964478
342.817810
343.273071
343.456299
343.470917
343.597565
343.914551
344.716675
344.449341
345.011505
345.191498
345.694885
346.175385
346.324677
346.438843
346.468018
347.350616
347.206482
347.602112
347.928558
348.120056
348.409546
348.897095
348.571289
349.079651
349.729034
349.358002
350.150787
349.853851
350.373169
350.798309
350.626404
350.988953
350.814270
350.618225
350.719971
350.737488
351.166199
350.912323
350.733398
350.350555
350.634705
351.036377
350.510254
350.397949
350.207855
350.169647
349.766022
349.611633
349.460907
349.251434
349.218750
349.055267
349.001068
348.249084
348.719543
348.094604
348.034119
347.715210
347.404053
346.851715
347.185486
346.945740
347.010620
346.710175
346.264679
346.441803
346.186981
345.793701
346.062714
346.260193
346.144653
345.613037
345.885010
345.585632
345.710571
345.229462
345.455811
345.315186
345.347748
345.093353
345.941437
345.821564
345.842896
345.808472
345.826080
346.335052
346.216187
346.221558
346.709167
346.674683
347.164307
347.193909
347.834290
347.908142
348.111053
348.449036
348.891052
348.536346
348.751587
349.181030
349.309601
349.376282
350.055908
350.430573
350.248779
350.924622
350.802368
350.838654
351.103516
351.143158
351.209442
350.924408
351.793060
351.732941
351.393982
351.957062
351.761505
351.978760
351.648102
351.582001
351.603943
351.093933
351.223511
351.327148
351.244507
350.741608
350.679565
350.596954
350.848694
350.692841
350.042114
350.048798
349.860046
349.272888
349.055664
348.792755
348.915619
348.460693
348.438995
347.977875
347.639191
347.943878
347.516052
347.368378
347.175018
346.739929
346.545197
346.183777
345.761841
345.831116
345.711304
345.782715
346.029633
345.552734
345.701141
345.414825
345.621735
345.401886
345.503265
345.889862
344.995331
345.487915
345.728394
345.638031
345.843903
345.733856
345.842987
346.373993
346.049103
345.938690
347.270752
346.864044
347.323608
347.809387
347.721252
347.576843
348.086731
348.705597
348.507355
349.187714
349.189697
349.743073
349.303192
349.739716
350.181519
349.711700
350.384460
351.186523
350.575836
350.867249
350.781494
350.967529
350.753784
351.627167
351.362061
351.858551
351.092957
351.861511
351.169037
351.137573
350.567444
351.059265
350.673309
351.030029
350.929413
350.420258
350.581207
350.019287
350.066803
349.688599
349.604553
349.558167
348.984344
348.568146
348.506500
348.261841
347.902740
347.426727
347.405609
346.933807
347.010956
346.384644
346.068573
346.190643
346.182831
345.916321
345.534363
345.471558
345.098999
345.338440
345.198853
345.518860
345.214783
344.724182
344.953339
345.099304
345.601990
346.068024
345.365570
345.945892
346.217285
346.239563
346.566986
347.085632
347.015259
347.572052
347.919006
348.165497
348.448151
349.000671
349.471527
350.216034
350.198151
350.399445
351.227173
351.538177
352.007660
352.267944
352.589142
352.898621
353.156219
353.637512
353.972626
353.782806
353.637848
353.291351
352.760803
353.095795
352.404846
352.196625
351.541077
350.518250
349.517395
348.661102
347.134186
345.830475
344.851166
342.934357
341.348602
339.761841
337.037048
335.189789
332.932861
329.740479
327.266510
324.010803
321.543396
318.236542
314.910553
310.756256
307.254761
303.687195
299.620331
295.328339
291.544861
287.286072
282.808228
278.296265
274.185547
269.229340
265.039734
260.380981
256.302704
251.399796
247.639969
242.839920
238.633118
234.877365
230.737335
226.849731
223.246490
219.279968
216.204651
213.047302
210.246887
207.543015
205.016617
203.199646
201.133133
199.617523
197.925049
197.026001
196.463959
195.813400
195.808121

216.347992
183.461609
183.980652
184.607925
185.400024
186.671158
188.433289
190.045975
192.052628
194.140472
196.861511
199.137848
202.148209
204.809341
208.145370
211.546875
215.029999
218.702942
222.262115
225.975571
229.957520
233.682358
237.828629
241.750641
245.559784
249.818909
253.822632
257.762207
261.504944
265.591217
269.411499
273.216919
276.461548
280.630707
283.733032
287.087494
290.168396
293.064911
296.175659
298.456604
301.397797
303.694611
306.042877
308.192627
310.346954
312.010437
313.600067
314.884827
316.846100
318.085938
319.019928
320.128448
321.251434
321.513824
322.682800
322.562073
323.875488
323.624786
323.984650
324.097809
324.267120
324.536865
324.486176
324.392487
324.320404
323.941833
324.139465
323.339966
323.012177
323.166779
322.729614
322.122528
322.112152
321.652710
321.026550
320.759247
320.605255
320.038940
320.357605
320.333191
319.431061
319.130341
318.939972
318.981384
318.788300
319.032654
318.776917
318.657654
318.780365
318.417114
318.341949
318.615265
319.380554
318.893951
319.226898
319.637939
319.237122
319.029449
319.575867
319.927917
320.456635
320.535156
321.140472
321.275604
321.621826
321.418518
322.224030
322.678650
322.800354
322.881134
323.465912
323.535126
323.988647
324.316284
324.333984
324.846252
325.279205
325.595428
325.484009
325.708649
326.133179
325.890991
325.977722
325.925964
326.262360
326.313873
326.165771
326.400391
326.348358
325.942535
326.335968
325.815369
325.929016
326.058197
325.521149
325.177551
325.413391
324.835663
324.796173
324.457001
323.899048
323.894531
323.756042
323.385864
322.853424
322.775085
322.222717
322.169708
321.932800
321.310181
321.147461
320.937653
320.880066
320.145081
320.061584
320.119659
319.592987
319.323273
319.098785
319.070160
318.797150
318.422150
318.596619
318.219849
318.094849
318.008575
318.310303
318.365753
318.656494
318.156464
318.162750
318.276123
318.690125
318.775665
318.859558
318.828918
319.312317
319.651642
320.092041
320.123566
320.411469
320.238251
320.904388
321.074005
321.359131
321.903076
321.549500
321.759003
322.645874
322.642365
323.010864
323.501617
323.404877
323.750854
324.555359
324.899628
324.530609
325.348633
325.420929
325.746490
326.031708
326.526947
326.446838
326.693298
326.968964
326.947693
327.118958
326.605042
326.947968
327.202118
327.125458
326.986633
327.061737
326.386688
327.251770
327.059967
326.514008
326.158478
325.740692
325.910950
326.174286
325.424652
325.203064
324.883270
324.410248
324.482910
324.757355
324.575958
323.800568
323.411591
322.971497
323.143311
322.783356
322.576233
321.741882
321.568085
321.259521
321.256683
320.690765
320.519165
320.124207
320.091187
320.128845
319.663452
319.266876
319.051666
318.905396
318.446930
318.566589
318.533569
318.340820
318.441956
318.551392
318.186920
318.154724
318.346954
318.387390
318.197266
318.472534
318.174347
318.204254
318.841003
318.891449
318.904205
319.071045
319.480774
319.204590
319.903442
320.591492
320.700256
320.430359
320.313385
320.932861
321.131104
321.217224
321.708374
321.992706
321.808350
322.611298
322.522186
322.775482
323.133850
323.513184
323.785950
324.020599
324.545746
324.700684
324.629822
325.205475
325.236359
325.202606
325.060699
325.404327
325.581207
325.502319
325.151459
325.598022
325.579254
325.483948
325.487518
325.481537
325.419067
325.463257
325.896576
325.303558
324.962189
325.062469
324.566193
324.928925
324.418671
324.199402
324.075165
323.791229
323.444519
323.414276
323.320801
322.836578
323.114349
322.809052
322.438171
322.104950
321.390503
321.361359
321.450897
321.335876
321.092041
320.628784
320.117249
320.672699
320.171997
320.089386
319.669678
319.603302
319.803589
319.398193
319.505127
319.856354
319.399872
319.078735
319.224762
319.475830
319.648529
319.643860
319.506073
319.330048
319.757111
319.948883
319.935577
320.629089
320.527557
320.781097
320.836884
320.896057
321.504120
321.532898
321.790070
322.162506
322.462830
322.023041
322.797089
322.956390
323.396820
323.792297
323.825989
324.031097
324.339233
324.698242
324.836761
325.359924
325.014648
325.810730
325.973206
325.714172
326.423340
326.412567
326.764679
326.900940
326.836792
327.127808
327.049530
327.004547
327.014160
327.502686
327.595093
327.356201
327.316376
327.740295
327.328491
327.457367
327.673889
327.181213
327.303528
327.072266
326.981293
326.383392
326.896973
326.576202
326.492157
326.071838
325.466370
325.778748
325.542145
325.506317
325.035339
324.657562
324.400452
324.311829
324.310272
324.237427
323.858856
323.478638
323.432983
323.543335
322.619629
322.987396
322.695892
322.341034
322.057312
322.419586
322.230011
321.729889
322.230377
322.081757
322.124329
321.484131
321.870697
322.037384
321.963379
322.375549
321.944733
321.953644
322.254517
322.663971
322.539825
322.681580
322.483582
322.732117
323.292480
323.462280
323.490265
324.045715
323.573120
324.244598
324.073761
324.416382
324.624359
325.322845
325.159027
325.871490
325.841797
326.354950
326.580444
326.792938
327.087402
327.218048
327.645905
327.511780
328.157837
327.884644
328.329193
328.252655
328.736450
328.875488
329.365540
329.290771
329.289581
329.419495
329.802032
329.112366
329.588715
330.063660
329.568390
329.880249
329.426605
329.662384
329.238342
329.848389
329.547485
329.885071
329.552490
329.382690
329.524414
329.098175
328.398224
328.443390
328.277649
328.802429
328.088593
327.783234
327.652100
327.187042
327.499084
327.233765
327.096802
326.684296
326.661163
326.927277
326.201416
326.557037
326.094696
325.930450
325.782654
326.150391
325.598572
325.428619
325.309631
325.551788
325.689331
325.290100
325.160004
325.391785
325.158173
326.430847
325.498108
325.450623
325.630859
325.934235
325.774902
326.003906
326.515015
326.539215
326.864777
327.025696
327.108826
327.281464
327.722076
327.852966
328.080963
328.666779
328.763611
328.891266
329.471558
330.152740
329.804962
330.664673
330.914948
330.900818
331.199127
332.169983
332.391327
332.773346
333.057831
333.006439
333.316742
333.455566
333.974243
334.317535
334.045563
334.745544
334.803680
335.051727
335.050201
334.781616
335.349548
335.492859
335.853088
335.529358
335.728729
335.848267
336.205200
335.747681
335.853241
335.631409
335.881378
335.367859
335.435638
335.407928
335.340210
335.374329
335.223480
335.278992
334.157196
334.403687
333.852936
333.859192
333.989868
333.686707
333.598236
333.258026
332.972168
332.556610
332.912567
332.246521
331.908813
331.426697
331.682587
331.582001
331.104370
331.466217
331.072784
331.286102
330.743439
330.630768
330.740143
330.514648
330.149323
330.656067
330.585907
330.649139
330.504486
330.503784
330.638428
330.673798
330.569611
330.700836
330.644989
330.864777
331.426636
331.604004
331.939148
331.923035
332.095398
332.323334
332.597961
332.492676
332.990082
333.420746
333.822174
334.113556
334.704742
334.995239
335.184052
335.435425
336.091156
336.466858
336.809326
337.162872
337.775452
337.790588
338.283844
338.685669
338.678528
338.992371
339.363953
339.520782
339.391785
340.207184
340.142395
340.310150
340.676666
340.641754
340.887787
340.658691
341.368286
341.170380
341.129883
341.369415
341.851227
340.958832
341.330841
340.748047
341.066223
341.236664
341.190460
340.616669
340.467590
339.891174
340.099701
340.119415
339.591858
339.644073
339.374634
338.769928
338.844025
338.728699
338.312714
337.407623
337.614716
337.267548
336.916595
336.121307
335.830688
335.819824
335.523987
335.440186
334.711121
334.765442
334.361115
334.244507
334.346069
333.763977
334.259583
333.465454
333.223083
333.148407
332.657776
332.964874
332.887543
332.589478
332.626831
332.383667
333.002960
332.683258
332.739746
332.371277
332.820801
333.133209
333.038025
333.037598
333.434662
333.503387
333.164093
333.473846
333.946838
334.160797
333.981293
334.931366
334.555328
334.964966
335.242004
335.459564
335.614380
335.861847
336.666412
336.459473
337.024689
337.075623
337.153748
337.510040
337.772827
337.711761
337.904236
338.223114
338.064087
338.362183
338.292969
338.989655
339.110809
339.133514
339.419006
339.420990
339.351257
339.628845
339.454163
339.324219
339.505737
339.308136
339.389587
339.512238
339.451691
339.015656
338.947784
338.685913
338.606720
338.606354
338.096069
338.107941
337.363800
337.520752
337.630493
337.226654
336.978851
336.321899
336.472046
336.049042
335.960754
335.693329
335.311066
335.037109
334.756531
334.952118
334.316956
334.167389
333.785522
333.474274
333.753571
333.391418
333.134186
333.236023
333.437103
332.527008
333.216064
332.698975
332.652863
332.230377
332.109497
332.676575
332.353210
332.216095
332.095367
332.420349
332.326538
332.624695
332.788147
332.465637
332.750916
332.646423
333.355286
333.177460
333.625549
333.846283
333.748291
333.611481
334.247467
334.039154
334.124298
334.240753
334.480286
334.849182
335.317871
335.502350
335.029388
335.270355
336.066833
335.986450
335.691040
336.131256
335.843414
336.055267
336.935028
336.466492
336.604370
336.525146
336.901794
336.850952
336.674835
336.979919
336.493988
336.761780
336.728973
336.642914
336.497925
336.217072
336.144470
336.086914
335.635254
335.721802
335.427185
335.609283
335.261169
334.724152
334.405792
334.368347
334.079071
333.857269
333.862823
333.549957
333.338989
332.808533
333.059875
333.080811
332.216492
332.046509
331.454681
331.478333
331.537628
330.922272
331.183594
330.554871
330.442596
330.155396
330.348083
329.996460
329.713806
330.074829
329.774719
329.583374
329.403503
329.576569
329.854889
329.841003
329.587738
329.479523
329.875458
329.681274
329.524353
330.659332
330.332397
330.146912
330.587067
330.475342
330.462982
330.759094
330.913055
331.635773
331.096771
331.670227
331.662079
332.166962
332.142090
332.096741
332.189392
332.433899
333.015076
332.794556
333.215485
333.463043
334.054291
334.247528
334.236755
334.176178
334.089233
334.238586
334.113251
334.055420
334.180481
334.107452
333.872345
334.115601
334.066101
333.930542
333.431488
333.845459
333.418640
333.237366
333.021790
332.813385
332.916809
332.574432
332.134064
331.537598
332.047089
331.433319
331.464630
330.908508
330.744720
330.735382
329.802338
330.246735
329.869141
329.349060
329.065460
328.689514
328.394714
328.174988
327.913239
327.826385
327.617126
327.976044
327.610809
327.428772
327.214447
327.030243
327.045074
327.378510
327.230347
327.447083
327.628143
327.519043
328.197784
328.271759
328.335083
328.435608
329.027313
329.234680
329.661926
329.787628
330.374023
330.381073
330.412537
331.553589
331.835236
331.836975
332.207581
333.298828
333.123230
332.916931
333.936890
333.757355
334.215027
334.372589
334.586853
334.653168
334.256104
334.713470
334.268707
334.100861
333.911957
333.198395
333.140228
332.170502
331.508270
330.611664
329.941376
328.605011
327.107819
325.994019
324.410187
322.575317
320.975494
319.284302
316.810699
314.534760
311.833527
309.556061
306.960205
304.135712
300.823395
297.429810
294.555115
290.857483
286.671204
283.385315
279.417542
276.062134
271.453857
267.616302
263.398956
259.307983
255.243057
250.897995
246.436340
242.327698
237.964355
233.476044
229.921768
225.777084
222.073654
218.140549
214.725540
211.246231
207.709122
204.544128
201.758194
198.926483
196.452499
194.207977
191.944183
190.363129
188.994247
187.508209
186.495499
185.727676
185.552444
184.846970

218.785263
183.619141
184.113205
184.766953
185.569519
186.822845
188.593735
190.216202
192.211243
194.306656
197.032883
199.289886
202.315369
204.987473
208.334503
211.722214
215.226532
218.916977
222.495499
226.183914
230.191483
233.898254
238.062653
242.000046
245.805023
250.041611
254.081726
258.028015
261.790955
265.867584
269.710358
273.511627
276.772766
280.960449
284.037140
287.394501
290.499451
293.381500
296.535553
298.831482
301.768616
304.070343
306.421478
308.608887
310.754944
312.411835
313.989410
315.314575
317.244751
318.513763
319.462402
320.572388
321.698883
321.959717
323.160156
323.061554
324.333618
324.104492
324.475403
324.606995
324.762878
325.053375
324.992126
324.912170
324.777802
324.430237
324.639740
323.859253
323.532990
323.675171
323.241791
322.611816
322.587219
322.166199
321.472229
321.261108
321.134857
320.581543
320.853912
320.831421
319.920776
319.621429
319.429169
319.514557
319.274292
319.548798
319.265778
319.165985
319.235992
318.884827
318.811737
319.068237
319.826874
319.318848
319.667847
320.104126
319.647339
319.459045
319.982666
320.388000
320.877136
320.949280
321.530792
321.638977
322.012115
321.777740
322.624084
323.026062
323.148743
323.225128
323.789398
323.860474
324.322662
324.625244
324.615143
325.146118
325.554321
325.869446
325.758667
325.952423
326.365143
326.130829
326.256775
326.130920
326.507660
326.521698
326.352753
326.597015
326.520050
326.135101
326.485596
325.963531
326.093567
326.214783
325.702271
325.336304
325.547424
324.988678
324.905182
324.587372
324.018860
324.036285
323.865540
323.499268
322.932526
322.904816
322.381470
322.316162
322.032379
321.453461
321.268311
321.078796
320.998047
320.305450
320.216217
320.273041
319.735321
319.467957
319.200562
319.202087
318.932556
318.552277
318.755157
318.363434
318.281158
318.140442
318.478149
318.507141
318.822052
318.333435
318.343872
318.467926
318.905762
318.984741
319.049652
319.032867
319.530731
319.860596
320.285583
320.367615
320.628815
320.491577
321.140320
321.325317
321.579926
322.142609
321.777802
322.023132
322.907379
322.925323
323.258270
323.779938
323.709839
324.014496
324.826019
325.183990
324.814758
325.645264
325.719055
326.050507
326.359375
326.824860
326.749481
326.987854
327.274902
327.254791
327.423828
326.909729
327.244446
327.509766
327.419556
327.261230
327.358459
326.703888
327.524902
327.354279
326.813599
326.445496
325.999329
326.221161
326.419739
325.709412
325.476990
325.155457
324.662781
324.742432
325.007660
324.830750
324.046906
323.641968
323.194031
323.364624
322.998932
322.785828
321.952576
321.781616
321.456879
321.470978
320.885712
320.714081
320.299896
320.267365
320.284180
319.792908
319.400452
319.197998
319.051453
318.560608
318.674927
318.635162
318.428650
318.548370
318.621490
318.266022
318.241364
318.414795
318.376526
318.233063
318.495789
318.201233
318.241669
318.871735
318.901276
318.918610
319.078339
319.478180
319.219452
319.905487
320.575226
320.674774
320.426880
320.280396
320.911407
321.123535
321.191132
321.685303
321.972870
321.792053
322.574768
322.497101
322.722412
323.103729
323.480011
323.747437
323.981018
324.506622
324.668457
324.615326
325.184570
325.209747
325.156097
325.039093
325.393738
325.570709
325.492889
325.159698
325.573212
325.570099
325.508423
325.498749
325.510132
325.450500
325.509705
325.929047
325.333435
325.044891
325.108521
324.615753
324.998962
324.523010
324.304535
324.188934
323.893738
323.551971
323.523254
323.424286
322.977448
323.239624
322.959839
322.606110
322.288605
321.592987
321.558411
321.618225
321.545074
321.308929
320.857086
320.368073
320.889648
320.399475
320.338898
319.924866
319.850769
320.055573
319.676361
319.809906
320.136505
319.707642
319.360718
319.523438
319.773773
319.934509
319.965240
319.815674
319.640961
320.063019
320.288788
320.259186
320.974487
320.828613
321.109222
321.158356
321.225464
321.830414
321.848969
322.089996
322.506622
322.796997
322.354980
323.100891
323.286255
323.700928
324.115570
324.147522
324.316467
324.641602
324.996643
325.115631
325.654846
325.267853
326.079376
326.216431
325.981262
326.675018
326.665527
326.980072
327.139801
327.037994
327.314087
327.246735
327.175568
327.187531
327.630402
327.748322
327.482819
327.454437
327.864807
327.420441
327.551239
327.756500
327.269226
327.382172
327.128754
327.021301
326.408142
326.886505
326.590973
326.498566
326.051849
325.450439
325.722870
325.481293
325.444489
324.947479
324.551208
324.324036
324.197693
324.183319
324.106171
323.714905
323.344299
323.278748
323.376343
322.454498
322.818420
322.510864
322.140686
321.856842
322.213470
322.000793
321.478912
321.978363
321.823395
321.871277
321.233734
321.606384
321.789337
321.689056
322.099579
321.656799
321.676147
321.986603
322.364532
322.253571
322.406738
322.193848
322.450623
323.028473
323.192017
323.198120
323.747498
323.280090
323.955811
323.804779
324.154053
324.359375
325.053253
324.886475
325.606049
325.585938
326.094513
326.325684
326.573181
326.853729
327.005737
327.401611
327.296539
327.954681
327.705536
328.140015
328.106354
328.570679
328.733521
329.187592
329.162323
329.138000
329.319855
329.678894
329.017975
329.498871
329.973663
329.506775
329.823975
329.387390
329.624481
329.199890
329.867065
329.517365
329.886627
329.555511
329.426086
329.596588
329.156647
328.429871
328.548187
328.369171
328.920685
328.217316
327.891815
327.780457
327.329498
327.669922
327.370636
327.237762
326.872955
326.843262
327.116119
326.397278
326.748444
326.316925
326.116791
326.019623
326.361877
325.808746
325.673096
325.537994
325.759888
325.943665
325.564728
325.435181
325.672150
325.413666
326.188873
325.764435
325.739746
325.902313
326.213440
326.046326
326.315369
326.810242
326.809875
327.157440
327.317902
327.413055
327.590240
328.011566
328.143646
328.354736
328.937347
329.036774
329.172516
329.740692
330.380219
330.076782
330.929352
331.192230
331.127472
331.486359
332.416748
332.615417
332.990784
333.276154
333.227295
333.568726
333.630585
334.148254
334.507202
334.225769
334.899902
334.984863
335.202606
335.206818
334.935089
335.449799
335.613861
335.974762
335.641174
335.827393
335.961456
336.264191
335.827209
335.932892
335.678650
335.948212
335.399261
335.449158
335.428955
335.338531
335.402069
335.206024
335.254211
334.124207
334.351715
333.812927
333.789856
333.914612
333.611328
333.514679
333.138336
332.841919
332.438293
332.780457
332.114197
331.788208
331.266785
331.525818
331.413696
330.946777
331.288574
330.888916
331.077972
330.552582
330.441315
330.503235
330.316162
329.907684
330.411896
330.355225
330.412842
330.258026
330.240448
330.369904
330.413818
330.286102
330.413818
330.359314
330.570374
331.138367
331.304413
331.608398
331.591125
331.781616
331.968994
332.276825
332.173676
332.652740
333.064850
333.458984
333.748291
334.340515
334.619080
334.808502
335.061951
335.703674
336.077576
336.419067
336.793030
337.390045
337.388885
337.871246
338.281342
338.282959
338.614990
338.959503
339.126740
338.983673
339.789642
339.722351
339.896698
340.258118
340.205048
340.457428
340.246582
340.960876
340.756775
340.698090
340.930664
341.414001
340.552094
340.862122
340.303955
340.611542
340.822571
340.723053
340.167084
340.006927
339.445923
339.663788
339.678680
339.152191
339.208588
338.940979
338.321259
338.377930
338.272766
337.871338
336.994995
337.187744
336.825439
336.485016
335.669556
335.379822
335.373566
335.095978
335.019501
334.267517
334.333496
333.919281
333.800018
333.900299
333.330505
333.825684
333.013245
332.825012
332.724823
332.244965
332.540924
332.506683
332.195526
332.219177
331.981018
332.619507
332.275848
332.354553
331.984222
332.426636
332.784363
332.657684
332.658905
333.060852
333.136719
332.808411
333.129517
333.617218
333.827148
333.657349
334.571686
334.231628
334.628845
334.926666
335.120117
335.331329
335.542816
336.375305
336.177490
336.739685
336.824341
336.902313
337.246338
337.512054
337.479309
337.636139
337.938232
337.846130
338.102051
338.080017
338.750671
338.903412
338.920715
339.237122
339.223145
339.168396
339.423096
339.290894
339.157654
339.359344
339.197296
339.259644
339.327545
339.333771
338.901825
338.852203
338.566925
338.502319
338.522217
338.009827
338.046753
337.299438
337.458832
337.595612
337.170929
336.930878
336.264038
336.440399
336.004944
335.945068
335.648254
335.302002
335.038879
334.748871
334.977020
334.329620
334.193024
333.804962
333.498413
333.800323
333.429169
333.186310
333.104675
333.515808
332.602539
333.287292
332.789124
332.721619
332.279755
332.183960
332.740295
332.430817
332.305817
332.226624
332.536957
332.463074
332.718018
332.877197
332.569641
332.857971
332.758820
333.457886
333.299377
333.750854
333.973755
333.868713
333.757843
334.386841
334.176575
334.273560
334.369324
334.615753
334.963776
335.455139
335.653656
335.190399
335.417389
336.199951
336.110382
335.851898
336.257812
335.980774
336.214935
337.070007
336.618866
336.731232
336.667084
337.028107
336.973877
336.788208
337.118866
336.632263
336.895081
336.825958
336.768890
336.617706
336.346344
336.251526
336.215363
335.758850
335.849792
335.562225
335.763306
335.397278
334.853058
334.511993
334.504730
334.204559
333.972046
333.982605
333.666107
333.454895
332.919647
333.175903
333.195343
332.316040
332.154175
331.555176
331.575409
331.641693
331.031891
331.274292
330.631500
330.545471
330.250488
330.461700
330.119720
329.818420
330.166443
329.869537
329.688538
329.514374
329.690216
329.945679
329.929626
329.691956
329.579834
329.966248
329.768829
329.634430
330.771545
330.449036
330.246887
330.685913
330.576904
330.555817
330.856934
331.000610
331.749847
331.202698
331.756409
331.768982
332.280609
332.228302
332.195312
332.292816
332.554596
333.133118
332.891479
333.321442
333.572174
334.141357
334.361023
334.323486
334.289398
334.205688
334.346588
334.210754
334.169800
334.303772
334.236908
333.994415
334.232971
334.182404
334.036469
333.523560
333.952148
333.519501
333.341492
333.150696
332.917023
333.025970
332.693542
332.256775
331.668854
332.144501
331.535431
331.597107
331.020752
330.834442
330.845062
329.895844
330.347900
329.975800
329.463257
329.183502
328.807800
328.502991
328.289551
328.020599
327.921997
327.718170
328.056366
327.723389
327.528748
327.306458
327.155304
327.106750
327.450104
327.308807
327.551971
327.713409
327.584137
328.290344
328.362793
328.414093
328.516022
329.095856
329.300629
329.736877
329.852539
330.427948
330.451599
330.450439
331.602997
331.870392
331.896545
332.224213
333.339874
333.141846
332.942963
333.968475
333.784393
334.266174
334.399445
334.640167
334.653412
334.243011
334.713196
334.274445
334.094666
333.896820
333.176941
333.128601
332.139801
331.480103
330.569244
329.887421
328.562531
327.037750
325.956207
324.366638
322.519043
320.934662
319.223694
316.740570
314.479248
311.745514
309.481384
306.861969
304.066193
300.717957
297.337891
294.455322
290.775787
286.573883
283.293732
279.324249
275.961670
271.343811
267.505737
263.292328
259.194763
255.132736
250.782516
246.318588
242.186768
237.854767
233.346695
229.793411
225.638260
221.935089
217.996048
214.587494
211.107315
207.579514
204.394089
201.600098
198.783325
196.294083
194.057739
191.800446
190.205704
188.849030
187.369507
186.345871
185.590057
185.417618
184.687698

