274.179291
173.860657
174.192459
174.883331
175.636475
176.832565
178.210464
179.913956
181.891037
183.618164
186.142059
188.533691
191.231735
194.029984
196.875717
200.147491
203.569229
207.061417
210.399719
213.986557
217.768570
221.454285
225.125748
229.013870
232.606201
236.423752
240.305969
243.881149
247.693695
251.566895
255.002823
258.475983
262.125458
265.458527
268.361450
271.660461
274.474884
277.365967
280.263885
282.856171
285.337311
287.732544
290.158600
292.141754
293.873535
296.079071
297.701202
298.930237
300.613495
301.174957
302.842560
304.045227
304.934601
305.182800
306.318024
306.738586
306.884949
307.729095
307.848053
307.657898
308.193054
308.373138
307.952454
308.069794
308.595490
308.097839
307.855133
307.435974
307.004822
307.210327
307.264801
306.906769
306.456299
306.186371
306.146423
305.663147
305.293091
305.514160
305.188293
305.117859
304.136658
304.578705
304.255371
304.374390
304.161530
304.424622
304.146667
304.157135
304.260437
304.223511
304.510162
304.409393
304.814301
304.571838
304.949432
305.517853
305.228455
305.778717
305.990540
306.257751
306.657593
307.166595
307.393372
307.720184
307.928864
308.264252
309.104523
309.580841
309.392914
309.837769
309.880402
310.861053
310.704956
311.045013
311.394562
311.907684
312.165405
312.511475
312.889008
312.870239
313.032196
313.144653
313.436035
313.947418
313.793945
313.905762
313.986908
314.355530
314.200592
314.230530
313.974518
314.001678
314.009033
313.680969
313.591583
313.760925
313.693390
313.013123
312.946686
312.631226
312.680878
312.089661
312.159851
312.123718
311.499054
311.292877
311.282288
310.956055
310.441895
310.472290
310.717957
310.528625
309.755646
309.736053
309.528687
309.046143
309.176147
309.061432
308.779633
308.795319
308.638733
308.479645
308.703644
308.182159
308.651550
308.787262
308.243134
308.145050
308.694183
308.777954
308.899841
308.931213
309.263550
309.426971
309.457092
309.845398
310.179352
310.029144
310.463501
310.959167
311.072662
311.657288
311.640076
312.180725
312.554779
312.343018
313.111267
313.540771
313.581512
314.428864
314.829926
314.793243
314.979950
315.618134
315.811951
316.456482
316.635529
316.721344
316.876068
317.659241
317.381866
317.890930
318.213348
317.904541
318.857513
319.100037
318.943726
319.024261
319.443298
319.130432
319.210999
319.886078
319.237335
319.530670
318.998260
319.503601
319.335632
319.289246
318.898956
318.749573
318.740631
318.990356
318.231384
318.438721
318.662323
317.782379
317.928680
317.825989
317.368439
317.340851
317.026794
316.462402
316.159058
316.158051
315.450470
315.352966
315.251068
315.162506
314.575256
314.614197
314.447510
314.499817
314.157684
313.851318
313.779724
313.555023
313.590546
313.636108
313.124084
313.311523
313.111938
313.264099
313.319458
313.357239
313.387268
313.357025
312.886414
313.413605
313.312469
313.635620
313.689087
314.019623
314.527252
314.531403
314.386261
314.633881
315.350983
315.375824
315.715668
315.665833
315.995178
316.510040
316.487091
317.138580
317.568970
317.961456
318.202484
317.977203
319.145538
319.035553
319.446808
319.461243
319.819031
320.510925
320.358521
320.422455
320.847321
321.247742
321.422821
321.308380
321.761841
322.157990
322.253418
322.506287
322.243530
322.424072
322.399139
322.600494
322.863953
322.702698
323.020020
322.659729
322.881042
322.460266
322.415497
322.363129
322.279205
322.420319
321.961761
322.268341
321.966583
321.703918
321.515869
321.500275
321.271301
321.063293
321.337311
320.396088
320.366943
320.086060
319.954346
319.619781
319.727814
319.856567
319.794403
319.002808
318.774841
319.421478
318.942383
318.357361
318.810760
318.536407
318.204071
318.641388
317.982239
318.406708
318.064545
317.923492
317.964203
317.796906
318.160400
318.357971
318.590118
319.042938
318.831848
318.900787
319.058472
319.257019
319.284180
319.400421
319.645905
319.604309
320.289673
320.682251
320.915161
321.221405
321.027832
321.737762
321.569244
322.263123
322.544952
322.761963
323.045044
323.617462
323.451477
324.339691
324.429016
324.602325
325.078064
325.167419
325.308624
326.142365
326.157440
326.220978
326.281097
326.349792
326.461151
327.046204
326.941681
327.043762
327.012756
327.466370
327.203308
327.997040
327.553528
327.807312
327.479584
327.322144
327.827606
327.552155
327.894196
327.737976
327.153290
327.397797
327.146545
326.902863
326.731171
327.102448
326.598083
326.238647
326.440430
325.951080
325.876678
325.525543
325.424866
325.489655
325.179626
324.733002
324.371887
324.360474
324.563232
323.946381
324.213837
323.746552
323.609436
323.169586
323.164703
323.102142
323.098450
322.756226
322.739471
323.090332
322.890076
322.725433
322.798828
322.801910
322.898804
322.741791
323.214905
323.290100
322.934021
323.280548
323.560303
323.603149
323.421478
323.674927
323.874573
324.396393
324.617157
324.652374
325.046417
325.273285
325.180298
325.686340
325.950653
326.141357
326.768860
326.253082
327.159027
327.155396
327.829437
327.552429
327.961426
328.695251
328.804230
328.818909
328.956635
329.521851
329.606049
329.745697
330.190155
330.267334
330.662384
330.550415
331.145782
331.084869
331.425842
331.250671
331.238037
331.464630
331.139069
331.201172
331.626648
331.537109
331.323578
331.401947
331.854706
331.299896
331.055328
331.305725
331.213409
330.825470
330.958038
330.452301
330.462708
330.623688
330.213226
330.550262
330.288788
329.779053
329.849243
329.476135
329.212799
329.200165
328.820618
328.759003
328.912079
328.651276
328.320679
328.377258
328.733582
328.251740
327.925385
327.911682
327.884857
328.020569
327.961670
327.781952
327.679169
327.790955
328.067963
328.148193
327.423401
327.901611
328.940063
328.614380
328.727997
328.910706
328.909729
328.876190
329.331940
329.695312
329.452393
330.018799
329.862183
330.421204
331.135559
331.112518
331.580994
332.093689
332.454559
332.393402
332.832977
333.326691
333.984192
334.285858
334.720337
334.997742
335.214935
335.501617
335.869141
336.144836
336.754333
336.429901
337.116302
337.433716
338.024567
338.001007
338.357574
338.689392
338.857330
338.953644
339.281036
339.067444
339.393829
339.661560
339.917480
339.645416
339.960083
339.923157
340.206757
340.183350
340.313934
340.066589
340.091125
339.604553
339.475708
340.140686
339.684692
339.379333
339.982178
339.202606
339.139801
338.880280
338.592346
338.308960
338.348511
337.793762
338.046722
337.483673
337.627716
337.745361
337.011597
336.707642
336.633575
336.836060
336.674652
336.331512
336.118622
336.286194
336.185883
336.141113
335.906006
335.731110
335.497131
335.276672
335.743378
335.687378
336.056274
335.760345
335.910461
336.044891
336.326324
336.372955
336.386932
336.440063
336.775116
336.614258
337.307587
337.055725
337.536621
337.998444
338.129456
338.408569
338.922302
339.108856
339.417786
339.960907
340.481537
340.556274
341.626678
341.728729
342.197327
342.256775
342.914124
342.877472
343.848297
343.848480
344.347015
344.568207
345.297943
346.003448
345.220093
346.054596
346.520935
346.541504
346.566040
347.402527
347.553833
347.176331
347.482941
347.813385
347.784973
348.122772
348.023010
348.406891
348.354279
348.083282
348.733124
348.312897
348.203064
348.450409
348.382324
348.177246
348.063171
347.889893
347.770111
347.263153
347.465820
347.098419
346.736511
346.156158
346.678253
346.111481
345.774292
345.681396
345.370453
345.246490
344.858948
344.708160
344.157532
344.191315
343.623566
343.565826
343.247467
342.782806
342.831116
342.980927
342.560638
342.090057
341.540985
342.104156
341.544678
341.970428
341.253265
341.308472
341.073120
341.100189
341.290924
341.346710
341.241028
340.990784
341.004608
341.450470
341.440613
341.201263
341.796448
341.622803
341.799286
341.736023
342.155609
342.291504
342.617920
343.076965
342.857330
343.569885
343.691620
343.997101
344.469879
344.851746
345.044800
345.255005
345.317291
346.066223
346.273407
346.682281
346.935730
346.671661
347.220459
347.088898
347.682739
347.983490
348.079041
348.177368
348.939270
348.640198
349.108612
349.165588
349.489838
349.742981
349.468964
349.703827
350.111206
349.807892
350.263062
349.620483
349.727905
349.855927
350.210632
349.856598
350.041046
349.779602
349.234222
349.888214
349.434937
349.023468
349.122009
349.252563
348.642548
348.568542
348.388855
347.985291
347.985565
347.581573
347.409149
347.285095
346.821655
346.802856
346.723328
347.007599
346.238617
346.123108
345.355347
345.959015
345.925629
345.542786
345.561523
345.461700
345.808838
345.230499
345.410645
345.291565
344.871094
344.913849
344.762024
344.766235
344.465332
345.081818
344.623627
344.882751
344.752319
344.938110
344.763153
344.977020
345.127747
345.415314
345.781158
345.771393
345.769806
346.203796
346.753418
346.562500
347.051636
346.942688
347.122437
347.617188
348.597412
348.186432
348.351105
348.621948
348.782959
348.751068
349.428162
349.529053
349.605560
349.920135
349.804291
349.888275
350.889801
350.338165
350.731049
350.716156
351.333862
350.997650
350.973175
350.836975
351.312073
351.202179
351.343292
351.744934
351.513245
351.341980
350.912476
350.972198
350.753479
350.703217
350.899811
350.070923
350.094391
350.070557
350.040039
350.144623
349.483826
349.428406
349.501831
348.938995
348.679474
348.177338
348.161621
348.031921
347.485107
347.732056
347.404480
346.693909
347.099731
346.854980
346.519958
346.590790
345.860474
346.037506
345.931305
345.913666
345.611755
345.417084
345.508118
345.467072
345.288086
345.648834
345.496918
345.555054
345.949249
345.669861
345.718811
345.892548
345.797729
345.514618
346.189484
346.288879
346.628448
346.594269
346.820862
346.845917
347.534241
347.162109
347.662018
347.877106
348.161957
348.656738
348.722382
349.000610
349.283508
349.127136
349.401001
349.742523
350.156097
350.475616
350.677307
350.544464
350.728058
351.109161
351.056793
351.112640
351.301270
351.616119
351.753021
351.348297
351.564789
351.739563
351.617981
351.344910
351.240723
351.450867
351.697968
351.298218
351.135437
350.891663
350.685669
350.431427
350.315460
349.615692
350.169891
349.389160
349.792114
349.563354
348.896301
348.428223
348.128204
348.044952
347.594330
347.846558
347.454681
346.945435
347.207458
346.533173
346.975159
346.292786
345.922028
346.069366
345.926025
345.672089
345.636047
345.611908
346.122375
345.899017
345.782562
345.985138
345.898712
345.854523
346.342041
346.399017
346.925934
346.794586
347.042664
348.038696
347.848328
348.186737
348.422607
349.205688
349.524628
350.053802
350.400940
350.809235
350.784515
351.569733
351.817688
352.068634
352.931213
353.132263
353.761871
353.832153
353.914917
354.229706
354.406464
354.477966
354.267914
354.408600
353.943024
353.532776
353.606354
352.961334
352.064117
351.232788
350.462769
350.000000
348.152069
347.418304
346.176392
344.108765
342.110565
340.446442
338.517670
336.111938
333.678375
331.248993
328.436890
325.242706
322.270355
318.627899
315.571411
312.026001
308.351105
304.474548
300.722504
296.557007
292.189636
288.164886
284.028442
279.405670
275.242065
270.676453
265.973724
261.658417
257.220551
252.627167
248.415192
244.176590
240.009277
235.654053
231.415955
227.812332
223.919495
220.399033
217.069641
214.148285
211.084366
208.309799
205.996948
203.591644
201.692261
200.037674
198.672150
197.863861
196.893372
196.412384
196.579391

274.706696
173.783463
174.098953
174.785370
175.562561
176.750137
178.127869
179.856262
181.841110
183.577255
186.105057
188.510834
191.216187
194.023926
196.902832
200.192780
203.616974
207.133514
210.503021
214.101974
217.936127
221.625626
225.319580
229.213608
232.837921
236.683151
240.620956
244.196747
248.041153
251.942322
255.432312
258.930115
262.602203
265.960419
268.893585
272.225891
275.075134
278.016357
280.896851
283.572906
286.082703
288.496307
290.996765
292.966400
294.757202
297.003387
298.647919
299.919952
301.624084
302.239044
303.915405
305.128296
306.103027
306.381470
307.521942
307.965332
308.135468
309.018005
309.198853
309.015900
309.612549
309.773254
309.413025
309.557526
310.132385
309.617981
309.425385
309.041748
308.601532
308.816681
308.936218
308.573151
308.162750
307.906647
307.893646
307.399963
307.118347
307.310883
306.986206
306.980988
305.971832
306.398224
306.103485
306.230743
306.029297
306.297516
306.016632
306.015839
306.133026
306.135834
306.415161
306.288818
306.710846
306.436981
306.805542
307.433594
307.152954
307.657288
307.890076
308.108398
308.536530
308.972900
309.221130
309.520447
309.706177
310.053375
310.921204
311.343475
311.121979
311.566406
311.567017
312.518402
312.358185
312.689636
313.038483
313.522461
313.731110
314.049866
314.416321
314.386841
314.521820
314.603058
314.874481
315.339020
315.187805
315.249878
315.287048
315.608276
315.422028
315.456512
315.187561
315.167786
315.116974
314.794678
314.672546
314.797943
314.694305
314.006500
313.915863
313.567871
313.561523
312.949097
312.982574
312.916321
312.286652
312.051361
312.014374
311.665649
311.091766
311.120789
311.328430
311.089661
310.330170
310.251190
310.018616
309.509979
309.624664
309.475250
309.198181
309.148468
308.985260
308.799469
309.017487
308.481049
308.914276
309.039185
308.459351
308.346802
308.887970
308.940979
309.041595
309.049469
309.340302
309.507629
309.559906
309.919586
310.223602
310.079163
310.487244
310.953979
311.063721
311.640350
311.593140
312.171143
312.505066
312.290192
313.040405
313.425720
313.507263
314.349548
314.745911
314.719910
314.881958
315.516357
315.706207
316.359467
316.529968
316.606964
316.737549
317.529663
317.283417
317.765930
318.123840
317.813904
318.751709
318.987427
318.854889
318.921722
319.354614
319.027924
319.133759
319.825500
319.190765
319.460541
318.938263
319.445496
319.314362
319.255463
318.880981
318.730316
318.760925
318.994690
318.244537
318.470032
318.666473
317.848450
317.987701
317.891571
317.440552
317.416534
317.131500
316.569611
316.306580
316.296356
315.607239
315.522858
315.450165
315.365173
314.791809
314.856842
314.725281
314.766876
314.484070
314.161835
314.081177
313.914703
313.930450
314.032440
313.544220
313.706848
313.554016
313.706116
313.807220
313.816650
313.898865
313.882660
313.447632
313.989502
313.908630
314.253510
314.304413
314.600098
315.190674
315.228363
315.104187
315.392426
316.088562
316.175018
316.509064
316.493408
316.873077
317.388794
317.342834
318.049011
318.500092
318.907074
319.182556
318.999359
320.195251
320.145966
320.539886
320.599365
320.978546
321.695007
321.554474
321.602722
322.095734
322.525085
322.660828
322.570587
323.094299
323.492126
323.648773
323.817810
323.631683
323.859314
323.878357
324.089722
324.367767
324.253174
324.598877
324.290344
324.497559
324.108002
324.123535
324.114532
323.984436
324.150726
323.720947
323.990021
323.816254
323.492676
323.349884
323.346741
323.152039
322.846497
323.214355
322.327942
322.327271
322.081879
321.949127
321.617279
321.724121
321.882690
321.891418
321.098755
320.883820
321.496246
321.071625
320.501923
320.951202
320.625977
320.365784
320.835785
320.196198
320.619873
320.275818
320.183685
320.200562
320.006775
320.371735
320.639374
320.847168
321.259308
321.075928
321.162598
321.245453
321.454742
321.562561
321.679260
321.874359
321.841339
322.582062
322.885437
323.087158
323.453033
323.238831
323.914673
323.768311
324.417175
324.681152
324.940765
325.129791
325.723267
325.552094
326.443481
326.525360
326.777527
327.156952
327.208344
327.332947
328.153259
328.127350
328.209167
328.224731
328.291626
328.408844
328.927612
328.791565
328.923187
328.861511
329.266754
328.999481
329.790771
329.328033
329.525177
329.204590
328.980530
329.473206
329.205078
329.449921
329.332825
328.721893
328.933197
328.632111
328.352783
328.171387
328.436523
327.965332
327.540833
327.786987
327.265442
327.131073
326.677734
326.626282
326.682953
326.298584
325.799316
325.441742
325.417633
325.525909
324.930817
325.143127
324.655212
324.510071
324.030182
323.978058
323.900970
323.885925
323.538696
323.494354
323.776642
323.535156
323.442780
323.420868
323.403564
323.495148
323.284424
323.759094
323.786530
323.400818
323.726959
323.975861
323.969330
323.852539
324.041840
324.218903
324.730469
324.930634
324.944183
325.322937
325.536377
325.451752
325.906097
326.189453
326.367096
326.933075
326.420868
327.339081
327.264313
327.949707
327.677643
328.035004
328.807037
328.897552
328.909027
329.014740
329.544647
329.632629
329.780762
330.216949
330.290741
330.654663
330.544739
331.134338
331.071564
331.419922
331.227661
331.223175
331.440735
331.090790
331.136688
331.576904
331.490173
331.284241
331.320862
331.791290
331.227783
330.984772
331.255676
331.160950
330.762878
330.898560
330.393158
330.416229
330.531525
330.114746
330.471924
330.230011
329.729156
329.765717
329.384644
329.109802
329.140594
328.723206
328.673615
328.835602
328.563599
328.259705
328.301483
328.665192
328.168488
327.857178
327.826782
327.783691
327.943726
327.859009
327.726501
327.578003
327.668091
327.965851
328.060760
327.355042
327.807434
328.823883
328.497528
328.628052
328.803986
328.794861
328.762177
329.198273
329.563538
329.324402
329.868042
329.746094
330.274384
330.984772
330.959717
331.436554
331.944183
332.253662
332.204895
332.655945
333.090942
333.782410
334.074493
334.491791
334.778320
334.978821
335.262970
335.626099
335.881287
336.508575
336.157379
336.876129
337.167755
337.729675
337.714081
338.023346
338.366638
338.527740
338.618286
338.954071
338.701447
339.036133
339.328918
339.532288
339.262054
339.560486
339.505676
339.766113
339.764099
339.897522
339.664093
339.616516
339.139160
339.006836
339.653412
339.188538
338.870789
339.478424
338.695496
338.621277
338.356445
338.037354
337.765167
337.822144
337.221832
337.489868
336.931885
337.054291
337.163971
336.451111
336.144318
336.028473
336.255310
336.067169
335.722870
335.533600
335.666229
335.578613
335.534790
335.299622
335.115875
334.839874
334.623901
335.113861
335.052765
335.450317
335.112274
335.265228
335.429810
335.699677
335.739471
335.734833
335.827759
336.143494
336.001526
336.675476
336.426025
336.927277
337.350952
337.491760
337.784576
338.311951
338.494598
338.796082
339.355957
339.879303
339.932220
341.025391
341.159546
341.581177
341.674500
342.362366
342.283447
343.261169
343.273102
343.774689
344.009857
344.728180
345.457428
344.646759
345.521271
346.000061
346.056519
346.055511
346.916290
347.053925
346.714874
346.995636
347.331421
347.330566
347.667969
347.571930
347.971771
347.926880
347.664978
348.311096
347.917511
347.812500
348.085236
347.968994
347.795471
347.659729
347.507416
347.417969
346.941254
347.140472
346.778503
346.441559
345.821869
346.365265
345.835907
345.492493
345.385345
345.088531
344.971191
344.602570
344.454346
343.937744
343.920837
343.380249
343.349091
343.025055
342.577881
342.636963
342.799622
342.366730
341.874725
341.396454
341.928314
341.354950
341.831635
341.109436
341.176331
340.961853
340.980530
341.174286
341.204285
341.150391
340.934723
340.943024
341.388336
341.369385
341.137299
341.716187
341.569916
341.761169
341.680145
342.092865
342.234253
342.553528
343.039276
342.829193
343.525482
343.640472
343.966705
344.439606
344.848145
345.053253
345.254272
345.350739
346.106079
346.298309
346.687927
346.960876
346.681671
347.208740
347.119232
347.690277
347.992706
348.082794
348.232727
348.956879
348.697510
349.158386
349.184357
349.538422
349.778107
349.487854
349.772125
350.162659
349.850616
350.310760
349.671600
349.785675
349.927612
350.273468
349.900574
350.111481
349.831482
349.258850
349.942810
349.498383
349.057281
349.195587
349.299316
348.674408
348.615509
348.436737
348.012665
348.020721
347.635071
347.454681
347.308624
346.881683
346.875946
346.750580
347.007568
346.297394
346.184296
345.403137
345.997742
345.931366
345.598236
345.578339
345.466644
345.824585
345.229919
345.428680
345.324585
344.890015
344.926697
344.764618
344.779327
344.484589
345.101562
344.631622
344.880371
344.742188
344.947449
344.776581
344.954834
345.119537
345.386322
345.784637
345.741333
345.769897
346.181427
346.723572
346.558136
347.010284
346.925629
347.080566
347.554932
348.551147
348.135132
348.300049
348.543365
348.725250
348.693054
349.377289
349.457947
349.539032
349.829865
349.711670
349.803802
350.769135
350.276886
350.650726
350.656860
351.246582
350.904907
350.878632
350.755341
351.191681
351.089325
351.209045
351.622314
351.401978
351.208801
350.812897
350.864349
350.598877
350.578979
350.770111
349.959778
349.983307
349.965515
349.896973
350.032684
349.358856
349.279022
349.378052
348.826263
348.547638
348.042084
348.041473
347.903595
347.338623
347.605408
347.249573
346.550201
346.939087
346.721191
346.370361
346.456482
345.709381
345.903839
345.782043
345.776428
345.460876
345.245087
345.379913
345.326630
345.132050
345.503540
345.376068
345.419098
345.822083
345.534576
345.573822
345.764038
345.649628
345.370636
346.061707
346.171997
346.508972
346.483093
346.673035
346.686737
347.387939
347.014801
347.538086
347.756104
348.052521
348.555420
348.588470
348.885284
349.173370
349.048370
349.308197
349.654572
350.056915
350.413818
350.586426
350.429535
350.642059
351.020966
350.962372
351.009888
351.199524
351.521851
351.704315
351.270325
351.508484
351.679626
351.542969
351.289368
351.182251
351.395874
351.660858
351.235413
351.064575
350.855316
350.619415
350.406982
350.254456
349.584473
350.146118
349.347626
349.751373
349.547302
348.836456
348.392181
348.098297
348.006622
347.571747
347.806274
347.431061
346.916016
347.196503
346.496735
346.973297
346.282166
345.918610
346.092255
345.915771
345.656097
345.628296
345.591583
346.118073
345.885376
345.768127
346.017365
345.900909
345.839478
346.357605
346.411591
346.917145
346.816986
347.054321
348.046051
347.854919
348.152679
348.413147
349.197144
349.521698
350.091858
350.438660
350.843964
350.794800
351.606323
351.839020
352.057983
352.965118
353.173676
353.836792
353.877716
353.922302
354.225006
354.409302
354.506775
354.273743
354.433502
353.994598
353.572632
353.636658
352.991577
352.113159
351.272186
350.498566
350.028625
348.205658
347.447693
346.214600
344.154083
342.144745
340.478790
338.528351
336.130249
333.742676
331.273834
328.465179
325.302307
322.311523
318.664886
315.629120
312.072662
308.396759
304.520538
300.743805
296.609467
292.249207
288.198914
284.086121
279.465790
275.285522
270.730347
266.018982
261.720764
257.269440
252.692902
248.459717
244.230087
240.078964
235.697693
231.459702
227.868759
223.968491
220.462173
217.118103
214.183029
211.147766
208.344391
206.025391
203.665283
201.734665
200.098053
198.734055
197.912399
196.934036
196.450211
196.696426

219.516602
183.128799
183.617447
184.307022
185.331497
186.578430
187.884766
189.703201
191.514938
193.727951
196.146774
198.910950
201.639938
204.666687
207.908096
211.214325
214.477448
218.089813
221.831467
225.689041
229.557922
233.559296
237.424866
241.573914
245.573135
249.763519
253.537140
257.429352
261.319672
265.021698
268.801575
272.711731
276.418427
279.866760
283.470856
286.692841
289.525848
292.740540
295.328949
298.123322
300.485992
303.188934
305.224640
307.648712
310.138611
311.360077
313.373718
315.104797
316.603485
317.358948
318.536530
319.965912
320.527435
321.262451
321.782745
322.696198
323.606750
323.378479
323.861145
323.726135
323.784332
323.774628
323.602722
323.698944
323.718689
323.201721
323.088043
322.965240
322.753296
322.643311
322.019287
321.293152
321.404449
321.138397
320.545807
320.556427
320.112976
319.827209
319.580872
319.628387
318.901154
318.593079
318.660583
318.654724
318.571045
318.320251
317.859070
317.705383
318.304382
318.195770
317.785889
318.001434
318.030487
318.208160
318.399933
318.644012
318.728394
319.185577
319.562225
319.690308
319.999939
320.400726
320.421417
320.363800
321.122284
321.438812
321.569977
321.994476
322.220001
322.799255
323.205627
323.318848
324.087341
324.352142
324.313019
324.630646
324.991272
325.196289
325.181671
325.464417
325.804840
325.625732
325.894226
326.174683
326.227112
325.683411
326.126587
325.889862
325.897400
325.880066
325.636993
326.239716
326.297424
325.577301
325.527710
325.427643
324.977631
324.984253
324.771301
324.566284
324.193176
323.640015
323.155884
323.172699
323.142181
323.103241
322.298462
321.801178
321.899323
321.462524
320.870331
320.639404
320.523621
320.111237
320.220734
320.034637
319.478577
319.389252
319.610962
319.189667
318.948944
318.998444
318.731628
318.704376
318.842743
318.184784
318.139069
318.751007
319.045837
318.405029
318.657684
318.692200
318.769165
319.233826
318.999725
319.144684
319.784973
319.419159
319.825928
320.384338
320.412598
320.669189
321.200562
321.505432
321.575958
321.681641
322.333862
322.795685
322.718140
323.233002
323.432159
323.631561
323.928680
324.147766
324.813141
325.011505
325.550629
325.164703
325.764557
326.285034
326.593170
326.378601
326.738922
327.373444
327.235138
327.706024
327.227936
327.729919
327.698334
327.472107
327.405518
327.570526
327.684601
327.638824
327.750214
327.632080
326.992096
327.517273
326.873169
326.946869
326.578674
326.130920
326.489655
326.307556
325.886993
325.723694
325.100403
325.077820
324.985077
324.302185
323.861511
323.840302
323.403656
323.538361
322.902252
322.569794
322.378204
322.130371
321.689362
321.481171
321.562836
321.187988
320.924805
320.634064
320.134033
320.261505
320.017456
319.750153
319.610962
319.497040
320.006897
319.796722
319.476410
319.550354
319.549561
319.529938
319.761475
319.774994
319.684479
319.669006
319.864380
320.053680
319.922028
320.230621
320.479614
320.472107
320.562317
321.089111
321.554352
321.442719
322.019470
322.080078
322.444641
322.888336
323.259552
323.718689
323.349060
323.882416
324.163666
324.125824
324.667908
324.890472
325.560425
325.426941
325.628113
325.835358
326.708801
326.333801
326.667877
327.321503
326.663055
326.740753
327.022064
327.403534
327.626251
327.425568
327.629608
327.149872
327.719086
327.278534
327.968170
327.660828
327.122009
327.157379
327.500916
327.554565
326.776611
326.583557
326.686340
326.514587
326.435791
326.439423
326.208374
325.828674
325.644135
325.595306
325.200836
324.604309
324.760315
324.245331
323.660706
324.062286
323.682526
323.638977
323.514252
323.553375
323.026672
322.678070
322.424225
322.207581
322.756683
322.547516
322.049225
321.780273
321.780853
321.667511
322.077972
321.906555
321.957336
322.049316
321.402405
322.041046
321.933258
322.334473
322.310516
322.634613
322.228516
322.512360
322.539612
322.869843
322.915558
323.376068
323.792633
323.605316
324.189911
324.337463
324.796265
325.170135
325.192902
325.226715
325.369476
326.036377
326.259399
326.410248
326.924561
327.074982
327.326691
327.504089
327.788116
328.065430
328.499573
328.799866
328.677094
328.675720
329.214142
329.090973
329.390320
329.430145
330.016113
329.994965
330.049042
329.960144
330.347961
330.141510
330.192291
330.264587
330.195740
330.368683
330.375153
329.982727
330.036438
330.241852
329.641449
329.835876
329.256622
329.672302
329.168396
329.248993
328.797729
328.811737
328.694824
328.435577
328.645813
327.353546
327.588257
327.248352
327.290955
326.797760
326.821716
326.525574
326.377289
326.301544
325.887512
325.864380
326.049011
325.342529
325.518127
324.846954
324.966034
325.370697
324.675659
324.663818
324.903046
324.589966
324.757050
324.455536
324.347290
324.525665
324.579468
324.959930
324.798706
324.724091
324.835999
324.927307
325.246307
325.114410
325.415436
325.604065
326.021362
325.810272
326.551666
326.541534
326.681763
326.916534
327.154541
327.335785
328.219910
327.579773
328.219849
328.532928
328.909912
328.998444
329.228699
329.399963
329.698456
329.998047
330.509979
330.221924
330.394196
330.540100
330.580780
331.141266
330.938477
331.299042
331.586975
331.770477
331.489288
331.984100
332.100220
331.744995
331.994080
331.733215
332.156860
332.449097
331.990723
332.188049
332.059570
331.583008
331.598877
331.517212
331.311005
331.323212
331.265778
330.657532
330.740723
330.620331
330.497833
330.425415
330.064484
329.850616
329.773163
329.434937
329.033386
329.379181
328.845215
328.718933
328.683899
328.203827
328.495544
328.115479
327.759338
327.386658
327.392456
327.484680
327.013733
327.154053
327.029083
327.321716
327.303650
326.670868
326.879425
326.721741
327.888458
327.097137
327.054077
327.261292
327.225525
327.504028
327.384277
327.847656
327.910187
328.138306
328.308899
328.436890
328.835754
328.883820
329.259369
329.562561
330.120575
329.895325
330.551880
330.434296
331.315094
331.388367
331.383331
332.159546
331.724548
332.620087
332.774567
333.408691
333.407227
333.646973
333.999084
334.610962
334.762665
334.600281
334.902954
335.774933
335.818695
335.593201
335.867371
335.829559
336.405365
335.998444
335.931335
336.513672
336.496490
336.178223
336.479584
336.420898
336.473785
336.109558
336.306030
336.077332
335.974457
336.469299
336.077484
335.791046
335.519653
335.712433
335.271851
334.769257
334.690369
334.595612
333.858093
334.359772
333.687653
333.504364
333.382660
332.996033
332.878052
332.162872
332.480621
331.861389
331.565399
331.375000
331.170868
331.410980
330.675415
330.651917
330.885559
330.495575
330.658386
330.177277
329.991058
329.999878
330.202118
330.100525
330.197235
329.817078
329.848297
330.130646
330.253937
330.213531
329.913147
329.966553
330.239899
330.646912
330.601532
330.746063
331.026428
331.066101
331.166840
331.635498
331.767242
332.023438
332.516144
333.009949
333.470734
333.748596
333.749329
334.633881
334.540375
334.683533
334.809814
335.247131
335.735931
335.979401
335.947327
336.556976
336.846375
337.443054
337.284729
337.820892
337.753326
338.043945
338.419373
338.485535
339.152527
338.589874
339.152679
339.031097
339.617096
339.582245
339.303101
339.324158
339.371216
339.673645
339.792572
339.537201
339.236237
339.119934
338.908020
339.091583
338.898590
338.487213
338.417358
338.197723
337.859100
337.533630
337.484406
337.355530
336.829865
336.676147
336.701416
335.660889
335.309631
335.380859
335.396759
334.741669
334.569855
334.335999
334.220032
333.750610
333.442719
333.240601
332.933258
332.626526
332.189056
332.174377
331.593597
331.316406
331.626678
331.239044
330.986298
331.095734
330.535706
330.611908
330.837463
330.475922
330.736450
330.473480
330.321686
330.652130
330.537537
330.625458
330.457977
330.583282
331.069946
331.024872
331.329285
331.177704
331.498444
331.696167
331.924011
332.259033
332.114349
332.549316
332.693665
333.015900
333.190216
333.419830
334.025299
334.045319
334.410706
334.805389
335.012207
335.168823
335.231537
335.655792
335.438812
335.914948
336.305084
336.218048
336.505005
336.471497
336.882538
336.695007
336.923676
337.022430
337.074768
337.517426
337.604279
337.012329
337.248932
337.193359
337.431458
337.200653
337.308014
337.094025
337.255676
337.054596
336.639404
336.517609
336.190277
335.957367
336.282227
335.672150
335.651306
335.502594
335.037872
334.903900
334.867523
334.531219
334.380829
334.040405
333.691864
333.425690
333.021515
333.371643
332.505768
332.816620
332.277802
332.197906
331.922302
332.229889
331.986176
331.015259
331.853302
331.528778
331.036438
330.983795
330.421844
330.744476
330.587708
330.615295
330.694244
330.851257
330.019989
330.674042
330.770874
331.108337
330.910614
331.336182
330.859100
331.046753
331.509857
331.454895
331.605072
331.797516
331.793457
332.532410
332.138245
332.282806
332.768646
333.280975
333.084961
333.538696
333.663635
333.611847
333.756744
334.322876
334.139313
334.451996
334.682709
335.333069
334.640411
335.293060
335.405396
335.241547
335.494171
335.764618
335.481873
335.518188
335.952606
335.865723
335.727295
335.786896
335.355042
335.522064
335.422394
335.619720
335.581757
335.557861
335.158112
334.969360
334.942047
334.911774
334.557800
334.283539
334.456573
333.720215
333.227325
333.583649
333.196106
333.365417
332.830872
332.525818
332.161774
332.413544
332.030396
331.789886
331.150726
331.146667
330.875458
330.655365
330.346039
330.207092
330.447815
329.877655
329.988342
330.062500
329.371002
329.518280
329.606140
330.130188
329.817535
329.477966
329.528992
328.973175
329.200775
329.270111
329.395996
329.135895
329.734558
329.611664
330.008972
329.674530
330.210510
330.293976
330.529236
331.108093
330.926514
330.934235
331.517822
331.839081
331.586517
331.816406
332.283356
331.885254
332.603760
332.614258
333.145172
333.335632
333.095093
333.647400
333.821259
334.076660
334.123016
334.141541
334.223480
334.627228
334.686340
334.546478
334.872009
334.993439
334.972717
334.420441
335.088562
334.563171
334.122192
334.447083
334.356171
334.389099
333.746155
334.363007
333.691986
333.218384
333.503571
333.516602
332.744629
332.681793
332.439819
331.774384
331.885773
331.662231
331.192322
331.056549
331.022064
330.583710
330.008606
329.669006
329.892181
329.676880
329.239868
329.461731
329.161377
329.099091
328.881470
328.692841
328.304901
328.443665
328.459961
328.679108
328.913422
328.715668
328.802765
329.054382
328.994934
329.394135
329.329956
329.405396
329.828522
330.457123
330.698364
330.910461
331.243805
331.691925
331.946075
332.526154
332.849823
333.199188
333.762268
334.022461
334.441650
335.261688
335.148834
335.674438
336.192474
336.099976
336.312592
336.311890
336.244232
336.629242
336.446899
336.137360
336.606812
335.786713
335.385254
334.971832
333.961670
333.558777
332.546448
332.091614
329.961853
329.093567
328.362335
326.525513
324.682281
322.793793
321.076019
318.945038
316.539032
313.875702
311.288940
308.915894
305.364471
302.269318
299.113708
296.037720
292.480957
288.798187
284.930237
281.428711
277.665619
273.525482
268.991577
264.832336
260.731171
256.497925
252.282700
248.139648
243.825943
239.706573
235.514389
231.231369
227.418259
223.562637
219.585022
216.019943
212.465897
209.286911
206.043121
203.066422
200.079071
197.789566
195.483887
193.305710
191.460861
189.940506
188.551514
187.648651
186.988022
186.765411
186.508560

221.752533
183.261429
183.758408
184.460861
185.475754
186.705170
188.025299
189.865295
191.690048
193.895142
196.316818
199.083481
201.794220
204.827408
208.074554
211.394867
214.677841
218.286423
222.021011
225.884811
229.769592
233.776993
237.641342
241.795517
245.819244
249.986099
253.794373
257.643829
261.549774
265.281219
269.067566
272.964569
276.678619
280.139099
283.777252
286.978455
289.856720
293.064178
295.655090
298.463959
300.819092
303.516907
305.584900
307.990356
310.516846
311.731750
313.723511
315.499298
316.987762
317.751038
318.942566
320.352600
320.918732
321.707642
322.181641
323.117554
324.025085
323.831238
324.290314
324.127777
324.231812
324.205078
324.093292
324.159546
324.188690
323.656097
323.548248
323.445007
323.199799
323.100922
322.414459
321.731323
321.868713
321.589203
320.982666
321.002228
320.576294
320.291870
320.036194
320.079193
319.371918
319.047546
319.123169
319.083679
318.986298
318.745270
318.294067
318.120331
318.681854
318.599548
318.149628
318.418091
318.410309
318.595520
318.767548
319.004944
319.113464
319.535309
319.882599
320.030060
320.359314
320.757843
320.772247
320.689667
321.470795
321.713745
321.842987
322.282806
322.525757
323.091003
323.409760
323.589874
324.323578
324.581726
324.525696
324.839600
325.221375
325.398438
325.383209
325.657135
326.003052
325.778656
326.078949
326.287537
326.362823
325.878143
326.267914
326.019470
326.084900
326.015991
325.769745
326.384308
326.449768
325.717041
325.669312
325.556274
325.079346
325.110046
324.863556
324.668335
324.321503
323.748962
323.290771
323.262604
323.248627
323.244476
322.416382
321.896667
322.060974
321.565979
321.006165
320.775940
320.633179
320.259399
320.344604
320.186279
319.644318
319.528595
319.755829
319.351685
319.082947
319.152832
318.862000
318.878906
318.982147
318.348602
318.338043
318.961823
319.247986
318.631195
318.893616
318.902222
318.969910
319.452148
319.283295
319.365204
320.044647
319.681305
320.061432
320.664917
320.701599
320.972626
321.512970
321.812653
321.876587
322.012085
322.646606
323.138000
323.048004
323.595917
323.772827
323.996490
324.282013
324.487427
325.177032
325.366547
325.946167
325.536713
326.168243
326.683472
326.990234
326.778107
327.136749
327.770294
327.627075
328.061951
327.624573
328.155090
328.112579
327.881042
327.799713
327.972717
328.117065
328.052277
328.172058
328.041656
327.410309
327.921722
327.266663
327.359222
326.959961
326.516937
326.889587
326.689178
326.258728
326.090088
325.422272
325.445679
325.344208
324.667603
324.192932
324.175354
323.757111
323.840637
323.222076
322.909607
322.677460
322.448517
321.988159
321.749695
321.826233
321.452484
321.195190
320.896851
320.379364
320.495544
320.258301
319.973114
319.815002
319.712860
320.199585
319.989105
319.663483
319.726562
319.713867
319.694000
319.838043
319.932007
319.820374
319.802155
319.997040
320.172913
320.040771
320.348175
320.590729
320.582916
320.639435
321.153320
321.637817
321.525299
322.071716
322.131104
322.480316
322.951752
323.307037
323.751312
323.375458
323.935577
324.216522
324.179504
324.715485
324.947449
325.587952
325.435699
325.665680
325.878937
326.752869
326.372803
326.696625
327.360565
326.701355
326.775757
327.069122
327.431580
327.659698
327.470612
327.676666
327.204773
327.786255
327.344666
328.028168
327.735962
327.204834
327.249756
327.593719
327.623810
326.876678
326.666748
326.765350
326.635864
326.543549
326.574799
326.347412
325.976898
325.796509
325.731720
325.332977
324.760193
324.945831
324.398987
323.846161
324.250458
323.880920
323.841064
323.720612
323.774994
323.235443
322.914398
322.685028
322.472107
322.988708
322.846405
322.326904
322.037354
322.056854
321.954468
322.391602
322.184540
322.266083
322.368927
321.699707
322.363220
322.218140
322.643707
322.638184
322.953186
322.568207
322.832703
322.871704
323.192352
323.239502
323.699982
324.125793
323.943665
324.522552
324.677795
325.154785
325.504822
325.540283
325.542175
325.681946
326.342163
326.572571
326.723938
327.239410
327.387329
327.610535
327.789795
328.043396
328.337891
328.792999
329.051147
328.982269
328.912445
329.451874
329.314209
329.606781
329.635193
330.238892
330.165314
330.217682
330.147369
330.496765
330.316803
330.324860
330.424988
330.360504
330.488739
330.475037
330.074829
330.152191
330.341736
329.727997
329.904053
329.311554
329.737976
329.215332
329.285889
328.817291
328.817169
328.683960
328.426697
328.625793
327.319366
327.561951
327.187683
327.252625
326.722137
326.751923
326.431824
326.271118
326.197021
325.744324
325.745789
325.929993
325.211792
325.376678
324.684601
324.831146
325.184021
324.505341
324.496735
324.730316
324.393005
324.589722
324.251221
324.159790
324.351532
324.417206
324.768127
324.604767
324.512756
324.653107
324.733795
325.060516
324.916046
325.231873
325.439636
325.810669
325.619263
326.341034
326.383240
326.493134
326.748901
326.997040
327.165344
328.085785
327.414429
328.071320
328.368439
328.767853
328.893158
329.104462
329.276306
329.616333
329.894226
330.409576
330.161926
330.332977
330.472046
330.555298
331.078613
330.918671
331.295593
331.543121
331.770630
331.514404
331.991852
332.095306
331.780609
332.042664
331.818695
332.236664
332.556091
332.106445
332.284576
332.172821
331.707092
331.752350
331.683838
331.454620
331.506042
331.433502
330.852600
330.944519
330.844177
330.745148
330.651001
330.298370
330.113007
330.032410
329.700867
329.288849
329.646423
329.133911
328.976868
329.014740
328.520508
328.837006
328.449310
328.116241
327.743500
327.735352
327.853668
327.394531
327.516602
327.421173
327.684967
327.697266
327.042603
327.249023
327.157440
327.693634
327.457092
327.431335
327.685730
327.627533
327.910797
327.776337
328.242828
328.316498
328.545471
328.713196
328.839966
329.224487
329.313934
329.640961
329.962830
330.501709
330.281769
330.905609
330.801208
331.683380
331.736267
331.751984
332.497192
332.028046
332.966187
333.115204
333.743591
333.694183
333.969116
334.279846
334.910156
335.025818
334.895264
335.161682
336.032410
336.027344
335.830963
336.092072
336.035614
336.635712
336.202362
336.100739
336.688080
336.707245
336.337402
336.626923
336.578918
336.620300
336.254822
336.413361
336.196106
336.076050
336.543213
336.167084
335.845551
335.563843
335.753448
335.341827
334.784149
334.719910
334.580994
333.890869
334.326263
333.649567
333.482330
333.353760
332.966278
332.822083
332.084137
332.411652
331.766968
331.491211
331.268433
331.060059
331.294373
330.533875
330.515442
330.731567
330.332703
330.498444
330.013428
329.811371
329.825806
330.002106
329.926483
330.000061
329.620605
329.633759
329.902740
330.034424
330.000122
329.698792
329.710663
330.013092
330.387512
330.353241
330.485291
330.769592
330.815887
330.888245
331.365997
331.507507
331.759308
332.230896
332.714966
333.190674
333.456329
333.446503
334.321838
334.224426
334.380676
334.473328
334.937103
335.433655
335.685333
335.627777
336.238861
336.523773
337.128082
336.977142
337.509399
337.395691
337.730865
338.083740
338.173248
338.868713
338.241913
338.832550
338.707092
339.276855
339.257751
339.005707
339.005188
339.029388
339.358185
339.456116
339.213287
338.893402
338.804718
338.582123
338.747467
338.592163
338.174316
338.119232
337.869598
337.539917
337.215790
337.141937
337.035645
336.514740
336.345734
336.394287
335.346222
335.009918
335.086456
335.115295
334.452820
334.285309
334.065460
333.915436
333.485016
333.145020
332.952545
332.671265
332.375092
331.927429
331.894409
331.322998
331.053040
331.364563
330.995697
330.723114
330.856873
330.315704
330.373260
330.598083
330.230011
330.512756
330.244476
330.091003
330.399445
330.319885
330.405701
330.234100
330.391846
330.856689
330.819305
331.107147
330.986267
331.303345
331.524597
331.742340
332.091400
331.990631
332.381836
332.540314
332.847168
333.078217
333.279327
333.893585
333.914032
334.273651
334.702179
334.902130
335.076721
335.138489
335.585846
335.353729
335.848267
336.252258
336.152252
336.468018
336.410828
336.775513
336.665955
336.857788
337.005798
337.013092
337.478882
337.564819
336.996185
337.257263
337.188751
337.416687
337.235809
337.320953
337.119995
337.297058
337.088715
336.669891
336.551056
336.258575
336.044128
336.376709
335.764801
335.706543
335.575134
335.108978
334.993958
334.955261
334.620728
334.502197
334.181885
333.793640
333.534851
333.117523
333.505951
332.654755
332.937897
332.430389
332.368439
332.022949
332.333160
332.147095
331.166992
331.798004
331.706085
331.178467
331.143921
330.595978
330.913239
330.790222
330.782806
330.880432
331.058319
330.235260
330.881836
330.964539
331.290894
331.094574
331.522400
331.095520
331.226654
331.712769
331.655304
331.820038
331.959717
332.006561
332.753906
332.365082
332.487640
332.984802
333.492462
333.308960
333.727417
333.876495
333.824524
333.989960
334.526276
334.341431
334.696411
334.863403
335.535370
334.888367
335.511017
335.634277
335.489655
335.704285
335.973083
335.706726
335.703094
336.158569
336.066010
335.942444
335.976074
335.576599
335.739563
335.655090
335.814484
335.785217
335.760498
335.385620
335.192413
335.144897
335.095398
334.765930
334.498840
334.647797
333.909485
333.400360
333.789062
333.384003
333.551422
333.006439
332.726685
332.356445
332.594360
332.234375
331.978394
331.335876
331.341309
331.082977
330.855896
330.543610
330.397888
330.639374
330.035889
330.178650
330.259674
329.536621
329.729218
329.815277
330.320435
330.006714
329.658234
329.721741
329.174805
329.375763
329.469727
329.577637
329.335571
329.929108
329.817230
330.204346
329.873932
330.424194
330.460388
330.722473
331.309082
331.116425
331.146240
331.714722
332.028412
331.782135
332.036072
332.494934
332.103394
332.812744
332.844788
333.337341
333.523926
333.307465
333.864136
334.032379
334.282928
334.320068
334.381226
334.432007
334.847015
334.924377
334.753052
335.083649
335.226685
335.204895
334.627930
335.294373
334.788483
334.342468
334.655884
334.594543
334.643127
333.961548
334.588013
333.929230
333.461731
333.717102
333.745544
332.977844
332.866547
332.643494
331.998993
332.101562
331.867828
331.429993
331.278442
331.245148
330.819275
330.221710
329.889496
330.107788
329.893585
329.459381
329.680573
329.364929
329.307983
329.087646
328.882263
328.494232
328.640564
328.649200
328.846680
329.080872
328.913818
328.980042
329.222504
329.187469
329.583466
329.484131
329.578186
329.978607
330.613068
330.869049
331.064819
331.408386
331.853699
332.099457
332.652496
333.018127
333.336578
333.880035
334.162750
334.594818
335.388000
335.248352
335.772491
336.305542
336.208649
336.429443
336.404694
336.329895
336.722290
336.518768
336.220978
336.656952
335.858978
335.451080
335.040070
334.023651
333.596954
332.602997
332.117889
330.010376
329.126068
328.401154
326.549774
324.692810
322.828888
321.092407
318.941010
316.555511
313.870941
311.288971
308.907623
305.374146
302.262939
299.114349
296.015076
292.477600
288.777740
284.911957
281.400146
277.645874
273.493561
268.963745
264.789001
260.698883
256.448334
252.222168
248.085434
243.770798
239.653366
235.458694
231.184662
227.368698
223.490433
219.520111
215.950180
212.410614
209.211990
205.969223
202.998108
200.021210
197.705811
195.419495
193.253143
191.382278
189.872498
188.473114
187.589050
186.911255
186.681610
186.430344

