304.025970
173.392441
173.433838
174.270569
175.096542
176.441605
177.836700
179.308075
181.139664
183.350800
185.401901
187.977097
190.629654
193.468903
196.619659
199.460831
202.864639
206.607285
209.887085
213.251862
216.650391
220.913910
224.111282
228.371994
232.014297
235.885620
239.649185
243.511002
246.840637
250.582367
254.404572
257.884338
261.235840
264.347382
267.746063
271.268463
273.782990
276.842041
279.470886
282.151001
284.631073
286.908173
289.128296
291.333496
292.986084
295.240723
296.783325
298.199341
299.368195
300.687073
302.160400
303.294708
303.884247
304.495422
305.343201
305.837158
306.451111
306.366913
307.040131
307.356903
307.637909
307.231628
307.144928
307.515686
307.463318
307.774445
307.549530
307.010162
306.884735
306.802765
306.455139
306.087708
305.943695
305.711273
305.592407
305.229492
304.860626
304.800751
304.538696
304.476135
304.182770
303.945801
303.892944
303.657227
303.673401
303.439972
303.563934
303.794281
303.518097
303.358948
303.917084
303.864899
304.280060
304.296265
304.532928
305.009430
305.197571
305.327026
305.409424
306.027618
305.711151
306.263947
306.417358
306.877777
307.496552
307.620087
308.192200
308.450165
308.543243
309.490509
309.555511
310.115997
310.016479
310.654633
311.087982
311.378021
311.565399
312.002136
311.904694
312.232452
312.274567
312.425751
312.889679
312.941803
313.203186
313.218048
313.037170
313.294067
313.587402
313.257996
313.462738
313.359100
313.378906
313.399231
313.242889
312.822632
312.811279
312.187012
312.684662
311.924072
311.856171
311.803864
311.918915
311.457184
310.780914
310.866608
310.755402
310.433685
309.867340
309.805817
309.537964
309.371735
309.156494
308.618439
309.019928
308.610565
308.432953
308.168457
307.976715
307.818451
307.825409
307.465302
307.795593
308.071136
307.736633
307.567078
307.395477
307.482178
308.316193
308.020508
308.041595
307.760864
308.157043
308.556152
308.775085
308.872650
308.867249
309.391663
309.599365
309.812836
309.980469
310.369965
310.917358
310.976257
311.138580
311.761932
312.012054
312.300415
312.492584
313.232483
313.272949
313.735260
314.139435
314.655212
314.761169
315.080170
315.206482
315.538147
315.953339
316.377380
316.749084
316.827026
316.978302
317.227509
317.555481
317.543274
317.509155
317.888977
318.194031
318.112701
318.144867
318.285767
317.986298
318.025391
318.305573
317.815918
317.790833
317.706055
317.366852
317.358246
317.467560
317.323700
317.201355
317.175293
316.574005
316.444305
316.538361
316.024719
316.113983
315.218842
315.365845
315.016479
314.651031
314.568451
314.085205
313.966309
313.859528
313.703308
313.363922
312.998535
312.763092
312.394592
312.496094
312.293488
312.050659
311.961304
311.830780
311.932800
311.499512
311.924713
311.436737
311.487427
311.678467
311.683990
311.711243
311.701416
311.423431
312.035492
311.528076
311.686066
312.095703
312.396698
312.139221
312.492493
312.769440
312.849060
313.469635
314.005676
313.826996
313.734283
313.986816
314.734833
314.791199
315.418518
315.093628
315.864594
316.273346
316.621521
316.746246
316.866180
317.260864
317.961578
317.673676
318.260986
318.639557
319.044525
318.807922
318.982849
319.497223
319.492249
320.192078
320.075592
320.197388
320.387939
320.569519
320.444366
320.650299
320.482880
320.595734
320.799530
320.824524
320.722046
320.563599
320.649841
320.402863
320.189789
320.334045
320.074188
319.966766
319.755798
320.006378
319.761688
319.363922
319.165741
318.795105
319.003296
318.803528
318.585815
318.697662
318.345123
317.909790
317.605133
317.274353
317.611603
317.295959
317.015900
316.864044
316.753235
316.650726
316.504456
316.152466
316.062561
316.106232
316.087463
315.866913
315.994110
315.823883
315.916626
315.896973
316.047699
316.002869
316.106842
316.063721
316.628235
316.109711
316.677277
316.104034
316.737396
317.002258
317.161682
317.703735
317.779205
318.248047
318.089172
318.479828
318.737457
318.757355
319.223633
319.486603
319.403198
319.906036
320.221436
320.517609
320.718323
321.306427
321.503998
322.081940
322.135651
322.186554
322.524292
322.560425
323.243835
323.583435
323.765991
323.756592
323.747406
324.202271
324.291840
324.670929
324.772461
324.745850
324.924133
325.095764
325.188965
324.924866
324.752289
325.474396
325.136871
325.070679
325.017029
325.222015
324.659760
324.444977
325.061554
324.797821
324.378448
324.432312
323.840271
324.136017
324.044250
323.602112
323.258911
323.631317
323.388794
322.669281
322.693878
322.291290
322.040771
322.083649
321.846100
321.644775
321.276123
321.267181
321.361115
321.239594
320.836884
320.391510
320.146484
320.434601
320.437073
319.914673
320.632477
320.443665
320.030701
320.238434
320.165283
320.341827
320.195129
320.215118
320.450226
320.286987
320.246246
320.605042
320.657349
320.912292
320.903870
321.319366
321.499634
321.660736
322.032806
322.136902
322.256195
322.784271
322.904938
322.837433
323.144043
323.540527
324.064667
324.640747
324.215790
324.899139
325.035156
325.332001
325.524811
325.566284
326.306030
326.253845
326.749146
327.107483
326.831055
327.565399
327.633362
327.420502
327.815491
327.720917
327.548462
328.200745
328.326599
328.169037
328.381866
328.163574
328.263000
328.614868
328.907074
328.616699
328.477234
328.222870
328.070129
328.164642
327.973419
327.955597
327.901001
327.939148
327.746338
327.488678
327.270844
327.314484
327.369324
326.747375
326.853394
326.764557
326.256409
326.333984
326.192932
325.743042
325.478607
325.492462
325.648438
325.029694
325.202118
324.864288
324.842285
324.619171
324.561188
324.657013
324.310333
324.389832
324.768250
324.174225
324.362549
324.585083
324.553528
324.574432
324.956757
324.841614
325.235352
324.928070
325.540558
325.911560
325.557709
326.115387
326.301636
326.481293
326.775574
327.002045
327.231506
327.450470
327.814941
328.447784
328.196075
328.723846
328.804871
329.319427
329.941162
330.469330
330.562408
331.295654
331.368195
331.674469
332.249878
332.405823
332.679169
332.976868
333.601532
334.098114
334.157806
334.162720
334.676575
335.193939
334.608978
335.241669
335.282928
335.696991
335.544250
335.850922
336.164032
336.252869
335.949951
336.389587
336.134674
336.266937
336.190613
336.246582
336.292419
336.812958
336.725281
336.019196
335.798553
336.208588
335.935150
335.747955
335.705566
335.484283
335.146393
335.208954
335.188751
334.978485
334.223145
334.302246
334.231842
333.778687
333.763153
333.606049
333.452026
333.548309
333.062744
333.162933
332.628479
332.397217
332.791382
332.572052
332.708527
332.394226
332.559784
331.999054
332.206787
332.282227
332.204498
331.645203
332.835663
332.561035
332.439423
332.306427
332.647461
332.856812
333.243683
333.505646
333.499542
334.033081
333.924744
334.164154
334.607758
335.013000
335.120758
335.803284
335.569214
336.460144
336.859497
337.006592
337.322601
337.810852
338.176117
338.578705
339.108582
339.449646
339.887573
340.406708
340.147614
340.898346
341.143372
341.705475
342.072510
342.623199
342.113495
343.503021
343.730743
343.229401
344.098541
343.959961
344.735504
344.957245
345.148895
345.473511
345.567352
345.367737
345.678162
345.380981
345.734619
345.434479
345.293457
345.733337
345.983490
345.310333
345.354584
345.167328
345.650513
344.803162
345.014557
344.610870
344.548767
344.360138
344.615509
344.096466
343.246094
343.664642
342.989716
343.097534
342.688995
342.479218
342.292084
342.032074
342.045898
341.368988
341.252258
341.194183
341.271210
340.414551
340.432983
340.420563
340.026672
339.950317
339.951965
339.856659
339.333282
339.380219
339.307220
339.075470
339.355927
339.711761
339.557007
339.299377
339.380127
339.711609
339.009430
339.821533
339.860138
339.968475
339.893585
339.823669
340.667114
340.890076
341.453583
341.291077
341.702484
341.858551
342.026337
342.161499
342.710083
342.823578
343.122345
343.300964
344.036682
344.312592
344.521667
344.751953
345.101288
345.105469
345.993256
345.858368
346.450562
346.093262
346.757538
347.005768
347.391296
346.947479
347.527130
347.687683
348.205780
348.116913
348.797028
348.390839
348.838959
348.974121
348.841278
348.606995
349.404510
349.077698
349.112976
348.915802
348.953491
348.667023
348.823181
348.989502
348.332550
348.290039
348.212433
348.652802
348.204041
347.942200
347.582855
347.233246
347.706909
347.116821
346.422119
346.687500
346.436432
346.515259
346.190979
345.771851
345.786133
345.240173
345.212830
345.517395
345.035767
344.623688
344.985413
344.660553
344.906403
344.321747
344.332458
344.398499
344.586151
344.177887
344.304352
344.010529
343.975128
344.112335
344.271179
343.773468
344.639130
344.265930
344.653259
344.571320
345.049072
344.895844
344.938843
344.997040
345.373260
346.141083
345.792603
346.032227
346.094177
346.365784
346.626678
346.745819
346.950775
347.451813
347.313263
347.980988
348.329315
348.417114
348.548004
348.721527
348.789124
349.318634
349.798096
349.821014
350.055481
349.954559
350.073181
350.087982
350.490784
350.662659
350.833099
350.720184
351.131927
350.223511
350.849823
351.031830
350.649292
350.977173
350.694489
350.727295
350.386169
350.666107
350.588318
350.516052
349.852081
350.332397
349.474426
349.785706
349.155487
349.022827
348.934967
348.627075
348.474640
348.255188
348.012909
348.089966
347.735718
347.590790
347.365540
346.998199
346.810242
346.331268
346.433746
346.116913
345.693573
346.116669
345.564453
345.555176
345.488708
345.572968
345.087799
345.240234
345.037323
345.132050
344.868408
345.273712
345.129456
345.558838
345.259644
345.391541
345.711151
345.419922
345.550293
345.421936
346.132080
345.754181
346.574005
346.817200
346.983673
346.865845
346.983521
347.396606
348.081238
347.842407
348.635712
348.382996
348.832947
348.543457
349.034882
349.125153
349.312561
349.475067
350.081268
350.015228
350.468903
350.706268
350.792175
350.770386
351.018738
351.408813
351.244598
351.380188
351.708130
351.499390
351.579193
351.127991
351.314972
351.792694
351.320557
351.139160
350.887146
350.806519
350.250488
350.612732
350.175018
350.028412
349.765167
349.576172
349.149200
349.079041
348.727417
348.547821
348.064667
348.336761
347.903046
347.430206
347.287201
346.661560
346.630859
346.480103
346.718536
346.083038
346.176300
345.786530
345.945007
345.528442
345.543823
345.444244
345.254639
345.151428
345.259308
345.153809
345.654053
345.894287
346.091553
345.653351
345.960785
346.376007
346.487823
346.694183
347.161102
347.536652
348.055359
348.168427
349.245911
349.222626
349.557983
349.583344
350.603851
350.752045
351.267334
351.512817
351.863861
352.362305
352.270477
352.951019
353.347717
353.168671
353.697540
353.958740
354.156464
353.679626
353.633179
353.120911
353.201508
352.642975
351.910370
351.504150
350.336517
350.125763
348.773529
348.111115
346.151367
344.661285
343.547729
341.304565
339.946136
337.403107
335.208893
332.962585
330.173248
327.512787
324.610107
321.322479
318.077148
314.804657
311.060211
307.417542
303.574463
299.561188
295.437683
291.619293
287.250610
282.874329
278.760468
273.991455
269.287323
264.770142
260.440125
256.143494
251.453964
247.428665
242.768600
238.763138
234.373199
230.653198
226.706116
222.956879
219.434097
216.163605
212.828018
210.041733
207.279388
204.734619
202.623001
200.611282
199.044907
197.732025
196.819275
195.876999
195.215576
195.403351

295.053040
173.719528
173.776321
174.590134
175.432892
176.777451
178.174179
179.670349
181.491760
183.678467
185.747803
188.344009
190.992340
193.829208
196.981918
199.849213
203.261215
207.010971
210.283539
213.660782
217.065643
221.340149
224.545471
228.807861
232.477448
236.361328
240.123245
244.022430
247.335831
251.095474
254.896378
258.427887
261.794586
264.882263
268.296082
271.838867
274.369690
277.441772
280.085754
282.780884
285.263000
287.531464
289.810791
292.010956
293.676392
295.931183
297.491943
298.896515
300.115906
301.401276
302.864410
304.016418
304.592072
305.233978
306.106842
306.581238
307.206696
307.121429
307.808014
308.123840
308.383514
308.007324
307.944153
308.270721
308.222198
308.569489
308.330688
307.807526
307.651825
307.581207
307.201599
306.826904
306.681763
306.461121
306.334595
305.977295
305.599915
305.553528
305.249390
305.167938
304.886871
304.604980
304.561218
304.329620
304.313660
304.057983
304.187653
304.390015
304.071075
303.929321
304.470642
304.413422
304.800751
304.778778
305.008392
305.452820
305.644836
305.720428
305.803497
306.427979
306.086456
306.569550
306.708679
307.150238
307.765137
307.883606
308.420166
308.639526
308.741394
309.641174
309.688965
310.199524
310.101318
310.714294
311.107269
311.392700
311.524261
311.948059
311.841125
312.148468
312.155182
312.291138
312.728607
312.783539
313.015686
312.955719
312.783325
313.041016
313.275238
312.947906
313.126740
313.009003
312.993683
312.989471
312.845551
312.397552
312.375458
311.714600
312.200348
311.411224
311.346008
311.270233
311.365936
310.897247
310.200073
310.280579
310.163300
309.796631
309.242584
309.169952
308.918091
308.718414
308.536285
307.998535
308.395264
307.915070
307.752319
307.512207
307.296448
307.162476
307.168945
306.798920
307.107910
307.380951
307.056610
306.879730
306.707642
306.796844
307.612915
307.370239
307.366669
307.114288
307.544678
307.945923
308.159210
308.239563
308.262146
308.790375
309.011627
309.239105
309.444061
309.830109
310.411316
310.450043
310.644348
311.245789
311.575623
311.834290
312.042084
312.818878
312.854156
313.330414
313.750793
314.291260
314.418182
314.761810
314.903381
315.231415
315.656586
316.154266
316.496552
316.653625
316.799530
317.014801
317.406677
317.402130
317.361084
317.828339
318.113129
318.053955
318.054199
318.224030
317.979370
318.062195
318.348145
317.872589
317.879120
317.765076
317.482269
317.465607
317.612854
317.458069
317.349823
317.377472
316.795898
316.651978
316.774872
316.263947
316.403046
315.579895
315.672668
315.311646
315.013702
314.939331
314.481293
314.325531
314.275055
314.149658
313.797882
313.415497
313.225708
312.868225
312.969635
312.735565
312.520691
312.460022
312.323425
312.445862
312.062561
312.459564
312.000580
312.059540
312.222931
312.268677
312.279968
312.318268
312.040161
312.631500
312.144684
312.315613
312.740326
313.029388
312.801239
313.148712
313.454926
313.505310
314.140564
314.662689
314.453949
314.430817
314.657196
315.404114
315.491089
316.102600
315.797882
316.566864
316.938629
317.342010
317.443329
317.578339
317.994476
318.727295
318.414185
319.013458
319.362579
319.808929
319.540405
319.738007
320.246307
320.261841
320.949310
320.878784
320.946259
321.173889
321.335144
321.226868
321.436127
321.259705
321.357513
321.587921
321.617279
321.533630
321.366028
321.439026
321.218109
320.992676
321.125916
320.864105
320.782166
320.595184
320.841248
320.606628
320.206879
320.013214
319.642426
319.896515
319.700745
319.440643
319.564331
319.208069
318.758484
318.498627
318.133514
318.440033
318.175079
317.873718
317.717590
317.644012
317.566376
317.399475
317.031097
316.952209
317.001068
316.971222
316.770203
316.908600
316.704071
316.809082
316.834473
316.947021
316.870392
316.991821
316.951477
317.536041
316.997009
317.539886
316.984985
317.616333
317.892822
318.043243
318.578186
318.647186
319.067932
318.919800
319.310791
319.604340
319.540802
320.042725
320.270081
320.255524
320.692627
321.007477
321.344971
321.465179
322.112213
322.253387
322.796417
322.890442
322.893951
323.187408
323.269379
323.938202
324.265259
324.448822
324.426666
324.428375
324.858643
324.926056
325.266357
325.405914
325.356873
325.470398
325.682220
325.740784
325.458344
325.327545
325.986084
325.593994
325.554108
325.460541
325.649658
325.111542
324.817291
325.479340
325.169067
324.806244
324.793823
324.170197
324.479492
324.349426
323.873657
323.571899
323.884338
323.609924
322.918396
322.908661
322.475586
322.206268
322.259094
321.986450
321.777527
321.388123
321.358429
321.448700
321.356720
320.910370
320.464722
320.196625
320.463043
320.478363
319.927673
320.604065
320.408661
320.080994
320.230865
320.149841
320.276947
320.109619
320.189667
320.371216
320.188385
320.129669
320.523499
320.588013
320.802063
320.781494
321.156616
321.375641
321.468536
321.875305
321.962738
322.103638
322.553467
322.766022
322.630219
322.944580
323.336731
323.891876
324.426178
324.059937
324.663757
324.845856
325.128326
325.334320
325.414734
326.149261
326.085052
326.539032
326.892883
326.642792
327.343201
327.427002
327.262878
327.603088
327.543671
327.371338
328.015717
328.158173
328.003601
328.203339
328.009216
328.073425
328.490204
328.737885
328.523376
328.355377
328.098785
327.972015
328.059418
327.854980
327.843628
327.776031
327.869659
327.662689
327.447937
327.221375
327.257538
327.334656
326.731964
326.800049
326.735352
326.251373
326.307251
326.194733
325.773804
325.489166
325.478851
325.676849
325.055725
325.241943
324.868713
324.849121
324.667206
324.641571
324.705841
324.354462
324.438446
324.865265
324.238342
324.476105
324.653687
324.628418
324.509369
325.016815
324.928040
325.335297
325.039551
325.653198
326.007721
325.683441
326.227203
326.438599
326.592316
326.892609
327.093018
327.333252
327.565735
327.922943
328.568390
328.299835
328.836975
328.921173
329.434448
330.064728
330.605103
330.673920
331.419739
331.512390
331.795044
332.376648
332.538849
332.787872
333.092072
333.708801
334.170074
334.263855
334.259674
334.765930
335.306488
334.697083
335.321991
335.360840
335.771057
335.639893
335.939453
336.241821
336.332642
336.030426
336.467285
336.223938
336.327423
336.239380
336.321869
336.332520
336.871979
336.777313
336.045227
335.847504
336.242462
335.977661
335.784851
335.756836
335.509979
335.151367
335.235962
335.204468
335.021484
334.235840
334.335571
334.276733
333.788605
333.778717
333.632812
333.467957
333.561981
333.094421
333.138885
332.624634
332.369476
332.813110
332.581421
332.707428
332.358459
332.562683
332.001007
332.185669
332.293427
332.207489
331.646942
332.826599
332.532013
332.475311
332.306885
332.650757
332.869019
333.232605
333.521179
333.518738
334.033783
333.923340
334.158936
334.625031
335.060730
335.121216
335.840271
335.591675
336.434601
336.856964
337.046112
337.368561
337.870056
338.212158
338.620239
339.155548
339.466492
339.922638
340.413330
340.201904
340.918762
341.181030
341.792206
342.118408
342.681458
342.141663
343.529602
343.824127
343.324158
344.183014
344.061066
344.821747
345.000214
345.216370
345.550293
345.658722
345.456055
345.738159
345.449768
345.843018
345.492798
345.372894
345.857574
346.058136
345.419464
345.450714
345.249939
345.749146
344.925415
345.128326
344.698303
344.682861
344.490967
344.697632
344.249115
343.360474
343.753845
343.110229
343.150391
342.744629
342.585632
342.416412
342.111511
342.170380
341.445862
341.342560
341.311188
341.350281
340.536591
340.543701
340.523773
340.092194
340.064819
340.024139
339.963226
339.414337
339.469879
339.397003
339.204895
339.469147
339.811768
339.667603
339.373718
339.476074
339.780884
339.141449
339.870514
339.999054
340.022339
339.940857
339.911682
340.743164
340.959473
341.594635
341.363159
341.789459
341.970642
342.122955
342.248138
342.732513
342.895996
343.189880
343.378906
344.111664
344.386688
344.610046
344.830139
345.182678
345.169891
346.064575
345.955841
346.524963
346.180756
346.823029
347.108582
347.436035
347.037018
347.643280
347.776611
348.255310
348.200531
348.863953
348.476105
348.957916
349.048279
348.904907
348.714386
349.478577
349.165771
349.197449
349.028687
349.060455
348.752228
348.943573
349.062775
348.397705
348.360596
348.334656
348.757233
348.315948
348.054749
347.693848
347.333801
347.796021
347.201416
346.515076
346.792816
346.529327
346.581451
346.291199
345.863556
345.907837
345.356628
345.334412
345.613251
345.100342
344.749268
345.089752
344.753204
345.050018
344.405426
344.468506
344.539825
344.744659
344.314972
344.424561
344.165222
344.137665
344.257294
344.391693
343.919373
344.799652
344.440796
344.790161
344.697754
345.182922
345.057098
345.069458
345.153625
345.516113
346.327728
345.958313
346.203064
346.246582
346.494598
346.775452
346.882629
347.118439
347.596588
347.500824
348.147827
348.458527
348.566895
348.687775
348.906006
348.917023
349.487976
349.928223
349.959839
350.220032
350.122070
350.247467
350.246033
350.612213
350.806702
350.972382
350.875549
351.292999
350.350067
351.007782
351.226776
350.795593
351.150726
350.849213
350.888916
350.529510
350.759033
350.669220
350.646515
349.951782
350.444550
349.625061
349.897552
349.252930
349.157898
349.039673
348.721313
348.592407
348.369019
348.137268
348.193115
347.821686
347.695435
347.461792
347.102539
346.894196
346.432281
346.519806
346.165161
345.788330
346.193878
345.610809
345.619904
345.554535
345.642578
345.140503
345.298187
345.094208
345.179932
344.886475
345.291595
345.144135
345.573761
345.297577
345.444427
345.712372
345.439545
345.570557
345.439758
346.154877
345.754364
346.547333
346.793701
346.955414
346.873077
346.971924
347.370605
348.030487
347.827515
348.611298
348.358002
348.795380
348.534729
349.019684
349.091003
349.286652
349.442993
350.051636
349.972504
350.434753
350.651703
350.768433
350.708862
350.958740
351.359833
351.200348
351.304932
351.675293
351.454224
351.519928
351.071381
351.228241
351.723969
351.265991
351.071198
350.822571
350.747009
350.173706
350.552338
350.118713
349.961945
349.741180
349.520111
349.105347
349.040649
348.690186
348.500122
348.028931
348.270142
347.867828
347.391724
347.243805
346.671509
346.582550
346.466370
346.673706
346.053528
346.159058
345.775543
345.924377
345.521637
345.542511
345.438629
345.246948
345.138672
345.273834
345.157227
345.670319
345.929657
346.086945
345.667053
345.981293
346.412140
346.523651
346.741364
347.222382
347.614380
348.133270
348.230621
349.316925
349.285889
349.662476
349.656708
350.707214
350.850555
351.381226
351.642151
351.950470
352.493805
352.400177
353.089783
353.504211
353.322968
353.847687
354.105377
354.331116
353.882385
353.821106
353.302124
353.401886
352.867279
352.145630
351.743500
350.560455
350.371368
348.998260
348.354584
346.403107
344.948212
343.790314
341.588745
340.224121
337.701813
335.508118
333.260895
330.501312
327.813354
324.911102
321.622528
318.419128
315.149414
311.411804
307.778015
303.933624
299.913116
295.796967
291.992645
287.639740
283.278015
279.116302
274.367676
269.655457
265.192810
260.824799
256.557465
251.866348
247.842712
243.162048
239.205597
234.807251
231.075317
227.127045
223.391815
219.887268
216.605255
213.267166
210.462234
207.712692
205.180069
203.084396
201.080307
199.490372
198.187271
197.283173
196.342331
195.665771
196.062714

222.219147
184.316422
184.653992
185.153534
186.310928
187.288361
188.857452
190.618179
192.745605
194.748123
197.106705
199.854630
202.748871
205.792984
208.892746
212.431015
215.512329
219.199722
222.901566
226.882477
230.832291
234.739532
238.552887
242.792175
246.788040
250.290482
254.744308
258.886261
262.998352
266.413574
270.353455
274.380951
277.683624
281.202606
284.739502
287.918945
290.976929
294.060699
297.401642
300.178864
302.312897
305.322632
307.035522
309.291443
311.372375
313.076630
314.372467
316.370056
317.867432
319.053040
320.269867
321.569336
322.098541
323.453613
323.745209
324.044891
324.665985
324.848328
325.107178
325.520508
325.630981
325.508301
325.587158
325.523010
325.653259
325.332520
325.145691
324.909760
324.393280
324.570465
324.128235
323.653717
323.462982
322.980652
322.715973
321.998138
322.130066
322.092438
321.210663
321.137268
321.047211
320.702209
320.557861
320.079132
320.152954
320.240875
319.934662
319.995941
320.230804
320.399658
319.962952
319.783783
320.178741
320.139648
320.224823
320.250397
320.832275
320.881989
321.143250
321.170471
321.663757
321.884857
322.419312
322.497528
323.044006
323.003754
323.717133
324.058960
324.196808
324.628906
324.697693
324.709778
325.555511
325.830902
326.264984
326.556641
326.755432
327.002136
327.004456
327.449860
327.234406
327.534180
327.768066
328.011780
327.967987
328.330963
327.891418
328.034027
327.614288
327.444580
327.708405
327.761078
327.499359
326.829102
327.327850
327.241882
326.891571
326.543213
326.193939
325.955048
326.007324
325.907806
325.108795
325.215973
324.289429
324.556915
323.618835
324.058990
323.587250
323.519775
323.241730
322.503876
322.437531
322.298615
321.893188
321.470520
321.408112
321.133270
321.066833
321.110535
320.889404
320.580383
320.475830
320.778717
320.198578
320.073517
319.970581
320.477844
320.323822
320.128357
320.289795
320.405823
320.664825
320.536804
320.722870
320.878845
321.199432
321.630066
321.726959
321.905731
322.337463
322.418335
322.842804
322.913483
323.591400
323.888275
323.648804
323.468750
325.041199
324.905853
325.348846
325.432190
325.942230
326.596008
326.685425
326.710632
327.564911
327.326813
327.646332
327.934113
328.188538
328.077209
328.411713
328.660004
328.909546
328.778351
329.081818
329.410767
329.470215
329.779785
329.551971
329.047424
329.122925
329.205994
329.180054
329.072388
328.779480
328.565460
328.795319
328.348083
328.524994
328.318939
327.652466
327.713898
327.717560
327.046051
326.895477
326.696838
326.654968
326.261780
325.903229
325.525391
325.432587
324.710999
324.478149
324.242096
324.023010
323.504028
323.557892
323.368378
323.132111
322.736023
322.732056
322.361023
322.320007
321.794373
321.781647
321.526093
321.632538
321.473572
321.106476
320.830505
320.656830
321.018707
320.768188
321.025269
321.126953
321.002197
321.260803
320.756500
321.264648
321.904175
321.625122
322.219116
322.290649
322.676849
322.633026
322.676758
323.538788
323.833435
323.688538
323.914917
323.786896
324.293579
324.661865
324.879608
325.412476
325.313599
325.360565
325.802673
326.283173
326.315155
326.887848
327.451263
326.759521
327.416840
327.714081
328.038300
328.178925
328.209656
328.531281
328.729767
328.977051
328.986908
328.931396
328.395721
328.918182
329.052795
328.839294
328.917694
329.267365
328.873840
328.812866
328.539948
328.326874
329.045074
328.505920
328.050171
328.329193
327.630615
327.510437
327.505341
327.500732
327.437134
326.919220
326.778503
326.523743
326.219177
325.821991
325.673492
325.101105
324.922394
324.996338
324.544525
324.456696
324.269867
324.398376
323.608826
323.897919
323.451782
323.230316
323.350616
323.302277
323.116333
323.352325
322.961823
322.836182
322.996338
322.958160
322.761902
322.503296
323.284760
323.073547
323.267242
322.736755
322.963623
323.118011
323.300323
323.482544
323.818939
324.305573
324.432861
324.011963
324.450378
325.264496
325.293945
325.196625
326.047241
325.752594
326.325897
326.537598
326.880096
326.908936
327.313965
327.794739
327.937805
328.247528
328.740356
328.389648
328.741486
329.139404
329.459259
329.463654
330.005005
329.892639
330.175781
330.331085
330.521942
330.382965
330.605194
330.741211
331.086823
330.989807
330.650696
330.757629
331.097992
331.218475
330.957764
331.009766
330.514313
330.476044
330.605316
330.536865
330.302551
329.843292
330.111084
329.964020
329.663452
329.293610
329.373169
329.177155
329.016052
328.641205
328.312469
328.025726
328.263824
327.526337
327.650574
327.203247
327.336090
326.741974
327.071564
326.127411
326.431763
326.107269
325.627380
325.747040
325.267334
325.340485
325.388184
325.156219
324.722626
325.247986
324.934753
325.208862
325.019684
325.243286
325.103790
325.093384
325.125610
324.884827
325.489471
325.135681
325.148590
325.214905
325.701050
325.777374
325.753510
326.077881
325.935852
326.597076
327.154480
327.013092
326.886261
327.284241
327.402008
328.103546
328.251648
328.505859
328.489441
329.017456
329.384552
329.439697
329.929413
329.949188
329.948090
330.722290
330.723816
330.690460
330.991791
331.106537
330.949249
331.540955
331.926147
331.738922
331.953064
332.153290
332.066803
331.842133
331.948700
331.766571
331.854095
331.787811
331.910187
331.871948
331.800537
332.038330
331.766998
331.707825
331.194366
331.713531
331.094391
331.191559
331.041351
331.239532
330.234344
330.512543
330.491821
329.993195
329.900269
329.760406
329.320038
329.233093
329.335052
329.090851
328.524567
328.692139
328.329071
328.053894
327.757751
327.990021
327.555481
327.372345
327.499054
327.646362
327.186584
327.165405
327.036133
327.021484
327.278076
327.005280
327.284058
328.246216
327.184479
327.597839
326.982117
327.356750
327.431793
327.802856
327.957275
328.039368
328.092957
328.734955
328.702362
329.221588
329.240662
329.382263
330.290558
329.879669
330.281494
330.302277
330.652313
330.928986
331.434021
331.515503
332.060852
332.243317
332.614410
333.137543
332.697327
333.806152
333.527924
334.899292
334.323547
334.774261
334.854370
335.490448
335.933838
336.213104
335.949890
335.954803
336.008331
336.321899
336.181976
336.719238
336.402252
336.862244
336.507721
336.679749
336.362244
336.793854
337.082581
336.923859
336.150482
336.374115
336.127106
336.379089
336.033386
336.377594
336.029083
336.061493
335.550232
335.201416
335.029694
334.635956
334.589996
334.249084
333.970154
333.829407
333.765930
333.331635
332.980682
333.111237
333.079102
332.481720
332.233887
332.113281
332.085083
331.748718
331.617554
331.020630
331.533051
331.045288
331.233521
330.902252
330.994781
330.946106
330.623138
330.850281
330.650055
330.856415
330.818390
330.858459
331.206146
331.401520
331.303284
331.505249
331.452820
331.657837
331.834198
332.105865
331.880707
332.399445
333.376923
333.431671
333.210144
333.864471
334.216003
334.413483
334.709320
335.307343
335.510101
335.960419
336.266022
336.416046
337.015717
337.045532
337.530884
337.728851
337.761444
338.362762
338.526550
339.012848
339.089630
339.639069
339.532776
339.640808
340.040771
340.474731
340.022888
340.618835
341.019806
340.686401
340.781799
341.039978
341.157104
341.028992
341.034821
341.283752
341.092468
341.015778
340.977600
340.745056
340.977936
340.374115
340.233215
340.105103
339.574005
339.279144
339.710205
339.403778
338.641357
338.522339
338.511749
338.770599
337.635223
337.366760
336.853027
336.764679
336.289581
335.681915
335.848877
335.703705
335.345764
334.854126
334.087036
334.089874
334.038239
334.453217
333.887970
333.273163
333.324432
333.054413
333.229858
332.621918
332.879913
332.747894
332.795593
332.384003
332.219818
332.617371
332.370209
332.720032
332.299469
332.159973
332.690125
332.439148
332.548553
332.943909
332.952148
332.956512
333.083679
333.836334
333.281586
333.869598
334.199249
334.190155
334.102875
334.536652
334.729187
335.049835
335.336273
335.688934
335.588226
336.301971
336.444855
336.983734
336.452118
337.063416
337.437622
337.368500
337.685699
338.170593
338.517792
338.025970
338.438354
338.434418
338.715759
338.809937
338.973724
339.214142
339.299957
339.126434
339.051270
339.542603
339.734406
339.339996
338.943146
338.679291
338.864197
338.919189
338.647003
338.684082
338.717651
338.016815
337.713867
338.075592
337.775055
336.901276
337.535614
337.290375
337.457153
336.842377
336.129028
336.390442
336.041626
335.946198
335.375397
335.420105
334.973969
334.755890
334.849365
334.145355
334.002380
333.962280
333.915405
333.261871
333.363800
333.571381
333.319733
332.855988
333.196167
333.192291
332.452087
333.002563
332.767303
332.766418
332.665070
333.002991
332.731750
332.775391
333.037811
333.140594
333.251831
333.037598
333.591766
333.445099
333.956329
333.852081
333.723297
333.949677
334.039246
334.651733
334.522980
334.943634
335.006775
335.324127
335.588623
335.513550
336.131927
336.119507
336.183624
336.394928
336.763641
336.746368
336.853088
337.412720
337.972839
337.771576
337.340729
337.368011
337.600647
337.681030
337.970673
337.977417
337.701477
337.939026
338.074615
337.777893
337.686066
337.328003
337.887299
337.715057
337.720184
337.684540
337.626251
337.122070
336.945404
336.843811
336.797699
336.491028
336.114929
335.854645
335.380768
335.855835
335.227142
334.890594
335.137573
334.748901
334.353363
334.025055
334.001160
333.636169
333.468903
333.734589
333.134644
333.118439
332.587708
332.478027
332.479370
332.368896
332.029968
331.723755
331.845337
331.831696
331.784241
331.793365
331.671356
331.837372
331.826782
331.762421
331.807404
331.780548
331.901215
332.253693
331.834686
332.040924
331.986145
332.377991
332.455933
332.539825
333.270325
332.983124
333.717194
333.259186
334.016235
333.977325
334.282501
334.260254
334.710907
334.787445
334.939117
335.235779
335.462524
335.770874
335.777039
335.860565
336.316132
336.506317
336.379089
336.290558
336.507629
336.565186
336.858032
336.561096
337.078827
336.645813
336.809204
336.803650
336.634644
336.749176
336.878479
336.628326
336.348785
336.140228
336.054504
335.750336
335.611969
335.181335
335.541779
335.111755
334.995300
334.298920
334.184113
334.071075
333.963165
334.089569
333.414764
332.828796
332.789062
332.040558
332.237183
332.260712
331.922363
331.599274
331.478424
330.848877
331.236267
330.936859
330.580475
331.030579
330.933929
331.158936
330.657135
330.293152
330.997925
330.590698
330.865570
331.297150
331.136566
331.671600
331.911560
331.991974
332.074982
332.655457
332.859833
333.677277
334.141418
334.113037
334.651184
334.792755
334.637421
335.422516
336.301025
336.498413
336.217133
336.775757
337.450928
337.642670
337.957184
338.181396
338.181915
338.394592
337.982697
338.183380
338.289246
337.577118
337.530457
337.392975
336.110504
336.375061
334.956726
334.468170
333.839264
332.426056
330.920685
329.751862
328.129608
326.665924
324.748169
322.363556
320.507904
317.834076
315.329132
312.836304
310.355377
307.489288
304.036224
300.866852
297.469147
293.777618
290.117035
286.326660
282.472107
278.705536
274.126587
270.340393
266.265869
261.937836
257.744019
253.203995
249.121307
244.735107
240.622482
236.499878
232.312286
228.463379
224.260605
220.492645
216.692032
213.222610
209.761444
206.746658
203.626968
200.819656
198.482986
195.929535
193.932632
192.242737
190.575180
189.337830
188.402420
187.622543
187.253693
186.620407

222.427658
184.277039
184.623474
185.125259
186.292557
187.267349
188.836731
190.611221
192.738892
194.739822
197.099503
199.846771
202.744583
205.788315
208.910538
212.438293
215.518906
219.244995
222.934937
226.923828
230.891113
234.795563
238.615295
242.876328
246.846970
250.384567
254.865967
258.979584
263.128204
266.549377
270.496948
274.504211
277.846466
281.353455
284.894836
288.099304
291.174377
294.244324
297.604980
300.395538
302.531982
305.592133
307.275116
309.566986
311.645477
313.343201
314.658295
316.689392
318.174683
319.365204
320.575653
321.923126
322.469604
323.810638
324.109802
324.423401
325.042023
325.230774
325.496887
325.925262
326.050385
325.940247
326.019257
325.975281
326.093140
325.813385
325.567139
325.335205
324.882477
324.990936
324.605927
324.149506
323.951569
323.473389
323.196564
322.471954
322.630646
322.609955
321.661774
321.630829
321.503387
321.201782
321.049377
320.570374
320.658447
320.732758
320.399597
320.475311
320.734894
320.893311
320.454041
320.277100
320.656464
320.642242
320.704498
320.733826
321.283813
321.359833
321.654724
321.616150
322.138885
322.327362
322.876740
322.953094
323.514526
323.462341
324.138855
324.540833
324.638092
325.045959
325.116730
325.141327
325.976013
326.219604
326.664642
326.958038
327.178864
327.394257
327.426025
327.831055
327.624054
327.954315
328.130066
328.382233
328.342712
328.680786
328.243225
328.399323
327.980835
327.809937
328.059235
328.138702
327.862152
327.202667
327.673737
327.584198
327.244446
326.922974
326.550903
326.327972
326.363556
326.284912
325.469086
325.575073
324.647614
324.910339
324.004822
324.440033
323.990326
323.916718
323.607300
322.879913
322.843811
322.670074
322.286499
321.898407
321.837952
321.538849
321.507385
321.530884
321.296967
321.013763
320.920013
321.233002
320.657288
320.554077
320.441376
320.985321
320.803680
320.616974
320.776855
320.897583
321.187653
321.073212
321.263916
321.424377
321.752777
322.189423
322.297791
322.478333
322.909027
322.992706
323.449951
323.508362
324.209961
324.502167
324.286011
324.078094
325.663086
325.542023
325.990570
326.073273
326.582489
327.255951
327.351196
327.344940
328.226318
328.008026
328.324219
328.614594
328.863403
328.737671
329.066345
329.363129
329.544403
329.446503
329.740173
330.073059
330.151062
330.449890
330.217133
329.740814
329.804565
329.875153
329.873932
329.743439
329.436218
329.247009
329.443085
329.011322
329.174866
328.976746
328.303528
328.353729
328.372284
327.691101
327.527130
327.340546
327.279266
326.885345
326.484528
326.106171
326.034424
325.311462
325.052887
324.754425
324.593353
324.059418
324.103027
323.905579
323.652527
323.247375
323.246674
322.839874
322.820831
322.276184
322.269287
321.960724
322.074158
321.887024
321.514679
321.280304
321.071411
321.397339
321.141479
321.372559
321.324768
321.340179
321.609955
321.083496
321.570953
322.214600
321.925507
322.508972
322.580170
322.965027
322.890747
322.928101
323.791473
324.095123
323.927094
324.162170
324.008606
324.518707
324.872620
325.085632
325.603577
325.501038
325.539154
325.991486
326.465057
326.498352
327.043915
327.605377
326.927338
327.542114
327.855957
328.175873
328.320251
328.364807
328.673035
328.879547
329.095337
329.108887
329.076141
328.535950
329.036713
329.190399
328.975739
329.057800
329.401123
329.017975
328.951752
328.665009
328.482880
329.201843
328.646179
328.179993
328.468933
327.759399
327.657990
327.657379
327.649658
327.609375
327.074188
326.950500
326.692596
326.383209
326.002747
325.875519
325.274628
325.086548
325.195496
324.720764
324.659637
324.462219
324.594788
323.802795
324.088684
323.640991
323.442810
323.549561
323.504211
323.315369
323.600464
323.173553
323.073273
323.224792
323.156647
322.972321
322.720093
323.506897
323.299103
323.470612
322.947479
323.158020
323.312073
323.512024
323.691193
324.035248
324.517731
324.631897
324.201385
324.648376
325.441376
325.471954
325.388611
326.231171
325.914612
326.464386
326.684845
327.041382
327.051727
327.460449
327.914062
328.029938
328.324890
328.853180
328.490753
328.834625
329.219025
329.526428
329.504333
330.043640
329.923035
330.174194
330.337402
330.505737
330.349884
330.584625
330.697052
331.034576
330.919434
330.555847
330.658447
330.992249
331.093201
330.843506
330.865662
330.350830
330.331360
330.405609
330.340210
330.098175
329.626038
329.875977
329.721375
329.401245
329.015320
329.076965
328.879242
328.707794
328.325134
327.969452
327.671631
327.887482
327.162567
327.275757
326.814362
326.924713
326.322723
326.669281
325.702179
325.996338
325.654572
325.172821
325.259857
324.771729
324.863892
324.897400
324.665314
324.190033
324.721893
324.400238
324.675781
324.500427
324.700439
324.572754
324.524323
324.590057
324.334747
324.938171
324.575409
324.594055
324.645844
325.171814
325.231567
325.202881
325.512604
325.422180
326.023407
326.596558
326.436279
326.348694
326.761353
326.871033
327.605530
327.745850
327.963593
327.993011
328.500641
328.863312
328.981384
329.459900
329.467560
329.447571
330.241425
330.265533
330.255280
330.545776
330.678375
330.516815
331.126526
331.508667
331.336273
331.560730
331.769592
331.717865
331.493134
331.641052
331.448578
331.557098
331.480835
331.585236
331.569000
331.494873
331.782990
331.506226
331.506378
330.999329
331.498444
330.896179
330.980042
330.852478
331.045227
330.052399
330.384613
330.351257
329.902222
329.737488
329.634399
329.210938
329.087433
329.250793
329.026031
328.450409
328.647339
328.241638
327.996124
327.680145
327.981201
327.519196
327.336945
327.508575
327.623901
327.179169
327.178406
327.018219
327.054291
327.322876
327.004517
327.269409
327.425323
327.185120
327.618042
326.987030
327.375519
327.448456
327.801178
327.960327
328.034637
328.088470
328.750427
328.741699
329.186859
329.247742
329.393433
330.288422
329.882721
330.266602
330.280945
330.584930
330.878784
331.404602
331.511505
332.009491
332.197845
332.531921
333.076385
332.592987
333.706055
333.429626
334.816406
334.205780
334.656799
334.757324
335.350159
335.785675
336.046661
335.759521
335.766327
335.817841
336.142303
335.958984
336.508698
336.160004
336.653229
336.272339
336.438385
336.072235
336.531311
336.801453
336.597198
335.808868
336.017700
335.802795
336.039703
335.667328
336.013336
335.668854
335.681732
335.131805
334.785767
334.568695
334.197083
334.133423
333.813141
333.526886
333.332245
333.284515
332.848419
332.464233
332.582611
332.549194
331.927460
331.668762
331.550018
331.512756
331.173889
331.045807
330.427277
330.929535
330.446167
330.596100
330.286591
330.377228
330.334473
330.006195
330.211761
330.002045
330.205139
330.131897
330.192749
330.516541
330.696899
330.604767
330.806244
330.736420
330.955261
331.124908
331.391907
331.163391
331.672302
332.621887
332.707794
332.457916
333.122345
333.459503
333.648010
333.956146
334.555389
334.750580
335.200012
335.514679
335.646393
336.250031
336.277466
336.748322
336.950928
337.005371
337.596008
337.762726
338.247589
338.305817
338.866486
338.766235
338.856201
339.268860
339.715912
339.265991
339.877045
340.275208
339.913971
340.039764
340.287506
340.412231
340.240112
340.294434
340.561951
340.356842
340.292267
340.268463
340.022369
340.288971
339.647949
339.535797
339.372009
338.884186
338.561523
339.000610
338.685059
337.948914
337.851288
337.824768
338.094391
336.979797
336.708557
336.240509
336.124542
335.638611
335.034637
335.189484
335.082123
334.719971
334.222473
333.458374
333.503479
333.425568
333.880737
333.322693
332.688324
332.769714
332.498505
332.666107
332.107574
332.365143
332.254852
332.275238
331.868805
331.761597
332.153870
331.886108
332.309784
331.850769
331.707520
332.221924
332.028168
332.124084
332.542267
332.529785
332.580994
332.741089
333.470154
332.918884
333.529694
333.908783
333.882721
333.787994
334.270782
334.440765
334.789825
335.075745
335.504456
335.357727
336.077789
336.236816
336.769409
336.265259
336.898041
337.288300
337.191040
337.540466
338.016754
338.426758
337.911255
338.380676
338.304596
338.686737
338.741974
338.947754
339.185822
339.297821
339.106140
339.035034
339.550079
339.729004
339.385529
338.976501
338.740082
338.935364
339.025940
338.709564
338.763000
338.817352
338.112518
337.832977
338.244629
337.956024
337.053406
337.760254
337.500488
337.664581
337.020813
336.361328
336.614838
336.315308
336.211731
335.599457
335.663574
335.248260
335.060699
335.139191
334.443848
334.314209
334.271545
334.248169
333.620758
333.683838
333.590759
333.701263
333.228973
333.554993
333.525238
332.850830
333.390930
333.155457
333.165588
333.074249
333.385132
333.180054
333.195312
333.440552
333.563110
333.648438
333.472870
334.023499
333.887512
334.385681
334.304993
334.136536
334.403656
334.463043
335.106049
334.948822
335.401581
335.452789
335.778290
336.038635
335.957916
336.596924
336.533417
336.633179
336.825134
337.231354
337.149658
337.329224
337.845184
338.404480
338.200531
337.807587
337.786316
338.065582
338.129822
338.372162
338.384430
338.103180
338.387665
338.507141
338.208832
338.093658
337.743683
338.311951
338.127502
338.123260
338.094299
338.003906
337.498047
337.336945
337.223083
337.173370
336.851593
336.483490
336.209290
335.733154
336.219635
335.583099
335.243896
335.459503
335.105865
334.680786
334.381104
334.355347
333.968018
333.768127
334.050812
333.467377
333.424530
332.910126
332.792603
332.784302
332.634857
332.321167
331.994598
332.145325
332.118683
332.064880
332.058105
331.968811
332.104004
332.101379
332.029358
332.051086
332.047485
332.163635
332.497192
332.102478
332.276642
332.253967
332.639465
332.708374
332.780090
333.520874
333.247986
333.960602
333.508850
334.235382
334.193634
334.517883
334.482849
334.920227
335.006836
335.164246
335.440125
335.663300
335.997498
335.994720
336.051819
336.508698
336.687286
336.577576
336.492371
336.682953
336.741089
337.038879
336.721619
337.271362
336.855347
336.990662
336.998383
336.824707
336.925903
337.041687
336.792786
336.526581
336.304688
336.254822
335.952759
335.755219
335.357483
335.718140
335.266907
335.153046
334.492798
334.328918
334.232971
334.107483
334.223419
333.586884
332.989197
332.961029
332.190186
332.433472
332.404449
332.137787
331.728302
331.602814
331.016754
331.383545
331.088989
330.720795
331.200500
331.095673
331.268433
330.806488
330.434967
331.142120
330.736969
330.989807
331.448730
331.286560
331.806580
332.072845
332.121948
332.224518
332.765717
333.011017
333.808899
334.253357
334.248718
334.757690
334.908203
334.724121
335.544098
336.410248
336.622253
336.322723
336.905304
337.547119
337.751099
338.069824
338.289215
338.282471
338.488495
338.065552
338.285706
338.352020
337.670685
337.636719
337.497559
336.202332
336.491638
335.065308
334.556427
333.911011
332.496948
331.005585
329.832153
328.213226
326.732574
324.820374
322.391296
320.599792
317.901337
315.391846
312.896484
310.405670
307.551422
304.093750
300.924866
297.526337
293.831085
290.165131
286.360718
282.523315
278.770142
274.174713
270.371643
266.316040
261.974335
257.787872
253.231766
249.170822
244.770584
240.635010
236.549149
232.355972
228.514343
224.310410
220.509171
216.710739
213.254456
209.787918
206.781067
203.650543
200.857880
198.516495
195.950439
193.959198
192.270493
190.587708
189.356369
188.414246
187.654587
187.278320
186.637299

