306.503662
172.930679
173.421783
174.158096
174.908417
176.255630
177.500458
179.150253
180.896515
183.122650
185.297028
187.804123
190.385742
193.236252
196.207077
199.372345
202.533752
206.004105
209.658920
213.248627
216.888596
220.547195
224.107086
228.065567
231.890060
235.568542
239.611206
243.356125
246.829453
250.369614
254.311310
257.483093
261.222321
264.433228
267.671967
270.360016
274.076141
276.542175
279.508606
281.815460
284.374481
287.152222
289.240845
290.937317
292.871185
295.105377
296.359131
297.991669
298.959290
300.467712
301.625732
302.462677
303.586304
304.511780
304.949341
305.894379
306.025299
306.754456
306.763672
307.372253
307.282257
307.110016
307.350250
307.267029
307.572510
307.173035
307.150452
306.844086
306.453369
306.382782
306.271057
305.877136
305.674072
305.503052
305.211639
304.893463
304.563660
304.688568
304.213013
303.855469
304.119293
303.808807
303.686859
303.669037
303.983948
303.748566
303.406921
303.447754
303.518372
303.779419
303.895569
303.813354
303.788300
303.989655
304.203857
304.366608
305.086456
305.126251
305.393311
306.020569
305.740479
306.468781
306.454926
306.839996
307.349091
307.856842
308.357178
308.481873
309.060028
309.078552
309.818054
310.028870
310.070831
310.337036
311.000122
311.189636
311.536743
311.940216
312.074310
312.324982
312.331665
313.230774
313.003479
312.745758
313.094116
312.667542
313.397888
313.610107
313.322357
313.223083
313.462891
313.214447
313.353699
312.924225
312.914307
312.864075
312.724762
312.631165
312.142212
311.939850
311.678680
311.638306
311.214325
311.202057
310.652466
310.779236
310.344391
310.082855
309.638489
309.765350
309.447815
309.211243
309.076416
308.466644
308.760742
308.181061
308.075165
307.977783
307.738983
308.106232
307.741150
307.659424
307.277954
307.277771
307.327423
307.219513
307.527435
307.323395
307.649902
307.289734
307.791290
307.603851
307.786316
308.256775
308.071045
307.959198
308.883636
308.955872
309.041595
309.324646
309.784607
309.842590
310.443848
310.661560
310.512695
311.247925
311.311920
311.533386
312.383698
312.412872
313.076599
313.302551
313.442017
313.704071
314.032654
314.799469
314.945404
315.027130
315.352631
315.472412
316.356659
315.901794
316.115875
316.794861
316.414124
317.314331
317.227814
317.467163
317.191071
317.597107
317.465149
317.278625
317.221741
317.117065
317.091125
317.128510
316.876831
317.083649
317.020233
316.988983
316.935120
316.476990
315.742523
316.168274
315.718811
315.765533
315.276825
315.018677
314.820770
314.473114
314.240662
314.187714
313.975586
313.176392
313.338348
313.177979
312.796906
312.209625
312.238403
312.113922
312.396088
311.468292
311.203613
311.107361
311.158447
310.761658
310.725006
310.412292
310.716461
310.327209
310.967865
310.524933
310.158447
310.269165
310.150940
310.153351
310.213104
310.423859
310.611053
310.141449
310.778625
310.785950
311.200409
311.440155
311.605042
311.674896
311.872437
312.231842
311.858459
312.771942
312.801056
313.047546
313.452393
313.726501
313.728119
314.281158
314.486633
314.949036
314.949921
315.512177
315.803314
315.810883
316.200836
316.383606
316.313904
317.186005
317.061493
317.382050
317.623230
317.762115
317.544189
318.420685
318.477356
318.263489
318.441254
318.793518
318.307281
318.749908
318.917236
318.677124
318.854248
318.570923
318.175812
318.144379
318.662903
318.418152
318.381592
318.251953
318.142975
317.679077
317.169769
317.990356
317.053436
317.142120
317.214935
316.424713
316.696167
316.353912
316.244415
316.098236
316.002350
315.376251
315.702179
315.049042
314.944061
314.739502
314.716553
314.688232
314.380035
314.038696
314.455780
314.229889
314.035675
313.746094
313.529327
313.577332
313.382324
313.765594
313.986542
313.753845
313.392639
313.972321
313.774384
313.592987
314.073242
314.313873
314.737762
314.389801
314.512268
314.590485
314.811005
315.513062
315.719269
315.708771
316.295013
316.242859
316.222107
316.541351
317.296478
317.287476
317.557678
317.793945
318.370422
318.361237
318.486176
319.119720
319.406616
319.888763
319.804108
320.157471
320.658112
321.066162
320.981384
321.404266
321.076752
321.409790
322.053986
321.873291
322.034882
322.154053
322.371338
322.383453
322.321228
322.786499
322.842621
322.866180
322.528259
322.823334
322.918945
322.579651
322.522949
322.725464
322.902191
322.394073
322.067078
322.254028
321.940216
321.707428
321.620453
321.958679
321.655701
320.905212
320.965454
320.924194
320.463318
320.218445
320.151428
319.716675
319.673157
319.588562
319.335846
319.424408
319.182159
318.551331
318.121155
318.587250
318.328033
318.050781
318.597107
318.090729
317.717896
317.869537
318.028992
317.681488
317.871124
318.085022
318.299500
318.023743
318.083466
317.864929
318.545837
318.365570
318.418274
318.621155
318.922729
318.967102
319.135803
319.555695
319.533783
319.757172
320.174835
320.332001
320.471375
320.595703
321.108887
321.180145
321.444397
321.600830
322.137421
322.517059
322.864380
322.711731
323.126648
323.675354
324.010925
324.451111
324.032776
324.572876
324.904907
325.088409
325.257263
325.408539
325.136261
325.787781
325.963684
326.543304
325.996155
325.966034
326.882080
326.848633
326.442505
326.799072
326.517670
326.770355
327.150146
326.600739
326.749054
326.781677
326.616089
326.368744
326.297821
326.078247
326.318451
326.202637
326.061432
326.169434
325.807343
325.514954
325.270142
325.519836
324.948120
324.928864
325.018127
324.820740
324.271698
324.275848
324.205811
323.566315
324.324463
324.284698
324.265503
323.442535
323.601440
323.465332
323.204468
323.501434
323.482819
323.062683
323.175690
323.558868
323.290588
324.015472
323.672607
323.617859
324.063629
324.118866
323.964722
323.652283
324.447723
324.851349
324.798187
324.743134
325.277222
325.636871
325.815186
326.301300
326.285400
327.251648
327.354950
327.464630
327.798218
328.310455
328.369019
329.234222
329.446808
329.860321
329.823517
330.634460
330.777191
331.069916
331.896576
332.171692
332.051697
332.679901
333.089661
333.397980
333.397827
333.723969
334.359589
334.226074
334.780731
334.726074
334.903900
335.123077
335.555573
335.375610
335.457550
335.833618
335.663300
335.916382
335.739044
335.946777
335.838989
336.001953
335.613739
336.090485
336.204010
335.928955
335.588226
335.634308
335.333893
335.812805
335.214111
335.286133
334.925964
334.489655
334.328125
334.744049
334.009277
334.075348
333.984009
333.491333
333.561859
333.420288
332.966217
333.114136
332.876129
332.846466
332.934143
332.389648
332.608978
332.742737
332.598724
332.363800
332.233032
332.245300
332.391571
332.402710
332.418152
332.274811
332.471619
332.640350
332.608490
332.979187
333.281403
333.548065
333.402588
333.657471
334.078705
334.459656
334.284637
335.187347
334.930298
335.468811
335.671875
336.187134
336.263977
336.944855
336.904785
337.682556
337.845123
338.413727
338.850403
339.522736
339.820343
340.071777
340.390350
340.861237
341.584320
341.489990
342.138062
342.406250
342.542786
343.257507
343.507874
344.111420
344.139038
344.433746
344.963989
344.770813
345.394867
345.411499
345.204803
345.595490
345.591095
345.916107
346.050262
346.526520
346.280640
346.319519
346.330231
346.229126
346.286316
346.173187
346.363983
345.445374
345.461304
345.851990
345.726013
345.243744
344.767517
345.156403
344.864746
344.828156
344.371582
344.088837
343.613678
343.224915
342.944580
342.833557
342.768402
342.834930
342.381378
342.171356
341.575348
341.785187
341.428436
340.750519
341.180817
340.798004
340.616913
340.533386
340.419983
340.603455
340.472473
340.519135
340.330658
340.219788
340.125397
339.974182
339.997070
340.186829
340.205292
340.289276
340.412720
340.309235
340.644135
340.815979
341.111389
341.196686
341.372711
341.378021
341.896729
341.617096
342.287720
342.479095
342.949890
343.498108
343.839294
343.660004
344.407135
344.113281
344.286285
345.146088
344.983276
345.884033
345.659729
346.511719
346.245483
346.940857
347.568085
347.193665
348.256470
347.906952
348.348541
348.037659
348.458710
348.611481
348.981598
348.913788
349.084198
349.246399
349.402039
349.267151
349.623627
349.246857
349.708221
349.587097
349.260376
349.430023
349.798981
349.211273
349.254364
349.302704
349.075012
348.391663
348.838562
348.434418
348.006470
347.971924
347.731445
347.478363
347.540161
347.023376
347.105988
347.261536
346.208405
346.222748
346.111176
346.258728
345.578247
345.478394
345.708679
345.267731
345.109375
344.929718
345.040253
345.382202
345.076874
344.865662
344.455170
344.389465
344.237579
344.191925
344.109314
344.455017
343.985779
344.007568
344.228119
344.219604
344.224762
343.702942
344.329407
344.503662
345.164124
344.879395
345.180542
345.636230
345.299347
345.820129
346.338165
345.750610
346.626526
347.111023
346.681915
346.910583
347.605713
347.670593
347.738647
348.224976
348.052399
348.118622
348.506470
348.613708
348.829285
349.222992
349.200348
349.521271
349.497528
349.756744
349.921265
349.771912
350.277740
350.017914
350.186279
350.106262
350.125549
350.330231
350.441498
350.520996
350.185303
350.415863
350.195892
350.130249
349.305237
349.879089
349.637238
348.986786
349.190369
349.185303
348.988586
348.514557
348.596497
347.660889
347.892883
348.121887
347.199219
347.218292
347.071716
346.920654
346.636047
346.232056
346.657928
346.176971
345.708282
344.972504
345.447906
345.002075
344.628052
344.503540
344.609711
344.539856
344.286011
344.171844
343.976929
343.681702
344.005859
344.149567
344.131134
343.744385
344.073914
344.252289
344.074493
344.308136
343.754700
344.562622
344.191650
344.496155
345.127960
345.012756
345.559418
345.666565
345.678864
345.583191
345.883667
346.199860
346.409393
346.591492
346.352051
347.266174
346.992767
347.725922
347.566376
347.883148
347.804749
348.069153
348.053314
348.605469
348.568481
349.291321
349.007935
348.880310
349.294525
349.267181
349.396362
349.284058
349.660278
349.552521
349.473053
349.530670
349.410522
349.293640
348.936798
348.517792
348.527222
348.624908
348.559387
348.126038
348.196014
348.083679
347.263794
347.499023
346.477997
346.657898
346.099213
345.910217
346.007050
345.402863
344.876007
344.699127
344.754395
344.302948
343.592255
343.689209
343.878021
343.564026
343.158356
343.250854
342.734131
342.967773
342.572754
343.002930
342.412048
342.489014
342.821320
342.939392
342.749847
343.053314
343.439911
342.963165
343.440002
343.291412
343.972595
344.072784
344.732391
344.801361
345.216797
345.294922
346.253784
346.180847
346.739471
347.274445
347.559204
348.355042
348.274109
348.651001
349.306335
349.585999
349.341675
349.897491
350.564117
350.123352
350.885498
350.613434
350.498779
350.824310
349.797516
349.559753
349.353790
348.531250
347.856842
347.564209
346.453125
345.551910
344.554657
343.154816
341.697632
339.951660
338.119049
336.235718
334.129608
331.795258
329.469727
326.951202
324.035706
321.712402
318.164001
314.965271
311.918793
307.887512
304.553650
300.872284
296.852875
292.492859
288.568939
284.227081
279.802368
276.012054
271.515503
266.728760
262.544098
258.115540
253.575470
249.410599
244.915466
240.218002
236.811279
232.276474
228.210831
224.665497
221.041916
217.609543
214.110626
210.668747
207.854843
205.359802
202.749420
200.769119
198.709122
197.587585
195.830246
194.780228
194.110703
193.484360
193.513062

300.862335
172.794952
173.291000
174.022995
174.767792
176.110916
177.376648
179.025040
180.778625
183.024414
185.206009
187.729156
190.311081
193.174347
196.162994
199.336624
202.482986
205.997849
209.653732
213.282654
216.935898
220.612640
224.187042
228.157150
232.026016
235.686417
239.776245
243.533630
247.041382
250.626816
254.546753
257.771423
261.529785
264.761414
268.024994
270.728851
274.479797
276.982117
279.947510
282.297302
284.881012
287.701721
289.795197
291.526123
293.495850
295.767212
297.036377
298.685699
299.648407
301.215942
302.367188
303.241608
304.413513
305.356140
305.771545
306.784302
306.933594
307.692047
307.730957
308.360748
308.252655
308.110138
308.383636
308.312500
308.615875
308.215942
308.228546
307.919678
307.577484
307.495026
307.421021
307.039948
306.828339
306.642853
306.402435
306.116669
305.769470
305.889771
305.424957
305.071320
305.329620
305.037811
304.905457
304.905762
305.209503
304.986389
304.618286
304.647552
304.698578
304.985931
305.101593
304.999573
304.954193
305.146729
305.337585
305.484772
306.208405
306.220398
306.465668
307.110016
306.803864
307.514618
307.486786
307.856934
308.329010
308.838989
309.287384
309.423126
309.964813
309.961731
310.646362
310.854370
310.896912
311.110504
311.746002
311.909210
312.234955
312.615051
312.740356
312.941406
312.908234
313.780426
313.547546
313.235260
313.551758
313.120361
313.789734
314.003510
313.677460
313.558624
313.766937
313.467896
313.593628
313.128815
313.091339
312.997406
312.853455
312.721039
312.201599
311.970581
311.672180
311.615875
311.194458
311.097229
310.536133
310.665070
310.196472
309.909058
309.427887
309.527710
309.201630
308.945587
308.777893
308.135040
308.422028
307.818146
307.696625
307.576874
307.331879
307.650452
307.284210
307.184998
306.798370
306.797882
306.795074
306.693756
306.990784
306.794006
307.074860
306.709625
307.208221
307.021912
307.167542
307.643372
307.472870
307.346161
308.247375
308.338806
308.403381
308.689758
309.132812
309.193481
309.810822
310.004089
309.856354
310.615540
310.700470
310.858643
311.761993
311.770355
312.459778
312.656586
312.824036
313.090546
313.410278
314.228333
314.344299
314.478851
314.794067
314.898987
315.814514
315.377045
315.570557
316.276459
315.909210
316.820587
316.766815
317.019196
316.781525
317.132812
317.071442
316.872803
316.814209
316.699585
316.717010
316.807343
316.545563
316.751495
316.777283
316.692352
316.658569
316.234375
315.510773
315.959808
315.540436
315.596527
315.112396
314.901764
314.769897
314.411072
314.196564
314.177338
313.968201
313.164520
313.389740
313.242554
312.905182
312.304077
312.335297
312.230804
312.551147
311.645599
311.380524
311.325317
311.382080
311.023621
310.992584
310.725403
311.035828
310.667786
311.355011
310.932465
310.526764
310.715912
310.590454
310.613464
310.714630
310.976501
311.134125
310.699493
311.377838
311.438110
311.828827
312.088257
312.285858
312.395538
312.626770
312.980194
312.665253
313.589478
313.644409
313.938293
314.323975
314.636871
314.647217
315.219849
315.465729
315.938721
315.961212
316.580963
316.854095
316.887726
317.301331
317.493774
317.500153
318.317841
318.221191
318.592194
318.884827
318.984558
318.796143
319.753998
319.795044
319.587677
319.823090
320.187195
319.705475
320.157257
320.358337
320.157135
320.332855
320.068573
319.692261
319.688660
320.198547
320.046051
319.974365
319.839722
319.770416
319.304810
318.846832
319.707458
318.723846
318.877472
318.946808
318.137238
318.447388
318.125519
318.007935
317.953400
317.812469
317.235992
317.614716
316.922516
316.819244
316.599060
316.650787
316.586487
316.292847
315.922211
316.368103
316.163849
315.941315
315.676117
315.492432
315.534058
315.319519
315.708527
315.949310
315.740234
315.340881
315.923248
315.713898
315.552582
316.068695
316.265076
316.687012
316.359131
316.440033
316.498627
316.748657
317.430328
317.652557
317.660095
318.189331
318.135620
318.099365
318.408234
319.131622
319.140320
319.372009
319.616119
320.185120
320.200867
320.270386
320.879730
321.131317
321.644501
321.500977
321.857574
322.325897
322.704895
322.649445
323.024628
322.660309
322.959869
323.590393
323.418243
323.528809
323.596344
323.843475
323.789734
323.756042
324.131592
324.198944
324.179749
323.820679
324.058899
324.163025
323.761749
323.708191
323.841675
324.009216
323.482422
323.118073
323.314087
322.930145
322.653290
322.511902
322.898926
322.553802
321.751556
321.745605
321.708893
321.220673
320.929108
320.881226
320.400818
320.319763
320.167664
319.910889
319.999878
319.759644
319.069061
318.602875
319.065552
318.729797
318.403046
318.939484
318.483185
318.052277
318.172363
318.278046
317.946655
318.062775
318.273071
318.470001
318.171661
318.215149
317.954559
318.653168
318.411865
318.436707
318.642700
318.921112
318.944946
319.098358
319.487244
319.449860
319.660278
320.091217
320.197296
320.342621
320.432739
320.951630
321.022430
321.248138
321.423950
321.898407
322.306793
322.656860
322.491058
322.928711
323.439606
323.744690
324.192932
323.789764
324.251495
324.641571
324.813934
324.975372
325.116394
324.835571
325.497864
325.667603
326.239075
325.695984
325.682190
326.583160
326.534424
326.155975
326.503387
326.216431
326.467682
326.861206
326.314087
326.496948
326.492523
326.332520
326.106476
326.049713
325.822510
326.046204
325.966278
325.811157
325.912720
325.576263
325.289276
325.040680
325.320526
324.737915
324.694885
324.803345
324.632690
324.092712
324.078735
324.023865
323.380554
324.170166
324.120636
324.112305
323.308289
323.473572
323.328339
323.070953
323.358246
323.364410
322.928711
323.056366
323.447144
323.182007
323.940521
323.525452
323.503632
323.979004
324.048492
323.887543
323.580994
324.356110
324.777771
324.725189
324.688293
325.218781
325.597046
325.778046
326.272369
326.244904
327.211914
327.333221
327.427338
327.764923
328.297760
328.329498
329.197906
329.418213
329.827393
329.801300
330.581329
330.738983
331.017792
331.832153
332.128937
331.979736
332.626373
333.024323
333.349945
333.372223
333.680603
334.300537
334.154236
334.714447
334.679321
334.850647
335.065582
335.476898
335.320190
335.376678
335.728271
335.555450
335.811310
335.629700
335.876251
335.714325
335.902069
335.489685
335.991577
336.092468
335.811035
335.463898
335.472504
335.198883
335.670135
335.068695
335.128632
334.759399
334.313354
334.146393
334.560272
333.826813
333.885773
333.804230
333.290436
333.375244
333.235291
332.786774
332.924377
332.687164
332.654266
332.713165
332.154846
332.388306
332.542023
332.359863
332.145355
332.001099
332.019958
332.153839
332.152954
332.162048
332.053162
332.212524
332.373413
332.375427
332.739807
333.022339
333.284058
333.147156
333.393158
333.792603
334.204773
334.018005
334.898407
334.675873
335.192505
335.408569
335.930634
336.020721
336.691498
336.608032
337.405365
337.581116
338.162384
338.591797
339.266479
339.561737
339.798218
340.111603
340.592285
341.331787
341.247131
341.889465
342.158020
342.264191
343.022491
343.267120
343.876892
343.870483
344.214111
344.702606
344.542542
345.153412
345.192352
344.978210
345.345062
345.330322
345.680939
345.819092
346.270203
346.056976
346.107361
346.100342
345.983551
346.084106
345.980927
346.151062
345.222473
345.256226
345.620575
345.529083
345.030243
344.608002
344.948090
344.648834
344.609222
344.164124
343.890656
343.425201
343.060150
342.743713
342.603973
342.566071
342.647491
342.189056
341.987183
341.399017
341.616852
341.271210
340.571442
340.964508
340.620453
340.464050
340.381165
340.278107
340.409210
340.295471
340.371063
340.153381
340.071625
339.995819
339.848175
339.861450
340.051392
340.058807
340.130615
340.258087
340.191376
340.499176
340.691406
340.962341
341.024261
341.208618
341.254822
341.777069
341.502380
342.165619
342.365753
342.839081
343.366638
343.663788
343.576508
344.280334
343.955170
344.206543
345.042572
344.865509
345.771057
345.548859
346.434113
346.123718
346.850922
347.470886
347.107880
348.154633
347.798462
348.220795
347.917145
348.342834
348.546173
348.850739
348.847717
348.956818
349.141510
349.305695
349.180634
349.506195
349.153870
349.592926
349.518707
349.164062
349.384033
349.710449
349.142059
349.201721
349.217072
349.013306
348.331451
348.798859
348.373993
347.965149
347.907623
347.648285
347.406372
347.475067
346.984467
347.053406
347.220123
346.182526
346.192902
346.078918
346.208618
345.548370
345.447174
345.659607
345.254730
345.084320
344.910797
345.015808
345.377991
345.077911
344.828796
344.488220
344.372253
344.220642
344.184540
344.089569
344.431030
343.953491
344.008911
344.224976
344.232666
344.241943
343.709900
344.355560
344.535187
345.181122
344.876434
345.194305
345.649323
345.307556
345.815186
346.345184
345.769928
346.642395
347.120239
346.703857
346.965942
347.630676
347.707397
347.782166
348.287170
348.089630
348.189514
348.575134
348.653503
348.864441
349.286957
349.243530
349.568695
349.549011
349.833344
349.999939
349.841034
350.344299
350.069855
350.242157
350.198425
350.170166
350.378326
350.503601
350.570496
350.229828
350.502167
350.259399
350.210388
349.376923
349.956512
349.719513
349.061127
349.288208
349.272461
349.104279
348.590912
348.693848
347.741028
348.012512
348.191437
347.317841
347.312073
347.158539
347.014618
346.752502
346.319366
346.759491
346.270874
345.779053
345.051605
345.544586
345.085999
344.711060
344.608917
344.704010
344.602936
344.388123
344.240387
344.064880
343.795898
344.100983
344.237122
344.258575
343.822601
344.156616
344.361420
344.197235
344.404816
343.859894
344.673584
344.298584
344.621735
345.218201
345.106598
345.659088
345.726654
345.787140
345.682922
345.989563
346.268494
346.536102
346.690521
346.455536
347.379272
347.119995
347.859589
347.671753
347.948181
347.881134
348.175110
348.134766
348.722565
348.670288
349.382782
349.092010
348.984070
349.415192
349.377533
349.475555
349.398560
349.728485
349.687531
349.553619
349.609222
349.512024
349.403961
349.022522
348.620972
348.610138
348.768585
348.660217
348.229950
348.297363
348.160126
347.352448
347.613403
346.570526
346.752502
346.202911
346.001434
346.087555
345.527283
344.971832
344.839569
344.842957
344.406464
343.658356
343.800385
343.960236
343.626587
343.230530
343.339020
342.818054
343.056732
342.651215
343.107452
342.507874
342.574615
342.919708
343.021454
342.834198
343.176361
343.511383
343.061066
343.509369
343.371826
344.074829
344.159332
344.799164
344.890564
345.311707
345.357605
346.341644
346.244904
346.825104
347.362396
347.641327
348.434631
348.352600
348.751862
349.363281
349.642273
349.425140
349.987274
350.650421
350.206940
350.982513
350.676056
350.583038
350.917603
349.855927
349.655945
349.422058
348.611664
347.947205
347.671051
346.514343
345.646149
344.640747
343.250549
341.793396
340.050079
338.209839
336.290924
334.218567
331.873322
329.538513
327.031677
324.146484
321.774780
318.230713
315.061523
312.001038
307.989899
304.624268
300.997131
296.956512
292.570923
288.656708
284.334290
279.910950
276.101013
271.602997
266.838470
262.649231
258.215179
253.678543
249.510864
245.023422
240.318253
236.904678
232.368530
228.307114
224.773911
221.145004
217.717270
214.196579
210.777481
207.950211
205.446411
202.852356
200.872559
198.798340
197.691498
195.936142
194.889084
194.206467
193.563202
193.736465

220.550278
184.594482
185.168320
185.891190
186.948074
187.993393
189.375656
191.319046
192.946121
195.384674
197.836884
200.235077
202.980026
206.389542
209.289673
212.795990
216.438080
219.777603
223.944595
227.711700
231.726517
235.202286
239.379562
243.054153
247.518127
251.579834
255.294037
259.389069
263.218994
267.286926
271.035767
274.822998
278.554962
282.282166
285.111298
288.906464
291.869659
294.907623
297.546844
300.818848
303.256104
305.492126
307.951904
310.402069
312.183777
313.913025
315.809570
317.421326
318.540894
320.065277
321.515839
322.316925
322.939758
323.844574
324.487396
324.804718
325.708344
326.165741
326.226227
326.147430
326.618469
326.177856
326.284241
326.538239
325.873505
325.915039
325.605621
325.120148
324.857422
325.137543
324.394989
323.732971
323.824432
323.504333
322.952423
323.192993
322.537567
322.524170
321.796967
321.925171
321.502014
321.309937
321.142578
320.805267
320.725922
320.567749
320.300140
320.324615
320.419952
320.490051
320.384399
320.502563
320.642059
320.708496
320.788147
320.858673
321.229706
321.310333
321.473877
322.109711
322.195374
322.616119
323.244904
323.007690
323.214661
323.518250
324.119995
324.221069
324.977966
324.990417
325.173859
325.437836
325.670410
326.090973
326.278961
326.400452
326.540619
326.779083
327.320923
327.583221
327.882507
327.545380
327.858093
328.070862
327.804810
328.097870
327.809814
328.020966
328.533783
328.214233
327.988251
327.722473
327.857849
327.540558
327.046387
326.713379
326.725555
326.606873
326.379852
325.906281
325.903656
325.534149
325.535522
324.820496
324.409058
324.294952
324.180389
323.416992
323.454468
322.839691
322.837616
322.342834
321.991394
321.654663
321.584991
321.301941
320.845734
320.784790
320.811066
320.773560
320.355316
319.976013
319.873779
319.719940
319.904144
320.176270
319.767334
319.531525
319.656738
319.502197
320.150085
319.953278
320.036285
319.656952
320.153564
320.496613
320.427429
320.885040
321.174225
320.910889
321.479462
321.712128
322.079468
322.374847
322.572174
322.619629
323.551086
323.242645
324.266022
323.822510
324.532593
324.230194
324.559357
325.536163
324.947083
325.756348
326.268372
326.238922
326.387939
327.047821
327.232635
327.225861
327.759674
328.108307
327.618469
328.021637
327.997894
328.204346
327.803589
327.946930
327.978394
328.381622
328.294678
328.088135
327.989899
327.889008
327.607697
327.639374
327.526001
327.431976
327.473999
327.365295
326.666748
326.563049
326.039062
326.045929
325.456268
325.478821
325.052460
324.712311
324.379242
324.210388
323.750244
323.273529
322.895508
322.491547
322.659149
322.328674
321.793488
321.576874
321.500031
320.862823
320.440399
320.631256
320.339478
320.005035
320.326355
320.159668
319.858002
319.685059
319.664948
319.570587
319.445374
319.387695
319.469299
319.535004
319.659698
319.603363
319.667999
319.912903
319.923859
319.730072
320.145325
319.801208
319.962067
320.666199
320.637756
320.562622
321.066620
321.427155
321.710938
321.843933
322.113922
322.599609
322.277100
323.028625
323.569916
323.256683
323.840759
323.857544
324.140015
324.377197
324.793549
325.254822
325.245392
325.180634
325.473480
325.792145
325.820679
326.656006
326.189972
326.368713
326.748474
326.914246
326.897491
326.943024
327.003204
327.245667
326.732635
326.696320
326.686157
326.274872
326.507233
326.441345
326.228516
326.427979
326.154175
326.269714
326.034149
326.095276
325.430695
325.363190
325.540680
324.679688
324.619446
324.785645
324.898834
324.126831
323.711914
324.019775
323.458771
323.110840
322.819275
322.713867
322.802795
322.271881
321.782196
322.075195
321.950958
321.576111
321.459106
321.311249
321.258209
321.001434
320.680511
320.726532
320.547150
320.860260
320.539825
320.931763
321.173401
320.784332
320.936371
320.840454
320.623566
321.393738
320.966156
321.374420
321.533386
321.796204
322.390167
321.896820
322.654175
322.496826
323.066559
322.661499
323.278595
323.516815
323.760681
324.068268
324.436951
324.889984
324.849030
325.743744
325.700195
325.850037
326.326263
326.436951
326.565277
327.231079
327.422302
327.523926
327.915344
327.925568
328.261475
328.311340
328.515656
328.666260
329.159576
328.971863
328.982056
328.934906
329.299835
329.253906
329.179230
329.352264
329.414093
329.193512
329.080933
328.981750
328.825104
328.677795
328.648071
328.973694
328.510559
328.368927
328.262604
328.108612
327.830292
327.746979
327.784119
327.572418
326.994141
326.687897
326.981384
325.987518
326.654327
326.456268
325.908661
325.484680
325.053955
324.982483
325.428162
324.678711
324.483032
324.396118
324.335571
324.240082
324.043488
323.662079
323.870117
324.191833
323.411713
323.901978
323.357819
323.378876
323.775299
323.656158
323.976593
323.686523
324.108124
323.926697
323.874725
324.180664
323.829590
324.688660
324.638947
325.137970
325.415741
325.089661
325.601318
325.670471
325.899323
326.000092
326.201843
327.122314
327.244598
327.250916
327.583984
328.098328
328.114441
328.333832
328.435883
328.660583
328.979736
329.468231
329.748535
330.032074
330.103119
329.983429
330.679047
330.955383
331.137451
330.743317
330.720306
330.916443
331.196564
331.195587
331.623077
331.825745
331.535675
331.425598
331.590454
331.411102
331.597168
331.380951
331.424530
331.199677
330.670624
331.112946
330.875763
330.847260
330.848877
330.520721
330.671997
329.971619
329.706848
329.910675
329.638947
329.668091
329.352509
329.060028
328.879242
328.454987
328.483032
328.335358
328.599396
327.814270
327.693451
327.759918
327.398743
327.073303
327.173706
327.090698
326.895966
326.451111
326.527039
326.796326
326.360413
326.717346
326.941437
326.611359
327.594543
326.804260
326.719757
326.958252
327.433441
327.267212
327.282684
327.893829
327.993805
328.130371
328.105286
328.730835
328.574158
329.264984
328.979340
329.129669
330.155762
330.241028
330.125122
330.656250
330.604095
331.257263
331.608551
331.777008
331.617798
332.625977
333.011047
332.990021
333.187592
333.628052
334.055328
334.589111
334.534576
334.848969
335.348755
335.317780
335.426819
335.802826
336.246246
335.839752
336.063629
336.126709
336.488037
336.663330
336.741638
336.871674
336.919006
336.707642
336.886841
336.616699
336.497040
336.696625
336.505096
336.109863
335.785797
335.794861
335.529999
335.900146
335.388092
335.279449
334.828094
334.628174
334.786804
334.205688
334.495148
333.643311
333.922638
333.420349
333.014343
332.835999
332.866150
332.710602
332.543518
332.282440
331.976929
331.949432
331.561981
331.462372
330.862000
331.033417
331.181000
331.087860
330.469055
330.348816
330.419464
330.510956
330.122498
330.409271
330.440704
330.901611
330.331543
330.966644
330.985046
331.023468
330.955078
330.969086
331.503540
331.641022
331.687866
332.184814
332.603333
332.987762
333.402466
333.441559
333.800751
333.873505
334.199951
334.237946
334.794525
335.162231
335.479797
335.572235
336.201233
336.718201
337.240570
337.108215
337.693726
337.791687
337.471161
338.348755
339.111298
338.948486
339.188171
339.653229
339.770020
340.197876
340.137848
340.242523
340.376404
340.787689
340.148712
341.012817
341.078461
341.363159
341.084167
340.744446
340.372681
341.217560
340.907013
340.887360
340.577454
340.442688
340.060394
340.146545
339.651520
339.657684
339.301056
338.927765
339.249908
338.426575
338.392670
338.426239
338.022064
337.794922
337.936035
336.945526
336.785095
336.500854
336.314514
336.384186
335.966492
335.299774
335.260895
335.191986
334.411133
334.416412
334.120483
333.584259
333.516602
333.724060
333.588379
333.296753
333.181091
332.891449
333.096100
332.293091
332.957092
332.715363
332.881012
332.849182
332.754547
332.671387
332.120544
332.919800
332.915161
333.083710
332.897522
333.346832
333.605225
333.293365
333.830444
333.906677
333.918793
333.977509
334.718719
334.709259
335.087402
335.551758
335.277374
335.657257
336.578949
336.268341
336.724915
337.020416
337.420868
337.206421
337.783295
338.197510
337.867401
338.254974
338.485931
338.298187
338.412964
338.988068
339.459991
339.044983
339.532806
339.603271
339.895050
339.357391
339.281921
339.700195
339.908417
339.704376
339.927185
339.452728
339.668610
339.254913
339.381989
339.526520
339.165405
338.795288
338.371033
338.493256
338.858704
337.697388
338.365234
337.776978
337.704193
337.261902
336.911255
336.602081
336.604340
336.695923
335.911499
335.870819
335.923584
335.363342
335.353333
335.031799
335.204651
334.702271
334.616119
334.474243
333.963226
333.919647
334.220947
333.705261
333.566528
333.425171
332.682373
333.558472
333.092255
332.661163
333.222412
333.330841
332.942200
333.447510
333.220612
333.543060
332.998718
333.427185
333.416168
333.635406
333.960754
334.140961
334.214996
334.016510
334.564117
335.039246
335.110840
335.098969
334.794006
335.681030
335.314758
336.252045
335.444489
336.029694
336.392639
336.846527
336.975220
336.849274
336.799133
337.408936
337.381226
337.881073
337.760101
337.792389
337.947601
338.252686
338.155975
337.757355
338.384338
338.266876
338.186829
338.158020
338.201355
338.306122
338.395630
338.010345
338.084106
337.385223
337.787720
337.039185
337.230347
337.025421
336.796356
336.616943
336.722382
336.069000
336.112732
336.179901
335.716095
335.607605
335.280701
334.832825
334.302734
334.375214
334.297302
334.010590
333.427277
333.344147
333.538177
333.007080
332.797485
332.619965
332.494354
332.492249
331.856964
331.838318
331.635284
331.985809
331.792969
331.564606
331.569977
331.667267
331.766449
331.274231
331.481140
331.694061
331.454315
331.234558
331.464020
331.935638
332.115906
331.846802
332.048401
332.235229
332.460571
332.806458
332.891693
332.853149
333.242706
333.130157
333.837219
333.862823
334.122620
334.289551
334.529388
334.512482
334.890656
335.146271
335.450470
335.543579
335.473114
335.638611
335.637177
335.992767
336.349548
336.149353
336.146393
336.237701
336.496887
336.486847
336.466858
336.543365
336.957947
336.360199
336.207581
335.684814
335.881775
335.902130
335.884186
335.398529
335.227966
335.168304
335.017700
334.399200
334.938812
334.332397
333.653717
334.141113
332.968994
333.549866
332.877167
332.705261
332.415039
331.944275
331.966309
331.288422
330.899811
330.834442
330.732666
330.728333
329.939178
330.275818
330.375549
330.007568
330.267792
330.176544
329.609375
329.629517
329.718445
329.915527
330.167755
330.071991
330.490814
330.500580
330.676971
331.114563
331.324158
331.301086
331.995941
332.409943
332.206543
332.569916
333.184387
333.526001
333.874847
334.223694
334.746796
335.124359
335.410522
335.828156
336.226166
336.617584
336.863464
336.785645
337.185608
337.352844
337.873047
337.286865
337.033661
337.305176
336.664490
336.733887
335.894043
335.527802
335.160736
334.533203
333.662689
332.575897
331.409973
330.030334
328.576904
327.487793
325.278900
323.535828
321.554535
319.631592
317.153992
314.314636
311.642303
309.275848
305.858337
303.169373
300.014221
296.404602
292.431793
288.991547
285.554016
281.402802
277.747040
273.861572
269.608337
265.238647
261.332245
256.853027
252.496613
248.259399
244.085266
240.005280
235.857346
231.707458
227.745193
223.758423
219.708572
216.053360
212.690201
209.296051
205.933609
203.136612
200.055267
197.982925
195.579056
193.367981
191.673203
189.876785
188.612488
187.613632
186.966568
186.768448
186.384842

224.788223
185.149475
185.729218
186.451950
187.508789
188.578476
189.963364
191.878281
193.519547
195.959320
198.447159
200.839157
203.574738
207.002441
209.907898
213.412033
217.080719
220.416885
224.573792
228.364792
232.330963
235.868820
240.039200
243.743774
248.212341
252.268555
255.965164
260.097595
263.910461
268.014679
271.829529
275.591827
279.315063
283.057983
285.915253
289.699860
292.693695
295.732208
298.388824
301.666077
304.107880
306.373169
308.827637
311.295593
313.098175
314.809723
316.755188
318.348450
319.473145
320.999146
322.464539
323.333832
323.926605
324.805054
325.512482
325.831146
326.764923
327.180115
327.278046
327.221954
327.681427
327.236115
327.363220
327.669922
327.000580
327.019257
326.692291
326.219940
325.979279
326.209625
325.485596
324.880402
324.952728
324.634979
324.071716
324.347931
323.631470
323.653809
322.919220
323.071014
322.613373
322.407684
322.254669
321.955109
321.819489
321.606903
321.414154
321.469330
321.517578
321.594696
321.450134
321.627747
321.708710
321.761597
321.877563
321.931976
322.301453
322.320160
322.530090
323.163513
323.264465
323.635376
324.249023
323.989655
324.189514
324.488251
325.143433
325.163055
325.861816
325.903778
326.102997
326.401093
326.599213
327.047394
327.158691
327.215698
327.375610
327.667542
328.179077
328.442200
328.739899
328.392273
328.659210
328.844482
328.556427
328.839203
328.561127
328.759491
329.230408
328.945618
328.693390
328.425720
328.551178
328.233521
327.697327
327.369751
327.311096
327.244904
326.972443
326.492065
326.509491
326.089874
326.090363
325.403900
324.974548
324.841461
324.688690
323.913605
324.008545
323.309204
323.310181
322.870056
322.501373
322.151367
322.043518
321.758209
321.290527
321.202576
321.218384
321.180756
320.777710
320.403809
320.296692
320.123505
320.313446
320.555084
320.126099
319.900208
320.046967
319.850311
320.505310
320.313629
320.393829
319.996613
320.453827
320.848053
320.738403
321.205994
321.485657
321.208496
321.803864
321.998169
322.392120
322.666260
322.892303
322.917511
323.830414
323.566376
324.546326
324.093811
324.809662
324.476440
324.813934
325.799774
325.177490
326.002045
326.510010
326.478394
326.632782
327.264099
327.465240
327.448212
327.941376
328.300720
327.811340
328.204285
328.171539
328.380432
327.980865
328.125336
328.130676
328.534454
328.419800
328.212921
328.119965
328.005554
327.717926
327.751770
327.606689
327.501740
327.556732
327.467743
326.718506
326.631927
326.093719
326.107300
325.497681
325.526886
325.100311
324.738861
324.384064
324.217316
323.768951
323.274109
322.883820
322.469177
322.619659
322.293793
321.748077
321.523804
321.436676
320.831238
320.380859
320.573761
320.277924
319.931519
320.228882
320.096619
319.775269
319.611115
319.573975
319.478760
319.353851
319.300659
319.359436
319.428375
319.572876
319.500916
319.568298
319.829834
319.814697
319.617950
320.051697
319.692200
319.871826
320.552032
320.553680
320.458191
320.978149
321.338928
321.607544
321.768280
322.030334
322.514099
322.200714
322.971100
323.512665
323.204590
323.791931
323.837311
324.099701
324.369934
324.775146
325.251862
325.264191
325.198334
325.510437
325.812469
325.860565
326.703522
326.256195
326.475464
326.847076
327.008698
327.038635
327.087311
327.170013
327.418976
326.928009
326.908752
326.901215
326.494781
326.753967
326.700867
326.474243
326.709351
326.504791
326.584015
326.388062
326.470215
325.804291
325.756226
325.909607
325.108246
325.063049
325.215179
325.369598
324.635529
324.198029
324.527618
323.973694
323.692810
323.354584
323.293823
323.385681
322.903473
322.386780
322.683197
322.626678
322.227264
322.170624
321.991608
321.946228
321.701477
321.403931
321.473511
321.315552
321.612854
321.327789
321.735229
321.953674
321.584961
321.750885
321.622131
321.431213
322.220734
321.785614
322.205078
322.365082
322.624695
323.210510
322.735809
323.481110
323.342163
323.882477
323.493347
324.133423
324.339355
324.585236
324.910400
325.282196
325.721405
325.680725
326.564178
326.539673
326.650360
327.134735
327.266785
327.358124
328.025848
328.175476
328.258911
328.664276
328.651428
329.007294
329.038269
329.217499
329.347931
329.828522
329.631226
329.638214
329.575195
329.936981
329.854095
329.738983
329.926300
329.971283
329.753479
329.608459
329.532257
329.324188
329.163940
329.135010
329.411530
328.924622
328.764191
328.662109
328.472198
328.195679
328.084991
328.120361
327.868561
327.295197
326.966492
327.242706
326.229126
326.825562
326.674377
326.105286
325.634369
325.202179
325.156067
325.536926
324.764801
324.542328
324.477753
324.379028
324.274384
324.038971
323.652893
323.832642
324.140961
323.347260
323.842926
323.284088
323.289612
323.692596
323.561554
323.856720
323.551514
323.978790
323.746582
323.703766
323.985657
323.654388
324.497375
324.444153
324.920349
325.188843
324.875183
325.374664
325.451996
325.672668
325.775940
325.945312
326.879761
327.020477
327.007263
327.350525
327.871521
327.886627
328.070496
328.195282
328.410400
328.744507
329.228760
329.488159
329.816925
329.889099
329.767181
330.447479
330.740845
330.914764
330.528168
330.520233
330.716095
331.021515
330.998779
331.456604
331.648926
331.356842
331.264374
331.449799
331.254761
331.485931
331.283386
331.296295
331.093231
330.582581
331.046570
330.811676
330.794495
330.801300
330.494476
330.646637
329.948181
329.717743
329.908081
329.674377
329.724152
329.399780
329.118256
328.952209
328.504944
328.552246
328.415741
328.695831
327.951813
327.828796
327.880676
327.573029
327.215637
327.354370
327.258331
327.087860
326.647186
326.723846
327.014465
326.580170
326.937286
327.175781
326.863800
327.459808
327.074158
326.964508
327.209564
327.683533
327.519073
327.563324
328.166595
328.287018
328.444885
328.428070
329.030518
328.877350
329.622498
329.313202
329.458252
330.488220
330.609528
330.486511
330.976959
330.934937
331.598511
331.957489
332.137115
331.971619
332.966125
333.347534
333.325623
333.526703
333.966309
334.408844
334.918976
334.867493
335.206543
335.677521
335.653229
335.736237
336.119904
336.542877
336.143890
336.406647
336.447021
336.790497
336.953888
337.018646
337.169891
337.232086
336.982727
337.172638
336.900421
336.770599
336.968445
336.773529
336.377625
336.021149
336.030823
335.756348
336.124725
335.603607
335.521667
335.046326
334.842468
334.998871
334.382080
334.699127
333.843323
334.056610
333.581024
333.171143
332.992035
333.009613
332.866302
332.672516
332.409363
332.091400
332.056122
331.674286
331.557373
330.947632
331.122894
331.227051
331.149170
330.533417
330.397186
330.460815
330.555115
330.146088
330.453186
330.465759
330.899414
330.351135
330.956543
330.975037
330.997528
330.925385
330.920624
331.461304
331.596222
331.617493
332.091339
332.509155
332.915100
333.304291
333.356354
333.694427
333.743347
334.082153
334.122711
334.651306
335.009460
335.311493
335.400513
336.049622
336.530609
337.060333
336.919464
337.501831
337.590302
337.248016
338.143158
338.897247
338.727661
338.950165
339.403015
339.535431
339.940125
339.879150
339.958282
340.093506
340.493500
339.847961
340.717010
340.781189
341.042267
340.753571
340.417267
340.037994
340.883545
340.563965
340.522400
340.195923
340.064087
339.689209
339.765869
339.266846
339.262238
338.903809
338.519104
338.829590
338.000702
337.978821
337.996704
337.553345
337.358307
337.463348
336.496918
336.325500
336.020264
335.847290
335.921234
335.491943
334.827850
334.783234
334.713074
333.923462
333.926025
333.625427
333.081696
333.005005
333.198669
333.090698
332.777802
332.671234
332.392120
332.590668
331.753326
332.430634
332.209229
332.383942
332.341034
332.252319
332.141327
331.592773
332.417938
332.385345
332.588104
332.359283
332.828735
333.064178
332.792114
333.337524
333.396942
333.398926
333.469543
334.192352
334.181610
334.616425
335.039124
334.788910
335.155975
336.082672
335.760651
336.254395
336.553192
336.971313
336.759674
337.316956
337.760620
337.391876
337.846130
338.021454
337.861694
337.974976
338.567932
339.046539
338.683777
339.107452
339.213196
339.537933
338.993011
338.919525
339.331116
339.546356
339.360046
339.580719
339.120270
339.303284
338.961334
339.056183
339.234039
338.850677
338.532715
338.101807
338.217285
338.564301
337.432953
338.146729
337.509125
337.454224
337.035736
336.726471
336.403625
336.392944
336.491364
335.722137
335.708313
335.757996
335.227142
335.239471
334.905334
335.073608
334.560822
334.485657
334.388885
333.871582
333.839478
334.009399
333.601959
333.486176
333.356262
332.620544
333.538177
333.040131
332.618927
333.203491
333.317108
332.938690
333.444946
333.232574
333.502106
332.983124
333.439667
333.413696
333.666809
333.976257
334.167023
334.244904
334.020599
334.610413
335.096039
335.146454
335.146667
334.856476
335.724884
335.364532
336.328674
335.503937
336.080811
336.452515
336.906036
337.020844
336.906952
336.874634
337.497467
337.451935
337.949219
337.827362
337.876709
338.016388
338.338440
338.238953
337.841980
338.467407
338.327789
338.264801
338.253662
338.255890
338.403137
338.481415
338.083099
338.178009
337.454224
337.860901
337.118378
337.323853
337.107819
336.855682
336.699463
336.827728
336.145050
336.200500
336.284790
335.797974
335.692139
335.345490
334.877960
334.376801
334.460724
334.385651
334.103363
333.471588
333.406036
333.625824
333.067657
332.852966
332.692719
332.557831
332.551117
331.928619
331.889465
331.688110
332.050110
331.859741
331.637543
331.633392
331.721985
331.820007
331.328308
331.546417
331.757111
331.520721
331.276886
331.525330
331.974548
332.139801
331.906769
332.108521
332.295166
332.508209
332.854645
332.940704
332.899231
333.310059
333.173706
333.886536
333.896729
334.164398
334.344788
334.569061
334.548889
334.939087
335.198151
335.489807
335.594543
335.519318
335.678925
335.675812
336.038239
336.397430
336.191559
336.202301
336.269409
336.542358
336.514709
336.504669
336.589294
336.984070
336.384430
336.241028
335.720184
335.925446
335.916656
335.895813
335.449402
335.261475
335.210724
335.048035
334.457062
334.974670
334.359161
333.711731
334.175598
332.993683
333.572784
332.908051
332.735504
332.452393
331.968811
331.976593
331.298035
330.935303
330.853760
330.761292
330.757355
329.952698
330.304596
330.398804
330.024719
330.289825
330.194275
329.632904
329.624634
329.735168
329.938171
330.173676
330.095917
330.502289
330.509644
330.694885
331.102692
331.315308
331.292023
332.013733
332.413086
332.205933
332.560150
333.192719
333.524658
333.870789
334.213867
334.742981
335.096893
335.377960
335.820496
336.209595
336.616730
336.809784
336.768311
337.136444
337.298706
337.856567
337.249603
336.992767
337.267090
336.640228
336.698242
335.849182
335.478516
335.104828
334.468262
333.613953
332.503784
331.337189
329.960724
328.490692
327.396179
325.190063
323.458282
321.457855
319.563690
317.079834
314.241241
311.555542
309.211395
305.780334
303.065460
299.930817
296.331177
292.349945
288.891235
285.464264
281.293152
277.645111
273.738464
269.531219
265.119324
261.226166
256.753418
252.394577
248.149597
243.988419
239.908356
235.739639
231.597687
227.641113
223.650742
219.585403
215.929443
212.576843
209.172806
205.808151
203.027771
199.936005
197.862473
195.452438
193.245224
191.548538
189.754227
188.495499
187.485382
186.850479
186.638947
186.291351

