297.671844
174.564407
175.121216
175.665878
176.677628
177.822037
179.229218
180.861023
182.657486
184.635864
187.086197
189.311798
192.123215
194.936554
197.886765
201.047668
204.496231
208.053818
211.469803
215.070099
218.520615
222.450455
226.009995
230.009262
233.821732
237.618423
241.441895
245.057816
249.080536
252.525864
255.839325
259.748413
262.929138
266.618591
269.851959
272.900970
275.996887
279.229889
281.778870
284.490936
286.814331
289.206573
291.819061
293.604156
295.414520
297.339355
298.975403
300.529846
301.850311
303.395050
304.256714
305.104401
306.410553
306.948517
307.680267
308.240326
309.182739
309.424469
309.451294
309.887177
309.911682
309.740143
309.955231
309.942261
309.847992
309.812347
309.693573
309.537933
309.322357
309.070648
308.805176
308.402069
307.766785
307.963318
307.612885
307.437866
307.115051
306.984894
306.678131
306.309631
306.230408
306.472382
306.038513
306.422729
306.029388
305.836670
306.210419
306.227966
305.777954
305.992004
306.257599
306.214294
306.387238
306.583527
306.734467
306.999908
306.951294
307.282745
307.445374
308.121063
307.944641
308.741730
308.986816
309.285950
309.301483
310.119110
310.421539
310.970337
310.821381
311.255402
311.655396
312.218231
312.479797
312.386841
313.584442
313.286774
313.747162
313.876709
314.421204
314.440735
314.769928
314.547668
315.071625
315.141479
315.363617
315.154633
315.256409
315.653778
315.566620
315.723114
315.204926
315.125946
315.406433
315.333984
314.991211
314.919312
314.692383
314.643188
314.369781
313.746185
313.788727
314.095795
313.347137
312.723572
312.800720
312.424194
312.249298
311.934235
311.870239
311.149323
311.103851
310.917084
310.816376
310.476166
309.991669
310.077362
309.963257
309.618408
309.687927
309.286285
309.323151
309.186859
309.129669
308.813446
308.680481
309.047882
309.220490
309.055328
309.206299
309.298096
309.641632
309.273865
309.540649
309.801544
309.932617
310.013763
309.970581
310.540558
310.922363
310.866089
311.421173
311.555389
312.020782
312.121613
312.606689
312.726410
313.132355
313.687347
313.725647
314.249512
314.684418
314.807495
315.175476
315.306641
316.041290
316.214478
316.193665
316.757660
316.760406
317.295807
317.419128
317.691376
317.843872
318.176575
318.133850
318.474548
318.466248
318.647766
318.748474
318.725281
318.416473
318.761963
319.091156
318.912659
318.230164
318.772949
318.447601
318.187012
318.179901
318.098267
317.830444
317.899353
317.634125
317.642731
317.171844
317.236237
317.006714
316.796356
316.550385
315.875336
315.871704
315.426544
315.291565
315.066010
314.751404
314.196381
314.019501
313.525360
313.440247
313.397247
312.991852
313.264740
312.484436
312.488159
312.079956
312.011749
311.971954
311.878448
312.011688
311.561676
311.674469
311.448700
312.045074
311.530823
311.870514
311.656464
311.691376
311.841156
312.179108
311.952454
312.031372
311.995361
312.458069
312.668945
312.730957
313.037109
313.053711
313.434326
313.846222
313.901276
313.860382
314.219757
315.001312
314.794464
314.910858
315.728333
315.851715
315.761719
316.322815
316.688080
317.141907
317.168854
317.380646
317.734039
317.652466
318.532349
318.477905
318.514954
318.763245
318.805695
318.936737
319.386780
319.731720
319.541534
319.698334
319.972992
319.708557
320.076813
319.987000
319.797180
320.213226
319.600006
319.832611
319.821808
319.588196
319.587677
319.651825
319.605530
319.414398
319.113861
318.947510
318.501221
318.612915
318.751465
318.398529
318.113678
317.910431
318.006348
317.556122
316.701477
317.052948
316.380707
316.430176
316.543335
316.222717
315.982910
315.961456
315.827362
315.425293
315.622406
315.418427
314.996246
314.978241
315.320038
314.882629
314.356506
314.985168
314.910797
314.699371
314.829559
315.317108
314.902344
315.243378
315.524414
315.162292
315.408234
315.510895
315.847076
316.309692
316.048462
316.373352
316.928345
316.651093
316.992371
317.333191
317.454987
317.656342
318.084076
318.696533
318.602356
318.661407
319.350433
319.521027
319.999084
320.502930
320.186371
320.430481
321.106262
321.375458
321.726746
322.145111
322.011841
322.439178
322.605438
322.819183
322.916077
323.105316
323.482361
323.697327
323.379578
323.911804
324.129364
324.148407
323.736786
323.595520
324.026031
323.679688
323.746368
324.100555
324.162079
323.932678
323.847382
323.713654
323.689270
323.331238
322.893707
323.683197
323.484192
322.956757
322.673157
322.733978
322.347900
322.250122
321.265411
322.168121
321.525818
321.641235
321.178162
321.291046
320.794495
321.015503
320.639771
320.357788
320.406769
320.341217
320.041809
319.671997
320.008392
319.689575
319.701691
319.424561
319.059601
319.735596
319.534393
319.661499
319.451111
319.850250
319.750488
319.704529
319.713501
319.591827
319.838837
319.941986
320.357086
320.320251
320.934448
320.484436
321.092590
321.142578
321.290710
321.745361
322.173798
322.134918
322.440552
322.699951
322.678711
323.329651
322.906433
323.697144
324.155884
324.620148
325.037537
325.280457
325.341431
325.365631
325.645020
325.810181
326.549072
326.482269
326.843903
326.973145
327.177612
327.650757
327.667816
327.889679
327.814240
328.430206
327.832214
328.565521
328.331451
328.506042
328.112091
328.378418
328.704773
328.442291
328.537018
328.781189
328.639343
328.261383
328.228302
328.512085
328.278473
327.731354
327.798981
328.136444
327.668365
328.019714
327.598846
327.279846
327.161957
326.782440
326.758850
326.923737
326.775696
326.327209
326.458160
326.118774
325.808441
325.787079
325.867004
325.441589
325.515594
325.424622
324.958099
325.773804
325.493134
325.307861
325.265106
325.216217
325.446472
325.255341
325.530060
325.575897
325.734680
325.967957
325.833801
326.152557
326.422546
326.664429
326.825531
326.917633
327.193848
327.572723
327.820435
328.274689
328.043762
328.491516
329.260834
329.384125
329.664490
330.453278
330.111908
331.037323
330.956848
331.608673
331.664337
332.358521
332.464844
333.220245
333.219788
333.585266
334.154907
334.783691
334.934906
335.337769
335.877441
335.575378
336.307007
336.464691
336.715240
336.750610
337.103943
336.980713
337.497803
337.729034
338.066376
337.746307
338.118622
337.962189
337.971191
338.360229
338.191711
338.253235
337.839539
338.362610
338.484558
338.300262
338.345917
338.049957
337.681213
338.205261
337.696075
337.747986
337.179260
337.296204
337.314117
337.068359
336.683136
336.391846
336.421478
335.969757
335.705475
335.733521
335.780914
335.536224
335.733826
335.278870
334.988251
334.584534
334.633118
334.534668
334.962280
334.764221
335.151398
334.427399
334.959198
334.608521
334.652374
334.648407
334.576324
334.797150
334.918427
335.149353
335.311005
335.476227
335.808746
335.374512
336.142426
336.390259
336.889374
337.068451
337.428741
337.547089
337.918457
338.441498
338.482361
339.485901
339.117126
340.097900
340.139923
340.415009
341.364990
341.553650
341.715668
342.401855
342.844727
343.714325
343.448669
344.061249
344.385712
344.582611
344.854279
345.702362
345.753479
346.371826
346.327942
346.740692
347.062714
347.199677
347.388489
347.972260
347.979950
348.305023
348.196594
348.748077
348.563629
348.873871
349.100281
348.738708
348.936615
348.959351
348.869049
348.797180
348.574677
348.509766
348.445526
348.607880
348.289673
348.304901
348.075012
347.274048
347.489410
347.356812
347.103516
346.695496
346.373108
346.064850
345.905518
346.023987
345.540527
345.402161
345.047302
344.839966
344.538147
344.651520
344.393188
344.189819
343.840759
343.727600
343.149139
343.344086
343.045288
342.956635
342.818298
343.340942
342.898651
342.885773
342.455383
342.779358
343.180786
342.416199
342.649292
342.779358
342.870331
343.112915
342.807281
343.120331
343.136353
343.437073
343.822266
343.837982
344.266846
344.324493
344.733490
345.186798
345.261353
345.380157
345.629272
346.206146
346.609161
346.556610
346.999573
347.059357
347.829407
347.894043
348.106598
348.109650
349.169220
348.913055
349.302277
349.268280
350.494812
350.428070
350.689056
350.498077
350.794983
350.806976
351.210571
351.247314
351.309723
351.612762
351.617401
351.941650
352.287506
352.237640
352.245728
351.866364
352.290466
351.806976
352.179901
351.760162
351.719757
351.319946
352.031677
351.596649
351.558502
351.037384
351.277466
350.719696
350.929413
350.406006
350.369324
349.877625
350.122559
349.588013
349.543976
349.063171
349.205170
348.985870
348.237549
348.522186
348.161926
348.534241
347.852142
347.500916
346.912476
347.350464
347.330963
347.494720
347.199249
347.410645
346.691284
346.899902
346.281921
346.746490
346.662964
346.977081
346.606079
347.015289
346.474426
346.833160
346.960022
347.244720
347.087311
347.010925
347.352905
347.226074
348.039459
347.870178
348.200256
348.176147
348.336426
348.490173
349.509125
348.977783
349.536591
349.850861
349.794037
350.157501
350.526306
350.835114
350.411621
350.825562
350.825287
351.201263
351.584015
352.227173
352.140259
351.807587
352.091797
352.451080
352.284790
352.671387
352.460999
352.873688
352.671021
353.033997
352.794647
352.809448
352.841278
352.748627
352.443085
353.130219
352.624451
352.533020
352.284454
352.343933
352.034943
351.520782
351.389496
351.312927
351.505463
351.007202
350.650360
350.711914
350.620087
349.904205
350.055267
349.723297
349.268158
348.910461
348.799225
348.797089
348.398285
347.854370
347.841827
347.557587
347.496979
347.129425
347.127167
346.739197
346.500244
346.558533
346.382385
346.292084
346.445251
346.516327
346.357178
346.042084
346.296936
346.659698
346.277100
346.452484
346.241180
346.455536
346.190918
346.978394
347.277435
347.115784
347.185303
347.799500
347.702606
348.065735
348.391632
348.494995
348.785034
349.005371
348.927521
349.208679
349.555420
349.711823
349.613129
350.353302
350.185059
350.976746
350.922333
351.133270
351.303864
351.411255
351.693085
351.411255
351.578125
351.844177
352.131256
351.963898
351.757416
351.765076
351.946014
351.416534
352.307251
351.731537
351.232758
351.481415
351.406525
350.790588
350.600159
350.858276
350.372864
350.403961
350.343475
349.739349
349.379211
349.253143
349.147522
348.639099
348.718231
348.303833
348.385712
347.539001
347.135162
346.777374
346.635406
346.807007
346.340912
346.290710
346.010773
346.030304
345.315765
345.376526
344.959747
345.122833
345.425812
345.106567
345.110352
344.605957
345.179901
345.251129
344.916565
345.864746
345.312103
345.936432
345.975494
346.621002
346.548981
346.413055
346.851471
347.524109
347.844421
348.357910
348.556152
349.285034
349.465942
350.207489
350.900787
350.691895
351.229919
351.559784
351.974426
352.196960
352.575378
352.476349
352.706329
352.765503
352.797546
352.605072
352.677551
352.295074
352.257507
351.668610
351.241425
350.731415
349.907104
349.091949
347.678345
346.500458
345.193176
343.977661
342.231720
340.427948
338.730804
336.494934
334.340485
331.696991
328.943329
326.135284
323.531616
320.106964
316.973419
313.761627
309.972687
306.262634
302.702179
298.769318
294.754211
290.435608
285.697693
281.794830
277.568787
273.208282
268.552551
264.068604
259.785004
255.079453
250.733856
246.289413
242.045807
237.662750
233.743927
229.599792
225.923996
222.256165
218.750763
215.403793
212.115295
209.130920
206.775833
204.142502
202.054245
199.863342
198.446945
196.997665
196.152390
195.296616
194.799606
194.743912

295.397308
174.448975
175.024399
175.581665
176.602097
177.740845
179.151123
180.790527
182.600662
184.581696
187.040192
189.264969
192.106323
194.930450
197.886185
201.076538
204.537842
208.111359
211.540573
215.171158
218.677322
222.615646
226.165695
230.209015
234.027634
237.860031
241.699860
245.344650
249.377411
252.864975
256.212952
260.151276
263.330719
267.084320
270.333862
273.402069
276.545929
279.795319
282.373962
285.111420
287.462219
289.887909
292.570496
294.321198
296.199005
298.183502
299.807098
301.445343
302.774445
304.346130
305.225708
306.091858
307.440826
307.997223
308.742340
309.348328
310.323090
310.617401
310.680115
311.118958
311.189850
311.029297
311.271484
311.249329
311.203766
311.211060
311.081940
310.934875
310.733948
310.526978
310.305145
309.904877
309.303162
309.474030
309.144928
309.014069
308.675507
308.572540
308.270233
307.885956
307.842560
308.080292
307.658325
308.073547
307.666473
307.480896
307.847412
307.872253
307.412720
307.630188
307.880890
307.847748
308.009918
308.200836
308.356049
308.612671
308.547058
308.872009
309.026855
309.679871
309.471344
310.303436
310.498260
310.794342
310.791138
311.624390
311.904541
312.425415
312.261047
312.644897
313.040375
313.553375
313.810883
313.700989
314.887482
314.556000
315.005219
315.089752
315.625458
315.622437
315.917175
315.670929
316.159637
316.202423
316.416412
316.181183
316.272003
316.581787
316.513763
316.603333
316.090576
315.957031
316.200653
316.138977
315.755554
315.647186
315.378296
315.289612
314.994843
314.334747
314.373138
314.640472
313.844543
313.193176
313.242950
312.844757
312.634949
312.299377
312.212616
311.463989
311.381531
311.165985
311.043396
310.705933
310.174103
310.235474
310.088379
309.712219
309.791443
309.350433
309.372314
309.200714
309.134766
308.817261
308.643677
308.978363
309.155365
308.949921
309.086365
309.164154
309.507446
309.108185
309.372375
309.609894
309.719727
309.776367
309.749786
310.270416
310.663666
310.597809
311.163330
311.266663
311.733124
311.805756
312.289429
312.437408
312.803589
313.356995
313.391205
313.925140
314.337189
314.475647
314.837952
314.982758
315.692169
315.861176
315.866760
316.412292
316.449829
316.965210
317.084503
317.380127
317.520203
317.870117
317.808533
318.160217
318.157928
318.370422
318.468201
318.455994
318.148041
318.514160
318.822113
318.663269
318.009216
318.542969
318.230072
317.988983
318.010132
317.929993
317.677643
317.747925
317.515625
317.530396
317.075684
317.122314
316.917480
316.724152
316.528870
315.863556
315.873169
315.415985
315.275848
315.105896
314.813263
314.274384
314.111694
313.623108
313.575439
313.544617
313.137268
313.449066
312.694885
312.695343
312.322601
312.271729
312.263550
312.200684
312.311890
311.917389
312.018188
311.850311
312.456207
311.960144
312.329773
312.133667
312.216309
312.388214
312.719055
312.537292
312.605988
312.642273
313.095123
313.320679
313.417755
313.788239
313.811859
314.219727
314.616577
314.697479
314.720093
315.098267
315.917694
315.752808
315.846863
316.701111
316.845978
316.755402
317.381287
317.748383
318.270416
318.298096
318.540253
318.915985
318.864197
319.769714
319.705109
319.816132
320.079590
320.149475
320.316498
320.826935
321.143768
320.983429
321.171906
321.468048
321.197906
321.605804
321.570801
321.397186
321.826263
321.260773
321.509003
321.503601
321.329590
321.340881
321.472321
321.385284
321.268372
320.945831
320.831848
320.403687
320.507446
320.674408
320.367371
320.105042
319.916016
320.046722
319.590668
318.734192
319.100677
318.457397
318.534943
318.653778
318.332245
318.178833
318.094177
317.975830
317.628265
317.812775
317.644836
317.194641
317.229553
317.542358
317.156403
316.665039
317.256012
317.206390
317.006409
317.146729
317.610504
317.214844
317.550354
317.778503
317.425812
317.707306
317.809296
318.166168
318.620026
318.389038
318.615601
319.212769
318.953094
319.284607
319.606842
319.687531
319.911438
320.355713
320.982605
320.839966
320.909119
321.563995
321.703400
322.141479
322.680115
322.330353
322.565216
323.262726
323.491699
323.825195
324.195282
324.049011
324.405212
324.546967
324.779938
324.859528
325.040222
325.333923
325.654541
325.262115
325.743469
325.875214
325.881256
325.473907
325.274353
325.681549
325.360474
325.340149
325.690765
325.712921
325.478210
325.407166
325.143738
325.118103
324.680359
324.258423
325.040222
324.801056
324.222778
323.939301
323.960144
323.503876
323.397705
322.341888
323.214569
322.550049
322.650116
322.159729
322.170319
321.718506
321.854156
321.466278
321.147675
321.197540
321.109528
320.735931
320.365875
320.674286
320.305023
320.326202
320.005402
319.585083
320.221436
320.012207
320.094482
319.832520
320.247498
320.088074
320.052429
320.023407
319.878998
320.094604
320.164948
320.589081
320.468384
321.118256
320.632538
321.209930
321.302307
321.382599
321.822571
322.226074
322.208221
322.431915
322.629974
322.649353
323.272278
322.872253
323.630493
324.140076
324.512878
324.918762
325.189026
325.225800
325.224609
325.501587
325.663116
326.365326
326.319916
326.655792
326.790192
326.988678
327.464600
327.492432
327.682281
327.606384
328.189331
327.592499
328.368988
328.115509
328.269501
327.880402
328.142120
328.499359
328.217407
328.297272
328.524689
328.415070
328.049622
327.993439
328.316101
328.059082
327.514221
327.566467
327.916168
327.481537
327.799927
327.384155
327.082703
326.957977
326.589478
326.552734
326.716949
326.578857
326.146820
326.279297
325.922760
325.643188
325.623169
325.695587
325.277588
325.364868
325.278992
324.808838
325.650391
325.382721
325.181183
325.134003
325.083191
325.327820
325.123291
325.409973
325.433533
325.630707
325.860626
325.739655
326.066956
326.345459
326.563477
326.725342
326.829895
327.126556
327.463348
327.750244
328.196167
327.967041
328.403748
329.176819
329.297729
329.587189
330.361053
330.025146
330.949585
330.860962
331.519867
331.606537
332.273621
332.376892
333.146271
333.125732
333.490814
334.084778
334.666412
334.819946
335.228455
335.770630
335.454163
336.199219
336.339386
336.593506
336.610321
336.955261
336.833130
337.347565
337.565186
337.902435
337.609924
337.968201
337.791595
337.796631
338.180603
338.019104
338.067596
337.631042
338.150208
338.275879
338.100891
338.138214
337.822845
337.438812
337.960602
337.469086
337.487823
336.908752
337.026794
337.039062
336.779144
336.376648
336.105255
336.092102
335.668427
335.385315
335.426575
335.478821
335.210114
335.410980
334.926666
334.641602
334.230286
334.255066
334.175110
334.586334
334.393158
334.777679
334.047852
334.564667
334.232544
334.236969
334.244080
334.174377
334.399506
334.482391
334.693756
334.883575
335.025848
335.376801
334.912903
335.686462
335.929260
336.428375
336.607941
336.964539
337.099976
337.443939
337.978210
338.026093
339.008331
338.665771
339.623657
339.645020
339.934326
340.881073
341.094788
341.225037
341.905243
342.323517
343.252258
342.979309
343.547638
343.885406
344.063995
344.352631
345.224762
345.240906
345.872589
345.808350
346.234741
346.543793
346.664276
346.896332
347.433990
347.455566
347.776245
347.709229
348.230927
348.060242
348.341644
348.568420
348.203979
348.444305
348.467102
348.389465
348.295502
348.063110
347.987610
347.928070
348.102325
347.761200
347.811340
347.532745
346.768494
347.019165
346.823517
346.604187
346.167755
345.851257
345.562653
345.384583
345.534485
345.042389
344.878662
344.567352
344.378845
344.046204
344.185913
343.907715
343.721069
343.376984
343.246521
342.680481
342.834351
342.557922
342.483124
342.328491
342.882324
342.422211
342.422180
342.020996
342.342560
342.706024
341.974823
342.186981
342.372711
342.417969
342.621704
342.327179
342.700836
342.673035
343.008972
343.427948
343.416656
343.886292
343.922150
344.292236
344.752686
344.884491
344.993042
345.203186
345.828491
346.233795
346.143311
346.624176
346.665558
347.463165
347.525848
347.715637
347.763550
348.814087
348.574615
348.913300
348.945770
350.130920
350.063538
350.337830
350.175049
350.468262
350.453705
350.900269
350.898560
351.021912
351.310364
351.282379
351.649445
351.992310
351.965240
351.931000
351.581909
352.041687
351.542084
351.946136
351.512421
351.483429
351.077942
351.791107
351.377106
351.318604
350.809509
351.076904
350.498291
350.736328
350.228760
350.194275
349.640106
349.954559
349.404144
349.354309
348.913086
349.022339
348.857513
348.066620
348.385468
347.996155
348.398926
347.701385
347.382904
346.770477
347.230377
347.202057
347.355804
347.075958
347.321960
346.588226
346.812164
346.199829
346.672668
346.584442
346.886932
346.518555
346.942719
346.407623
346.770050
346.913361
347.175232
347.037384
346.981995
347.298035
347.172485
347.983093
347.859528
348.173065
348.131989
348.277802
348.444641
349.487366
348.945648
349.522247
349.810120
349.784424
350.162994
350.518066
350.818848
350.408630
350.791199
350.801575
351.187317
351.559906
352.237396
352.146820
351.819824
352.094086
352.436890
352.297028
352.673218
352.484222
352.884125
352.689240
353.055359
352.802673
352.810944
352.870331
352.756226
352.456543
353.130341
352.614075
352.545258
352.299622
352.358948
352.033325
351.535431
351.410828
351.334412
351.481445
351.045105
350.646484
350.708374
350.595245
349.925812
350.055511
349.722534
349.261169
348.938568
348.797638
348.791077
348.412170
347.863983
347.851685
347.585510
347.499054
347.148254
347.137512
346.754669
346.514526
346.558228
346.372467
346.310852
346.437622
346.502319
346.337006
346.057556
346.274170
346.636932
346.284698
346.444672
346.231110
346.431396
346.200195
346.931824
347.262146
347.107605
347.186523
347.776703
347.700439
348.051758
348.386292
348.472931
348.799133
348.980469
348.910370
349.206482
349.532166
349.696411
349.599274
350.350708
350.188782
350.961609
350.894623
351.118439
351.293427
351.415161
351.683990
351.405823
351.538483
351.846680
352.125214
351.958527
351.726715
351.766846
351.944031
351.411407
352.293549
351.708374
351.227417
351.479279
351.422058
350.790100
350.609711
350.872467
350.366058
350.375458
350.341400
349.770782
349.388794
349.278503
349.155731
348.657867
348.745178
348.318420
348.415802
347.563538
347.162964
346.806549
346.673492
346.840393
346.393768
346.336670
346.048645
346.072571
345.378998
345.428650
345.008759
345.168549
345.503052
345.171844
345.176666
344.664673
345.259705
345.321472
344.992645
345.963165
345.383179
346.030334
346.071472
346.735229
346.683411
346.499146
346.972504
347.645355
347.959412
348.476776
348.678833
349.410828
349.585541
350.308105
351.044312
350.850861
351.364197
351.701172
352.105865
352.359680
352.746735
352.651398
352.897980
352.925507
352.965637
352.786804
352.857422
352.471954
352.431580
351.877411
351.471466
350.927307
350.108490
349.280670
347.906555
346.740448
345.422211
344.200134
342.443481
340.664429
338.940674
336.767303
334.565399
331.973450
329.172852
326.374756
323.802551
320.358398
317.228821
314.041016
310.224548
306.528381
302.999207
299.023743
295.057709
290.723328
285.998169
282.112183
277.857056
273.514557
268.865631
264.364197
260.100983
255.399338
251.047318
246.597824
242.378830
238.013184
234.067245
229.954224
226.234238
222.598938
219.072159
215.717072
212.456360
209.477448
207.112045
204.490433
202.380905
200.209503
198.784103
197.339584
196.505280
195.638367
195.128799
195.279358

216.530594
184.398392
184.749771
185.785675
186.383575
187.677399
189.226349
190.955124
192.768753
194.940857
197.503235
200.136749
202.845306
206.107910
208.993683
212.320801
215.831741
219.683960
223.146149
226.892517
230.763870
234.992538
238.763367
243.199585
246.777283
251.311829
254.990219
259.435333
262.902191
266.804626
270.671906
274.311737
278.262756
281.607269
285.098297
288.538025
291.245026
294.695404
297.582764
300.165405
302.714508
305.167480
307.414124
310.170258
311.754211
313.519989
315.382477
317.077728
318.241730
319.735199
320.693634
321.775330
322.912567
323.456787
323.768005
324.764740
325.044067
325.620941
325.559052
326.043854
325.857025
326.128204
325.634796
325.876007
325.914795
325.686005
325.219818
325.172241
324.819305
324.676331
324.116974
324.410767
323.269043
323.161316
322.609344
322.085052
322.635010
321.627136
321.774475
321.608154
321.375031
320.790222
320.410492
320.673523
320.019196
320.339539
319.812500
320.046814
319.819305
320.103699
319.837708
319.782532
320.242035
320.366608
320.286163
320.497040
320.340546
321.373657
321.524139
321.587067
321.952484
322.226227
322.556732
322.712219
323.292572
323.547791
323.493317
324.106506
324.073059
323.883453
324.871216
325.280396
325.609772
325.505096
326.259369
326.216064
326.382812
326.404236
327.081390
327.513306
327.660767
327.249023
327.427399
327.242035
328.114502
327.529846
327.843140
327.645538
327.862457
327.737457
327.569397
327.662842
327.317841
327.192871
326.734589
326.551056
326.541107
325.986359
326.193726
325.708069
325.533691
325.179321
324.779968
324.707672
324.139435
324.080078
323.224731
323.820435
322.792206
322.803040
322.274597
322.051575
322.182220
321.840942
321.228302
320.763458
320.643646
320.769104
320.214722
319.968567
319.900909
319.399506
319.093994
319.634125
319.394623
319.363464
319.034882
319.331390
319.048706
319.513214
319.587585
319.232056
319.546234
319.848175
320.007080
319.830109
320.425659
320.608124
320.904907
320.695679
321.157104
321.497070
321.652374
321.787109
322.163544
322.542786
322.757385
323.072906
323.340668
323.686493
323.692596
324.156525
324.703796
324.984680
325.672363
325.454773
325.826019
325.944305
326.537354
326.383881
327.052551
326.690979
327.307465
327.697510
327.321564
327.525452
327.546783
327.461548
327.293365
327.276306
327.905090
327.855133
327.622589
327.849426
327.458649
327.423157
327.210083
326.883545
326.974823
326.999329
326.572266
326.141266
326.624969
325.781586
325.567841
325.295502
325.020508
324.670593
324.432861
323.958954
323.897400
323.214050
322.881073
322.766235
322.812073
322.256561
321.838501
321.621826
321.219330
321.063629
320.562531
320.264923
320.161774
319.788208
319.884979
319.267456
319.193146
319.217468
318.885437
318.902740
319.025482
318.503601
318.772614
318.733215
318.441071
318.247711
318.493408
319.117157
318.764771
318.726013
318.908752
319.031799
318.999359
319.381165
319.151947
319.692719
319.909210
320.170380
320.099823
320.482727
320.569275
321.077972
321.073242
321.376923
322.076141
322.067169
323.086426
322.803406
323.197571
323.290253
322.917206
323.845703
323.992004
324.266510
324.432526
324.741089
324.643158
324.723694
325.217346
325.126068
325.262024
325.388794
325.737457
325.321533
325.591217
325.770355
325.832062
325.972168
325.743317
325.796326
326.244415
325.819824
325.670593
325.665894
325.177063
325.080658
325.284790
325.360779
324.535339
324.912903
324.510986
324.521759
323.904602
324.078400
323.778320
323.353699
323.118073
323.114288
322.779236
322.525208
322.526031
322.139435
322.098450
321.677124
321.118225
321.364014
320.794342
320.513123
320.493988
320.490814
320.310486
320.456116
320.164398
319.991150
320.370514
319.436035
319.740356
319.626648
319.922424
319.248016
319.893097
319.765198
320.054443
319.641846
319.799469
319.931335
320.060730
320.076813
320.288513
320.637878
320.534698
320.781097
321.294647
321.646759
321.768311
321.853699
322.295532
322.328613
322.379272
323.047943
323.292816
323.529755
323.870819
324.328522
324.375488
324.994080
325.095428
325.276398
325.404144
326.062714
326.020416
326.419464
326.365814
326.567291
327.197968
327.261536
326.984650
327.409790
327.439911
327.611511
327.415924
328.159424
327.760223
327.863434
328.333313
328.073425
327.595764
328.023834
327.724457
327.615875
327.368988
327.632294
327.223572
327.334076
327.160675
326.870178
326.820465
326.733795
326.259308
326.507874
325.801514
325.994080
325.616364
325.334991
325.119293
325.026123
324.956146
324.399780
324.231598
324.361969
324.160095
323.821960
323.376648
323.540527
323.172211
323.227753
322.822876
322.760559
322.950806
322.686554
322.134155
322.675476
322.112122
322.080627
322.334778
322.428375
322.575378
322.504669
322.136383
322.564087
322.198517
322.321655
322.555786
322.404816
322.773590
322.977448
322.828278
323.606781
323.718475
323.930786
324.140228
324.176300
324.714996
324.612457
324.902313
324.997345
325.806122
325.878082
326.112305
326.126831
326.298920
326.850525
327.124023
327.034515
327.338257
327.469879
328.381897
328.222382
328.522705
328.763641
328.960083
329.029510
329.002014
328.821045
329.482849
328.939606
329.451385
329.610504
330.093140
330.095764
330.024445
329.836700
329.772949
330.138092
330.051361
329.943695
329.650848
329.449890
329.547913
329.718903
329.004974
329.111908
328.943756
328.528168
328.846069
328.936218
328.417419
328.233002
328.132935
327.848755
327.865387
327.775299
327.053375
326.843109
326.743530
326.670624
326.621490
326.229095
325.885651
325.873505
326.040741
325.375458
325.561493
325.490295
325.286407
325.309631
325.022705
325.430969
325.032471
325.055908
324.807159
325.057373
325.929962
325.244812
325.109558
325.660248
325.400208
326.038269
325.771240
325.997131
325.784302
326.138214
326.580597
326.935974
326.992584
327.589630
327.706726
327.965363
327.943939
328.364380
328.807831
329.166779
329.336182
329.757721
329.967621
330.266693
330.516602
331.242249
331.088898
331.442078
332.062317
332.369751
332.414917
332.994812
333.034729
333.366547
333.650970
333.888794
334.074921
334.642212
334.696777
334.338623
334.622406
334.862274
334.933044
334.955078
334.974518
335.154816
335.242249
335.052979
334.928162
334.943878
334.897980
335.079559
334.980225
334.891144
334.813843
334.876801
334.297546
334.199829
334.557098
333.982880
333.585632
333.538788
333.151520
332.753540
332.949188
332.460754
332.498901
331.877167
332.337585
331.755829
331.222626
331.180328
330.944153
330.897339
330.888947
330.517242
330.086212
329.932281
329.982666
329.652893
329.562500
329.061523
329.278015
329.223785
329.393158
329.245605
329.387451
329.092194
328.824158
329.117584
329.117462
329.595276
329.558319
329.904510
329.990356
329.939911
330.513763
330.592682
330.590576
330.840271
331.181976
331.330139
331.528534
331.737793
332.119690
332.700958
333.272095
333.426147
333.717377
334.492035
334.124573
334.648041
334.963104
335.496796
335.734100
335.962036
336.493988
336.665436
336.685913
337.142761
337.362396
337.933380
337.935516
338.349884
339.054016
339.125885
339.139923
338.994873
339.231598
339.316620
339.799286
339.875183
339.572754
339.936401
339.961914
340.128204
339.843872
339.667694
339.760925
340.026367
339.465637
339.650574
339.175079
338.996094
338.650726
339.255157
338.357788
338.270996
338.590607
338.207336
338.110809
337.965607
337.213470
336.503326
336.455658
336.208649
335.921234
335.852539
335.734863
335.317627
334.817749
334.880402
334.603241
333.957245
333.803497
333.675476
333.310516
333.585754
332.946686
332.611572
332.653687
332.515259
332.382996
332.294067
332.519165
332.504608
332.090942
331.979553
331.723755
331.809998
332.066895
332.165527
331.906311
332.168793
332.257538
332.066956
332.814636
333.036255
333.088196
333.008209
333.069855
333.479645
333.739899
333.520874
334.600403
334.306549
334.638916
335.047913
335.155426
335.328613
335.574554
335.775391
336.222900
336.795105
336.746796
337.199066
337.210693
337.406036
337.454956
337.593140
338.202209
338.475952
338.427246
338.719421
338.959290
338.559052
338.907074
339.204254
339.169037
339.357361
339.375122
339.127014
339.238037
339.640961
339.494232
339.565125
339.503113
339.725159
339.312744
339.666534
338.932526
339.038361
338.693665
338.716858
338.595184
338.364563
338.255005
337.626556
337.682678
337.403656
337.081573
336.882904
336.710236
336.467529
335.801758
336.021271
335.912445
335.627289
335.230072
335.394409
334.931274
334.643158
334.257385
334.232788
334.270081
333.898590
333.886871
334.081055
333.304108
333.914459
333.561798
333.365967
333.362488
333.582794
333.462585
333.124420
333.601379
333.549774
333.968231
332.984528
333.641876
333.806091
333.599915
333.657074
334.419037
334.317871
334.366089
334.276947
334.419647
334.982117
335.022156
335.223511
335.111267
335.655914
335.850739
336.013763
335.971069
336.448425
336.728638
337.206238
336.886749
337.437012
337.612213
337.627289
337.711639
338.119904
338.150635
338.118530
338.015686
337.951080
338.413086
338.440735
338.371582
338.474213
338.680145
338.217957
337.949158
338.222961
338.359222
338.043488
338.210205
337.862122
337.843933
337.632996
337.120605
337.178070
337.341583
336.665039
336.352478
336.484680
336.191711
335.883392
335.805969
335.150360
335.468231
334.836426
334.735748
334.733490
334.575043
333.782288
333.133484
333.366089
333.551849
332.977661
332.944244
332.374451
332.236664
332.285706
331.494293
332.341125
331.760010
332.100891
331.886810
331.397461
331.548096
331.724335
331.384888
331.418701
331.408386
331.757446
331.238312
332.062927
331.316101
332.116699
331.707306
331.799011
332.465759
332.371979
332.542358
332.470795
332.622833
333.032440
333.291687
333.168243
333.313812
333.783417
333.760803
333.995789
333.834595
334.140991
334.444763
334.851227
334.779083
335.258820
335.382172
335.248138
335.935059
335.715668
335.728180
336.305206
336.118958
336.002014
336.322418
336.368530
335.973846
336.353210
336.263306
335.985931
335.839417
335.901825
335.667114
335.560577
335.481934
335.158997
335.329590
335.135254
334.261383
334.358429
334.086670
333.620392
333.248230
333.253815
333.135468
332.590759
332.267670
332.131134
331.588318
331.725220
331.277039
331.006592
330.685791
330.394440
330.286987
329.958008
329.813812
329.579376
329.612579
329.562195
328.897186
329.221924
329.101624
329.428406
329.233856
329.668304
329.385406
330.162994
329.898224
330.225494
330.229126
330.315063
330.475616
330.691040
331.116547
331.521423
332.154724
332.063293
332.624542
332.669250
333.292786
333.689240
333.855316
334.502625
334.663483
335.360229
335.581726
335.496552
335.820923
336.243042
336.264709
336.380859
336.564117
336.297089
336.370850
336.391541
335.978485
335.614014
335.393036
335.315308
334.299438
333.768402
332.770569
331.487915
330.200104
329.491364
327.587280
326.080688
324.977997
322.904877
320.731262
318.127686
315.869781
313.739655
311.174072
308.589661
305.275635
302.540100
299.571838
295.485870
292.082336
288.545807
284.627197
280.899628
276.989502
272.754211
268.781342
264.372375
260.406891
256.012085
252.122696
247.874146
243.380142
239.077850
234.764084
230.926254
226.704742
222.971786
218.784592
215.556671
211.923462
208.660706
205.439117
202.560959
199.596985
197.046875
194.663116
192.714417
191.224579
189.368103
188.283096
186.861420
186.452408
185.664795
185.553802

221.918076
184.962021
185.333481
186.343704
186.970642
188.256500
189.817947
191.537155
193.332047
195.539169
198.101379
200.722870
203.479416
206.716431
209.624893
212.964478
216.460022
220.309235
223.773712
227.496063
231.428635
235.679138
239.431229
243.892899
247.447296
252.010178
255.669800
260.157745
263.610474
267.547028
271.426849
275.057159
278.985260
282.353760
285.885193
289.325897
292.033417
295.501373
298.373383
301.007324
303.564972
306.031738
308.255219
311.026154
312.605072
314.364105
316.224823
317.970428
319.158783
320.636353
321.644287
322.705627
323.874817
324.360840
324.687378
325.700134
326.034332
326.571838
326.479401
327.017975
326.840607
327.133698
326.646729
326.866882
326.933838
326.653656
326.169861
326.203217
325.852142
325.662048
325.169067
325.367584
324.259552
324.220459
323.588531
323.124023
323.672058
322.656738
322.833344
322.606873
322.335236
321.801361
321.379456
321.628693
321.042572
321.319000
320.817261
320.987305
320.786041
321.047302
320.763977
320.718506
321.158295
321.289948
321.143463
321.378815
321.255310
322.263367
322.372925
322.407562
322.755676
323.003906
323.365662
323.460236
324.060089
324.268005
324.216797
324.864136
324.820435
324.586029
325.593658
325.934753
326.317596
326.183472
326.935760
326.884521
327.047180
327.088135
327.650604
328.088135
328.220276
327.823578
327.908875
327.774414
328.625397
328.006104
328.344818
328.083588
328.324554
328.177734
327.981445
328.064789
327.676819
327.628571
327.110504
326.911957
326.902374
326.272736
326.495697
326.008942
325.814087
325.421967
325.015137
324.916748
324.409027
324.322327
323.413788
324.021515
322.995544
322.933746
322.462646
322.216980
322.381775
321.967712
321.352875
320.882568
320.767059
320.888824
320.349518
320.088959
319.958252
319.517242
319.158020
319.683044
319.400757
319.418243
319.092377
319.351318
319.063110
319.556610
319.620087
319.294952
319.533813
319.834229
319.984497
319.812195
320.425110
320.571320
320.882690
320.684540
321.123474
321.469482
321.601440
321.751282
322.080505
322.477661
322.681458
322.974060
323.244934
323.615601
323.604248
324.058929
324.618042
324.898407
325.590759
325.371552
325.713135
325.803131
326.393433
326.247803
326.900604
326.568146
327.134247
327.575928
327.140015
327.369598
327.377777
327.263153
327.132355
327.080841
327.738556
327.684387
327.421265
327.645081
327.247345
327.204742
327.012238
326.649750
326.752106
326.771942
326.295471
325.878418
326.368805
325.507690
325.276520
325.045471
324.731354
324.386475
324.120575
323.653107
323.596313
322.919159
322.549561
322.422028
322.513519
321.946808
321.513153
321.285034
320.883636
320.705139
320.220245
319.922791
319.800018
319.436890
319.520386
318.911469
318.828979
318.852264
318.497284
318.532471
318.669281
318.133026
318.397949
318.360474
318.059875
317.880188
318.219086
318.747894
318.407410
318.348694
318.542572
318.672577
318.626099
319.012085
318.792419
319.350739
319.551361
319.828674
319.769653
320.127014
320.234222
320.782013
320.751038
321.060486
321.793762
321.769623
322.790039
322.547638
322.958008
323.034973
322.671112
323.599823
323.755188
324.028046
324.254242
324.552948
324.490112
324.575958
325.073212
324.986267
325.151398
325.291534
325.673370
325.237335
325.539551
325.744598
325.822205
325.980377
325.761261
325.811676
326.311401
325.889679
325.744873
325.769867
325.307434
325.210846
325.476318
325.513000
324.774414
325.146118
324.767517
324.773743
324.176392
324.399597
324.087799
323.663544
323.533600
323.505737
323.186249
322.993225
323.000122
322.600769
322.554962
322.214874
321.669128
321.872467
321.335876
321.047394
321.094086
321.098602
320.895721
321.128815
320.778900
320.653931
321.104492
320.134247
320.455078
320.384033
320.646301
320.019440
320.672607
320.532379
320.863251
320.398163
320.605377
320.779419
320.893555
320.896362
321.109955
321.483154
321.409149
321.625610
322.185883
322.509430
322.643524
322.736572
323.159241
323.188751
323.242004
323.914581
324.132721
324.416382
324.772003
325.203644
325.225220
325.878723
325.920441
326.129730
326.262695
326.901550
326.852478
327.289185
327.161285
327.374725
328.030396
328.055389
327.765930
328.256226
328.208832
328.396667
328.173157
328.893219
328.479156
328.575012
328.988678
328.760010
328.272430
328.712555
328.388367
328.250305
327.956421
328.220642
327.787506
327.937592
327.730469
327.446594
327.336578
327.237213
326.722900
326.969482
326.242676
326.460663
326.031433
325.733765
325.479370
325.408997
325.316956
324.739899
324.539490
324.663574
324.471802
324.108826
323.671112
323.783722
323.409882
323.438995
323.019623
322.934326
323.116791
322.848846
322.292603
322.811310
322.260010
322.193115
322.444153
322.522034
322.634430
322.584106
322.193726
322.612640
322.231659
322.372406
322.560059
322.418060
322.759216
322.960205
322.815796
323.556580
323.686249
323.914490
324.123901
324.138702
324.676117
324.569977
324.838806
324.918701
325.745575
325.828247
326.051239
326.076660
326.208344
326.800690
327.087494
326.982605
327.280243
327.401093
328.343689
328.175446
328.477875
328.735779
328.928528
329.026306
329.010468
328.800201
329.485626
328.943115
329.451813
329.618317
330.111115
330.122955
330.051636
329.862762
329.817505
330.196381
330.116577
330.030701
329.708984
329.544708
329.645691
329.839325
329.116547
329.239594
329.094330
328.683533
328.988281
329.118011
328.623962
328.440704
328.355286
328.042572
328.093750
327.994171
327.295776
327.097626
327.020325
326.950409
326.908722
326.531433
326.171783
326.192108
326.353333
325.715393
325.895752
325.840515
325.621674
325.676544
325.390045
325.840271
325.407928
325.454651
325.203400
325.494843
326.186829
325.692627
325.572388
326.116974
325.880829
326.490143
326.258514
326.472076
326.272705
326.611053
327.091339
327.436005
327.518341
328.069946
328.250122
328.479309
328.476166
328.872620
329.330566
329.671844
329.882355
330.271576
330.474365
330.798462
331.085510
331.760925
331.632812
331.979431
332.609314
332.890778
332.964081
333.547150
333.550751
333.932098
334.150787
334.443268
334.607422
335.150513
335.202515
334.848389
335.136292
335.383057
335.438354
335.470062
335.483093
335.694611
335.763916
335.580231
335.401459
335.436218
335.369873
335.550812
335.456787
335.365967
335.293762
335.344269
334.740295
334.661804
335.005768
334.410400
334.032593
333.958588
333.571564
333.197052
333.381195
332.869873
332.909912
332.265259
332.721893
332.141846
331.622894
331.577087
331.320862
331.264191
331.250580
330.857910
330.461670
330.292969
330.312103
329.972473
329.896973
329.395294
329.592865
329.520203
329.674866
329.534149
329.651367
329.376740
329.101227
329.386810
329.370636
329.849060
329.806091
330.151611
330.228546
330.203613
330.736877
330.782471
330.803925
331.036957
331.374176
331.508667
331.704742
331.934113
332.319855
332.857117
333.406952
333.570404
333.847534
334.632843
334.235748
334.751434
335.066010
335.585785
335.830719
336.039154
336.569489
336.715210
336.758728
337.181946
337.408081
337.959015
337.949158
338.380798
339.046722
339.141724
339.115662
338.994904
339.235382
339.305389
339.778473
339.836060
339.517395
339.866791
339.883881
340.048126
339.755219
339.561951
339.635468
339.904480
339.369324
339.527740
339.046204
338.836273
338.507355
339.120850
338.171051
338.100403
338.410706
338.018219
337.882996
337.749115
336.988434
336.275665
336.227509
335.969788
335.664703
335.594788
335.468140
335.044342
334.527740
334.598114
334.289978
333.673492
333.471497
333.368225
332.998810
333.248199
332.597168
332.261597
332.302856
332.150543
332.017273
331.911926
332.142395
332.118561
331.690918
331.570374
331.319550
331.402252
331.660583
331.728088
331.476257
331.748444
331.814514
331.636841
332.382477
332.583405
332.634888
332.539551
332.607178
333.041901
333.265961
333.067657
334.131317
333.858490
334.158752
334.566193
334.681305
334.840271
335.074188
335.312469
335.737366
336.311707
336.241974
336.719269
336.697540
336.906189
336.986877
337.111633
337.706635
337.963043
337.916382
338.229187
338.494690
338.081909
338.417480
338.742340
338.687866
338.863464
338.898254
338.659241
338.749878
339.155884
339.027283
339.136139
338.997559
339.274933
338.857483
339.204926
338.488708
338.545502
338.229492
338.269897
338.151031
337.932556
337.821991
337.218475
337.238251
337.003632
336.651001
336.469513
336.314728
336.024048
335.407227
335.655060
335.529083
335.264465
334.838379
334.994354
334.557648
334.260986
333.890381
333.874695
333.894318
333.533569
333.436157
333.711273
332.962097
333.556976
333.227875
332.978577
333.063599
333.285339
333.177368
332.771851
333.317688
333.240662
333.683075
332.702484
333.357025
333.529022
333.326233
333.381836
334.128418
334.046936
334.102905
334.023560
334.165222
334.736481
334.744110
334.985962
334.889893
335.404449
335.578949
335.776062
335.744171
336.208038
336.498962
336.982239
336.679749
337.238678
337.387268
337.386536
337.483154
337.896851
337.914886
337.916748
337.812378
337.778809
338.208954
338.231750
338.159729
338.292999
338.484009
338.041412
337.739349
338.027252
338.166626
337.874878
338.008362
337.706573
337.658417
337.466492
336.926270
337.015625
337.168152
336.485291
336.182007
336.297729
336.017120
335.723175
335.627014
335.004700
335.339050
334.711426
334.599335
334.589966
334.411407
333.629211
332.995483
333.251617
333.413422
332.822601
332.809845
332.247528
332.117706
332.170258
331.364258
332.194885
331.628143
331.981049
331.788330
331.279510
331.453430
331.608002
331.273468
331.328339
331.300873
331.647949
331.115692
331.979889
331.231171
332.008606
331.619354
331.726959
332.386963
332.266907
332.456451
332.385864
332.547424
332.959320
333.235901
333.099060
333.252655
333.714935
333.673431
333.949829
333.795898
334.087097
334.371887
334.782196
334.738037
335.180725
335.323242
335.203094
335.906525
335.666382
335.675232
336.261505
336.067841
335.923218
336.265656
336.330353
335.912903
336.297577
336.234467
335.927399
335.775726
335.870728
335.613220
335.538177
335.428101
335.122314
335.311523
335.079529
334.215759
334.337280
334.029785
333.570068
333.219086
333.207733
333.100555
332.546997
332.233582
332.100433
331.544128
331.682220
331.257690
330.984589
330.634583
330.366028
330.234894
329.910217
329.732910
329.521973
329.557495
329.517548
328.838623
329.152191
329.032837
329.367737
329.167633
329.583771
329.316956
330.085052
329.820068
330.158936
330.146118
330.244629
330.364471
330.590820
331.026276
331.443542
332.065033
331.984558
332.539215
332.558136
333.199524
333.576141
333.725067
334.398193
334.572662
335.249512
335.450195
335.341553
335.684357
336.106262
336.118591
336.234680
336.428345
336.155731
336.190521
336.236969
335.824158
335.423950
335.236755
335.129395
334.100372
333.592163
332.601379
331.302094
329.989471
329.303558
327.357849
325.877869
324.758820
322.682312
320.519897
317.898560
315.652527
313.532776
310.935120
308.378174
305.005829
302.317230
299.323944
295.250549
291.828674
288.311432
284.377472
280.656921
276.731873
272.498718
268.508881
264.114838
260.160797
255.733734
251.847443
247.594574
243.104797
238.814148
234.494644
230.643326
226.395004
222.672775
218.499969
215.264526
211.631454
208.367630
205.144363
202.270370
199.305511
196.720901
194.353943
192.406845
190.926895
189.074539
187.981445
186.557922
186.139847
185.347260
185.275192

