279.594116
172.091812
172.457245
173.102921
173.908798
175.152359
176.541412
178.152542
180.032776
181.853867
184.336044
186.666718
189.329376
191.991882
195.035706
198.189499
201.353653
204.621643
208.279633
211.754257
215.071899
219.333389
222.864517
226.470825
230.458450
233.948029
237.662781
241.284256
244.850769
248.519073
251.860840
255.497055
258.803223
262.571167
265.762238
268.096375
271.567078
274.451630
277.035431
279.694733
282.009460
284.554626
286.426788
288.813477
290.578186
292.366608
294.371857
295.372803
296.957153
298.160492
299.171204
300.428101
301.235413
301.697144
302.380066
302.777374
303.453400
303.731964
304.061462
304.190796
304.698059
304.231781
304.495911
304.461792
304.379791
304.566010
304.153137
303.685211
303.871918
303.520203
303.333832
303.054688
303.076996
302.645142
302.312439
301.580139
301.995239
301.162018
301.042175
301.045410
300.862152
301.052338
300.771210
300.770325
300.710754
300.479431
300.251892
300.322205
299.827240
300.649658
300.726654
300.826477
301.114838
300.700806
300.923096
301.298523
301.627197
301.726654
302.228638
302.405334
302.761292
302.905304
303.168793
303.804230
304.189087
304.618774
304.652588
304.994843
305.536774
305.641907
306.042511
306.795532
306.464600
307.163574
307.221466
307.895294
307.750885
308.263763
308.845154
308.948822
309.426208
309.596405
309.354523
309.390472
309.840057
309.782166
309.933838
309.391235
309.611786
309.805603
309.799622
310.088043
309.971741
309.657562
309.998108
309.464264
309.444458
309.169189
308.638702
308.900024
308.532318
308.624023
308.000153
308.105530
307.787415
307.141937
307.597229
306.889099
306.675354
306.358795
306.230804
306.665680
305.955139
305.853210
305.421997
305.179626
305.098999
304.914398
304.851776
304.800507
304.852905
304.704559
304.770569
304.658966
304.193970
304.979431
304.473969
304.280792
304.930695
304.810913
304.713013
304.747925
305.377289
305.268188
305.431335
305.851105
305.998138
306.596436
306.742676
306.785858
307.501343
307.742523
307.647644
308.119568
308.698181
308.752808
309.254211
309.730072
309.933380
310.116211
310.605621
311.084381
311.375061
311.714386
312.261719
312.508362
312.887878
313.351257
313.333466
313.070221
313.758636
314.168854
314.505859
314.567169
314.698944
314.935822
315.208221
315.562500
315.240997
315.502075
315.688873
315.438477
315.595886
315.635071
315.688385
315.908875
315.337006
315.075775
315.535522
314.887756
315.406891
314.639282
314.505371
314.835663
314.283386
314.084534
314.053650
313.788513
313.315369
313.258575
313.187592
312.952301
312.193207
312.176392
312.006104
311.999390
311.557587
311.038940
311.223175
311.030243
310.519501
310.775421
310.775269
310.402069
310.055176
310.150116
310.180908
309.886902
309.615509
309.989746
309.698151
309.752411
310.136169
309.654022
309.843323
309.274414
309.332153
309.990967
309.919037
310.364838
310.648834
309.851288
311.023438
310.929810
310.870483
311.227875
311.124237
311.773529
312.136047
312.379333
312.831055
313.203308
313.349762
313.813293
313.729462
313.945831
314.357269
314.833191
315.106812
315.170593
315.584808
315.868439
316.318665
316.571960
316.906647
317.216919
317.122192
317.701965
317.738647
318.420410
318.242126
318.335999
318.557922
318.684387
318.748413
319.139130
319.262848
319.374634
319.161316
318.991882
319.179810
319.591553
319.127441
318.889557
318.773010
319.021362
319.038971
319.047974
318.821686
318.470856
318.505798
318.290253
318.225311
317.775482
317.572113
317.640167
317.296997
317.103363
317.144073
317.251434
316.896515
316.368713
316.419556
315.929199
316.290436
315.739624
315.329803
315.553711
315.341827
315.491394
314.880280
314.562500
315.186859
314.424103
314.752594
314.715149
314.604767
314.600616
314.390594
314.731659
315.105377
315.012543
315.234222
314.969391
315.144653
315.228577
315.500977
315.494415
315.929352
316.123047
316.433472
316.572174
316.969421
317.280182
317.181702
317.582001
317.773193
318.217834
318.416534
318.638245
319.236664
319.052887
319.552887
320.057587
320.484497
320.692322
320.947357
321.245605
321.527283
321.766235
322.080109
322.314362
321.874115
322.674927
322.424500
322.872437
323.255249
323.041656
323.427795
323.511780
323.646118
323.886993
323.924194
323.620789
324.201477
323.745758
324.029510
324.222565
324.013519
324.144348
324.088989
323.576752
323.776062
324.289825
323.869171
323.751373
323.112854
323.246613
322.804657
323.082977
322.726959
322.163879
321.942474
322.048431
322.182098
321.765930
321.614838
320.943756
321.234253
320.822937
320.515686
320.533966
320.450226
320.128296
320.333008
319.845154
319.864410
319.826538
319.528473
319.397766
319.268524
319.390900
319.672729
319.145691
319.066162
319.327759
319.297943
318.991272
319.658783
319.325958
319.723114
319.124176
319.749084
319.799286
319.946869
320.381653
320.729950
320.716125
320.937073
321.326538
321.333191
321.643494
321.410767
321.892517
322.478546
322.472900
322.923462
323.311859
323.507141
323.649109
323.648346
324.236115
324.689758
324.659027
324.937561
325.292938
325.370117
325.517761
325.806732
326.018646
326.604553
326.357666
326.945618
327.298401
327.073242
327.400818
327.591125
327.723541
327.574097
327.840302
327.858551
328.029663
328.000854
328.459808
328.194061
327.847351
327.983795
327.906921
327.816101
327.454163
327.298035
327.414490
327.190643
327.242249
326.865143
326.961670
326.865509
326.644135
326.754669
326.063507
326.174652
326.132843
325.615509
325.264679
325.622040
325.153473
325.162598
324.511078
324.894562
324.667847
324.565521
324.381470
324.303131
324.485291
324.176483
324.233002
324.527222
324.350067
323.963898
324.357452
324.236572
323.966888
324.313904
324.295685
324.855316
324.520294
325.046875
325.219757
325.290283
325.686646
325.715973
325.973328
326.200378
326.579590
326.444946
327.042572
327.271057
327.704376
328.164032
328.479675
328.684784
328.966675
329.706451
330.021637
329.759247
330.410797
330.865051
331.318878
331.214630
331.669189
332.403046
332.652100
332.966492
333.177765
333.426208
334.037720
334.093964
334.800751
334.431305
334.891144
335.723877
335.394226
335.432220
335.762573
335.962280
336.062134
336.162537
336.136810
336.194519
336.054932
336.255890
336.473145
336.140533
336.481293
336.205139
336.641602
336.407074
336.143463
335.834076
335.781647
336.053497
335.671143
335.323029
335.537201
335.507294
334.906311
334.252563
334.606689
334.308289
334.310669
333.853790
333.936920
333.333618
333.445740
333.619751
332.863983
333.471924
332.768555
332.796509
332.984955
332.304962
332.135010
332.401642
332.142517
332.681335
332.275482
332.241028
332.193390
332.124390
332.029297
332.584778
332.793640
332.815399
332.791229
333.019714
332.806152
333.312042
333.279602
333.290466
333.993591
334.326111
334.053772
334.769257
334.718109
335.811310
335.472504
336.116333
336.443451
336.954803
336.810974
337.597260
338.436340
337.918671
338.314453
339.027283
339.220978
339.733185
340.570557
340.596985
340.965637
341.271881
341.706451
341.975403
342.307739
342.508820
342.958313
342.841919
343.271088
344.050354
343.700928
344.209717
344.264648
344.306091
344.434143
344.951233
344.789154
345.016785
344.605408
344.952423
344.530884
344.800323
344.808044
344.719635
344.340240
344.288177
344.758118
344.267181
343.967102
343.643524
343.685242
343.758728
343.324127
343.020844
342.449921
342.710785
341.926575
341.864807
341.551361
341.149628
340.908051
341.141022
340.624176
340.508118
340.457489
339.876862
339.554688
339.584106
338.855164
338.805389
338.795959
338.685669
338.521576
338.412659
338.111908
338.076599
338.286041
337.925812
337.635773
338.030060
338.330841
338.190308
337.919678
338.243073
337.830475
338.139160
338.338165
338.543365
338.492493
338.057312
338.469208
338.924194
339.063538
339.600098
339.453186
339.985291
340.418854
340.764923
340.662933
340.801971
341.451263
341.440735
341.955811
342.195953
342.968964
343.031647
343.184875
343.609192
344.122131
344.150726
344.061066
344.341492
344.938293
344.975159
345.120789
345.517059
345.855835
345.994141
346.514679
346.037659
346.676239
346.858643
347.081146
346.669739
347.076141
347.258148
346.829865
346.793884
347.087067
346.932556
347.088501
347.007050
347.035797
346.530731
346.312592
346.438232
346.215881
345.806519
346.044617
345.908722
345.419098
345.408569
344.761017
345.535217
344.905457
344.486542
343.938507
344.276276
343.894836
343.966278
343.796753
343.851288
342.844238
343.173584
342.821198
342.697845
342.847321
342.174835
342.564789
342.549622
342.439697
342.124603
342.630646
342.233124
341.861908
342.132385
341.906433
342.237427
341.582397
342.250702
342.269562
342.443604
342.386292
342.699066
342.596466
342.462616
343.018280
342.965424
342.951752
343.113586
343.490997
343.727600
343.916138
344.480927
344.542633
344.901886
345.125854
344.238281
345.331787
345.835236
346.104889
346.128937
345.924561
346.509491
346.966034
347.057861
347.449310
347.255890
347.753540
348.042084
347.743927
348.302094
348.558167
348.650726
348.610260
348.456940
348.588776
348.358612
348.313507
348.532745
348.787476
348.459930
348.631897
348.420288
348.483765
348.058685
347.947968
348.355896
348.132599
347.167755
347.330780
347.272675
346.967712
347.038849
346.036499
346.258728
346.414734
346.154724
345.649414
345.719971
345.659515
345.158813
345.151306
344.738403
344.169647
344.529114
343.702820
343.863098
343.930756
343.615509
343.088867
343.571625
343.225922
343.028900
343.175415
342.908600
342.894104
343.165039
342.945374
342.731567
342.564362
342.906464
342.878571
343.003967
343.100739
343.070190
343.281158
343.330505
343.876495
343.959747
344.151855
344.250671
344.241913
344.558960
344.477661
345.013702
345.133667
345.234314
345.683624
346.320557
346.792236
346.542236
346.295380
347.054291
347.358856
347.080719
347.510345
347.975128
348.274506
348.160492
348.122864
348.364594
348.803894
348.467957
348.409058
348.635254
348.292847
348.577698
348.787354
348.945435
348.363647
348.504425
348.736298
348.077240
348.431671
348.444092
348.074982
347.753448
347.631470
347.196045
347.425110
346.678223
346.878479
346.272491
346.303497
345.678314
345.691772
345.724762
345.006317
344.954376
344.956268
344.570709
343.882233
344.018311
343.443237
343.344177
342.939575
343.082245
343.072479
343.068970
342.811584
342.635559
342.554230
342.577850
342.362244
343.075562
342.739899
342.996216
343.079987
343.396851
343.337158
343.587250
343.813263
344.275299
345.066956
344.728760
344.662994
345.473938
345.699738
346.140503
346.687225
347.424225
347.567657
348.019073
348.330078
348.593811
349.475433
349.699585
349.870239
349.993256
350.667267
350.932556
350.912933
350.712036
351.129913
350.994263
351.120117
350.476288
350.446075
350.541809
349.133514
349.247467
348.399017
347.006714
346.142120
345.241943
344.156921
341.996582
340.917450
338.597626
336.950775
335.046844
332.676636
330.242157
327.851440
324.831116
322.410645
319.047119
315.752502
312.369843
309.374512
305.035126
301.354889
297.744934
293.713837
289.803894
285.351654
280.984192
276.572937
272.832977
267.607910
263.339478
258.827728
254.609695
249.941162
245.745865
241.408157
237.376175
233.191010
229.308044
225.384766
221.847214
218.225418
214.868820
211.829865
208.643372
206.147690
203.731476
201.594589
199.694931
198.111404
196.772842
195.627808
194.909821
194.418488
195.298172

279.605957
171.978928
172.347641
173.020706
173.805008
175.061752
176.469406
178.100189
179.957413
181.781342
184.291138
186.636597
189.313721
191.968430
195.030655
198.197922
201.380173
204.684647
208.354355
211.849121
215.198624
219.472900
223.024750
226.650955
230.652466
234.180206
237.902817
241.546371
245.157425
248.864029
252.220551
255.884872
259.239410
263.013916
266.243774
268.585785
272.112427
274.980713
277.633636
280.330322
282.664825
285.239288
287.118408
289.550842
291.350616
293.184601
295.212250
296.207031
297.864166
299.072144
300.120789
301.428925
302.218994
302.726807
303.437714
303.870392
304.601807
304.868500
305.252411
305.376617
305.912109
305.505127
305.797241
305.753540
305.725342
305.934418
305.554382
305.104767
305.313660
304.951599
304.791077
304.505341
304.581024
304.153564
303.856171
303.107178
303.531830
302.749542
302.609558
302.620483
302.427643
302.649872
302.361023
302.411377
302.342590
302.130219
301.876038
301.937714
301.441315
302.235229
302.362030
302.444305
302.722565
302.309540
302.506195
302.919525
303.198914
303.312775
303.800293
303.927277
304.284058
304.439392
304.708130
305.322235
305.687531
306.093689
306.085052
306.442841
306.909088
307.042389
307.442963
308.150055
307.823669
308.496582
308.545898
309.186768
308.988922
309.469788
310.071747
310.133057
310.554382
310.722351
310.476898
310.476410
310.889832
310.835358
310.935364
310.367828
310.563812
310.739258
310.667572
310.963379
310.816010
310.482025
310.808563
310.211395
310.172272
309.874329
309.295471
309.564819
309.152344
309.209351
308.553802
308.635651
308.299835
307.641754
308.060638
307.348450
307.087341
306.754211
306.604309
307.005280
306.287872
306.160217
305.712067
305.437927
305.348755
305.144348
305.034729
304.966888
305.011749
304.855713
304.878296
304.763763
304.299072
305.042694
304.516266
304.322235
304.965790
304.823700
304.706696
304.732605
305.339996
305.220245
305.393616
305.801392
305.946655
306.541901
306.652649
306.698151
307.412842
307.652405
307.532349
308.008118
308.590637
308.665375
309.141876
309.611908
309.792511
309.988342
310.473297
310.946411
311.261200
311.596558
312.148224
312.383484
312.752869
313.226166
313.204498
312.952789
313.653778
314.080902
314.412628
314.500366
314.589630
314.868835
315.142639
315.483795
315.190918
315.469452
315.659668
315.416992
315.583862
315.619141
315.684723
315.937714
315.369690
315.104858
315.586639
314.944244
315.489746
314.704529
314.592712
314.918640
314.402924
314.223450
314.181580
313.947845
313.495667
313.432159
313.362122
313.149048
312.396637
312.414856
312.256134
312.265228
311.854980
311.325531
311.542389
311.338470
310.866180
311.137238
311.148499
310.761047
310.433380
310.546051
310.595245
310.317932
310.092285
310.428009
310.138245
310.231873
310.638306
310.181641
310.407104
309.871429
309.891876
310.585480
310.508209
311.005676
311.301910
310.528870
311.684967
311.589447
311.563354
311.985443
311.822571
312.562622
312.903503
313.233521
313.607056
313.992554
314.187073
314.634521
314.628387
314.854614
315.259125
315.729370
316.051514
316.126770
316.524200
316.908600
317.352631
317.624420
317.907593
318.260864
318.182281
318.763245
318.851929
319.532257
319.380463
319.503326
319.707977
319.879608
319.981415
320.343689
320.486115
320.644714
320.454010
320.282867
320.523834
320.925293
320.512634
320.260956
320.148865
320.371368
320.437622
320.433380
320.246002
319.923798
319.934448
319.780670
319.711426
319.323975
319.119110
319.149292
318.833496
318.652283
318.729828
318.854828
318.547180
317.861633
318.050018
317.504120
317.881592
317.375854
316.995880
317.234680
316.940399
317.169098
316.550171
316.260498
316.896271
316.140656
316.387329
316.414062
316.285919
316.348541
316.079071
316.396851
316.847931
316.716156
316.919373
316.683624
316.864532
316.942200
317.250183
317.229126
317.642151
317.855530
318.133484
318.253998
318.611816
318.998047
318.877045
319.222504
319.398804
319.845642
320.079651
320.278107
320.873718
320.656555
321.115906
321.688690
322.036865
322.221161
322.452332
322.773499
323.051392
323.263733
323.563232
323.771973
323.351532
324.111023
323.830750
324.314758
324.583862
324.452484
324.793549
324.842957
325.024414
325.119629
325.217896
324.860107
325.382111
324.864288
325.196533
325.373840
325.141296
325.247467
325.197479
324.663574
324.794891
325.332916
324.854706
324.767395
324.065369
324.183472
323.748932
324.006531
323.649689
322.993774
322.719482
322.825928
322.951416
322.484467
322.324585
321.624603
321.860779
321.481628
321.132111
321.139557
320.998566
320.690277
320.810944
320.353760
320.313049
320.263275
319.975800
319.784393
319.675659
319.773254
320.026306
319.486938
319.412811
319.625763
319.581757
319.231598
319.891144
319.552307
319.922302
319.326202
319.907959
319.976379
320.096161
320.517578
320.883057
320.821106
321.048157
321.407715
321.414215
321.681366
321.447632
321.956146
322.530243
322.511871
322.925873
323.331787
323.491821
323.630096
323.593109
324.182007
324.663818
324.614624
324.867798
325.239166
325.324005
325.448456
325.727142
325.961121
326.527374
326.276672
326.855255
327.221954
326.972015
327.324402
327.500946
327.628815
327.470398
327.770233
327.740295
327.931610
327.872162
328.349731
328.090057
327.754028
327.877960
327.770569
327.700043
327.329651
327.184753
327.331940
327.088562
327.130035
326.758484
326.838257
326.763641
326.525177
326.653320
325.974060
326.071960
326.017548
325.492157
325.159332
325.514984
325.044891
325.038818
324.381958
324.774078
324.565765
324.452759
324.243439
324.207184
324.362061
324.041168
324.106293
324.438751
324.232025
323.813965
324.235962
324.106842
323.818817
324.243347
324.168976
324.687927
324.356445
324.869080
325.028503
325.112213
325.514160
325.498840
325.780090
325.993896
326.364563
326.222382
326.799500
327.057251
327.465790
327.899261
328.224823
328.428558
328.673279
329.422546
329.707367
329.439331
330.080811
330.521423
330.984192
330.884399
331.279510
332.012482
332.283508
332.582855
332.733582
332.985138
333.605682
333.654266
334.338501
333.995117
334.419830
335.272888
334.870209
334.944885
335.248077
335.458649
335.512634
335.635864
335.607300
335.616638
335.450653
335.662292
335.904785
335.489319
335.841248
335.572357
336.008484
335.735535
335.468079
335.184570
335.062744
335.390381
334.988251
334.616821
334.820038
334.798523
334.155823
333.547699
333.906097
333.531067
333.543274
333.097473
333.167450
332.572723
332.659210
332.850281
332.100677
332.696381
331.963074
331.978943
332.186371
331.486511
331.315308
331.606659
331.338135
331.871918
331.488708
331.435883
331.365692
331.295746
331.207794
331.799316
331.986847
332.013306
331.984650
332.224487
331.982422
332.495728
332.464386
332.479767
333.206512
333.534149
333.304413
333.984467
333.970734
335.046143
334.725677
335.384094
335.692322
336.209351
336.079315
336.874939
337.721008
337.217041
337.589539
338.342285
338.544006
339.085327
339.912231
339.942688
340.330444
340.664062
341.109589
341.382080
341.704285
341.934570
342.387299
342.300903
342.742096
343.501068
343.171448
343.721161
343.790161
343.826813
343.971313
344.496704
344.355194
344.603760
344.205536
344.554504
344.142670
344.401367
344.430115
344.379852
344.006378
343.954926
344.451385
343.987793
343.689331
343.363159
343.414734
343.502472
343.106232
342.788727
342.248108
342.502869
341.747345
341.716309
341.402008
341.029266
340.811340
341.020538
340.519592
340.438293
340.356934
339.817596
339.501770
339.525421
338.813965
338.783203
338.781830
338.676575
338.534302
338.440002
338.126892
338.116302
338.333466
337.971436
337.698730
338.125183
338.411011
338.295593
338.028748
338.344879
337.951263
338.248505
338.462250
338.674622
338.624542
338.180481
338.629028
339.105713
339.224335
339.793518
339.638885
340.166016
340.601837
340.964264
340.858917
341.036072
341.651917
341.650421
342.169006
342.394501
343.184052
343.251831
343.403717
343.822723
344.343292
344.400970
344.303040
344.579742
345.174408
345.226257
345.369995
345.741852
346.094910
346.217255
346.739227
346.259827
346.866699
347.098297
347.310120
346.895447
347.287231
347.488617
347.057892
347.019165
347.316223
347.161011
347.296844
347.188080
347.218323
346.744232
346.517242
346.623199
346.399841
345.979309
346.236969
346.088287
345.600250
345.569122
344.950409
345.680573
345.085236
344.630676
344.103516
344.424896
344.028259
344.105682
343.899170
343.938690
342.952484
343.314758
342.916412
342.752197
342.945435
342.266357
342.634094
342.709656
342.520233
342.177185
342.691376
342.237030
341.873230
342.162109
341.933167
342.248871
341.618591
342.224945
342.270538
342.442749
342.377197
342.679199
342.560028
342.451935
342.981506
342.887543
342.921722
343.043304
343.416199
343.630402
343.839691
344.404663
344.465973
344.801239
345.009857
344.157166
345.253143
345.701752
346.022400
346.009369
345.822388
346.391388
346.830139
346.912354
347.287720
347.104797
347.586731
347.904175
347.566589
348.095703
348.392517
348.501190
348.430359
348.280823
348.415710
348.153290
348.137360
348.336243
348.606476
348.248260
348.434692
348.227814
348.293640
347.843475
347.762970
348.153687
347.968628
346.919464
347.133850
347.026337
346.732239
346.834076
345.831970
346.043488
346.221832
345.914032
345.396851
345.536377
345.443604
344.916107
344.948212
344.562805
343.913177
344.334869
343.500763
343.669220
343.712769
343.435425
342.888733
343.391205
343.023773
342.798676
342.947113
342.713226
342.705719
342.991638
342.723694
342.477661
342.384338
342.716217
342.682098
342.805389
342.925079
342.940125
343.131714
343.181793
343.730011
343.809113
343.977112
344.076782
344.095306
344.415955
344.326691
344.853882
344.985138
345.096710
345.575806
346.161713
346.640594
346.418396
346.167511
346.931305
347.230927
346.967499
347.360107
347.830627
348.124176
348.037537
348.014008
348.241241
348.673065
348.392029
348.264252
348.502899
348.187988
348.449799
348.680481
348.830109
348.283752
348.401154
348.627441
347.932220
348.344116
348.318939
347.943268
347.656860
347.506866
347.073669
347.363190
346.542999
346.795715
346.124634
346.176392
345.583130
345.583282
345.627319
344.957336
344.834534
344.869873
344.442352
343.745850
343.909393
343.339233
343.229034
342.834717
342.990265
342.932983
342.928345
342.701447
342.524933
342.418945
342.414948
342.200745
342.925812
342.599426
342.821442
342.919800
343.222717
343.194153
343.433777
343.661774
344.107727
344.954987
344.542755
344.467468
345.275330
345.537109
345.956787
346.467529
347.222168
347.372742
347.827576
348.128815
348.399200
349.227539
349.457092
349.639221
349.757935
350.439514
350.667023
350.667694
350.454529
350.881439
350.710022
350.826721
350.215851
350.168365
350.255127
348.828613
348.966644
348.139008
346.736023
345.815674
344.923370
343.858429
341.684662
340.588989
338.255890
336.613770
334.702545
332.321442
329.937836
327.481781
324.472565
322.017792
318.688812
315.384918
312.008942
309.007507
304.664703
300.993805
297.386414
293.352692
289.392334
284.950104
280.614899
276.176758
272.421661
267.209839
262.943390
258.423828
254.195633
249.528397
245.365814
240.996307
236.962479
232.765335
228.876465
224.984680
221.416260
217.798981
214.437363
211.392426
208.207901
205.708435
203.273743
201.170898
199.286331
197.693802
196.344955
195.191360
194.477600
193.971024
194.723999

223.276840
183.522705
184.001450
184.794952
185.533478
186.767456
188.315826
190.210815
192.165192
194.513840
196.758133
199.304260
202.232742
204.999130
208.453400
211.553131
214.925339
218.506470
222.414597
226.068939
229.966461
233.938644
237.820099
242.007248
246.209137
250.004074
254.124191
257.894257
262.266571
265.688477
269.163666
272.820618
276.845459
280.287842
284.020813
287.816467
290.683990
293.606079
296.696411
298.955322
301.766083
303.991760
306.114227
308.380981
310.318237
311.985779
313.786194
315.657440
316.956787
318.016846
319.666412
320.507629
321.519836
322.709198
323.256561
323.796356
323.881622
324.827881
324.503418
324.982513
324.903748
324.463135
324.700623
324.879791
324.715820
324.326355
324.012085
323.775909
323.849640
323.656250
323.246307
322.729736
322.893311
322.162567
321.899139
322.012970
321.367676
321.516968
321.280457
321.437225
320.374329
320.268188
319.696899
319.747650
319.722351
319.578766
319.812408
319.893066
319.900696
319.962982
319.455048
319.464447
319.875244
320.771759
320.026215
320.164185
319.937378
320.703400
320.832336
321.111633
321.797394
322.114136
322.517548
322.492828
323.401367
323.625275
323.636871
324.400452
324.725189
325.346161
325.081604
324.850586
324.499817
324.638580
325.684784
325.689362
326.296570
326.150177
326.739990
326.888062
326.904266
326.853180
327.365936
327.639465
327.765961
328.220032
327.551910
327.871887
328.619995
327.573669
327.197144
327.493134
327.325836
327.772461
327.657288
326.762024
327.402832
327.505493
326.834320
326.220825
326.298492
325.139374
324.794312
324.952118
325.003998
324.788330
324.308502
323.589203
323.450165
323.035522
322.909515
322.450470
322.075989
321.372467
322.059265
320.884125
320.545776
321.151764
320.548615
320.294128
320.821075
320.614624
320.386688
319.749878
319.566589
319.116791
319.289032
319.515137
319.780090
319.919708
319.662994
319.968628
320.023651
320.119171
320.658844
320.057495
320.367706
320.153229
320.906311
321.376343
322.197540
322.428802
323.751282
323.158722
322.765747
323.628571
323.437592
323.197357
323.532043
324.536469
325.150452
325.297150
324.995972
325.418182
325.859039
326.726349
326.590851
326.786560
327.351562
327.778687
327.611603
328.166962
328.214020
328.605133
328.984711
328.964783
328.903351
328.899017
328.904572
328.709167
328.482574
328.483551
328.756744
328.771118
328.324890
328.297882
328.037750
327.585449
327.943542
328.057831
327.764709
327.298462
326.748505
326.512421
326.384186
326.214722
326.217529
325.769409
325.118164
324.662323
324.503754
324.694427
324.478607
324.196716
323.192047
322.908020
322.917480
322.636078
322.079376
321.683105
321.967712
321.884186
321.450439
320.997772
320.746033
320.606842
320.474640
320.640900
320.035583
319.974213
319.562164
319.796570
320.161987
320.137238
320.011139
319.895325
319.941772
319.379242
319.616150
320.355347
320.421478
320.064026
320.063477
320.533997
320.333435
320.813080
321.060089
321.382843
321.857025
322.549347
322.808319
322.389374
322.736877
322.829254
323.208588
323.863251
323.947235
324.221588
324.106720
324.259766
324.691498
324.832153
325.480316
325.779877
325.541443
325.885925
325.686646
325.841278
326.200470
326.485260
327.067596
326.501038
326.942780
327.164062
326.963043
327.234222
327.066193
326.907959
327.102295
327.185211
327.265045
326.979767
326.871124
326.598083
327.102448
326.690552
327.315460
326.872437
326.550476
326.397736
325.825073
325.555878
325.441589
325.657043
325.210388
324.911102
324.572296
324.473480
323.766815
323.670898
323.835968
323.273254
322.477448
322.953613
322.674835
322.936157
322.232605
322.088257
321.803589
321.778107
321.399414
321.189667
321.401733
321.596558
321.089539
321.082855
320.621613
320.997314
320.502747
321.001770
321.165863
321.391052
321.113281
320.725037
320.978668
321.067444
321.458588
321.364410
321.621155
321.870331
321.847626
322.249237
322.097107
322.585297
322.837708
323.271912
322.970062
323.380341
324.350555
323.698364
323.950806
324.760071
324.803558
325.343933
325.713959
325.631958
325.933136
326.516815
326.448090
326.521179
326.783569
327.019806
327.189514
327.717896
328.110077
327.956421
328.714874
328.344604
328.727356
328.743927
328.248260
328.400391
328.907532
328.982147
329.473419
328.862457
329.345581
329.041656
329.257355
328.583038
328.709808
328.633850
328.716003
328.647491
328.289276
328.319794
327.803955
327.614227
327.372284
327.284790
326.835388
327.085693
326.641907
326.468658
326.263580
325.761292
325.705017
325.826080
325.434387
325.609100
325.416901
324.628784
324.282562
324.272064
324.311737
324.012024
323.857574
324.139862
324.090118
323.503204
323.599548
323.762115
324.131470
323.816864
323.366272
323.621460
323.579041
323.506378
323.518097
323.396454
323.602112
323.303650
323.533447
323.694946
323.895142
324.014191
323.839722
324.264404
324.933289
324.700043
325.468903
325.820709
325.663757
325.943176
327.007111
327.121582
327.193634
327.723053
327.924072
328.255615
328.224609
328.318085
329.106171
328.561096
329.573029
329.549835
330.460358
330.647247
330.303711
330.766785
330.767731
330.709778
331.359589
331.197174
331.919861
331.736816
331.510712
331.471893
331.817078
331.707520
331.823700
331.828339
332.174835
332.114929
332.024078
331.791656
331.889587
331.720215
331.900787
331.035980
330.823456
330.396881
331.057465
331.081543
330.983734
330.619263
330.160248
330.037323
329.990692
329.895721
329.590942
329.919006
329.653534
329.662262
329.066864
329.190826
328.998810
328.817871
328.199615
328.227814
327.870850
327.599243
327.727356
328.214417
327.630127
327.846832
327.297577
327.303040
326.710266
327.154938
327.001678
327.320862
327.954987
327.212616
327.623474
327.724792
327.844910
327.855865
328.064575
328.085571
328.176727
328.589355
328.754822
328.692841
328.992065
330.018158
330.336395
330.373291
330.426697
330.243530
331.014832
330.978027
332.034576
332.091492
332.455780
332.871033
333.063263
332.972137
333.871338
333.871368
334.151337
334.250671
334.786896
335.348358
335.676727
336.070190
335.854858
336.721161
336.348907
336.738770
336.844391
336.789276
337.109528
337.486755
337.520142
337.066193
337.193542
337.093933
337.289612
337.684204
337.874542
338.276215
337.628143
337.848206
337.988892
337.712433
337.375000
337.472260
337.117279
336.830048
337.063446
336.889282
335.921936
336.021912
336.142517
335.688019
335.666168
335.450958
335.160980
334.659760
335.451324
334.880096
333.798157
334.395782
333.789185
333.718353
333.586426
333.728088
332.855286
332.759888
332.286865
333.083527
332.801971
332.383789
332.352051
332.159882
332.315826
331.973511
332.318726
332.578217
332.657410
332.295959
332.941833
332.884247
332.813354
332.568237
333.127808
333.276123
333.833435
333.650665
333.868652
334.178131
334.287170
335.114288
335.272034
335.498901
334.983734
336.022888
336.107513
336.886292
336.659668
336.907715
337.786499
338.612854
338.804962
339.388031
339.666016
339.780396
339.770844
340.563568
340.168427
340.517090
340.504303
341.260620
341.377228
341.812317
341.985901
342.218140
341.786407
342.578156
343.099762
342.998779
342.826782
343.389069
343.865784
343.337799
343.086792
343.012054
343.634247
343.674805
343.542633
343.195770
343.463745
343.492767
343.729614
344.153778
343.520203
342.480927
341.636505
341.573303
341.722839
341.264740
341.503967
341.294342
339.920441
340.178192
339.870300
339.280396
339.950989
339.032288
338.161102
337.874359
337.786011
338.410461
338.030701
337.683868
337.576538
336.836243
336.958740
336.771545
336.256714
336.200348
335.516815
336.031799
335.539734
335.084747
334.651276
334.738434
335.502991
335.344879
335.845123
335.042633
335.289276
335.082489
335.133942
335.434082
334.943207
335.269958
335.926971
336.215668
336.435760
336.251923
336.603027
336.211426
336.506958
336.666473
336.750824
337.477173
338.117981
338.728699
338.397369
338.574371
338.671906
338.856781
339.107025
339.207458
339.499664
340.185822
340.462463
342.131775
340.921692
339.879364
340.200928
341.934296
341.672638
341.829895
341.964172
341.841125
341.709656
342.351501
342.794952
342.951965
342.552460
342.770966
342.717102
343.088318
342.969574
342.927155
343.483124
342.542694
342.282288
341.995026
342.775574
342.576111
342.434540
341.604309
341.101532
341.103699
340.458099
340.902435
340.826477
340.615295
340.138763
340.203766
339.414337
339.242615
338.905975
338.789307
338.424988
338.298920
337.656860
337.559814
337.260284
336.829468
336.677948
336.789886
336.632751
336.486145
336.741547
335.725586
335.919952
335.011810
335.385986
335.267334
335.444153
336.011353
335.780640
335.581390
335.426758
335.506958
335.468597
335.395233
335.960510
335.160767
335.234375
335.700348
335.515198
335.966614
336.451996
337.110107
337.411224
337.103516
336.355804
336.772095
337.499664
337.450348
337.977600
337.832092
337.895050
337.179535
337.263855
338.423309
338.527924
338.638611
338.648163
339.073608
339.837555
339.877991
339.847656
339.660828
339.153473
338.405548
338.889191
338.824249
339.057251
339.854370
339.838959
340.193207
340.518921
339.367371
339.477509
339.139679
339.352692
339.211975
338.676483
338.722748
338.597900
338.116364
338.239136
338.911194
338.508698
337.808807
337.362640
337.233124
336.898224
335.674347
335.341583
335.523590
334.920288
335.511230
335.373749
334.444397
334.380554
334.683075
333.845306
333.576477
332.961578
333.465729
333.283203
333.283417
332.575836
332.730072
332.929260
333.263214
332.332733
332.315308
332.201691
333.085968
332.371399
332.226257
332.463776
332.833099
332.910187
332.440979
332.357025
332.283081
332.886230
333.227631
333.556915
332.839783
333.352997
333.562775
333.540283
333.906403
334.128571
333.976105
334.453827
334.720032
335.507904
335.399933
335.887360
335.671387
335.849365
335.955811
336.121338
337.139465
337.316833
337.219757
337.051727
336.980774
336.705597
337.181763
337.715515
337.727295
336.941742
337.344757
337.625702
337.299774
337.644073
337.992310
338.453125
337.788971
337.687805
337.574463
336.882080
336.701233
337.639099
337.138489
336.554993
336.741516
336.629272
335.941742
335.764374
335.039185
334.717438
334.174072
334.462677
333.869141
334.049103
334.207825
333.645416
333.218353
332.687897
331.848358
332.053162
331.468262
331.228973
331.849396
332.022858
332.072235
332.147217
331.563995
331.295654
331.405670
331.712524
331.749054
331.284149
331.268982
332.075836
331.482086
332.416046
332.158508
332.844727
333.322662
333.702026
334.329376
334.173798
334.611908
335.009521
335.071106
335.181946
336.026855
336.351074
337.431793
337.963745
337.837982
337.804382
338.389313
338.768951
338.744781
340.082336
339.393951
339.519440
339.236084
339.128632
338.794373
338.849670
338.543152
338.395416
337.936584
337.248779
337.000458
336.139679
334.962891
333.470795
332.733002
330.996155
329.165680
327.123627
325.642090
324.043579
322.461578
319.029755
316.178619
313.435455
311.352478
309.037140
305.866150
302.095642
298.577362
295.514984
291.905914
287.807709
283.761597
280.554077
276.048309
271.709961
267.593933
263.850891
259.277618
254.740341
250.919907
246.396271
242.194565
238.091782
234.247681
230.329788
225.741837
221.647232
217.725113
214.284821
210.818405
208.277084
205.330338
202.398285
200.050415
197.831543
195.789658
194.341599
192.296295
190.509293
189.790405
188.838531
188.805008
188.467941

226.942596
183.673370
184.136108
184.949066
185.692062
186.911438
188.486984
190.352966
192.316956
194.697586
196.933578
199.464539
202.392578
205.167252
208.616638
211.719269
215.116653
218.700745
222.601639
226.258621
230.158539
234.172165
238.024719
242.186813
246.425888
250.219910
254.330261
258.102203
262.505951
265.919403
269.414062
273.081787
277.124786
280.580200
284.291656
288.047943
290.955109
293.879974
296.952148
299.257294
302.074707
304.302216
306.428833
308.692841
310.637512
312.294952
314.079620
315.999969
317.260712
318.360840
320.007263
320.901398
321.887634
323.050049
323.629333
324.113190
324.250793
325.175446
324.884094
325.332703
325.274078
324.829102
325.049194
325.219147
325.064758
324.662476
324.369629
324.171204
324.206818
323.997803
323.578400
323.093079
323.277527
322.526245
322.172882
322.329865
321.738800
321.867096
321.584503
321.738586
320.708893
320.552338
320.010345
320.077484
320.021484
319.854004
320.020508
320.178711
320.144470
320.221680
319.753784
319.720398
320.130768
321.014801
320.240417
320.361359
320.091858
320.889740
320.997009
321.301270
321.937073
322.257721
322.696960
322.608704
323.524994
323.758850
323.741272
324.466980
324.803375
325.408081
325.144775
324.864471
324.568512
324.659760
325.708374
325.703522
326.263367
326.144958
326.706543
326.893921
326.870331
326.780853
327.292267
327.626709
327.657501
328.128662
327.526276
327.815735
328.562042
327.488342
327.114746
327.413361
327.211029
327.682983
327.583374
326.674530
327.311279
327.396973
326.721161
326.166931
326.166992
325.057312
324.669342
324.789917
324.846497
324.677551
324.166565
323.448792
323.354340
322.892670
322.811462
322.305634
321.964020
321.219543
321.937042
320.756165
320.439026
321.063049
320.433411
320.187103
320.684845
320.541901
320.292084
319.686584
319.478882
319.057648
319.222168
319.474976
319.713562
319.878693
319.621613
319.933685
320.047150
320.064209
320.635956
320.030182
320.417023
320.155670
320.937592
321.429626
322.234192
322.471405
323.805084
323.213013
322.813171
323.685028
323.509521
323.298004
323.593567
324.651337
325.243866
325.410675
325.134430
325.568024
325.979858
326.854462
326.740021
326.925476
327.488525
327.927277
327.783325
328.315186
328.385803
328.759857
329.165375
329.160004
329.076050
329.072052
329.057526
328.906616
328.683044
328.679932
328.950989
328.961121
328.533295
328.489685
328.212189
327.755707
328.103577
328.248779
327.959259
327.473236
326.918549
326.690613
326.540802
326.394897
326.367126
325.924133
325.266968
324.784790
324.649506
324.837860
324.626617
324.298279
323.326294
322.991241
323.037872
322.752014
322.173859
321.796417
322.046265
321.960022
321.538666
321.060303
320.803131
320.666168
320.546967
320.683228
320.053406
319.994080
319.591248
319.813995
320.155243
320.158020
319.998260
319.878967
319.905884
319.343201
319.588501
320.306763
320.387756
320.016876
320.014008
320.478424
320.250977
320.770111
321.000732
321.299347
321.773499
322.471283
322.718109
322.280243
322.644867
322.730927
323.117859
323.768005
323.839111
324.116577
324.011078
324.142456
324.561218
324.717865
325.365417
325.659241
325.439392
325.760468
325.553497
325.738464
326.110352
326.384918
326.956604
326.399475
326.860321
327.060211
326.894745
327.134216
326.970490
326.812866
327.043396
327.093994
327.191162
326.935272
326.803497
326.547974
327.048248
326.640137
327.293793
326.859436
326.503662
326.412842
325.835022
325.535370
325.458435
325.695465
325.254211
324.941132
324.644348
324.519806
323.815948
323.720428
323.908844
323.364349
322.574371
323.055939
322.776123
323.039032
322.359680
322.221100
321.962250
321.916351
321.563843
321.388947
321.588379
321.773621
321.251709
321.267548
320.844269
321.199341
320.733643
321.212372
321.371490
321.611450
321.350372
320.972412
321.216431
321.315155
321.714417
321.590851
321.858551
322.133118
322.122955
322.508575
322.377838
322.850891
323.112396
323.556885
323.236542
323.646484
324.642120
323.988892
324.228699
325.023407
325.065643
325.622406
326.001465
325.863525
326.180878
326.778381
326.707123
326.781281
327.042450
327.263397
327.435150
327.970398
328.327881
328.191406
328.922028
328.548218
328.923279
328.929657
328.409576
328.583649
329.069824
329.154572
329.597260
329.000732
329.488708
329.167145
329.371796
328.680420
328.812836
328.745880
328.784027
328.748199
328.354889
328.402618
327.856842
327.660339
327.405914
327.307892
326.880005
327.102386
326.642303
326.470367
326.231781
325.765228
325.666443
325.797668
325.389069
325.554230
325.342926
324.560913
324.215729
324.205566
324.231476
323.938538
323.767090
324.060455
323.999603
323.387085
323.486694
323.631683
324.020966
323.702820
323.237671
323.480804
323.462128
323.367035
323.394775
323.260193
323.480988
323.182007
323.417664
323.572479
323.764160
323.907135
323.724030
324.165253
324.814911
324.568054
325.372772
325.754425
325.545288
325.851654
326.914673
327.031311
327.124603
327.636566
327.846283
328.171722
328.135284
328.251587
329.066528
328.544159
329.554688
329.537811
330.458435
330.638123
330.321350
330.763123
330.807800
330.772400
331.397491
331.278412
331.995087
331.824402
331.584991
331.563263
331.953186
331.854767
331.962311
331.975464
332.353790
332.269775
332.204956
331.975067
332.100311
331.930725
332.100830
331.285400
331.055084
330.660278
331.331512
331.394135
331.239685
330.919342
330.466278
330.355316
330.290192
330.210999
329.954346
330.256989
329.995178
329.995758
329.436829
329.548370
329.430328
329.201965
328.608185
328.675903
328.310303
328.015381
328.177521
328.645142
328.048553
328.285187
327.751923
327.751282
327.181061
327.633575
327.420593
327.835175
327.992218
327.666351
328.095093
328.205841
328.309784
328.323975
328.531952
328.575195
328.670197
329.083710
329.223907
329.169983
329.458466
330.489471
330.794769
330.833069
330.875031
330.709869
331.469147
331.407532
332.462982
332.557220
332.901276
333.327423
333.459991
333.416229
334.274811
334.269745
334.572906
334.641998
335.156738
335.707825
336.069977
336.439850
336.206879
337.053741
336.687500
337.074036
337.158875
337.087524
337.415619
337.768036
337.836853
337.363983
337.473785
337.354065
337.561188
337.913757
338.114532
338.508972
337.855804
338.076965
338.188477
337.925598
337.540131
337.630951
337.283356
337.002747
337.226929
337.029816
336.043854
336.136505
336.244965
335.775208
335.764343
335.547882
335.238312
334.699127
335.525116
334.952301
333.829865
334.407990
333.829315
333.729858
333.584198
333.736664
332.831818
332.743927
332.258850
333.070953
332.767487
332.343109
332.296204
332.101654
332.286194
331.907013
332.250702
332.501282
332.570068
332.182983
332.846466
332.789398
332.699585
332.485870
333.007904
333.155640
333.697144
333.541809
333.741516
334.044525
334.158875
334.958984
335.103394
335.330109
334.817566
335.864288
335.944855
336.733063
336.491119
336.735413
337.609009
338.409912
338.643066
339.190460
339.475861
339.577850
339.562256
340.368195
339.982635
340.331970
340.300934
341.039093
341.148438
341.596222
341.756195
342.020477
341.575684
342.362732
342.879211
342.782745
342.599823
343.175812
343.611938
343.126434
342.865326
342.778748
343.412048
343.434265
343.293030
342.964783
343.230316
343.251343
343.514404
343.913727
343.302429
342.233185
341.396515
341.319855
341.480347
341.019409
341.267761
341.049774
339.660675
339.949188
339.656982
339.047119
339.702728
338.803619
337.929321
337.633636
337.538208
338.138641
337.780609
337.429901
337.322327
336.562286
336.696411
336.536896
336.030823
335.956299
335.261139
335.765594
335.285828
334.797516
334.399597
334.495361
335.269226
335.093445
335.589539
334.825653
335.043701
334.828705
334.865967
335.217957
334.685455
335.027039
335.685730
335.990265
336.166321
336.041168
336.383026
335.971069
336.250732
336.439697
336.515625
337.286621
337.899048
338.504059
338.171356
338.352448
338.441071
338.677277
338.913147
338.981689
339.307251
339.971283
340.294281
341.939758
340.755371
339.718018
340.036987
341.733643
341.509369
341.657166
341.784912
341.665955
341.552307
342.220032
342.628204
342.799377
342.438843
342.643951
342.612946
342.956512
342.824432
342.826965
343.351135
342.417145
342.204254
341.902924
342.680084
342.465210
342.332153
341.513611
341.040985
341.024719
340.387451
340.797058
340.758545
340.517639
340.074890
340.165131
339.367188
339.186890
338.836273
338.734344
338.401215
338.289795
337.632141
337.531464
337.225769
336.820801
336.646515
336.772125
336.614532
336.482452
336.558411
335.706879
335.873566
335.003723
335.368927
335.276398
335.443817
336.021698
335.783569
335.589386
335.432251
335.501495
335.459656
335.421448
335.956543
335.166260
335.244812
335.743530
335.536652
335.980988
336.454956
337.143677
337.431641
337.127411
336.381226
336.813873
337.503143
337.509613
338.000732
337.886993
337.883423
337.187469
337.304260
338.472717
338.550781
338.690491
338.667786
339.114563
339.852173
339.898895
339.899994
339.698059
339.162720
338.443176
338.913818
338.846863
339.098724
339.901093
339.870819
340.226044
340.518860
339.409485
339.492615
339.158203
339.381805
339.244019
338.695007
338.746490
338.619171
338.134155
338.278229
338.943268
338.535706
337.836700
337.421326
337.273621
336.919403
335.708832
335.367401
335.563019
334.943085
335.547699
335.405426
334.493774
334.415344
334.735107
333.898468
333.627228
333.019043
333.519135
333.337219
333.335785
332.597137
332.783295
332.989929
333.307678
332.389191
332.360382
332.279510
333.149048
332.432220
332.304688
332.533325
332.898926
332.972870
332.530182
332.428986
332.347107
332.982574
333.299042
333.636993
332.959839
333.445282
333.663971
333.648743
334.004059
334.208557
334.068512
334.572174
334.826660
335.629486
335.518402
336.005615
335.808716
335.999908
336.069305
336.246826
337.266388
337.426941
337.351440
337.197662
337.125763
336.845856
337.315582
337.859985
337.848450
337.074646
337.490570
337.778259
337.454895
337.798004
338.135315
338.610199
337.950500
337.852234
337.744354
337.035126
336.871460
337.822815
337.313171
336.722534
336.911652
336.783661
336.125366
335.925323
335.183411
334.890808
334.333618
334.602905
334.045044
334.204681
334.339752
333.813141
333.388947
332.824707
331.990021
332.191772
331.606720
331.379211
331.999939
332.177612
332.221954
332.287323
331.686798
331.427277
331.554871
331.817322
331.868500
331.404572
331.401581
332.206970
331.600800
332.540955
332.276733
332.940948
333.413025
333.782288
334.410248
334.229462
334.690277
335.071442
335.148041
335.223297
336.070099
336.396362
337.484375
337.982544
337.886322
337.849609
338.419403
338.809570
338.761353
340.093994
339.418518
339.512878
339.244781
339.126038
338.752686
338.820801
338.522644
338.356018
337.892822
337.200989
336.940735
336.096954
334.895660
333.406067
332.657806
330.921417
329.088013
327.035461
325.563629
323.931732
322.355652
318.897461
316.040192
313.321716
311.223602
308.915833
305.705322
301.949615
298.423828
295.377197
291.767242
287.644806
283.598389
280.375336
275.876190
271.536835
267.433228
263.645599
259.081940
254.548080
250.729599
246.208649
241.999451
237.878143
234.040237
230.117508
225.520813
221.422333
217.523422
214.051773
210.594589
208.064270
205.102829
202.178986
199.814240
197.618134
195.552765
194.106461
192.059753
190.288437
189.547348
188.600082
188.573822
188.252167

