258.750610
174.151962
174.621048
175.438568
176.145432
177.350800
178.775986
180.330353
182.379913
184.430557
186.572235
189.182892
191.640228
194.513535
197.543472
200.757919
203.916611
207.353851
210.797943
214.560455
217.950592
221.799255
225.939117
229.392563
233.000168
236.985657
240.792664
244.345169
248.531830
251.944855
255.589249
258.952057
262.500763
265.595581
269.261993
272.102875
275.130981
278.159363
280.766815
283.677185
285.669922
288.460297
290.129913
292.516327
294.222870
296.545807
298.027130
299.265015
300.919769
302.129456
303.034698
304.414917
305.128815
305.917480
305.928558
307.425964
307.411346
307.877777
307.985931
308.628387
308.452393
308.846313
308.522583
308.338379
308.377869
308.374084
308.173737
308.063965
307.853577
307.413605
307.698700
307.089844
307.229492
306.527557
306.351929
305.927826
305.676300
305.474945
305.674438
305.132904
304.757019
304.804749
304.840668
304.681122
304.906769
304.487061
304.538483
304.418030
304.770905
304.556061
304.968933
304.657745
304.929810
304.897125
304.936005
305.451019
305.812378
305.503632
306.024078
306.350769
307.067413
307.389465
307.372101
307.661621
308.186493
308.703278
308.703461
309.219757
309.406525
309.576508
309.880554
310.331604
310.746521
311.427338
311.723511
311.479309
312.064423
312.090942
312.528168
312.870087
312.699646
312.830627
313.065399
313.256989
313.399017
313.665527
313.652679
313.471985
313.795166
314.066681
313.251709
313.798584
313.731476
313.573090
313.340179
313.093903
312.802612
312.703705
312.546875
312.328186
312.186035
312.183899
311.742432
311.676636
311.285583
310.759766
311.096619
310.679657
310.129211
310.023010
310.088257
309.329132
309.503510
309.277283
308.804108
308.454651
308.671265
308.210388
308.381226
307.877655
307.927032
307.731689
307.766357
307.723969
307.489990
307.684021
307.672028
307.988464
307.305817
308.099304
308.346985
307.961639
308.424652
308.596100
309.043549
308.893127
309.270172
308.937073
309.578857
309.498718
310.526215
310.340607
310.593445
311.168518
311.465546
311.769592
312.114349
312.756500
312.870575
312.912384
313.514862
314.252472
313.843414
314.318207
314.980988
315.171143
315.258789
315.942902
315.926971
316.237213
316.688141
316.973877
317.233826
317.132385
317.008484
317.565491
317.754517
317.793671
317.662750
317.863770
318.529938
317.938354
318.275482
318.312561
318.132935
317.881989
318.202209
318.100922
317.612488
317.738892
317.863098
317.443359
317.212769
317.028809
316.364441
316.396332
316.278595
315.660217
315.925385
315.765594
315.678802
315.498810
314.837372
314.644073
313.918152
314.140015
314.147583
313.707214
313.457581
312.966858
313.058716
313.017639
312.555359
312.001099
312.241119
312.103516
312.072540
311.719452
311.558014
311.480469
311.211121
311.520538
311.825806
311.631439
311.467316
311.487030
311.265106
312.021912
312.223816
311.698730
312.049927
312.386505
312.135498
312.485168
312.777649
312.998718
313.575226
313.695526
313.846039
313.808044
314.327087
314.640869
314.890503
315.073120
315.608337
315.878174
316.016174
316.502136
316.194824
317.316040
317.140167
317.441284
317.621979
318.256104
318.643158
318.809296
319.020599
319.468842
319.191254
319.499176
319.618713
320.017212
320.133362
320.441803
320.184204
320.458557
320.389893
320.294373
320.599396
320.333862
320.827911
320.234589
320.483734
320.787201
320.573425
320.540955
320.199890
320.169403
320.076263
319.980164
319.988342
319.670410
319.260834
319.608612
318.537933
318.768890
318.455170
318.382599
318.074829
317.787781
318.049042
317.783752
317.402374
317.362793
317.150909
317.054993
316.714966
316.721466
316.528351
316.183380
316.160980
316.444794
316.102997
316.020844
316.007080
316.333344
316.201660
316.051971
315.738007
315.560577
316.089844
316.410736
316.214874
316.457947
316.370667
316.536560
316.518951
317.048676
317.003967
317.249329
317.504547
317.684937
318.123993
318.231537
318.364471
318.793701
318.863251
319.246979
319.409363
319.898621
320.168427
320.543549
320.773987
320.893036
321.079041
321.832733
321.725616
322.073669
323.031677
323.267487
323.081085
323.391205
323.327484
323.860291
324.068359
324.660828
324.287506
324.152344
324.647095
324.937988
325.138214
325.404419
325.054535
324.842621
324.863403
325.212433
325.720276
325.171967
325.342194
325.359406
325.261963
325.249634
324.702148
325.029205
325.246979
324.934265
324.755249
324.534668
323.915710
323.909363
323.706848
324.133911
323.979492
322.937683
323.142120
322.679596
322.823944
322.276520
322.321167
322.316559
322.170135
321.922058
321.449799
321.922150
321.679138
321.247711
320.816864
320.928802
320.552673
320.713928
320.571777
321.015625
321.004425
320.707123
320.649139
320.813782
320.975891
320.708221
320.767731
320.983948
321.005463
321.268127
320.730957
321.685669
321.411285
321.669800
321.928802
322.375183
322.280029
322.663666
322.553680
323.218170
323.417419
323.709900
323.983704
324.136414
324.488739
324.923553
324.704285
325.419312
325.714691
326.004395
326.172913
326.043213
326.521667
326.770294
327.532593
327.377228
327.536011
327.968475
327.987732
328.485413
328.257660
328.846375
329.225677
328.945709
329.673248
328.991699
329.140594
329.506500
329.429932
329.066498
329.456970
329.802002
329.702484
329.813995
329.409485
329.699585
329.591095
329.394409
329.258392
328.913910
329.263580
328.943176
329.018707
329.172577
328.477264
328.716370
328.661774
328.493317
327.658478
327.739746
327.214874
327.789093
327.469360
327.298828
327.116058
326.938660
326.985748
326.379059
326.539032
326.403381
326.640930
325.990417
326.206146
325.927856
325.944824
326.401978
326.119507
326.302673
326.443787
326.273621
326.677185
326.541534
326.740204
327.042480
326.988708
327.606995
327.544037
327.693665
328.244720
327.804321
328.288300
328.594208
328.752289
329.565948
329.875824
329.848663
330.382660
330.394836
330.604431
331.126465
331.795044
331.923584
332.195465
332.975342
333.338959
333.216827
333.644806
334.595032
334.730011
334.820648
335.027893
335.542145
336.114075
336.333466
336.635559
337.023132
337.136963
336.977966
337.859283
337.453735
338.003052
338.216644
338.217773
338.692719
338.528107
338.846344
338.870300
338.906403
338.643951
339.063629
338.851562
339.010468
338.720490
338.370728
339.233337
338.635223
338.332184
338.379639
338.204285
337.904694
338.683960
337.944885
337.885773
337.431244
337.353882
337.038208
336.645966
336.970215
336.876099
336.515350
336.549286
335.896393
336.183502
336.211975
335.702911
335.495361
335.572968
335.190796
335.298523
335.722473
335.064453
335.370148
335.378113
335.225708
335.531830
335.360291
334.805481
335.292175
335.028748
335.523346
335.995117
335.557983
335.827728
336.498627
336.325470
336.378326
336.697784
336.982147
337.120789
337.703888
338.083069
338.481903
338.575348
339.003540
339.554749
340.038452
340.365692
340.720062
341.056244
341.194855
341.531921
342.451660
342.370667
343.282928
343.349365
343.755951
344.311249
344.378632
345.325165
345.517670
345.845764
346.226776
346.353638
346.398041
347.272858
346.917206
347.578308
347.915558
347.528625
347.947266
348.540497
348.463104
348.704834
348.926880
348.975433
349.121307
348.789642
349.124298
349.022400
348.596863
348.286713
349.023682
348.916321
348.338654
348.431488
348.416809
348.210388
347.867523
347.770264
347.718170
347.505249
347.449158
346.614105
346.702362
346.297211
345.924744
345.795105
345.660309
345.059906
344.928680
344.838745
344.894287
344.254089
343.863922
344.151764
343.813446
343.430115
343.291718
343.320862
342.758118
342.999664
342.753967
342.538055
342.236237
342.482117
342.802063
342.487244
342.288818
342.476196
342.384277
342.448242
342.714844
342.922760
342.778168
342.894440
343.175812
343.446014
343.174866
343.697510
343.991669
344.363953
344.461060
344.726410
344.984863
345.574005
345.478363
346.172241
345.920624
346.454315
346.466766
347.138824
347.520844
347.907898
348.090027
347.669586
348.766937
348.761414
349.415863
348.832123
349.557800
349.712860
349.833954
350.295898
351.117706
350.420135
351.080658
351.306580
351.694458
351.741333
351.462372
351.548096
351.949005
351.855286
351.941193
351.907776
351.924438
351.738983
352.249176
351.665558
351.476807
351.805481
351.545746
351.206024
350.898895
350.579254
350.798340
350.368286
350.753876
350.016510
350.145264
349.866028
349.760620
349.478912
349.184052
349.286987
348.871185
348.644226
348.192810
348.334076
347.953308
347.722809
347.431458
347.227295
347.252960
347.096771
347.296936
347.086853
347.036499
346.703583
346.680145
346.538391
346.571350
346.443024
346.219635
346.595398
346.807068
346.594666
346.399170
346.950562
346.944824
346.841003
347.249542
347.221619
347.930511
347.261139
347.981476
348.198975
348.197723
348.333466
348.641235
349.135406
348.938751
348.901672
349.936615
350.008453
350.474365
350.278412
350.001587
350.450134
350.718262
350.976746
351.721924
351.377319
351.573456
351.710846
351.757812
352.378326
352.291595
352.545380
352.934845
352.906738
352.525879
353.069397
353.055115
352.820099
353.073364
352.932892
353.407867
352.847504
352.854919
352.872009
352.511688
352.090942
352.319092
352.516846
351.985382
351.786652
351.714081
351.800354
351.249939
350.873169
351.263641
350.944092
351.070007
350.340057
349.969513
349.510803
349.953491
349.345673
349.179535
349.103119
348.271545
348.403656
348.403809
347.889557
347.130066
347.400604
347.418579
347.424805
347.055359
347.127563
346.702606
346.564514
346.897430
346.879181
346.968933
347.074463
346.572662
346.353790
346.856537
346.679901
347.334747
346.742249
347.014313
347.018341
347.428223
347.518677
347.907959
347.926117
347.920868
348.053528
348.250641
348.836487
349.168030
349.266968
349.792542
349.685394
350.357086
350.108002
350.112762
350.776581
350.743835
350.730103
351.085968
351.260651
351.483032
351.604187
352.296112
352.290741
352.032837
352.206390
352.396820
352.165924
352.303711
352.314575
352.615234
352.010315
352.412231
352.323792
352.375641
352.069000
352.058258
352.024536
351.338318
351.165222
351.332336
351.316559
350.721832
350.520111
349.781769
350.023560
349.280060
349.076996
348.724670
349.096405
348.375916
348.316315
348.130981
347.661591
346.802002
347.041931
347.202942
346.709351
346.450348
345.863251
346.100037
346.031464
345.886627
345.654266
345.872467
345.935089
345.558533
345.670898
345.696259
346.249298
345.748230
345.967621
346.199982
346.982025
346.882141
347.516663
347.359039
347.968048
348.564087
348.543121
349.351776
349.305359
349.540039
349.962585
350.591583
351.092682
351.217926
351.436127
352.494049
352.360138
352.701721
353.257050
352.970734
353.587463
353.714996
353.911957
354.172607
353.587067
353.875153
353.864258
353.194458
353.060547
352.442627
351.721252
350.951233
349.706665
348.729095
348.041473
346.513702
345.170624
343.535889
341.378418
339.942841
337.465088
335.512299
332.663879
329.801483
327.446625
324.841431
321.405396
318.107391
315.188446
311.591919
307.754578
303.746735
299.471985
295.793945
291.745941
287.195465
283.274689
278.574707
274.164734
269.711212
265.163666
260.649689
256.045837
251.858643
247.175171
242.841095
238.733627
234.652863
230.794266
226.861771
223.330322
219.682983
216.361862
212.874634
210.145340
207.554764
204.848160
202.793472
201.045364
199.331177
197.898865
197.093872
196.226852
195.703110
195.707504

253.454422
174.430771
174.871628
175.737595
176.449615
177.645157
179.069321
180.630371
182.664062
184.720917
186.896896
189.511307
191.975525
194.852158
197.902145
201.123138
204.273056
207.730011
211.177658
214.950394
218.366287
222.229584
226.362030
229.820038
233.465439
237.435074
241.271866
244.833374
249.013702
252.450195
256.113922
259.485352
263.047974
266.151154
269.850342
272.704224
275.760223
278.778381
281.426422
284.321411
286.350983
289.123383
290.822784
293.218109
294.963287
297.319794
298.775421
300.002228
301.704865
302.912384
303.851166
305.226624
305.956116
306.775299
306.753571
308.305969
308.302551
308.756348
308.882477
309.538483
309.367065
309.753052
309.460571
309.252411
309.312561
309.334106
309.130371
309.005981
308.772552
308.330139
308.651245
308.025726
308.171204
307.456818
307.271362
306.878815
306.601807
306.408264
306.600433
306.049713
305.658600
305.739960
305.728851
305.584564
305.788330
305.352631
305.388672
305.251282
305.622101
305.384827
305.777283
305.453888
305.717804
305.662903
305.681305
306.179413
306.555054
306.183228
306.699402
307.036316
307.691681
307.997864
307.986755
308.249329
308.782227
309.262146
309.220398
309.713989
309.897949
310.001099
310.321075
310.730286
311.123474
311.784363
312.096985
311.796814
312.346863
312.365570
312.785797
313.085114
312.898651
313.021332
313.212799
313.389587
313.515625
313.756592
313.737671
313.502441
313.817139
314.058502
313.234589
313.747925
313.675018
313.509216
313.215637
312.974182
312.647156
312.553772
312.377869
312.123169
312.008240
311.939880
311.503204
311.393616
311.003357
310.474335
310.814667
310.381378
309.803741
309.693573
309.734283
308.962036
309.145691
308.885834
308.421814
308.061523
308.275055
307.802917
307.958099
307.471710
307.484192
307.321991
307.359436
307.283081
307.062683
307.240479
307.241425
307.549896
306.885345
307.690369
307.904755
307.516998
308.013763
308.172546
308.649872
308.493500
308.909332
308.516327
309.196777
309.132812
310.153442
309.954651
310.238251
310.848816
311.138580
311.415436
311.797516
312.468140
312.619141
312.665009
313.268463
314.008118
313.626099
314.105316
314.779877
314.956909
315.067444
315.780548
315.772797
316.086853
316.551270
316.876465
317.152863
317.094055
316.949280
317.515869
317.763214
317.784271
317.630035
317.906433
318.612915
317.969635
318.342102
318.384003
318.208374
318.034882
318.298157
318.252350
317.773712
317.899353
318.048157
317.638428
317.432678
317.249756
316.611084
316.637543
316.574768
315.952667
316.237396
316.058380
315.989197
315.848724
315.167633
314.999695
314.304352
314.507141
314.523834
314.121033
313.884277
313.391266
313.513306
313.467743
312.996063
312.487122
312.717438
312.567352
312.590515
312.210144
312.030670
312.007385
311.735779
312.063873
312.349030
312.205536
312.008209
312.046967
311.833221
312.626160
312.789551
312.255768
312.641235
313.032593
312.731140
313.108276
313.394775
313.630737
314.188171
314.336914
314.502289
314.478729
314.944977
315.284851
315.536377
315.719482
316.283905
316.533539
316.677917
317.177185
316.893951
318.044281
317.839630
318.119843
318.317535
318.963501
319.375153
319.535339
319.721069
320.214325
319.907074
320.249756
320.358765
320.765778
320.901306
321.199432
320.947815
321.233765
321.171295
321.079102
321.384644
321.146881
321.604004
321.064667
321.292603
321.645386
321.423798
321.395966
321.043304
321.031921
320.979553
320.870941
320.860474
320.551910
320.158264
320.460205
319.414093
319.640900
319.363098
319.254608
318.996887
318.697327
318.931122
318.660736
318.335052
318.291687
318.095490
318.001984
317.646149
317.694611
317.490906
317.193542
317.126678
317.450287
317.062256
316.986755
317.003967
317.295441
317.194244
317.046600
316.771698
316.503052
317.137665
317.391907
317.213165
317.439911
317.350006
317.525269
317.539856
318.067200
317.950928
318.251129
318.471802
318.704102
319.148926
319.227417
319.297607
319.805084
319.807007
320.233765
320.374512
320.830261
321.165802
321.527161
321.735901
321.860809
322.041748
322.768311
322.656464
322.977753
323.943512
324.214783
324.012360
324.234894
324.178192
324.698975
324.880737
325.537048
325.148987
324.997101
325.483276
325.760956
325.937775
326.204224
325.810486
325.615875
325.627533
325.942871
326.430420
325.844147
326.063782
326.020935
325.918213
325.879303
325.300446
325.650055
325.885437
325.489105
325.334381
325.106842
324.480225
324.458893
324.255249
324.651855
324.437164
323.407806
323.624054
323.111420
323.230530
322.742676
322.706055
322.689117
322.542389
322.316315
321.793488
322.240234
321.973785
321.571838
321.085358
321.216644
320.818481
320.977509
320.836304
321.273468
321.246613
320.943756
320.813416
321.017761
321.135956
320.875427
320.948303
321.139038
321.144501
321.381439
320.855133
321.793213
321.517365
321.731079
322.002808
322.405518
322.342255
322.702972
322.627167
323.278320
323.466827
323.750458
323.980408
324.197266
324.503418
324.938965
324.711060
325.408722
325.708832
326.004028
326.141266
326.019806
326.492920
326.765686
327.550415
327.366089
327.523773
327.956207
327.973206
328.443268
328.260559
328.840179
329.211121
328.931488
329.651917
328.964172
329.109558
329.479004
329.412170
329.056610
329.433685
329.795197
329.676605
329.805511
329.398193
329.670471
329.589966
329.417847
329.280945
328.931854
329.285767
328.965942
329.034058
329.216888
328.504883
328.742035
328.714142
328.506897
327.715118
327.776001
327.277222
327.834381
327.516998
327.337555
327.165497
327.011200
327.045227
326.457550
326.585358
326.476379
326.707184
326.048676
326.268890
326.009644
325.995575
326.458130
326.207123
326.413422
326.510345
326.334351
326.655853
326.620209
326.813599
327.085419
327.067017
327.664337
327.636841
327.773682
328.304718
327.855377
328.351227
328.655914
328.823700
329.623352
329.917786
329.889404
330.429108
330.438843
330.632721
331.163788
331.822357
331.948853
332.229156
332.978302
333.367645
333.234619
333.646332
334.606873
334.744598
334.841003
335.007690
335.534607
336.127655
336.307098
336.627777
337.004944
337.107025
336.950623
337.819672
337.414337
337.953064
338.166718
338.175781
338.621704
338.447388
338.779602
338.803864
338.815277
338.565826
338.974976
338.764069
338.900055
338.636108
338.281586
339.128540
338.539337
338.199097
338.246338
338.071930
337.779938
338.530243
337.825745
337.752533
337.306702
337.237946
336.894653
336.516296
336.843048
336.725189
336.356812
336.409729
335.737549
336.037445
336.062408
335.559387
335.350159
335.425079
335.052643
335.178833
335.555450
334.912598
335.237488
335.244110
335.084442
335.364716
335.214417
334.638214
335.151611
334.893402
335.391479
335.873535
335.428375
335.722870
336.395203
336.214874
336.257507
336.594696
336.881409
337.025848
337.578522
337.969727
338.413300
338.494232
338.936615
339.474030
339.968109
340.301300
340.653137
341.006287
341.154846
341.503845
342.392944
342.324188
343.236267
343.324280
343.746826
344.311584
344.371979
345.317413
345.496277
345.851868
346.241577
346.388092
346.436707
347.340149
346.972504
347.615082
347.954468
347.556183
348.021057
348.615417
348.501495
348.767975
348.993805
349.047668
349.205597
348.896027
349.234863
349.119141
348.697327
348.413574
349.164459
348.996460
348.479401
348.585632
348.605225
348.374084
348.060760
347.958038
347.905334
347.672699
347.619629
346.787964
346.851471
346.505798
346.146362
345.971649
345.879395
345.277527
345.114746
345.006317
345.108765
344.442871
344.084167
344.373535
344.051636
343.639893
343.529297
343.538422
342.963989
343.230347
343.023926
342.800171
342.483948
342.692078
343.029999
342.722015
342.528992
342.740906
342.602386
342.680603
342.988708
343.149475
342.997803
343.142242
343.411194
343.665863
343.429138
343.947662
344.237213
344.624695
344.718628
345.000824
345.221161
345.810028
345.750427
346.397125
346.147125
346.674591
346.725342
347.361450
347.765045
348.142914
348.317932
347.930237
348.991577
348.980896
349.651794
349.034088
349.790649
349.993561
350.057983
350.473572
351.377747
350.641724
351.315582
351.520081
351.909119
351.966736
351.674866
351.791229
352.172211
352.087006
352.167664
352.133453
352.134888
352.010345
352.471100
351.838715
351.678802
352.052185
351.787994
351.395111
351.108673
350.796112
350.970032
350.574371
350.996582
350.256866
350.329010
350.046234
349.948761
349.674713
349.343323
349.482605
349.060120
348.847931
348.376923
348.536530
348.101074
347.903992
347.630402
347.398071
347.391846
347.312317
347.473633
347.237518
347.211853
346.865601
346.857208
346.685394
346.735504
346.572632
346.340820
346.731110
346.952637
346.754761
346.537903
347.083679
347.079163
346.960846
347.416565
347.358124
348.036835
347.396881
348.133636
348.317505
348.279358
348.456726
348.749481
349.278748
349.048157
349.039612
350.029449
350.108795
350.585846
350.404144
350.093903
350.548553
350.841705
351.033661
351.813110
351.475464
351.626038
351.822540
351.829773
352.433929
352.383667
352.579041
352.990021
352.964874
352.612152
353.148560
353.121033
352.851501
353.121155
352.954132
353.431458
352.884308
352.903381
352.928558
352.544861
352.107483
352.345764
352.561829
352.007416
351.814240
351.713165
351.806458
351.236633
350.882568
351.252258
350.905792
351.029083
350.319000
349.970398
349.467896
349.917725
349.326508
349.168060
349.065796
348.209991
348.345093
348.363556
347.844574
347.059784
347.360199
347.367493
347.358185
346.985840
347.072998
346.623993
346.488068
346.829956
346.804047
346.893158
346.983337
346.495575
346.264618
346.742584
346.570770
347.203278
346.620911
346.885010
346.916779
347.326324
347.422180
347.775574
347.791107
347.812653
347.923126
348.141724
348.724243
349.067444
349.129730
349.666565
349.552002
350.251831
349.954102
349.984344
350.646240
350.607788
350.603882
350.950378
351.130707
351.319855
351.459351
352.170959
352.141357
351.911804
352.095428
352.275818
352.011536
352.191437
352.165344
352.473083
351.883514
352.221863
352.179169
352.235687
351.907013
351.894257
351.919769
351.205994
351.065918
351.203644
351.206146
350.595520
350.401550
349.640930
349.910828
349.180420
348.973846
348.638519
348.977051
348.252991
348.215118
348.042877
347.583649
346.691620
346.959015
347.097412
346.627869
346.365509
345.768982
346.025726
345.968933
345.818237
345.583801
345.824005
345.902588
345.505585
345.621399
345.655426
346.235992
345.745758
345.959534
346.185333
346.969299
346.891602
347.505920
347.374573
347.969543
348.566711
348.571228
349.392670
349.325653
349.561371
350.021942
350.660400
351.165619
351.287689
351.515991
352.586731
352.434418
352.803589
353.371582
353.056580
353.713013
353.842834
354.059784
354.334442
353.729980
354.023865
354.013855
353.354706
353.231720
352.615906
351.878510
351.156738
349.893921
348.906403
348.259949
346.736816
345.378296
343.780060
341.600464
340.222382
337.732513
335.754395
332.920868
330.068542
327.730438
325.114899
321.690948
318.408966
315.485138
311.917114
308.057770
304.064789
299.782257
296.108368
292.079193
287.530823
283.601990
278.904846
274.489136
270.044647
265.537292
261.005249
256.413269
252.241455
247.536438
243.233536
239.113922
235.017090
231.204987
227.234390
223.724350
220.078720
216.753784
213.278488
210.548431
207.961731
205.239594
203.199280
201.440552
199.747467
198.289169
197.498383
196.642456
196.112717
196.271408

197.099075
185.104584
185.500641
186.126434
187.221832
188.468887
189.840378
191.681091
193.331482
195.791641
198.065964
201.043793
203.890518
206.926910
209.778687
213.175842
216.675186
220.512848
224.117035
228.132599
231.804688
236.026505
240.150238
243.953659
247.825439
252.139740
255.772217
259.734253
264.061981
267.654144
271.555298
275.096680
279.007599
282.676544
286.032501
289.133057
292.530060
295.365601
298.355621
301.110626
303.892578
306.423523
308.631958
310.655090
313.069305
314.627380
316.315277
317.529877
319.544434
320.191559
321.818634
322.773468
323.376648
324.699371
325.258148
325.561462
325.867737
326.197906
326.648346
326.840515
327.223572
327.083466
327.161896
327.290192
326.846558
326.538605
326.565247
326.005798
325.824341
325.681305
325.334106
324.753815
324.501373
324.443817
324.026215
323.310150
323.583710
322.980591
322.476471
322.027405
322.322723
321.435242
321.371613
321.438293
321.340942
321.191284
321.154266
320.819214
320.908905
321.050293
320.883850
321.071838
321.400116
321.771606
321.646240
321.414886
321.971161
322.302429
322.242981
322.703125
322.666565
323.063904
323.408142
323.650970
324.166290
324.508026
324.769989
325.543488
325.724670
325.998474
326.172729
326.211884
326.373779
326.990356
327.328949
327.559998
327.789307
328.105164
328.129639
328.429779
328.331970
328.723206
329.089691
328.727875
329.339233
329.037872
329.012329
328.915619
329.124542
329.026733
328.605530
328.787476
328.459290
328.699463
328.684967
328.344940
328.153839
327.879120
327.638031
327.207886
327.346008
326.328705
326.384766
326.301300
325.989441
325.574127
325.268799
324.667114
324.568817
324.353790
323.903137
323.471527
323.489471
322.771088
322.723724
322.597351
322.507172
321.938599
321.636444
321.391724
321.349945
321.474213
321.049225
321.333252
320.608307
320.679932
321.541412
320.989868
321.088318
321.227600
320.959473
321.800690
321.417236
321.427368
321.789734
321.704681
321.684753
322.562347
322.752625
322.604675
322.944855
323.543579
323.855438
323.994751
324.091705
324.455170
324.521667
324.933258
325.373627
325.695648
325.719055
326.444641
326.263367
326.814056
327.292053
327.513062
327.848114
328.472321
328.276245
328.597046
329.139313
329.260864
329.621063
329.877563
329.767365
330.371277
329.903595
329.757996
330.230896
329.857666
329.952667
330.114716
330.110199
330.230988
329.836823
329.890991
329.613708
329.563110
329.424591
329.189697
329.261902
328.511169
328.528015
328.288940
328.067841
328.224091
327.864136
326.915161
326.960022
326.425598
326.215515
326.071075
325.621246
325.256683
325.341766
325.122162
324.442017
324.319244
323.944031
323.721252
323.487457
323.224670
323.124329
323.270142
322.620880
322.488800
322.215363
322.291229
322.243591
321.925507
321.978516
321.303314
321.913544
321.590607
321.439972
321.737122
320.842499
321.609863
321.671051
322.053833
321.580841
321.884949
321.980225
322.282074
322.497803
322.225159
322.686035
322.830963
323.693329
323.560242
323.905334
324.228577
324.617096
324.447876
325.035187
325.639130
325.817352
325.957520
326.093781
326.117615
326.650513
327.149475
327.200592
327.350891
327.698761
327.567993
327.964142
328.047699
328.506866
328.856293
328.987122
329.211761
328.792450
328.985291
328.984619
328.933899
329.365356
329.338226
329.091431
329.158600
329.185333
329.080872
329.182465
328.973328
329.112152
328.939240
328.879211
328.230011
328.354828
328.410767
328.198700
327.773468
327.887177
327.363922
327.181732
326.583069
326.575287
326.841888
325.940399
325.856995
325.783966
325.036224
325.388123
325.015381
324.703583
324.961243
324.297485
324.221130
324.046631
324.063507
323.668854
323.599854
323.378845
323.248871
323.163940
323.501434
322.821472
323.027435
322.914764
322.703613
322.896454
323.124359
323.202515
323.248077
323.297119
323.011261
322.956390
323.692108
324.078613
323.961395
324.768524
324.366669
324.355194
324.809265
325.310120
325.421265
325.352631
325.517944
325.587036
326.465729
326.355713
326.580902
327.226410
327.057922
327.779144
327.930786
327.983368
328.084747
328.354126
328.642242
329.430176
328.930969
329.703369
330.103363
330.184296
330.073578
330.318695
330.529236
330.732513
330.624634
331.155182
330.878204
330.956085
330.991943
330.917572
330.773926
330.771912
331.185455
330.791870
330.907166
330.801880
330.442932
330.148590
330.032196
330.188385
329.878235
330.146942
330.055573
329.376984
329.356842
329.513458
328.958038
328.497284
328.110779
328.113861
328.066833
327.596619
327.688263
327.655334
326.939056
326.780548
326.602814
326.444397
326.272339
326.235901
325.816742
325.528778
325.789642
325.723358
325.298828
325.276459
324.996338
325.158783
325.186066
325.625244
325.246368
325.004120
324.954956
325.047394
324.872681
325.103241
325.393555
325.288086
325.385956
325.857086
325.274811
325.723083
325.959076
325.839752
326.208435
326.568451
327.140381
327.086365
327.274475
327.398987
327.837494
328.291931
328.577393
328.445038
328.555206
329.331177
329.465485
329.829773
329.727722
330.154541
330.671936
330.178436
330.814972
331.049652
330.975403
331.160156
331.295105
331.408234
331.890198
331.436462
331.588684
332.435272
332.621216
332.350189
332.202087
332.346924
332.434265
332.717377
332.396820
332.275299
332.275452
332.328186
332.089752
331.773712
331.695770
331.500061
331.423187
331.728424
331.424103
330.803833
330.480316
330.956573
330.418884
330.022186
329.990479
330.159821
329.418121
329.647797
329.464935
328.881592
328.769531
328.578247
328.901398
328.454559
327.916321
328.174469
327.837067
328.159302
327.290070
327.049103
327.834717
327.339508
327.635468
327.541534
326.990814
327.172302
327.339630
327.920135
327.449463
327.175751
327.654175
327.855591
327.625763
328.212189
327.974060
328.607788
328.239685
328.995636
328.958801
329.638245
329.452087
329.981934
330.230927
330.656067
330.443970
330.911102
331.378296
331.371338
331.635620
331.909851
332.599945
333.001770
333.058746
333.008759
333.763855
333.969391
334.119293
334.400238
334.796021
334.908722
335.289551
335.557709
335.968079
336.065979
336.242188
336.108368
336.509033
336.366730
336.974609
336.868591
337.427460
337.194916
337.521454
337.241516
337.076599
337.646057
337.353821
336.589783
336.946808
336.604034
336.650177
336.554321
336.695312
336.306854
336.040741
336.112518
336.051300
335.442230
335.444244
335.259094
335.187012
334.556519
334.453583
334.540344
333.781799
333.517700
333.409515
333.718018
332.945496
332.961761
332.007385
332.542725
332.233887
331.953217
331.978729
331.637695
331.663177
331.591217
331.200653
331.291687
331.285492
331.014313
331.122009
331.183380
331.168671
331.557556
331.033569
331.455872
331.294006
331.829590
331.705994
331.290253
331.730011
332.051422
332.582703
332.774078
332.737183
332.904572
333.372101
333.437439
333.897186
333.843201
334.527039
335.022400
334.835480
335.970917
335.787659
336.258209
336.341492
337.209320
337.676880
337.814697
338.066681
338.689453
338.605835
338.758179
339.164001
339.691956
339.665100
340.333832
340.367157
340.340942
340.684570
341.317505
340.940033
341.522369
341.004974
341.605042
341.645172
341.632660
341.747803
341.870422
341.702881
342.013641
342.068237
341.821747
341.538879
341.440460
341.418152
341.211090
341.119141
340.935822
340.846436
341.256531
340.335663
340.097595
339.745178
339.566650
339.649323
338.863007
338.906219
338.437531
338.005005
338.393982
337.521240
337.112305
337.073669
336.511108
336.520599
336.472748
336.054443
335.849152
335.254761
335.041412
334.801666
334.693817
334.477875
334.342712
334.552277
334.035675
333.831177
333.850281
333.770203
333.616943
333.767242
333.747437
333.945892
333.712769
333.453125
333.396912
333.736420
333.995972
334.032745
333.755859
334.168274
334.464325
334.627930
334.983795
335.124390
335.333496
335.694855
335.896271
336.008209
336.495361
336.866058
336.824890
337.692017
337.343414
337.635773
337.604156
338.186584
338.353485
338.381256
338.742035
339.123718
338.631836
339.428925
339.328125
339.926666
340.232635
340.440247
340.697968
340.463318
340.810638
340.415497
340.991028
340.904724
340.839600
341.604156
341.125580
341.119781
340.838074
340.923859
341.009460
340.563507
340.405457
340.764832
340.897369
340.476562
340.310822
339.921082
339.896606
339.581909
339.338898
339.532684
339.130310
339.537689
338.603119
338.485657
337.751312
337.857391
337.700226
337.448273
337.198212
336.992157
336.835297
336.619720
336.506683
335.901184
335.900940
336.089691
335.334564
335.338776
335.638947
334.913971
335.528290
335.002716
334.743195
335.123505
334.714874
334.674866
335.001160
334.785553
334.929474
334.918640
334.783722
334.809692
334.956787
335.326538
335.191589
335.536499
335.863007
335.664337
335.978210
335.928040
335.953186
336.338501
336.495026
336.707367
337.008789
337.201141
337.289917
337.798462
337.702301
337.653168
338.452606
338.434021
338.553864
338.969330
339.217957
339.474213
338.778381
339.505707
339.398499
339.734650
340.133453
339.695068
340.051147
339.952240
340.059875
340.061523
339.979675
339.904419
339.930603
340.128693
339.678894
339.934540
340.060486
339.497314
339.301971
339.168243
339.022644
339.054779
338.552582
338.490631
338.620605
338.587555
338.711334
337.973969
337.604797
337.089874
336.974335
336.800964
336.925201
336.794281
336.319733
335.595947
335.287415
335.323120
335.079712
334.823120
334.660706
334.504944
334.301086
334.226044
333.929260
334.123993
333.769012
333.897583
333.520081
333.380646
333.493530
333.301971
333.211700
333.447449
333.445740
333.344513
333.120239
333.776062
333.849396
333.806427
333.703400
334.390961
334.308594
334.076477
334.076935
334.437012
334.269623
335.047485
335.057739
335.359619
335.307709
335.911041
336.163239
336.260498
336.263641
336.382507
336.572815
337.149506
336.761505
337.433533
337.526337
337.762390
337.576904
337.734589
337.358185
338.670471
338.240326
338.356537
338.048798
338.352936
338.179443
338.040375
337.855591
337.871918
338.401245
337.816376
337.976898
337.430481
337.317505
337.609192
337.012482
337.226562
336.414917
336.492859
336.063599
335.947876
335.776031
335.503235
335.110229
334.983307
334.734344
334.264923
333.833527
333.757538
333.139008
332.747955
332.785583
332.547058
332.384583
332.034576
332.201874
331.634338
331.421600
331.772400
332.104645
331.694641
331.731995
331.801056
331.438477
331.124542
331.712891
331.997803
331.475037
331.874847
332.448517
332.340729
332.625092
333.048859
333.032349
333.824432
333.885223
334.099274
334.640869
335.242920
335.468109
336.080994
336.408691
336.604736
336.789185
337.230347
337.501160
337.999786
337.996429
338.345093
339.141357
338.415497
338.803314
338.999878
338.516388
338.672882
338.702972
337.916077
337.855438
336.893616
336.756287
335.845459
335.072388
333.697052
332.769501
331.452759
329.577820
328.138733
326.822632
324.865112
322.805786
320.825531
318.278931
316.102692
313.184723
310.074646
307.366730
303.989075
300.865356
297.797089
294.434784
290.750916
286.579041
283.064362
278.994202
275.171997
270.869751
266.111053
262.331757
257.998016
253.622833
249.510742
245.269821
240.860855
236.793564
232.698868
228.531952
224.577774
220.967072
216.991898
213.514389
210.076019
207.049103
204.025696
201.414307
198.639496
196.159851
194.052826
192.421494
190.940079
189.597198
188.711578
187.961288
187.594208
187.063980

199.618942
185.708908
186.103912
186.721039
187.822159
189.051468
190.446793
192.260620
193.921356
196.387451
198.682190
201.657715
204.525345
207.546295
210.415359
213.805084
217.307465
221.175903
224.775223
228.788483
232.481750
236.692459
240.845337
244.652664
248.496582
252.855942
256.487823
260.492828
264.823303
268.391388
272.343201
275.874878
279.804413
283.507416
286.859467
289.978027
293.373993
296.194580
299.214142
301.974670
304.789215
307.367798
309.514618
311.568176
314.054047
315.575653
317.276825
318.490448
320.525024
321.186249
322.823425
323.811127
324.407166
325.749207
326.335327
326.602142
326.915985
327.279358
327.747162
327.938385
328.324188
328.206299
328.269379
328.392883
327.975647
327.716248
327.705414
327.133972
326.968079
326.791992
326.475922
325.924164
325.652191
325.614929
325.165955
324.490845
324.726868
324.182953
323.655487
323.209442
323.508484
322.647552
322.529175
322.611877
322.519867
322.381470
322.331329
321.977692
322.069305
322.202942
322.049103
322.237488
322.537628
322.942139
322.760651
322.555969
323.064056
323.384308
323.325653
323.789032
323.758362
324.124481
324.485443
324.715881
325.217438
325.557007
325.856201
326.582581
326.713379
327.006775
327.165771
327.194855
327.346710
327.922180
328.264069
328.488953
328.721802
329.058807
329.023926
329.276001
329.235992
329.611603
329.977203
329.575562
330.165283
329.873962
329.803162
329.727234
329.949554
329.796539
329.367889
329.550110
329.148651
329.404602
329.425842
329.065216
328.880157
328.565277
328.357208
327.852692
327.996857
326.965088
327.033966
326.936615
326.619476
326.179443
325.876740
325.252808
325.162811
324.953461
324.461639
324.060455
324.036774
323.296448
323.256287
323.125732
322.992279
322.462158
322.162109
321.914062
321.817719
321.968628
321.523071
321.786224
321.073822
321.134857
321.997559
321.459259
321.531799
321.644318
321.414886
322.210236
321.798035
321.818787
322.217743
322.088013
322.074860
322.976959
323.119659
322.975952
323.293610
323.915741
324.226349
324.329834
324.472015
324.806152
324.901611
325.274811
325.703430
326.033722
326.038177
326.767578
326.602936
327.096100
327.574707
327.784821
328.144684
328.772125
328.573303
328.866028
329.383148
329.536682
329.876495
330.112762
330.003387
330.591797
330.134460
329.978180
330.451569
330.095947
330.178009
330.327240
330.331329
330.445282
330.014679
330.066467
329.790802
329.742432
329.559052
329.361053
329.409943
328.641327
328.669403
328.427521
328.194641
328.335754
327.977753
327.017365
327.047211
326.525696
326.278351
326.150879
325.685730
325.310120
325.401306
325.177155
324.466095
324.351105
323.962585
323.733337
323.490875
323.246460
323.132080
323.262024
322.609619
322.476074
322.191589
322.242859
322.202637
321.904510
321.932648
321.269470
321.853394
321.562164
321.383728
321.679077
320.779602
321.567352
321.632660
321.983734
321.510834
321.824219
321.915863
322.217621
322.439880
322.163055
322.628662
322.763580
323.631958
323.508942
323.877869
324.182526
324.576019
324.425446
325.019043
325.622223
325.800873
325.944489
326.080780
326.125000
326.650940
327.156921
327.229004
327.379730
327.727051
327.618469
328.037872
328.130768
328.567078
328.956787
329.106506
329.331604
328.947418
329.146667
329.128784
329.123840
329.557312
329.525909
329.298798
329.373535
329.411957
329.335419
329.450256
329.250092
329.414124
329.246460
329.218262
328.582855
328.701050
328.817474
328.580627
328.143433
328.323242
327.815033
327.628326
327.040833
327.066803
327.359009
326.465851
326.368530
326.337189
325.628021
325.974152
325.607239
325.313385
325.597839
324.939301
324.873688
324.717102
324.746155
324.364349
324.277832
324.095367
323.974060
323.892029
324.256287
323.582520
323.799744
323.668335
323.500519
323.675354
323.917603
323.981689
324.042633
324.101685
323.829529
323.820312
324.538239
324.900452
324.806488
325.608765
325.226959
325.184357
325.651489
326.152161
326.262604
326.196411
326.348999
326.431000
327.295105
327.188232
327.378571
328.065186
327.867035
328.573181
328.737488
328.761383
328.849823
329.151031
329.419830
330.190369
329.664612
330.448273
330.851562
330.935852
330.806488
331.035797
331.195404
331.394806
331.288177
331.805450
331.475372
331.561798
331.603333
331.456757
331.348389
331.325897
331.695343
331.301331
331.376648
331.283630
330.894318
330.567383
330.446075
330.603973
330.261688
330.531830
330.380188
329.713043
329.632690
329.781311
329.223785
328.745453
328.322144
328.353210
328.259521
327.770020
327.836273
327.783844
327.024719
326.903290
326.663910
326.501556
326.317047
326.271393
325.848267
325.529999
325.770081
325.711151
325.272705
325.205536
324.919281
325.066864
325.105194
325.529541
325.100342
324.851532
324.816101
324.885437
324.705261
324.921448
325.185181
325.066864
325.158691
325.627258
325.025818
325.504395
325.723419
325.598755
325.932709
326.314514
326.876160
326.809998
326.989288
327.132141
327.552765
328.005127
328.300995
328.141968
328.261139
329.038330
329.187042
329.563995
329.441193
329.878845
330.371063
329.870178
330.541595
330.784973
330.699738
330.915527
331.049835
331.155334
331.608490
331.202576
331.338074
332.210083
332.419922
332.149811
331.977814
332.164459
332.229218
332.532013
332.238342
332.117279
332.130829
332.166656
331.962189
331.655182
331.557343
331.371948
331.301178
331.623535
331.344025
330.735138
330.440399
330.907135
330.391571
329.976105
329.959625
330.170441
329.448212
329.697418
329.493805
328.919128
328.834595
328.627838
328.968048
328.556519
328.005859
328.246094
327.919800
328.295013
327.449249
327.213379
327.948486
327.509674
327.778442
327.716278
327.184326
327.356750
327.540955
327.724548
327.679291
327.416565
327.911957
328.085419
327.879578
328.407104
328.217712
328.890411
328.522064
329.239594
329.194305
329.895203
329.761841
330.266174
330.497192
330.980255
330.744263
331.201141
331.641022
331.677551
331.946716
332.195465
332.879639
333.314941
333.375763
333.309814
334.083923
334.230621
334.397919
334.697357
335.063080
335.191193
335.555511
335.849579
336.219025
336.359650
336.508667
336.386414
336.778595
336.602112
337.262970
337.145966
337.689270
337.425507
337.776672
337.514496
337.315887
337.866943
337.572144
336.832397
337.176270
336.822479
336.862274
336.755310
336.926025
336.502441
336.215057
336.285675
336.230286
335.592621
335.615570
335.402771
335.339600
334.704407
334.602051
334.661713
333.903412
333.631073
333.515717
333.828156
333.032440
333.052460
332.055695
332.629852
332.286469
331.988922
332.020599
331.669250
331.700317
331.616577
331.215454
331.309509
331.277313
331.019958
331.095367
331.147583
331.129242
331.516144
330.992615
331.397430
331.225128
331.759216
331.630157
331.182129
331.661957
331.935425
332.460693
332.634277
332.623932
332.764557
333.238007
333.287842
333.740173
333.661072
334.352631
334.853882
334.654175
335.757751
335.586517
336.052460
336.100708
336.990204
337.471954
337.569702
337.820343
338.438843
338.352478
338.501526
338.893616
339.409027
339.389313
340.039307
340.084686
340.040833
340.327942
340.975647
340.617126
341.188477
340.659607
341.243622
341.275513
341.270844
341.369019
341.469666
341.324097
341.611542
341.665466
341.439026
341.130127
341.043488
340.994568
340.776215
340.684631
340.491760
340.400574
340.800629
339.866425
339.627411
339.284637
339.091827
339.145416
338.379181
338.443634
337.928802
337.505615
337.906921
337.002747
336.618988
336.586243
336.007599
335.969147
335.947418
335.522156
335.342682
334.729034
334.524719
334.298035
334.161896
333.944550
333.792816
334.016418
333.486450
333.313507
333.316284
333.232605
333.049500
333.184235
333.189697
333.378448
333.171661
332.883301
332.854126
333.209900
333.460876
333.468262
333.192474
333.630188
333.911957
334.096588
334.437408
334.604492
334.814331
335.177368
335.382263
335.505890
335.977325
336.382812
336.336487
337.177094
336.823975
337.138672
337.125275
337.719696
337.881683
337.941833
338.316467
338.660706
338.214539
339.023468
338.894104
339.504181
339.803650
340.022491
340.291046
340.057892
340.445801
340.037170
340.632965
340.542603
340.501740
341.221619
340.788391
340.772156
340.498199
340.628479
340.702576
340.284332
340.136932
340.499756
340.639008
340.222107
340.055084
339.684601
339.679932
339.369354
339.146606
339.358154
338.898132
339.366791
338.410736
338.315887
337.595062
337.719208
337.530884
337.323700
337.061310
336.863800
336.707245
336.524170
336.386414
335.798523
335.823029
336.033112
335.261475
335.280518
335.447693
334.900696
335.493225
334.986542
334.747070
335.130890
334.742706
334.693756
335.036224
334.815979
334.969818
334.971222
334.805267
334.827026
334.992737
335.394867
335.227997
335.582672
335.937744
335.737274
336.077606
336.042114
336.033295
336.422943
336.603851
336.802368
337.098297
337.332916
337.385162
337.890808
337.808899
337.762268
338.592621
338.550598
338.694733
339.083740
339.369141
339.595276
338.909973
339.642822
339.520081
339.857117
340.253998
339.822723
340.161285
340.071869
340.177368
340.196533
340.126923
340.041779
340.069733
340.262024
339.811066
340.053314
340.211029
339.674835
339.427979
339.298370
339.157166
339.158081
338.705444
338.631775
338.738403
338.721069
338.851318
338.110657
337.718048
337.211975
337.101135
336.926422
337.033600
336.899811
336.446503
335.703217
335.404358
335.445618
335.162201
334.916443
334.778839
334.603760
334.373230
334.320801
334.049469
334.221130
333.859741
334.009735
333.620148
333.484467
333.593750
333.399231
333.296875
333.538208
333.539032
333.440552
333.221710
333.859711
333.939545
333.892059
333.794189
334.456390
334.369659
334.158417
334.147522
334.512512
334.347961
335.134399
335.120331
335.442169
335.377350
335.972015
336.223419
336.312744
336.331024
336.456604
336.636536
337.213470
336.792358
337.463562
337.588593
337.830231
337.640106
337.799042
337.430878
338.734344
338.281128
338.419739
338.110077
338.416931
338.243103
338.099854
337.907928
337.938507
338.458008
337.885834
338.040314
337.496246
337.381042
337.667755
337.083771
337.278015
336.468719
336.542389
336.110687
336.005585
335.843689
335.547882
335.145233
335.017914
334.784424
334.292480
333.863464
333.811523
333.179962
332.801422
332.825653
332.595703
332.424927
332.081512
332.245972
331.654053
331.471893
331.813293
332.142517
331.755859
331.760559
331.831787
331.475098
331.137848
331.730316
332.027191
331.484314
331.889984
332.466553
332.363068
332.679779
333.067108
333.043610
333.842773
333.908539
334.121063
334.653229
335.252869
335.469696
336.099518
336.417572
336.617188
336.792572
337.240387
337.519897
338.007446
338.006989
338.326080
339.153412
338.390045
338.803345
339.001892
338.516174
338.665161
338.682526
337.906982
337.835999
336.872681
336.744324
335.844879
335.057861
333.656189
332.758240
331.427429
329.551025
328.135651
326.792480
324.809265
322.784912
320.788147
318.252563
316.070862
313.145020
310.052246
307.335327
303.958435
300.822083
297.741882
294.392578
290.703918
286.526978
283.009064
278.943420
275.116699
270.814789
266.043365
262.267487
257.952820
253.565521
249.452927
245.211227
240.790878
236.726349
232.644196
228.456650
224.524979
220.884125
216.915878
213.439651
210.005585
206.976776
203.949600
201.346039
198.563553
196.080185
193.991577
192.352020
190.853424
189.521881
188.633575
187.876984
187.497223
187.003311

