315.870697
172.703827
173.056808
173.828140
174.637604
175.656784
177.249969
178.301910
180.624100
182.597061
184.603027
187.190826
189.852707
192.565659
195.535370
198.757690
201.958191
205.201248
208.856186
212.400513
215.890732
219.482193
223.325516
227.226288
230.994598
234.786255
238.484894
242.238174
245.578278
249.283493
253.167389
256.539154
259.912903
262.925049
266.170807
269.366699
272.270294
275.190399
278.064178
280.675537
283.273102
285.065521
287.624695
289.308838
291.317566
293.316254
295.089661
296.374603
297.546936
299.131805
299.781982
300.742493
302.292358
302.955597
303.523804
303.821655
304.569458
304.661987
305.141846
305.240021
305.238708
305.480286
305.462097
305.139923
305.002594
305.529968
305.028107
304.624146
304.642181
304.495789
304.588531
304.027283
303.621033
303.518097
303.445892
303.253296
302.571930
302.216034
302.387115
302.233154
301.696594
301.547943
301.528961
301.598236
300.984375
301.396606
301.399170
301.121399
301.133057
301.274261
301.848297
301.495056
301.796112
301.964996
302.463257
302.752319
302.485931
302.298096
302.739136
303.303497
303.776184
304.067780
304.428314
304.588959
304.906616
305.198792
305.373627
305.744263
306.213715
306.449860
307.005188
307.247681
307.965271
308.257965
308.317780
308.274597
308.862549
308.886200
309.457642
309.819550
309.880157
309.994476
310.263672
309.960602
310.527618
310.853790
310.889252
310.328308
310.958252
310.805573
310.664642
310.532410
310.350800
310.669220
310.188599
310.044983
310.089142
309.825287
309.825592
309.626526
309.312897
309.290100
308.950470
308.700745
308.437195
308.364807
307.720673
308.062469
307.359100
307.481842
307.355865
306.997467
306.663727
306.600677
306.173859
306.335419
305.926788
305.649261
305.833618
305.434753
305.436707
305.485443
305.234344
305.232849
304.922394
305.551544
304.741943
305.045227
305.209106
305.529419
305.216034
305.896698
305.734924
306.008209
305.929108
306.643188
306.324982
306.548248
307.499146
307.280701
307.576538
308.168488
308.631409
308.801514
308.898590
309.371460
309.842957
309.759369
310.513733
310.977295
311.115295
311.543060
311.761993
312.280396
312.344788
312.881378
313.277222
313.296326
313.910950
313.966492
314.508728
314.047363
314.756622
314.542603
314.835022
315.497864
315.432800
315.682495
315.860596
315.703247
315.831329
316.057739
315.859131
316.078400
315.763916
315.669159
315.738556
315.650177
315.409271
315.600433
315.374817
315.746246
315.220673
314.853455
314.686218
314.461334
314.355377
314.298523
313.804657
313.799347
313.272064
313.517059
313.205902
312.820251
312.205536
312.369934
311.647644
311.909943
311.903564
311.550293
311.190155
310.785187
310.770874
310.983978
310.384796
310.471527
310.157043
310.011353
309.844788
310.017639
309.816620
309.889496
309.831146
310.046082
309.849945
310.136047
310.311493
309.896484
310.203644
310.699371
310.440979
310.713104
310.845459
310.918793
311.408600
311.379333
311.748810
312.330353
312.089233
312.833466
312.864471
313.173553
313.252350
313.993256
313.747345
314.705505
315.047272
314.963257
315.284454
315.379395
315.685883
316.204590
316.633636
316.415466
317.124603
317.457458
317.611237
317.944244
318.293518
318.212372
318.754517
318.947876
318.989288
318.873352
319.323517
319.025696
319.485321
319.312286
319.504059
319.599579
319.432037
319.469482
319.181824
319.561005
319.187286
319.074371
319.208160
318.604065
318.933746
318.566711
318.614227
318.587952
318.250397
317.980743
318.076080
317.900818
317.470154
317.616669
316.929443
317.252899
316.870850
316.611420
316.329468
316.270813
316.302246
316.016449
315.925751
315.959686
315.861481
315.907135
315.618378
315.606781
315.313354
314.900055
314.988220
315.035095
314.620941
315.397919
315.368286
315.248871
315.146210
315.537201
315.595123
315.623779
315.429657
315.668518
316.058746
315.970306
316.152283
316.422333
316.376434
317.017090
317.249359
317.194824
317.975891
318.074982
318.258636
318.261505
318.562042
318.621124
318.920197
319.713562
319.652863
320.178345
320.290283
321.045197
321.421112
321.145844
321.416138
321.958557
322.579224
322.302216
322.779480
322.987579
323.059723
323.497742
323.329437
323.679047
323.811798
323.814514
324.225739
324.292328
324.135498
324.589111
324.738495
324.794464
324.671204
324.963318
324.593323
324.606934
324.466675
324.277740
324.199371
324.643188
324.440216
323.896332
323.875244
323.757935
323.365479
323.006317
323.265381
322.839325
322.613770
322.520233
322.881683
322.041565
322.409790
321.960571
321.451294
321.643280
321.095673
321.044067
320.809875
320.536041
320.664917
320.282227
320.330688
320.042175
319.991669
319.991699
319.985168
319.775299
319.738464
319.360291
319.371216
319.559509
320.098907
320.238159
320.070587
320.021606
320.318359
320.504669
320.526001
320.266785
320.936157
321.130157
321.219604
321.631042
321.651703
321.774139
321.886780
322.609924
322.682404
322.373383
322.853790
323.158722
323.871002
324.037506
324.148193
324.778412
324.929199
324.890991
325.375885
325.923370
325.821472
326.301514
326.550537
326.826691
326.867859
327.323822
327.480133
327.801910
327.887695
327.963928
328.024231
328.337067
328.401093
328.916779
329.020447
329.038208
328.279602
328.824921
329.126343
328.854370
329.236420
329.126953
328.498688
328.643616
328.767120
328.921661
328.764587
328.291382
328.592926
328.336700
328.036560
328.388855
328.001709
327.912598
327.786285
327.361633
327.372742
326.834198
327.119293
326.722961
326.228119
326.577515
325.956909
326.391510
326.182037
325.759583
325.798920
325.879730
325.683411
325.401337
325.458679
325.590485
325.587524
325.320618
325.593445
325.760681
325.736755
325.588379
325.662079
325.927155
325.659637
325.868469
326.382477
326.432434
326.629150
326.812592
326.723480
327.571899
327.702179
327.653198
327.859833
328.537018
329.432678
329.174957
329.241730
329.644073
330.300598
330.402496
331.094116
331.342072
331.885071
332.282776
332.107819
332.804596
332.881134
333.495789
333.989960
334.356628
334.430695
335.198303
335.136841
335.632782
335.594604
335.777069
335.998199
336.452271
336.478363
337.002594
337.140411
337.326416
337.358459
337.291931
337.641144
337.962921
337.664276
337.819733
338.023468
337.777008
337.895294
337.621429
337.621002
338.074432
338.124481
337.688751
338.131561
337.665955
337.307007
337.492310
337.111969
336.975464
336.984528
336.273407
336.355438
336.061157
336.328033
335.794098
335.333038
336.085907
335.392029
335.817749
335.236877
334.710846
334.702301
334.546814
334.428192
334.157074
334.435303
334.128357
334.056885
333.879242
333.838226
334.102661
333.633331
334.197083
334.081451
334.510162
334.405243
334.108612
334.186584
334.552429
334.840942
334.860748
334.907715
335.264099
335.517365
335.521088
335.708069
336.426910
336.273712
336.744049
336.788483
337.423828
338.200897
337.784393
338.557587
338.609680
339.694916
339.612396
340.022278
340.308868
340.749023
341.367706
341.046265
341.905975
342.757721
342.698425
343.200867
343.157379
344.150085
344.428436
344.438629
345.102875
345.141785
344.852997
345.388763
345.717072
346.079956
345.707458
346.343353
346.224640
346.155487
346.584747
346.573334
346.463226
346.507080
346.303009
346.544556
346.388702
346.370789
346.725128
346.462463
346.379425
345.553375
345.993011
345.410034
345.508545
345.296265
344.976898
344.916351
344.663086
344.473633
343.629120
343.475616
343.389587
343.383179
342.799530
342.480438
342.533295
342.320190
341.863342
341.775177
341.439941
341.099854
340.669159
340.664215
340.528381
340.279907
340.515137
340.447205
340.020081
340.024994
339.840424
339.554840
339.493164
339.650177
339.756866
339.699524
339.270355
340.089935
340.186279
339.823914
340.273590
339.956482
340.090973
340.406616
340.746033
340.833618
341.020355
341.353119
341.235626
341.498657
341.918549
342.198608
342.287537
342.779968
343.114563
343.297089
343.636322
344.108887
344.165161
344.627197
344.747345
345.119446
345.323517
345.710510
345.928436
346.508331
346.676971
346.603516
346.972229
347.361816
347.628479
347.406128
347.494019
347.912537
347.809296
348.576233
348.360077
348.490417
348.596069
348.463226
348.609985
348.511322
348.801941
347.938873
348.470093
348.452698
348.287292
348.170441
347.981110
347.923370
347.908783
347.574066
347.653870
347.059326
347.273682
346.484894
346.697144
346.269440
346.210083
345.872986
346.117828
345.297943
345.253143
344.875397
344.984772
344.653107
344.552399
344.687897
343.958893
344.046021
343.923889
344.087250
343.523499
344.183990
343.703308
343.350464
343.446320
343.258423
343.220245
343.250366
343.105286
342.919922
343.200928
343.205505
343.071014
343.634888
343.304047
343.931854
343.361908
344.047913
344.194946
344.194672
344.441681
344.319427
344.911072
345.164185
345.078857
345.805756
345.976410
345.317780
346.172791
346.381317
347.216492
346.635284
346.710907
347.091187
347.931396
347.782898
347.490967
347.955200
348.314606
348.627350
348.828094
349.006622
348.830536
348.972595
349.055298
349.325287
349.335236
349.610901
349.853516
349.610809
349.316895
349.331635
349.538788
349.711517
349.437622
349.198700
349.613739
349.447205
349.574158
348.977844
348.563934
348.541016
348.176758
348.007385
347.951996
347.688354
347.344574
347.057983
347.328613
346.091858
346.755188
346.170715
346.131500
346.183319
345.605560
346.000885
344.889130
344.816895
344.236206
344.794617
344.700897
344.266113
344.174866
344.103760
343.745605
343.725281
343.472198
343.579224
343.790955
343.544006
342.978363
343.444855
343.691406
343.286133
343.384674
343.351013
343.932373
343.795135
343.297516
343.954071
343.906555
344.083679
344.292145
344.246948
344.750641
345.300751
345.324585
345.362091
345.786041
346.064911
345.972137
346.718597
347.011169
347.079315
347.005798
347.523590
347.527191
347.847717
347.807587
348.456360
348.077118
348.025482
348.660858
348.855164
348.682343
348.576691
349.290283
348.819550
349.319305
349.293030
349.213440
349.204102
348.828064
348.788361
349.094940
348.497833
348.893250
348.640320
348.060669
348.056335
348.058319
347.577118
347.042847
347.443726
347.527710
347.015411
346.599243
346.152893
345.719055
345.382355
345.539703
345.370178
345.199219
344.905762
344.169067
343.802643
344.051514
343.770844
343.546112
343.037201
343.074005
343.179169
342.910339
342.814667
343.187439
342.609589
343.036041
343.448730
342.895050
342.734100
342.998688
343.996918
343.704071
344.181671
344.341827
344.256134
344.763763
344.895020
345.244629
345.387543
346.262085
346.237976
346.622101
347.781006
347.469391
348.408142
348.577393
349.116272
349.206177
350.182617
349.923645
350.495697
350.421509
351.129425
350.706512
351.472504
351.342590
351.530731
350.729401
350.915161
351.351746
350.283081
349.833923
349.156708
348.305878
347.402283
346.160400
345.256531
344.220001
342.771545
341.485565
339.263641
337.547760
335.350311
332.834290
330.892334
327.870087
325.305145
322.411285
319.124847
315.971344
312.983673
309.256622
305.315430
301.906982
297.761627
294.134338
289.449432
285.463104
281.170868
277.148224
272.770630
267.991180
263.364716
259.305939
254.430923
250.385925
245.879257
241.722504
237.442780
233.240509
229.591797
225.926788
221.916016
218.465530
215.050308
211.891525
209.017334
206.476089
204.295227
201.836121
199.793411
198.670059
196.832260
196.014038
195.356567
194.670502
194.835144

318.526672
172.521637
172.875656
173.651550
174.466019
175.508560
177.080719
178.153931
180.504593
182.466293
184.484863
187.077652
189.742416
192.501144
195.482407
198.705322
201.949738
205.199326
208.864716
212.445892
215.962982
219.606628
223.465530
227.392395
231.168671
235.003983
238.718155
242.498352
245.863754
249.616058
253.516861
256.934967
260.353485
263.405609
266.636047
269.906738
272.837708
275.768158
278.726807
281.348602
283.950775
285.794800
288.424255
290.152283
292.192810
294.214813
296.046234
297.345306
298.561310
300.198456
300.866241
301.873810
303.466919
304.182861
304.740204
305.092743
305.916412
306.013336
306.538879
306.633911
306.684998
306.929962
306.943909
306.673615
306.608307
307.180511
306.683197
306.298676
306.348114
306.210175
306.359833
305.828552
305.424164
305.361450
305.281860
305.125122
304.479095
304.121643
304.288544
304.212250
303.648132
303.572571
303.526215
303.627960
303.021271
303.444672
303.435181
303.181580
303.184174
303.333282
303.916260
303.539124
303.813934
304.037567
304.493378
304.823334
304.526764
304.337067
304.794159
305.374023
305.798279
306.082977
306.463226
306.620728
306.884888
307.170563
307.347900
307.687073
308.165100
308.370361
308.880920
309.134674
309.835114
310.144135
310.178162
310.058502
310.629791
310.646240
311.189575
311.524719
311.556915
311.681610
311.919128
311.557892
312.105469
312.400452
312.424957
311.829224
312.466705
312.253479
312.060394
311.907501
311.713226
311.977448
311.447510
311.329102
311.336670
311.030640
310.980621
310.804474
310.411438
310.376373
309.997070
309.687866
309.420349
309.287781
308.630737
308.962860
308.226807
308.322388
308.153687
307.752930
307.430267
307.294556
306.842102
307.029602
306.553284
306.273376
306.431427
305.984497
305.961365
305.951202
305.690430
305.680969
305.320465
305.939453
305.098877
305.398346
305.534027
305.835968
305.468201
306.157440
305.962646
306.236206
306.127716
306.801514
306.480286
306.689728
307.604431
307.413818
307.659088
308.244354
308.678650
308.856049
308.936768
309.403900
309.864594
309.757599
310.489288
310.974274
311.100983
311.492340
311.723206
312.245178
312.311981
312.801025
313.209076
313.207794
313.817474
313.872345
314.415070
313.948761
314.663208
314.417847
314.730713
315.364777
315.364410
315.580658
315.776917
315.621368
315.708008
315.960419
315.774811
315.975403
315.699005
315.583374
315.667114
315.577454
315.339111
315.514313
315.322479
315.700500
315.191284
314.827362
314.673401
314.455811
314.377991
314.332764
313.819641
313.848053
313.317932
313.561462
313.269562
312.892120
312.279846
312.505310
311.732880
312.032715
312.023590
311.681152
311.351379
310.986908
310.967194
311.193939
310.602631
310.734406
310.445740
310.277863
310.110291
310.324615
310.097534
310.262421
310.201263
310.408630
310.249115
310.552002
310.753754
310.316284
310.681793
311.239624
310.958618
311.261688
311.425934
311.525879
312.016296
312.017120
312.419067
313.012512
312.798340
313.597229
313.617584
313.966614
313.999969
314.824097
314.566467
315.562897
315.894135
315.848267
316.216644
316.306335
316.654205
317.251465
317.651123
317.456390
318.201447
318.608429
318.727997
319.092957
319.470093
319.453339
319.994598
320.195770
320.251831
320.242035
320.704559
320.402191
320.913727
320.783081
320.939575
321.064972
320.957886
320.952271
320.750000
321.144867
320.837189
320.768585
320.903107
320.300171
320.637451
320.304749
320.379333
320.405457
320.033905
319.845673
319.945648
319.776093
319.367950
319.527679
318.882202
319.219971
318.875244
318.654510
318.362701
318.377502
318.369202
318.134003
318.042847
318.107727
317.996765
318.134430
317.795502
317.814514
317.501923
317.125824
317.178223
317.238190
316.842072
317.723877
317.646362
317.553040
317.438141
317.895203
317.923767
317.955170
317.766266
318.047516
318.352142
318.300690
318.489105
318.735901
318.727325
319.348785
319.563538
319.538910
320.344879
320.369751
320.591309
320.601929
320.884003
320.941101
321.186096
322.023865
321.952728
322.509674
322.530579
323.303009
323.633179
323.342499
323.608276
324.130005
324.779358
324.508545
324.948822
325.059814
325.224731
325.647583
325.462982
325.700562
325.853668
325.828369
326.214264
326.211151
326.130554
326.553375
326.597168
326.671204
326.563843
326.816772
326.393494
326.458893
326.217560
325.954010
325.902100
326.361237
326.121582
325.505646
325.450806
325.254578
324.868469
324.533844
324.761322
324.331024
324.068512
323.973755
324.250580
323.357086
323.689301
323.241608
322.684265
322.807129
322.263916
322.214020
321.942230
321.606140
321.681091
321.339050
321.352692
321.027954
320.957794
320.926178
320.909973
320.636047
320.620697
320.186890
320.139679
320.327606
320.842590
320.938873
320.739746
320.657562
320.946625
321.142639
321.114960
320.812317
321.477661
321.633759
321.748108
322.087372
322.125854
322.207092
322.318146
323.000671
323.060425
322.733734
323.208923
323.468140
324.187500
324.314575
324.424805
325.016846
325.176422
325.144470
325.580780
326.095490
325.996735
326.443909
326.724091
326.997040
326.990479
327.459534
327.597839
327.879181
327.974915
328.033081
328.074310
328.405487
328.454712
328.963501
329.054016
329.093597
328.289429
328.800110
329.140137
328.842987
329.239502
329.102142
328.482880
328.589447
328.710876
328.874786
328.713165
328.208984
328.525635
328.248993
327.933228
328.281311
327.917816
327.807495
327.678680
327.243011
327.254852
326.728729
327.009369
326.586029
326.091400
326.431671
325.833557
326.262604
326.053619
325.601044
325.642395
325.708862
325.534027
325.226654
325.275085
325.421417
325.402008
325.124084
325.377686
325.558411
325.526978
325.379456
325.523010
325.701996
325.422089
325.624329
326.141052
326.193695
326.375946
326.551666
326.447388
327.277008
327.439819
327.368835
327.555084
328.187103
329.115051
328.862732
328.903412
329.298798
329.922455
330.002563
330.716125
330.936371
331.505951
331.881592
331.648956
332.367249
332.442108
333.056122
333.533020
333.882629
333.966583
334.709656
334.644867
335.146698
335.067505
335.244537
335.432159
335.901184
335.909760
336.418427
336.570618
336.737244
336.763214
336.672943
337.037079
337.323486
337.024445
337.143829
337.358521
337.141632
337.213959
336.952911
336.921143
337.355957
337.419159
336.969574
337.377472
336.917725
336.539703
336.727203
336.354279
336.172333
336.214447
335.487762
335.570038
335.288666
335.511383
334.971283
334.511566
335.251007
334.555359
334.990570
334.394409
333.853485
333.859528
333.702271
333.565247
333.310425
333.591827
333.285278
333.197144
333.015625
332.984375
333.265808
332.799103
333.356354
333.247833
333.666016
333.551727
333.247070
333.307617
333.710602
333.994019
334.054138
334.108154
334.413055
334.704010
334.709045
334.893127
335.605927
335.502228
335.903809
335.994446
336.641846
337.419067
336.992065
337.796936
337.833588
338.936279
338.855164
339.272766
339.590149
340.003510
340.663361
340.378876
341.194550
342.092896
342.015381
342.539764
342.479523
343.488464
343.774200
343.805817
344.532867
344.540985
344.268463
344.797180
345.158844
345.513824
345.159790
345.823456
345.707031
345.638458
346.090332
346.073944
345.978455
346.024658
345.876434
346.115875
345.933228
345.968842
346.328003
346.052582
346.007965
345.189789
345.622925
345.078583
345.187622
344.963989
344.640961
344.614655
344.350098
344.179871
343.369843
343.203186
343.159576
343.139984
342.560822
342.304413
342.315094
342.113525
341.639282
341.616913
341.281464
340.940857
340.513000
340.528015
340.407776
340.177216
340.397736
340.368896
339.918152
339.940918
339.777008
339.516052
339.437866
339.614868
339.730286
339.647827
339.242706
340.055023
340.157349
339.813019
340.284424
339.967743
340.082336
340.416840
340.778503
340.870636
341.070068
341.389038
341.273132
341.577179
341.969666
342.260406
342.358490
342.838715
343.150574
343.350281
343.729279
344.172058
344.239197
344.716766
344.819489
345.216156
345.404877
345.830414
345.995483
346.602020
346.756744
346.717163
347.081757
347.442810
347.713593
347.485413
347.601379
347.980865
347.907806
348.640808
348.441742
348.557770
348.680481
348.564606
348.686493
348.604645
348.868774
348.022034
348.528839
348.509766
348.348633
348.207703
348.040802
347.988831
347.995789
347.639893
347.688507
347.119171
347.299469
346.502716
346.726990
346.315186
346.215546
345.877014
346.117737
345.296692
345.258667
344.885101
344.978699
344.640381
344.539795
344.654724
343.924561
344.015533
343.874115
344.051117
343.480377
344.170258
343.626404
343.307465
343.377899
343.154510
343.129028
343.148651
343.024872
342.824463
343.080231
343.071472
342.959534
343.488373
343.153748
343.759308
343.186218
343.859344
344.029938
344.034180
344.258636
344.184906
344.697327
344.981720
344.878174
345.586487
345.768585
345.072113
345.950592
346.142700
346.946350
346.389008
346.445679
346.855316
347.613800
347.505768
347.208862
347.651550
348.034271
348.326080
348.515717
348.690186
348.506470
348.642059
348.738617
349.012115
348.966553
349.281372
349.502258
349.278259
348.977692
348.981598
349.171814
349.339874
349.049072
348.789520
349.210754
349.094696
349.175201
348.610291
348.144226
348.122681
347.793793
347.592560
347.534943
347.296204
346.946777
346.668793
346.905487
345.674805
346.320831
345.773254
345.709076
345.787354
345.215637
345.583740
344.455872
344.382477
343.800995
344.354675
344.270264
343.840332
343.756500
343.663727
343.312134
343.259949
343.067322
343.138184
343.388367
343.106720
342.572937
343.029297
343.281555
342.861511
342.941711
342.964600
343.534515
343.350525
342.868561
343.570221
343.513947
343.671021
343.932312
343.859650
344.367065
344.900055
344.930969
344.988464
345.396179
345.718201
345.567780
346.319275
346.635956
346.734009
346.677704
347.182190
347.149536
347.517975
347.488281
348.107361
347.729828
347.691254
348.318756
348.522858
348.398682
348.266327
348.968475
348.486145
349.020081
348.971008
348.892914
348.878876
348.543091
348.473328
348.791718
348.203613
348.562561
348.341522
347.748291
347.758606
347.782013
347.274628
346.727142
347.149719
347.272034
346.745331
346.320923
345.936951
345.467621
345.125000
345.281342
345.165985
344.948120
344.677734
343.923309
343.559784
343.828888
343.524689
343.325592
342.811462
342.881042
342.995300
342.702057
342.610352
342.974518
342.393341
342.804230
343.245453
342.712128
342.523010
342.785034
343.791748
343.524963
344.001312
344.169495
344.075378
344.554596
344.664368
345.058655
345.236084
346.096252
346.063904
346.391998
347.631866
347.265167
348.237701
348.399200
348.932159
349.012573
350.017395
349.739136
350.302155
350.264648
350.975616
350.564789
351.321930
351.165222
351.336700
350.535370
350.726868
351.188293
350.118591
349.690430
348.983887
348.119843
347.233185
345.979462
345.094391
344.049255
342.601715
341.306366
339.094330
337.376862
335.180725
332.657471
330.734192
327.702881
325.114929
322.236847
318.947449
315.818604
312.823395
309.100098
305.173004
301.755341
297.581482
293.958740
289.291077
285.307129
280.988434
276.975647
272.604187
267.831299
263.200745
259.142761
254.262619
250.230560
245.725708
241.573807
237.292053
233.068130
229.430634
225.767700
221.733231
218.297989
214.877441
211.729004
208.853134
206.305954
204.130081
201.673477
199.634933
198.500504
196.682373
195.838806
195.171951
194.511459
194.638306

228.258545
185.088135
185.827362
186.458649
187.303864
188.590012
190.216049
191.911972
193.843460
195.965286
198.460739
201.314178
203.941681
207.022354
210.204941
213.368240
216.804626
220.501831
224.098343
228.031158
231.978455
235.998428
240.061966
243.945862
248.338486
252.106506
256.537048
260.231506
264.172791
268.238342
271.637573
275.292633
279.417999
282.376526
286.419342
289.749817
292.675842
295.676941
298.893494
301.483582
303.768738
306.446747
308.823059
310.841553
313.270111
314.629761
316.571259
318.002045
319.677460
320.561310
321.883881
322.828369
324.050781
324.697601
325.740051
326.387756
326.172211
326.218842
327.259064
327.364166
327.360199
326.998962
326.869904
327.234406
326.776703
326.527313
326.554504
325.924072
326.090118
325.617645
325.149078
325.250580
324.712280
324.465057
323.919159
323.673950
323.287781
322.711639
322.989227
322.455597
322.040802
322.019196
321.406128
321.524414
321.544312
320.919189
321.034424
320.918365
320.731293
321.165710
321.215454
320.844971
321.585968
321.475220
321.499084
321.738953
321.677490
321.943085
322.293427
322.480194
322.981934
323.483765
323.786743
324.026672
323.848297
324.472382
324.831085
324.790253
325.482330
325.622284
326.344910
326.069519
326.257050
326.480011
326.641693
326.953613
327.066284
327.758026
327.662567
328.234894
328.094482
327.923615
328.547516
328.591614
328.853821
328.282898
328.566040
328.561523
328.885468
328.676056
328.747375
328.485809
328.400909
328.453156
327.605530
327.283264
327.608246
327.601929
326.857483
327.102661
326.795319
326.415894
325.696014
325.602112
325.135406
325.207550
324.735687
324.338623
324.040314
323.406250
323.419708
323.252808
322.703857
322.523315
322.450470
321.857544
321.927582
321.757965
321.597778
321.058411
321.084229
320.672424
320.444794
320.070312
320.448120
320.426239
320.500977
320.453217
320.648041
321.014221
320.957245
320.674713
320.904999
320.367004
321.018402
320.904022
321.665710
321.874451
322.036438
322.003448
322.658600
322.690918
322.941071
323.160858
323.430420
323.799957
324.095428
324.564117
324.573029
324.866669
325.471130
325.263977
325.646423
326.079498
326.505432
326.782013
327.328522
326.946014
328.122437
327.883545
328.114990
328.433258
328.473480
328.434113
328.791412
328.834656
329.205444
329.324615
329.696442
329.275208
329.430481
329.135101
329.244080
329.149597
329.107117
328.799072
328.985565
328.778687
328.608490
328.639008
328.179199
328.183777
327.947632
327.692871
327.016235
327.079895
326.956085
326.650726
325.804291
325.719330
325.678986
325.001160
324.477173
324.583191
324.056519
323.882874
323.554535
323.339935
323.185333
322.653076
322.260040
322.512878
321.843170
321.868866
321.819305
321.896057
321.114532
320.930725
321.196472
320.941010
320.445465
320.995880
320.887421
320.579193
320.526337
320.367462
320.938232
320.907715
320.312256
321.002106
321.154541
321.177460
321.278809
321.836639
321.794098
321.952942
321.862030
322.561798
322.629242
323.025177
323.012268
323.308655
323.362030
323.568176
323.579590
324.555176
324.613556
325.100616
325.389557
325.872223
325.555420
326.075470
326.250641
326.638245
326.308777
326.498505
327.395416
327.573822
327.867828
327.722290
328.124298
327.979858
328.195587
328.284729
328.221222
328.655304
328.499451
328.590149
328.441498
328.531555
328.393127
328.501251
328.492767
328.346405
327.955902
328.036316
327.831757
328.020416
327.806824
327.274292
327.090973
327.168121
326.809265
326.467621
326.588257
326.159729
325.693909
325.679871
325.627625
325.229065
324.698181
324.672394
324.511780
324.223877
324.183014
324.253021
323.648865
323.231415
323.271088
323.537872
323.079498
323.212311
323.063660
323.305450
322.783020
323.070831
322.614990
322.663788
322.564850
322.717468
322.603424
322.722656
322.256470
322.896606
322.430634
322.975555
323.214539
323.136383
323.745758
323.484467
323.937408
324.123566
324.418610
324.620514
325.106110
324.622070
325.083954
325.581757
325.703827
326.083344
326.409393
326.488953
326.836548
327.557007
327.488586
327.385956
327.767487
328.407532
328.354614
328.521912
329.096436
329.781891
329.413605
330.240082
330.291138
330.099609
330.515320
330.572357
330.784851
330.857635
331.015930
331.021790
331.107300
331.375488
331.014526
331.042694
331.013458
331.662323
331.109894
331.323242
331.175354
331.212402
331.003632
330.717438
330.680542
330.854797
330.037018
330.229095
330.023560
329.276886
329.531891
329.045868
328.902252
328.574402
328.601105
328.116852
328.299377
328.285034
327.778290
327.727386
327.189301
327.138580
326.720398
326.975739
326.786102
326.277252
326.104828
326.276611
326.185303
326.014832
325.460388
326.060425
325.929504
325.787231
326.087311
325.634186
326.051849
325.619202
325.813751
325.807465
325.891479
325.739075
326.215240
326.243683
326.113861
326.370483
326.275909
326.619354
326.757812
327.681671
327.533173
327.489838
327.964050
328.739746
328.115021
329.368561
329.007233
329.514008
329.625397
329.722168
330.482056
330.724304
330.812836
331.177734
331.285217
331.521210
332.275391
332.137024
332.389862
332.166351
332.336823
332.612091
333.203827
332.897797
332.715149
333.639496
333.398651
333.481842
333.912231
333.890137
333.612427
333.500214
333.574249
333.870087
333.517609
333.745880
333.605164
333.482361
333.402863
333.342255
333.034119
333.090393
333.292145
332.710114
332.395508
332.484528
332.126862
332.123535
332.348114
331.677490
331.735443
331.815155
332.000793
330.820068
330.205627
330.578156
330.722168
330.094025
330.325928
329.842987
330.095001
329.789581
329.348083
329.555145
329.405365
329.567291
329.118958
329.151703
329.305206
329.428070
328.947937
329.477631
330.792053
329.434631
329.196899
329.546234
330.017883
329.715332
329.986877
330.125671
330.608124
330.730682
331.158234
330.817810
331.429169
331.651215
332.041473
331.989044
332.712372
332.781769
332.863007
333.300232
333.602051
334.510254
334.641205
335.028870
334.814301
335.455597
335.531128
335.812134
336.694794
336.685883
337.070496
337.248505
338.071991
337.830719
338.101593
338.318604
338.268707
338.844299
339.010284
338.675690
338.933167
339.224976
339.269806
339.131439
339.275787
339.684631
339.874725
339.356903
339.614960
339.801666
339.148773
339.626434
339.650696
339.730194
339.127319
339.132812
338.552765
338.824677
338.708008
338.375336
338.199127
337.955963
337.543640
337.907745
337.339905
336.973328
336.556549
336.597382
336.309662
335.972107
335.893433
335.788940
335.627380
335.212402
335.032227
334.572784
334.908691
334.947418
334.553406
334.124847
334.166229
334.176331
333.963074
333.766449
333.708099
333.526459
333.743195
333.828247
334.028625
333.612213
334.094086
333.889587
334.285156
334.157440
334.712036
334.721558
334.680573
335.244293
334.939148
335.657532
335.510895
335.601166
336.101105
336.189087
336.690704
337.044922
337.212402
337.576355
338.127075
338.549683
338.423920
339.316254
339.443512
339.468079
339.875946
340.365784
340.891357
341.148651
341.560150
341.621643
341.821442
342.810669
342.703705
342.477814
342.989777
343.289978
343.517029
343.592957
343.468689
343.830536
343.923798
344.260529
344.015594
344.372009
344.488892
344.413757
344.449646
344.189636
344.058929
344.090759
343.941437
344.175507
343.516327
343.652832
343.272156
342.806396
342.914856
342.495026
342.285583
342.112549
341.753204
341.395935
341.055817
340.824066
340.237030
340.113556
340.000061
339.964111
339.350403
338.921509
339.122375
338.556854
338.131866
337.868103
337.344208
337.461792
336.918457
336.916992
336.799072
336.224091
336.157013
335.891052
335.592377
335.908661
335.413483
335.637878
335.774567
335.214294
335.123779
335.299957
335.405670
335.449005
335.656189
335.270050
335.790527
335.692719
335.873138
336.434906
335.747040
336.253784
336.267303
336.414612
336.798615
336.985870
337.326050
337.129761
337.315002
338.115509
338.302917
338.609711
338.740387
338.978607
339.388580
339.655579
339.350494
339.762604
340.330566
340.386780
340.481934
340.493744
340.927338
340.959839
341.456512
341.371338
341.458923
341.568298
341.681641
341.657257
342.272675
341.495117
341.713898
341.866699
341.660675
341.891541
341.380035
342.063293
341.968933
341.767639
341.633270
341.913910
340.954041
340.890808
340.570557
340.746033
340.711853
340.172211
340.132355
339.311646
339.638092
339.503967
338.902405
339.204865
338.071442
338.318329
338.116394
338.042725
337.731750
337.133179
337.128265
336.802490
336.537994
336.299438
336.135498
335.834503
335.670105
335.613037
335.646973
335.399780
335.065552
334.853912
334.471680
334.403503
334.637024
334.660248
334.610260
334.502502
334.575226
334.456177
334.543579
334.737885
334.226990
335.004883
335.198425
335.165985
335.098175
335.538635
335.435577
335.776031
335.532593
336.265381
335.875183
336.345764
336.550659
336.605865
336.638794
336.858154
337.341553
336.878418
337.363068
337.753540
337.639923
338.114502
338.288330
338.581818
338.718414
338.716248
338.654572
338.927917
339.059509
338.450928
338.875610
339.108398
339.006195
338.561066
339.431488
339.183075
338.986267
338.535278
338.707733
338.773529
338.656158
338.649170
338.315979
338.038452
338.293213
337.703583
337.931854
337.669250
337.538635
337.263550
337.213226
337.182190
336.019684
336.295349
336.184509
335.716553
335.816345
335.416412
335.144714
334.581848
334.213074
334.400116
333.782135
333.406555
333.587555
333.439087
333.189026
332.775360
332.627197
332.528107
332.404816
332.008667
332.453979
332.376831
332.078125
332.122894
331.649872
332.140930
332.079895
332.322662
332.285187
332.137360
332.508942
332.131256
332.497559
332.177429
332.418976
332.539551
333.194275
333.157349
333.390869
333.593353
333.694824
333.448914
333.726593
334.366608
334.349213
334.714355
335.030701
334.729919
335.286926
335.332520
335.708160
336.027893
336.189697
336.048737
336.380737
336.626862
336.937653
336.731903
336.687164
336.555084
336.926971
336.914215
336.783234
336.956940
336.818268
336.732819
336.427094
336.129913
336.375732
336.560944
335.939148
335.759918
335.862457
335.551758
335.338318
335.168579
335.372467
334.485260
334.475372
334.406799
333.795258
333.385498
333.173004
333.117950
332.876068
332.704254
332.176147
331.927460
331.890106
331.175598
331.037201
330.611176
330.677521
330.185211
330.426117
330.314331
330.066223
329.911713
330.178711
330.508728
330.219299
330.498657
330.377594
330.225128
330.500793
330.561981
331.059204
331.055145
331.620605
331.684875
332.446960
332.098267
332.725464
332.949036
333.753265
333.781281
334.001282
334.770599
335.071716
335.484924
335.416016
336.184143
336.162567
336.260284
336.912476
336.691467
337.847778
337.361267
337.430023
338.115570
337.377655
337.498291
337.047729
336.891602
336.238098
336.155670
334.958862
334.703278
333.713318
332.770905
331.809692
330.287384
328.773773
327.558777
325.695618
323.705353
321.661285
320.146698
317.112854
314.524445
312.194122
309.225586
306.646240
303.419525
300.488495
296.487732
293.335449
289.833008
285.828857
281.916168
278.162445
274.070648
270.388672
265.537384
261.673035
257.684296
252.912964
248.644653
244.527893
240.217819
236.184448
232.123535
227.887527
224.223801
220.217529
216.784943
213.121872
209.961609
206.687119
203.629868
200.800385
198.353333
196.280579
193.855743
191.846313
190.661499
189.421204
188.312469
187.421341
187.168335
187.154358

231.047363
185.536377
186.285004
186.893356
187.754181
189.046249
190.669922
192.361710
194.309448
196.447708
198.948624
201.787369
204.436951
207.522491
210.701340
213.902924
217.333557
221.024017
224.631912
228.579056
232.524673
236.552460
240.606140
244.503067
248.936386
252.702454
257.147491
260.875641
264.805237
268.902527
272.301849
275.935486
280.102966
283.111328
287.121368
290.489746
293.417816
296.454010
299.632294
302.246735
304.550659
307.266632
309.619659
311.651154
314.083588
315.487030
317.482788
318.878143
320.609680
321.472687
322.806702
323.795685
324.967865
325.653107
326.691467
327.366547
327.196198
327.218262
328.279968
328.410980
328.382690
328.053986
327.954529
328.318878
327.865662
327.623169
327.655731
327.052338
327.218567
326.752014
326.306274
326.362366
325.848450
325.593475
325.068146
324.859161
324.454346
323.947388
324.188751
323.627289
323.231384
323.188507
322.589447
322.714233
322.686584
322.102051
322.238068
322.092499
321.919037
322.374298
322.376617
322.033112
322.768250
322.661438
322.740753
322.912689
322.832642
323.103210
323.459869
323.619720
324.113678
324.616028
324.912598
325.161469
324.966125
325.578613
325.965485
325.861328
326.554077
326.694092
327.401581
327.109650
327.287201
327.555664
327.661652
327.991333
328.092926
328.809052
328.649109
329.232605
329.084106
328.853119
329.444733
329.532532
329.766113
329.244080
329.468964
329.486237
329.799652
329.546539
329.668976
329.363678
329.297058
329.320526
328.427704
328.096924
328.470795
328.402100
327.646729
327.916779
327.583527
327.210052
326.454865
326.316986
325.893951
325.918335
325.422150
325.046478
324.749390
324.155426
324.126587
323.947235
323.365326
323.212036
323.112396
322.526764
322.594208
322.397888
322.260468
321.674286
321.710419
321.291504
321.073792
320.695953
321.040985
321.013580
321.087219
321.036499
321.200897
321.587494
321.511169
321.245789
321.446533
320.906738
321.552551
321.455719
322.201538
322.382904
322.567383
322.539337
323.215820
323.193970
323.460724
323.665527
323.960876
324.286438
324.596069
325.063995
325.056000
325.342407
325.905487
325.724335
326.125641
326.583679
326.960388
327.212982
327.784027
327.412109
328.564087
328.303741
328.527618
328.827515
328.881439
328.856354
329.189667
329.213745
329.587006
329.691833
330.092041
329.662994
329.784973
329.485809
329.574371
329.448120
329.443695
329.106171
329.282135
329.075500
328.911011
328.918304
328.458405
328.436798
328.203308
327.941681
327.248352
327.314850
327.196869
326.887787
326.019958
325.929962
325.855804
325.204956
324.653259
324.756348
324.216827
324.037781
323.690796
323.464661
323.318390
322.786652
322.356750
322.630402
321.965698
321.955383
321.906036
321.987000
321.191223
321.007629
321.279663
321.022949
320.500061
321.032745
320.927582
320.636108
320.565582
320.419312
320.874023
320.951263
320.322418
321.009979
321.177307
321.193756
321.298431
321.861115
321.812317
321.966583
321.896454
322.568878
322.659973
323.039337
323.039825
323.328857
323.397858
323.595490
323.612213
324.600464
324.644409
325.146942
325.428986
325.927155
325.614105
326.149231
326.334290
326.726318
326.386688
326.605652
327.511505
327.681488
327.987854
327.845612
328.262695
328.142212
328.366821
328.463593
328.393036
328.853363
328.709320
328.798340
328.650146
328.770294
328.650543
328.793274
328.778595
328.626038
328.259827
328.359344
328.140930
328.349731
328.155029
327.643524
327.455505
327.551971
327.245270
326.876221
327.009857
326.615448
326.172119
326.173706
326.092621
325.761383
325.217468
325.206085
325.061127
324.770966
324.766083
324.832581
324.262878
323.816132
323.884216
324.154083
323.714569
323.866089
323.733276
323.971588
323.457520
323.720367
323.285522
323.348175
323.249084
323.408508
323.332947
323.436157
322.973389
323.623962
323.174072
323.697662
323.927826
323.873871
324.463959
324.199310
324.688965
324.869171
325.171326
325.375610
325.838776
325.334686
325.815918
326.294861
326.436462
326.768372
327.082306
327.201080
327.520813
328.238007
328.169891
328.058167
328.436401
329.039795
328.971375
329.158722
329.696014
330.414520
329.999298
330.790649
330.848907
330.659576
331.032959
331.090942
331.292999
331.356018
331.490051
331.485382
331.521393
331.791290
331.391632
331.410919
331.396393
332.002289
331.419250
331.632965
331.450989
331.473022
331.275848
330.969299
330.886322
331.049744
330.190125
330.382080
330.159393
329.377411
329.614410
329.112854
328.952728
328.607849
328.606018
328.118500
328.270721
328.247192
327.705078
327.643066
327.098999
326.987305
326.590179
326.795105
326.593445
326.076080
325.895813
326.030334
325.933929
325.758728
325.175018
325.769440
325.622467
325.456848
325.736298
325.281219
325.671448
325.266296
325.426666
325.399109
325.473267
325.303253
325.778503
325.823669
325.661835
325.894379
325.803986
326.137909
326.274841
327.179596
327.029419
326.978607
327.460175
328.219269
327.588684
328.853027
328.492126
328.972412
329.099976
329.203522
329.911438
330.189758
330.262573
330.661316
330.752289
330.993774
331.747223
331.618042
331.864227
331.654205
331.836761
332.107666
332.683990
332.397583
332.217255
333.147888
332.916351
333.034576
333.436340
333.451996
333.182587
333.047333
333.130768
333.478058
333.100189
333.345917
333.224915
333.111450
333.026947
333.026764
332.682831
332.724274
332.948669
332.399506
332.099670
332.144104
331.847504
331.819061
332.059387
331.417755
331.479248
331.553406
331.778870
330.563385
330.002991
330.384460
330.527496
329.912933
330.182312
329.678162
329.926483
329.667816
329.203125
329.424133
329.268188
329.458832
329.053894
329.068787
329.262634
329.341980
328.890503
329.434723
330.185944
329.386108
329.163788
329.527466
329.958435
329.721344
329.954956
330.074921
330.585266
330.771149
331.152283
330.808075
331.473053
331.704620
332.059235
332.014313
332.772308
332.804688
332.905762
333.312958
333.611877
334.521484
334.660309
335.049133
334.871277
335.506561
335.564056
335.838043
336.727448
336.721313
337.098755
337.280670
338.131073
337.850433
338.110535
338.364502
338.290955
338.860016
339.038605
338.665039
338.896240
339.209320
339.258270
339.108887
339.304077
339.686371
339.859528
339.328949
339.566223
339.754150
339.090179
339.582642
339.575226
339.630096
339.053711
339.034515
338.460632
338.732056
338.601196
338.254669
338.090179
337.856079
337.407990
337.770386
337.200653
336.814697
336.387817
336.426025
336.128235
335.800842
335.699768
335.564789
335.414917
334.997101
334.793610
334.319397
334.679382
334.695526
334.299866
333.840210
333.898254
333.873444
333.700500
333.456848
333.385559
333.209564
333.428558
333.491577
333.705536
333.282196
333.739838
333.536469
333.936768
333.771088
334.303345
334.334381
334.294525
334.837189
334.532928
335.253510
335.099091
335.180328
335.659637
335.744568
336.240601
336.584412
336.733887
337.111694
337.640625
338.072357
337.949463
338.810852
338.951996
338.956543
339.371552
339.840118
340.347412
340.608612
341.007538
341.079346
341.254425
342.236633
342.119049
341.897247
342.416138
342.707001
342.928650
342.973480
342.839447
343.229034
343.329987
343.665894
343.393677
343.748840
343.839752
343.769958
343.791016
343.565308
343.393555
343.422821
343.282349
343.525635
342.862000
342.969299
342.587708
342.129852
342.220978
341.798035
341.600922
341.395538
341.026550
340.701935
340.350677
340.132233
339.536591
339.407593
339.289368
339.244171
338.614349
338.219482
338.412476
337.847382
337.403687
337.150238
336.615234
336.775848
336.207733
336.205688
336.080109
335.506226
335.432159
335.161285
334.890106
335.201660
334.682800
334.935394
335.081696
334.534546
334.429657
334.632263
334.731812
334.759521
334.979614
334.591949
335.092957
335.036407
335.192902
335.780182
335.130646
335.618164
335.649780
335.800385
336.186279
336.340668
336.706116
336.537323
336.714905
337.536682
337.715485
338.062103
338.153870
338.436768
338.856232
339.090729
338.817017
339.244843
339.829803
339.876556
339.990234
339.998566
340.480255
340.466766
341.008606
340.954041
341.020935
341.120331
341.268250
341.260620
341.904205
341.119385
341.331299
341.513184
341.336853
341.549927
341.043610
341.767395
341.633759
341.491669
341.350800
341.649384
340.742401
340.665710
340.389221
340.506866
340.493439
339.955048
339.974396
339.157928
339.478729
339.409485
338.745209
339.123444
337.990997
338.206421
338.058350
337.964996
337.686615
337.069000
337.096497
336.765045
336.551605
336.283966
336.108643
335.838959
335.681549
335.608704
335.470428
335.447296
335.108124
334.915375
334.528961
334.461517
334.729187
334.736328
334.708313
334.648834
334.700256
334.598633
334.680084
334.902252
334.385681
335.154785
335.340485
335.326630
335.257507
335.728760
335.623535
335.986542
335.722900
336.473053
336.093811
336.537994
336.770020
336.813995
336.861664
337.069733
337.568298
337.095428
337.605682
337.988281
337.876953
338.365601
338.538757
338.837433
338.977509
338.940430
338.915436
339.145233
339.270844
338.701050
339.129211
339.369568
339.232880
338.815643
339.671570
339.406250
339.227844
338.774384
338.936462
338.989624
338.887604
338.891418
338.529877
338.270233
338.536102
337.887787
338.129242
337.897888
337.749451
337.483490
337.441589
337.388672
336.205048
336.474304
336.386261
335.903137
335.993225
335.585815
335.317230
334.770905
334.380493
334.578949
333.936829
333.565430
333.735962
333.595734
333.326691
332.926086
332.771057
332.658478
332.564362
332.142029
332.581207
332.523560
332.193878
332.211090
331.774384
332.253235
332.177643
332.426361
332.380127
332.237000
332.609467
332.233582
332.596741
332.264984
332.503571
332.634003
333.259979
333.238098
333.451538
333.673157
333.753998
333.518402
333.794373
334.430420
334.388855
334.759491
335.089691
334.775391
335.329865
335.359192
335.759033
336.057495
336.248047
336.071808
336.429504
336.665588
336.971802
336.750854
336.698090
336.579071
336.938019
336.926025
336.794525
336.994568
336.843048
336.765961
336.445587
336.128815
336.411438
336.577271
335.954071
335.767853
335.858490
335.556915
335.327454
335.158020
335.359680
334.501556
334.465179
334.409637
333.770233
333.378113
333.148041
333.098297
332.884857
332.708679
332.186768
331.929901
331.890991
331.171082
331.058167
330.593994
330.659454
330.191010
330.415436
330.300995
330.049927
329.899780
330.184143
330.495422
330.212494
330.489014
330.365784
330.217468
330.519440
330.523285
331.036194
331.043793
331.614960
331.671722
332.435089
332.092438
332.751892
332.926483
333.744171
333.751190
333.996033
334.770691
335.040405
335.449127
335.378204
336.160767
336.147766
336.224701
336.876862
336.680023
337.815155
337.334106
337.396271
338.094910
337.328003
337.478119
337.029083
336.883148
336.212250
336.132355
334.927979
334.671448
333.687469
332.741730
331.779510
330.271210
328.741028
327.561646
325.658752
323.681213
321.638611
320.126709
317.092773
314.502167
312.175659
309.217316
306.641113
303.404022
300.430176
296.449463
293.323700
289.804291
285.791260
281.887451
278.132263
274.053894
270.350281
265.512177
261.660492
257.651337
252.882126
248.616241
244.499054
240.187256
236.165680
232.095123
227.855988
224.200882
220.180511
216.745789
213.078339
209.945862
206.638123
203.594589
200.773590
198.323456
196.263199
193.824463
191.809433
190.621246
189.391632
188.276047
187.400040
187.134918
187.131363

