309.665436
172.750565
172.830170
173.505173
174.496506
175.420670
176.961777
178.414322
180.144897
182.535721
184.750885
187.093689
189.813644
192.656738
195.509903
198.950729
201.861710
205.504486
208.784607
212.608398
216.070282
219.802124
223.571884
227.494354
230.867630
234.822540
238.437302
242.173004
245.766281
249.711319
253.005676
256.901062
260.207397
263.336761
266.453400
269.957275
272.330383
275.563995
278.605408
280.858490
283.198639
285.991089
287.948425
289.955139
291.767090
294.095856
295.634186
297.048492
298.414948
299.594116
300.342010
301.489716
302.229431
303.198334
304.076538
304.999878
305.322174
305.401428
305.682983
305.902557
306.306519
305.983673
306.505463
306.408264
305.973938
306.121948
306.062439
305.687988
305.663055
305.434875
304.983521
304.960510
304.552307
304.346313
303.978912
303.729675
303.419128
303.585663
303.296112
302.814240
303.010101
302.548309
302.570892
302.681213
302.521027
302.443817
302.281403
302.579041
302.480194
302.267822
302.514282
302.781982
303.157227
302.738495
303.071777
303.439362
303.805023
304.141022
304.006439
304.362183
304.527557
304.852478
305.307465
305.764648
306.374664
306.319061
306.905121
307.356964
307.915314
308.034058
308.243103
308.690247
308.495453
309.551910
309.540039
309.839569
310.004791
310.356537
310.348938
310.957336
310.973145
311.191437
311.550507
311.583832
311.693878
312.203156
312.188385
311.848999
312.022583
312.285645
312.088226
311.942566
311.896393
311.744934
311.372711
311.732758
311.413239
311.420837
310.621399
310.938721
310.339142
310.433533
310.087891
310.078125
309.517242
309.386688
309.658691
308.985748
308.663116
308.510345
308.516785
308.445374
307.712280
307.502808
307.474854
307.323944
307.197266
306.853485
307.164490
306.765259
306.574493
306.401733
306.833740
306.523163
306.501740
306.441315
306.744965
306.407013
306.046509
306.526611
306.652374
307.003296
307.389557
307.313477
307.384125
307.666656
307.522827
308.369995
308.181213
308.985504
308.922455
309.170868
309.449463
309.920197
310.485931
310.084717
310.881104
311.535248
311.630402
312.219116
312.361847
312.824097
313.095886
313.777466
314.222473
314.088562
314.444977
314.916168
314.829712
314.528229
315.538269
315.718536
315.951996
316.099945
316.326111
316.614655
316.318207
316.787628
317.114502
317.204895
317.241272
317.062805
317.175934
317.069794
317.018829
317.160645
317.139282
317.051514
316.520782
316.607635
316.480408
316.442261
315.946411
316.206024
315.947449
315.587219
315.293182
314.980560
315.237549
314.762939
314.392303
314.284607
314.110168
313.790344
313.364105
313.117615
312.682983
312.373535
312.170624
312.221710
312.216583
311.951630
311.437134
311.720093
311.308075
311.208313
311.071136
310.786835
310.563629
310.874054
310.697449
310.659912
310.762146
310.775848
310.898315
310.875641
310.954590
310.629852
310.889465
311.351501
311.160431
311.300507
311.431091
311.885254
311.654541
312.215363
312.493530
312.333557
312.706787
313.105377
313.183929
313.952484
314.042206
313.858521
314.554474
315.057495
315.114105
315.313965
315.963837
316.295807
316.154358
316.783630
316.903076
317.386078
317.549225
317.643005
317.960754
317.812195
318.457886
318.396820
318.783997
319.184448
318.745514
319.625549
319.296143
319.084595
319.442535
319.342133
319.393097
319.371216
319.633118
319.542053
319.631866
319.623932
319.264893
319.306519
319.332001
318.528442
319.188690
318.662720
318.746216
318.226013
318.221558
318.050507
317.924866
317.545868
317.412537
317.302155
317.012939
316.921661
316.666809
316.498993
316.044342
316.217621
315.823120
315.974579
315.864502
315.590210
315.011353
315.088531
314.688538
315.005127
314.693787
314.991211
314.796967
314.693359
314.726715
314.621216
314.858398
314.528992
314.557159
314.639252
314.959564
314.745697
315.172485
315.072510
315.122650
315.530609
315.205444
315.968781
315.909210
316.322113
316.666565
316.711517
316.747864
317.343292
317.517639
318.048279
317.669830
318.078949
318.519012
318.792542
318.861420
319.166656
319.781311
320.150269
320.062622
320.604706
321.058563
320.757324
321.139587
321.280762
321.875885
321.624939
322.297485
322.413269
322.339355
322.715454
323.179993
323.180145
323.341278
322.885895
323.166779
323.144043
323.322815
323.458618
323.648071
323.535828
323.244690
323.682281
323.377594
323.030457
323.075684
322.944122
322.514923
322.901672
322.400665
322.710297
322.118744
321.974640
322.215271
321.503876
321.658661
321.076324
320.683655
321.104889
320.425385
320.375580
320.559052
319.802795
319.510345
319.713776
319.131958
319.069824
319.221100
318.611816
319.026489
318.802734
318.683380
318.454132
318.300171
317.944366
318.532654
318.364075
318.514526
318.084869
318.760925
318.940094
318.398651
318.196045
318.472168
318.422974
318.611298
318.984100
318.931244
319.317688
319.395599
319.461578
319.874146
319.957611
320.328186
320.215363
320.549347
320.822632
320.953705
321.426453
322.273865
321.867462
322.049103
322.503815
322.485199
323.065643
323.028229
323.228699
323.699371
324.004974
324.844360
324.627136
324.685913
324.803131
325.593140
325.062836
325.467529
325.958221
326.309937
325.691650
326.341736
326.449646
326.391510
326.646240
326.346924
326.672241
326.585052
326.624268
326.877136
326.515656
326.937775
326.189148
326.727600
326.396484
326.077087
325.870483
326.653931
325.975616
326.009796
325.756836
325.281555
325.414185
325.695618
325.200470
324.852386
324.694244
324.721283
324.542542
324.295258
324.399658
324.296295
323.539612
323.787720
323.817444
323.423004
323.398315
323.429108
323.180939
323.265839
323.490387
323.273041
323.124176
322.887787
323.293304
323.396515
323.332947
323.631317
323.473785
323.363434
323.558502
323.423004
323.900543
324.107941
324.868378
324.733215
324.378906
325.334045
325.413483
325.473755
326.020844
326.656464
326.887604
327.154785
327.172729
327.753296
328.421753
328.004791
328.874451
328.926636
329.376221
329.771606
330.625061
330.437744
331.072021
331.712250
331.602631
331.578217
332.510162
332.732391
333.048950
333.230621
333.895508
333.474121
334.046753
333.877319
334.423523
334.947693
334.922668
335.452148
335.089264
335.141571
335.621582
335.821167
335.904907
335.613159
335.494720
336.108002
335.591278
335.660919
335.704010
335.153351
335.652313
335.311615
335.274292
335.218933
334.407532
334.977997
334.630737
334.868713
334.401520
334.478241
334.245209
334.088501
333.594452
333.133392
333.150146
333.072266
333.254547
332.523224
332.416595
332.704865
332.452576
331.895599
332.225494
331.914215
331.939514
332.039795
331.808990
331.765656
331.619019
331.951172
331.669586
332.232391
331.200470
331.686951
331.813202
332.364624
332.390411
332.491455
332.860199
333.147308
333.010498
333.574860
333.861084
333.589203
333.742889
334.178802
334.508118
335.518372
335.140564
335.733459
335.814575
337.112671
336.779968
337.535675
338.089325
338.221130
338.375824
339.277313
339.371643
339.759521
340.049286
340.533112
340.512421
341.066986
341.878357
341.746857
342.431458
342.585846
343.260681
343.629822
343.471558
343.623657
344.234833
344.359375
344.456055
344.485138
344.578125
344.647888
344.888428
344.460022
344.873260
345.356628
344.889282
344.896393
345.047363
345.026581
344.906006
344.706848
344.546204
344.034088
344.190918
344.478973
343.961456
343.850555
343.543671
343.490051
342.898254
342.464111
342.509735
342.309052
342.056122
341.553070
341.104187
340.974182
340.717957
341.311554
340.205750
340.409607
340.350708
339.812347
339.754669
339.838379
339.331818
339.099609
338.752899
338.896606
338.972565
338.630646
338.542877
338.526581
338.179688
338.703217
338.402496
338.280975
338.457977
338.653809
338.682495
338.998383
338.562042
339.312408
339.273102
339.425323
339.560303
339.524902
339.703125
340.097626
340.438660
340.460815
340.748169
341.072021
341.469910
341.493622
342.223419
342.506683
342.782501
342.780914
343.039429
343.494873
343.576233
344.183838
344.303101
344.818726
345.105865
345.478729
345.372467
345.887848
345.760376
346.810089
346.882812
347.037140
347.292572
347.109650
347.051117
347.362732
347.179230
347.800415
347.789398
347.586761
347.406708
347.926819
347.643066
347.689880
347.464813
347.495178
347.583435
347.562042
347.436890
347.000305
346.924408
346.805054
346.383057
346.144714
346.554016
345.680023
345.897919
345.737030
345.681610
345.220306
344.868591
344.775330
344.428772
344.397949
344.044281
344.050720
343.849701
343.344879
343.547760
343.411560
343.733582
343.446899
343.468689
342.766907
343.444244
343.071869
342.997040
342.740967
342.778259
342.520142
342.325745
342.768524
342.414490
342.876282
342.792694
342.882111
343.252594
343.153534
343.158691
343.797729
343.906342
343.476044
343.853210
344.068298
344.296295
344.352936
344.641418
345.283997
345.768188
345.008911
345.531311
345.428162
346.184235
346.103180
346.894562
346.708130
347.249176
347.278625
347.487183
347.883820
348.316406
348.393707
348.402405
348.617096
348.792755
348.907867
349.218964
349.024170
349.383911
348.966949
349.085846
349.383240
348.998230
349.342499
349.432526
349.143677
349.032959
348.987122
349.307953
349.140533
349.204468
348.672913
348.647583
348.568695
348.193909
347.544525
347.845276
347.770874
347.440002
347.280029
346.647186
346.706207
346.817566
346.428558
346.242950
345.910522
345.752258
345.873138
345.452911
344.978363
345.046783
344.437042
344.844238
344.464935
344.307068
344.033203
343.671265
343.756104
343.737122
343.670929
343.634888
343.433533
343.669495
343.229584
343.549164
343.457214
343.558563
343.725403
343.700531
343.809174
343.996918
344.088409
344.448090
344.346710
344.597443
345.074310
345.078094
345.487152
345.464294
345.937378
345.548492
346.489258
346.191284
346.451630
346.986847
347.005249
347.171997
347.576965
347.705933
347.987823
347.965302
348.439178
348.628937
348.709869
348.898773
348.987610
348.859222
349.511871
349.166046
349.497833
349.264465
349.680267
349.188049
349.593842
349.384308
349.608459
349.118256
348.518829
348.665680
348.609589
348.678223
348.155396
348.030273
347.613312
347.261627
347.508270
347.333618
346.861511
346.497894
346.607483
346.247742
346.598328
345.418793
345.081024
345.315460
344.594543
344.582306
344.392944
344.397217
343.946442
343.425690
343.137634
343.541779
342.899750
343.098083
343.151550
343.086914
342.973267
342.970184
343.293762
343.039215
343.335571
343.225189
343.515900
343.841553
344.054657
343.777466
344.531281
345.000885
345.399078
345.790710
346.338379
346.697266
346.751923
347.390900
347.595184
348.029633
348.270111
348.800415
349.523407
349.379822
349.799896
350.447876
350.743958
350.744293
351.175079
350.793610
351.224060
351.563934
351.358917
351.398621
350.866669
350.621368
350.206604
350.007080
348.999756
348.537567
347.312927
346.880157
345.405914
343.738403
342.404755
340.718811
339.454346
337.601501
334.970093
333.379364
330.276733
328.059052
325.170044
322.094910
319.450623
316.319519
312.918671
309.169983
305.169403
301.638519
297.940887
293.980072
289.259674
285.181641
281.105164
276.503326
272.374756
268.028381
263.370850
258.970673
254.606552
250.199677
245.940460
241.314804
237.137360
233.058670
229.084000
225.079285
221.787582
218.137054
214.691528
211.795624
208.592682
206.295441
203.544052
201.628510
199.517593
198.019852
196.619476
195.831528
195.052307
194.379532
194.691071

307.600616
172.737228
172.819763
173.500687
174.502213
175.435303
176.968811
178.416748
180.165588
182.553787
184.799301
187.136353
189.870377
192.754181
195.599136
199.059326
201.959503
205.646179
208.942398
212.800232
216.257660
220.014709
223.800171
227.727219
231.156296
235.125793
238.762665
242.512192
246.138763
250.106857
253.445923
257.331879
260.653534
263.856354
266.976318
270.533844
272.891571
276.169067
279.241394
281.482910
283.876251
286.739594
288.695496
290.709167
292.560486
294.946594
296.481537
297.936646
299.339600
300.562286
301.306000
302.460480
303.249390
304.246735
305.128052
306.096710
306.459473
306.544464
306.877808
307.081207
307.520325
307.220551
307.746063
307.675537
307.260803
307.422241
307.415161
307.058472
307.021027
306.817383
306.368652
306.364532
305.961884
305.763184
305.428528
305.202545
304.890411
305.070465
304.776825
304.316132
304.489349
304.078125
304.094177
304.189972
303.999115
303.955017
303.797119
304.066223
304.009979
303.760406
304.020111
304.254120
304.616699
304.202240
304.548279
304.927765
305.250397
305.577087
305.448639
305.771271
305.920380
306.242615
306.710815
307.129303
307.736084
307.638336
308.194824
308.663086
309.176300
309.275208
309.476257
309.908478
309.690033
310.706238
310.649994
310.967194
311.101776
311.441650
311.378021
311.966156
311.968658
312.164062
312.479187
312.479248
312.572754
313.087677
313.039429
312.668915
312.799164
313.046936
312.854828
312.633118
312.559631
312.392944
311.991730
312.310303
311.965912
311.947052
311.130981
311.396271
310.820129
310.881439
310.513367
310.449799
309.860016
309.745605
309.967194
309.293854
308.916199
308.747101
308.732330
308.630737
307.862335
307.662109
307.577789
307.432861
307.280243
306.937714
307.228027
306.804993
306.589966
306.392181
306.801361
306.486145
306.464691
306.379913
306.654358
306.302307
305.964203
306.430664
306.516357
306.888672
307.249298
307.164276
307.200714
307.507721
307.348785
308.197937
307.980103
308.797028
308.739746
308.979980
309.262085
309.712341
310.278656
309.892822
310.676239
311.347687
311.439850
312.015991
312.186523
312.608093
312.892487
313.567200
314.016785
313.890533
314.266113
314.751495
314.656433
314.396729
315.408386
315.569031
315.812164
315.969971
316.209778
316.538147
316.244873
316.688232
317.018890
317.135040
317.176453
317.016327
317.158478
317.059967
317.042603
317.188354
317.172791
317.089142
316.592438
316.678467
316.569397
316.549561
316.051178
316.324738
316.066711
315.789429
315.485870
315.159821
315.439392
314.958740
314.578339
314.560638
314.357941
314.076355
313.633667
313.413940
313.016113
312.697601
312.527985
312.605804
312.599976
312.354309
311.883331
312.197662
311.765717
311.707214
311.548828
311.277496
311.110474
311.428345
311.274628
311.199554
311.364899
311.392365
311.515961
311.505524
311.634521
311.315125
311.606445
312.079468
311.856567
312.000763
312.206024
312.677826
312.443787
313.032501
313.347107
313.191650
313.553558
314.034485
314.093811
314.844910
314.952942
314.841125
315.519714
316.074799
316.123047
316.352753
317.035461
317.372833
317.209747
317.885925
318.073090
318.504242
318.763123
318.806519
319.183228
319.060608
319.701874
319.673981
320.067596
320.457397
320.023804
320.927673
320.600983
320.457489
320.795105
320.685211
320.782593
320.818237
321.013214
320.941376
321.100189
321.052032
320.689209
320.804993
320.886597
320.068848
320.778656
320.226166
320.356232
319.798553
319.824310
319.636780
319.489105
319.189423
319.006042
318.949646
318.703827
318.607544
318.361145
318.202026
317.793274
317.928894
317.547943
317.692169
317.601837
317.329071
316.787994
316.844391
316.401947
316.788971
316.466583
316.783173
316.554932
316.441895
316.505768
316.361084
316.633453
316.338531
316.317932
316.437317
316.775848
316.514313
316.934204
316.846100
316.913544
317.276978
317.064911
317.741364
317.641083
318.052795
318.407623
318.435425
318.458679
319.073669
319.227570
319.752472
319.365753
319.760468
320.170685
320.390503
320.554382
320.778351
321.406616
321.778168
321.628113
322.195526
322.548828
322.291077
322.647095
322.742523
323.363617
323.093475
323.700745
323.880310
323.736725
324.092438
324.549408
324.535187
324.613678
324.181274
324.442169
324.393005
324.593109
324.667114
324.752502
324.691040
324.329315
324.796661
324.476013
324.111328
324.072876
323.957001
323.495422
323.824982
323.327332
323.614044
322.985077
322.833801
323.064789
322.332214
322.391663
321.823883
321.421600
321.778900
321.077820
321.004333
321.192169
320.451630
320.098267
320.299225
319.647278
319.545410
319.749359
319.092102
319.487457
319.202057
319.052155
318.807129
318.669250
318.274933
318.830444
318.671234
318.766296
318.326752
319.012604
319.158447
318.631378
318.402771
318.607086
318.569733
318.759735
319.097626
319.029572
319.396698
319.466461
319.518921
319.924225
319.976105
320.367767
320.214661
320.536438
320.828339
320.926758
321.408508
322.242340
321.845062
322.005859
322.444885
322.443634
323.004730
322.954071
323.153168
323.623413
323.923767
324.748749
324.541138
324.575806
324.690063
325.480652
324.957703
325.373535
325.830627
326.193970
325.570587
326.229950
326.342712
326.262878
326.519684
326.230591
326.543854
326.487732
326.506805
326.779297
326.422485
326.843445
326.080933
326.626709
326.298676
325.963440
325.776520
326.550262
325.887512
325.919769
325.641174
325.205261
325.327911
325.607056
325.131653
324.794189
324.623871
324.653351
324.491516
324.253418
324.332703
324.259003
323.486481
323.742249
323.774414
323.389008
323.380676
323.382385
323.119720
323.228027
323.467224
323.239075
323.078186
322.854919
323.240326
323.356506
323.300232
323.609711
323.426147
323.307037
323.513336
323.378906
323.835114
324.037140
324.813721
324.654968
324.306763
325.256836
325.361481
325.404999
325.981445
326.599335
326.798950
327.080017
327.051117
327.627350
328.314575
327.898041
328.723663
328.811951
329.258423
329.642242
330.481384
330.265259
330.899414
331.557068
331.426941
331.380981
332.304718
332.516418
332.865723
333.015320
333.699097
333.230438
333.797424
333.654114
334.177917
334.672577
334.629059
335.162384
334.792053
334.823730
335.305542
335.487701
335.565277
335.268372
335.134491
335.736969
335.226532
335.277557
335.326996
334.761261
335.244934
334.916016
334.868011
334.794617
333.980103
334.544617
334.191650
334.412415
333.919006
333.998596
333.746613
333.589081
333.094574
332.620483
332.616577
332.566559
332.729706
332.019196
331.903046
332.179321
331.930511
331.351959
331.699249
331.352142
331.428345
331.473022
331.246979
331.214539
331.062347
331.379700
331.094025
331.682556
330.645782
331.123383
331.249420
331.791840
331.848114
331.923157
332.291718
332.587463
332.459778
333.020386
333.316650
333.059418
333.186310
333.639587
333.983429
335.002808
334.616943
335.194153
335.296204
336.573608
336.238220
337.027405
337.567291
337.693115
337.889496
338.796844
338.873047
339.284851
339.573730
340.059082
340.042480
340.636322
341.436035
341.307678
342.008759
342.163361
342.833282
343.228149
343.074097
343.245697
343.853455
343.991913
344.110779
344.158081
344.235443
344.295410
344.563568
344.163727
344.570862
345.059937
344.606537
344.609833
344.780518
344.785492
344.656403
344.453674
344.344177
343.828125
343.962646
344.270782
343.762695
343.644073
343.387665
343.324036
342.757477
342.273376
342.391541
342.193726
341.940399
341.418762
341.007965
340.904541
340.632782
341.242859
340.128387
340.335205
340.318634
339.755554
339.694855
339.808197
339.284576
339.077728
338.755676
338.895752
338.963287
338.659180
338.558319
338.545319
338.198608
338.726105
338.446808
338.342926
338.544647
338.682770
338.741760
339.086578
338.643738
339.411499
339.351776
339.546234
339.648895
339.640656
339.797272
340.201904
340.570953
340.576569
340.875427
341.226471
341.626373
341.608490
342.357208
342.672913
342.925781
342.929688
343.197388
343.671600
343.731079
344.365051
344.455292
344.948761
345.279388
345.655762
345.540649
346.099457
345.903229
346.985931
347.044739
347.248657
347.457489
347.293823
347.198914
347.554901
347.371399
347.946716
347.963684
347.751465
347.603455
348.072571
347.820953
347.856537
347.627380
347.683319
347.770355
347.714600
347.608948
347.157532
347.108704
346.979340
346.556122
346.327271
346.733429
345.826019
346.050568
345.895294
345.846771
345.350281
345.010529
344.920685
344.606110
344.574799
344.215271
344.183228
343.936584
343.485046
343.682465
343.544708
343.864563
343.548401
343.560608
342.950714
343.568909
343.204803
343.111938
342.860687
342.887573
342.653198
342.449768
342.861572
342.524139
342.964600
342.891541
342.945740
343.334167
343.201996
343.211456
343.888458
344.003601
343.569031
343.918671
344.133392
344.360718
344.457520
344.732574
345.312958
345.801636
345.055054
345.533203
345.458313
346.225739
346.161713
346.947021
346.718842
347.286926
347.263367
347.505554
347.947144
348.342499
348.431519
348.434906
348.650024
348.828491
348.935669
349.247253
349.038116
349.370453
348.994385
349.090271
349.373291
349.020935
349.302460
349.437897
349.139221
349.038971
348.973999
349.291870
349.147064
349.186584
348.657562
348.648651
348.539307
348.204681
347.508026
347.818573
347.780670
347.403259
347.279480
346.630402
346.697021
346.819519
346.473999
346.254120
345.891357
345.759521
345.869995
345.455566
344.986298
345.075104
344.458130
344.837158
344.449921
344.304596
344.037994
343.701599
343.740021
343.760101
343.702606
343.663483
343.482483
343.633026
343.246399
343.584778
343.504639
343.580200
343.724152
343.711029
343.832977
344.036011
344.115509
344.461212
344.354523
344.625275
345.116699
345.141571
345.489655
345.496368
345.988556
345.596619
346.516815
346.248199
346.490082
347.023529
347.092743
347.185760
347.648071
347.756958
348.027283
348.035126
348.524506
348.657623
348.760956
348.940308
349.064941
348.933868
349.592621
349.249908
349.563232
349.337128
349.775452
349.237610
349.641571
349.457581
349.673126
349.200531
348.619904
348.731720
348.678314
348.723206
348.240875
348.112885
347.668365
347.356384
347.564575
347.407959
346.956482
346.554565
346.649994
346.332092
346.674408
345.481537
345.094513
345.352966
344.647980
344.595367
344.437653
344.443359
343.997528
343.468140
343.182953
343.578888
342.922943
343.166779
343.178986
343.115631
342.971405
343.003082
343.318604
343.036255
343.324585
343.255127
343.547150
343.870483
344.073242
343.770752
344.521362
344.997314
345.360870
345.761688
346.361664
346.631409
346.715759
347.357666
347.555542
348.036163
348.232574
348.777832
349.486328
349.333771
349.739044
350.394501
350.662231
350.659302
351.105255
350.726990
351.143524
351.484680
351.276917
351.332214
350.762115
350.508606
350.100311
349.905884
348.906738
348.438721
347.180084
346.784058
345.309906
343.606262
342.294189
340.575378
339.322571
337.483032
334.841583
333.224945
330.144531
327.906799
325.020599
321.941956
319.295563
316.147125
312.756561
308.993408
305.009766
301.458740
297.757294
293.824799
289.081818
285.013885
280.934174
276.317322
272.192139
267.840057
263.172272
258.773254
254.407654
250.018890
245.740402
241.129669
236.932266
232.863403
228.891998
224.883713
221.577576
217.928940
214.475891
211.600189
208.373230
206.076614
203.318344
201.417480
199.314774
197.830139
196.411789
195.601730
194.839172
194.170380
194.419968

221.710114
183.474625
183.834885
184.760040
185.384842
186.928909
188.096466
190.225021
191.812454
194.286896
196.428314
199.254501
201.539398
204.881042
208.270187
211.389893
214.530518
218.415283
221.926758
226.094131
229.601486
233.847626
237.692245
241.842453
245.851318
249.829376
253.979156
257.950684
261.865753
265.611908
269.371368
273.147522
276.842346
280.168579
283.803741
287.440186
290.034363
293.359009
296.057129
298.998444
301.373932
304.447266
305.785370
308.329071
310.069366
311.901855
313.609070
315.398956
316.975769
318.013336
318.868378
320.019775
321.052277
322.176178
322.980896
323.197937
323.650513
323.769440
324.292267
324.489227
324.720032
324.419342
324.397095
324.208405
324.251587
323.913696
323.946014
323.511230
323.444733
323.190552
322.659882
322.409973
322.177551
321.754059
321.544525
320.589630
320.586639
320.541534
319.920715
319.864868
319.913696
319.535919
319.305939
318.859772
319.039520
318.742920
318.671143
318.508331
318.779938
319.041901
318.916016
318.895447
318.749329
319.250824
319.354309
319.630310
319.955139
320.055267
319.736267
320.075195
320.331970
320.980896
321.631409
321.447815
322.050873
322.313141
322.638794
322.379883
323.019531
323.144257
323.824036
324.009827
324.077148
324.681091
324.763763
325.238098
325.409515
325.465057
325.997070
326.049377
326.823425
326.205048
326.481750
326.926727
326.650452
326.515839
326.887207
326.694550
326.739258
326.892761
326.356171
326.465820
326.130096
326.269653
325.870575
325.949921
325.665039
325.427063
325.321167
325.034241
324.370636
324.720490
324.365051
324.099274
323.680023
323.153870
322.774323
323.011688
321.970673
322.015930
321.804840
321.159241
320.800201
320.934662
320.297241
320.644104
319.991577
319.769012
319.519867
319.186462
319.687408
319.048645
319.045013
319.106781
318.641388
318.755585
318.599884
319.207184
318.713928
319.276825
318.556427
319.006195
318.858612
319.194702
319.761017
320.046936
319.935028
320.111450
320.124847
320.405884
320.942719
321.322540
321.614990
321.645020
322.205536
322.077118
322.911621
322.658142
322.972198
323.510925
323.824127
324.309357
324.327240
324.700867
325.439362
325.321228
325.606232
325.859772
326.081451
326.272980
326.687256
326.742950
327.060455
327.246460
327.025391
327.508972
327.676117
327.461182
327.825897
327.612213
327.786652
327.813232
327.906311
327.630310
327.775635
327.164642
327.256439
327.273865
327.014893
326.832794
326.801239
326.585266
326.603607
325.880615
325.876190
325.712402
325.213165
325.338318
324.293060
324.272400
324.069366
323.838837
323.220032
323.657379
322.877899
322.315826
322.467163
321.786591
321.641846
321.619781
321.272949
320.997620
320.572968
320.651764
320.379303
320.435944
319.907196
320.308411
319.694946
319.614716
319.127960
319.391876
319.092346
319.308197
319.307770
319.276520
319.136841
319.100494
319.075409
318.957428
319.392731
319.701416
320.079529
319.477722
320.242310
320.486298
320.365112
320.853973
320.890137
321.658264
321.675018
321.961365
322.122406
322.173248
322.368774
322.876526
322.836548
323.357544
323.933044
324.047455
324.228485
324.335815
325.057587
325.023682
325.047821
325.228210
325.715515
325.811188
325.974762
326.127563
326.421783
326.570740
326.756134
326.744965
326.836365
326.980286
326.483826
326.772522
326.882385
326.961212
326.878601
327.019501
326.323425
326.478424
326.454407
325.940521
326.280762
325.933868
325.673950
326.068390
325.624756
325.015350
325.214722
324.944550
324.774841
324.769562
324.456451
324.030609
323.541809
323.646790
323.277618
323.029816
323.075958
323.029419
322.461731
322.281738
322.253326
322.099823
321.559235
321.492950
321.095581
320.866119
320.830841
320.743225
321.166473
321.061340
320.593903
320.615967
320.528961
320.896545
320.880432
321.019623
320.761963
321.028198
320.965118
321.368011
321.129059
321.293549
321.529724
321.939331
322.099670
322.052124
322.699219
322.370667
322.891266
323.132080
323.188141
323.483429
323.424805
323.737762
324.577362
324.505341
324.715302
325.299744
325.320862
325.689941
326.090790
326.296753
326.482208
326.862152
326.873535
327.220703
327.862946
327.840546
327.926056
328.017517
327.980377
328.451782
328.170654
328.129578
328.316162
328.864044
328.638641
328.858643
328.874939
328.553589
328.615479
329.044769
328.784088
328.667053
328.501587
328.329102
328.601501
328.394318
328.089081
328.081421
327.471771
327.578217
327.229675
327.267151
327.224304
326.465607
326.739044
326.323547
326.253723
325.781647
325.652130
325.448212
324.995148
324.949524
324.783356
324.413269
324.299744
323.694122
324.010010
324.059326
323.794495
323.396027
323.230286
323.061951
322.846619
322.906372
323.305389
322.858337
322.702576
322.970398
322.829102
322.728973
322.836731
323.215027
322.941833
323.356476
323.043854
323.434692
323.699036
323.562836
324.310883
323.955078
324.469513
324.677368
324.372986
324.812195
325.111420
325.126038
325.397247
325.911255
326.288239
325.939056
326.398560
326.722107
326.668976
327.338654
327.168457
327.578217
328.100555
328.347443
328.766174
328.670380
328.751587
329.127686
329.419434
329.795807
329.585999
330.084473
330.076813
329.936676
329.931885
330.337799
330.299652
330.213531
330.234802
330.087463
330.665497
330.431274
330.378021
330.003265
330.229279
329.996735
329.980774
329.787933
329.868622
330.140686
329.622955
328.988007
329.212341
329.005676
328.733917
328.458923
328.148285
328.317505
327.470123
327.637390
327.875671
327.788330
327.351166
327.106812
326.865997
326.605988
326.267334
326.311401
325.919098
326.026855
326.025146
325.740143
325.628235
325.255920
325.509949
325.398163
325.582794
325.452332
325.318115
325.200806
326.431030
325.441406
325.433838
325.645111
325.793579
325.678741
326.598206
326.398193
326.381500
326.590240
326.771729
326.993896
327.285156
327.912720
327.536377
327.861115
328.061096
328.778320
328.606171
328.907196
329.259766
329.747040
330.015533
330.496918
330.941101
331.220886
331.487915
331.527710
332.144135
331.857513
332.605133
332.767761
333.288483
333.571655
333.504944
333.830811
334.476440
334.072266
334.314270
334.869141
334.491211
335.010315
334.735992
335.086456
335.002686
335.018982
335.078247
335.237793
334.917389
334.992859
334.765564
334.739594
334.585083
334.882721
334.519684
334.560394
334.099121
333.826202
333.524200
333.885681
333.575256
333.228699
332.940491
332.745392
332.588776
332.442535
332.134399
331.967712
331.746887
331.401947
331.170319
330.668152
330.517731
330.550720
330.139282
330.144135
329.704681
329.516541
329.257935
329.222198
329.332031
329.012207
329.081146
328.644165
328.891479
328.877380
328.699554
328.985748
329.019043
328.933899
329.053528
329.089630
329.141327
329.462677
329.192017
329.323120
329.499573
329.891571
330.033966
330.551483
330.440918
331.334534
330.794373
331.382324
331.754852
331.852722
332.296814
332.574860
332.684570
333.375824
333.293091
333.957764
334.278442
334.951996
335.064758
335.300201
335.509766
335.919830
335.963379
336.670013
336.512115
336.947113
337.269958
337.459961
337.542633
337.685181
337.765259
338.230804
338.240753
338.350769
338.595428
338.943115
338.839447
338.785828
338.649719
338.957611
338.661285
339.420898
338.857910
338.417542
338.214203
338.059143
338.432220
338.142670
338.412842
337.673676
337.518494
337.185547
336.718475
337.115814
335.971100
336.104218
335.976105
335.602448
335.356445
334.953583
334.505219
334.616302
334.177032
333.742493
333.809662
333.373016
333.085815
332.512848
332.411102
332.283539
331.696320
331.453491
331.778229
331.345673
331.413910
330.660187
331.048615
330.757599
330.828522
330.561951
330.552032
330.546600
330.146729
330.428802
330.521881
330.540222
330.125275
330.546509
330.347137
330.881256
330.926025
330.633484
331.106812
331.517487
330.932831
331.908569
331.816315
332.215546
332.453156
332.656464
333.088959
333.456238
333.351318
333.477325
333.821106
334.251953
334.531311
334.452515
334.940247
335.394684
335.198395
335.038727
335.457245
336.060242
335.829865
336.525208
336.664673
336.757721
336.576233
336.844025
337.074280
337.230957
337.661377
337.060272
337.838226
337.473358
337.569702
337.679291
337.749817
337.509094
337.450165
337.553314
337.153534
337.303223
336.508301
336.739502
336.512054
337.131409
336.261047
336.039124
336.000336
335.590637
335.187042
335.777100
335.154175
334.762726
334.843933
334.229309
333.731323
333.702911
333.616974
333.403534
333.199707
332.850250
332.703857
332.491241
331.952576
332.045593
332.018158
331.657379
331.852753
331.681091
331.411072
331.533234
331.383026
331.009735
331.140961
331.253937
330.765045
331.236481
331.210663
331.272888
331.173706
330.905823
331.230225
331.437256
331.551758
331.791748
331.869507
332.165192
332.020264
332.218262
332.672363
332.756317
332.635803
332.836365
333.647278
333.995392
333.400269
333.721069
333.800690
334.446106
334.325409
334.919250
334.605988
335.140900
335.180908
335.437531
335.432465
335.630615
335.986389
335.792694
336.214966
336.071625
336.184753
336.029053
336.241699
336.150787
336.544128
336.423126
336.060120
336.113495
335.979431
335.830536
336.134064
335.629852
335.680481
335.428650
335.169678
335.317505
335.065765
334.614380
334.709015
334.705322
334.166382
334.536530
333.617828
333.867615
333.641479
333.111084
332.871521
332.438843
332.594696
332.163666
332.075958
331.938354
331.471832
331.162933
331.328766
330.549194
330.988007
330.797821
330.600037
330.344360
330.058746
329.938660
330.423584
329.955688
329.880768
330.229919
330.195557
329.923370
330.183044
329.909210
330.391418
330.183044
329.995087
330.478973
330.245117
330.336029
330.668793
330.717041
330.724945
331.365021
331.267120
331.524078
331.689514
332.139282
331.864136
332.288574
332.440674
332.977112
332.993591
333.559204
333.519135
334.033386
334.077301
333.954010
334.270386
334.695648
334.233459
334.935455
334.903351
334.809540
335.401031
334.962616
335.340668
335.177246
335.118683
335.311554
334.863892
335.273560
335.464691
335.166931
334.798889
334.858612
334.635162
334.497864
334.528839
333.999176
334.208923
333.327026
333.502838
333.203461
332.774506
332.926636
332.456268
331.990479
332.007477
331.305756
331.347778
331.264160
330.703979
330.136902
330.403595
330.001892
330.068909
329.973022
329.332062
329.421448
328.763702
329.200195
329.290436
329.082581
329.415161
329.212189
329.303284
329.474060
329.091888
329.420807
329.422577
329.779877
329.977203
329.816620
330.475616
330.793152
331.003448
331.471252
331.601440
332.293335
332.588135
332.817810
333.314606
333.266083
334.067383
334.478271
334.566620
334.709290
335.294830
335.477783
335.798248
336.407135
336.648590
336.782440
337.064423
336.760956
336.509857
336.271393
336.507599
336.096283
335.682129
335.321991
334.704132
333.759186
333.262085
332.067688
331.194458
329.455505
328.202759
326.660370
324.524567
322.908325
320.746826
318.845917
316.551361
314.391144
311.626007
308.780914
305.984192
302.871826
299.481445
295.690582
292.608368
289.180389
285.284851
281.449615
277.625519
273.435974
269.553192
264.909058
261.116394
256.921875
252.177536
248.351791
243.902832
239.731354
235.679367
231.599182
227.592316
223.419220
219.503662
216.264114
212.493423
209.268051
205.861526
203.008102
200.313156
197.668167
195.583282
193.187393
191.396729
189.912628
188.458115
187.640182
186.925323
186.336044
186.441879

226.556305
184.061661
184.425690
185.378510
185.984711
187.529510
188.692978
190.819916
192.402893
194.886917
197.029205
199.890610
202.161728
205.514175
208.915268
212.024124
215.204132
219.068085
222.589996
226.779037
230.263168
234.535492
238.377975
242.561371
246.558578
250.572067
254.713913
258.697693
262.608124
266.374420
270.125153
273.937775
277.641052
280.992218
284.619537
288.243591
290.898254
294.199829
296.966217
299.847198
302.275818
305.314758
306.674438
309.249725
310.952637
312.832642
314.554260
316.305176
317.935486
318.939850
319.842773
320.982910
322.061462
323.163605
323.944519
324.218445
324.704773
324.827362
325.327301
325.557404
325.787811
325.504700
325.421234
325.263489
325.355682
324.985199
325.059692
324.638824
324.526978
324.302856
323.779175
323.493744
323.293823
322.872467
322.677246
321.671112
321.701874
321.679138
321.064270
320.991669
321.003479
320.617920
320.368835
320.010437
320.154877
319.868439
319.784424
319.668060
319.897186
320.112640
319.997650
319.932037
319.822418
320.362885
320.425903
320.648102
320.982391
321.100281
320.746674
321.151245
321.321655
321.969910
322.598480
322.413300
322.963104
323.286499
323.577393
323.271759
323.922729
324.031738
324.720184
324.863831
324.945038
325.530151
325.603821
326.071594
326.252014
326.248871
326.823822
326.824524
327.553711
326.945007
327.225433
327.622223
327.347565
327.185516
327.570526
327.400116
327.428528
327.561676
327.018127
327.093445
326.730011
326.859528
326.496857
326.546295
326.239105
325.989532
325.898682
325.561157
324.915802
325.213959
324.900696
324.616791
324.158600
323.641693
323.204407
323.477966
322.421112
322.444489
322.252136
321.578033
321.215759
321.313568
320.693237
321.024170
320.357849
320.172882
319.902283
319.541412
320.061279
319.353241
319.384094
319.437653
318.965271
319.094360
318.940338
319.526764
319.014465
319.602844
318.860626
319.292145
319.106598
319.460907
319.985809
320.309601
320.214966
320.380585
320.356293
320.663849
321.217041
321.545532
321.860260
321.853058
322.413300
322.270355
323.124573
322.887512
323.181946
323.693420
324.023590
324.493530
324.494934
324.889862
325.608093
325.476074
325.774109
326.030548
326.242798
326.400269
326.836823
326.874115
327.181152
327.366730
327.138550
327.605988
327.761169
327.565552
327.927246
327.706299
327.867889
327.890411
327.991058
327.687469
327.838684
327.237396
327.290588
327.310699
327.044769
326.880066
326.810394
326.604156
326.616638
325.878571
325.891632
325.707947
325.195862
325.310028
324.282166
324.244812
324.017670
323.806519
323.164337
323.587250
322.805328
322.236298
322.394501
321.704956
321.560852
321.524170
321.180176
320.906036
320.466003
320.553467
320.274567
320.311798
319.779419
320.211700
319.545410
319.487549
318.996552
319.248901
318.942596
319.148773
319.155121
319.137329
319.025421
318.948456
318.916016
318.795319
319.222168
319.559937
319.910614
319.316406
320.101349
320.359619
320.234497
320.707428
320.770569
321.527679
321.527374
321.834991
321.993744
322.050964
322.262329
322.768280
322.734619
323.293274
323.844269
323.977997
324.147461
324.261475
325.017303
325.002350
325.046661
325.223206
325.719391
325.843323
325.979919
326.185760
326.463684
326.642792
326.808838
326.852905
326.945892
327.073914
326.618744
326.951538
327.028992
327.165131
327.090057
327.247925
326.559906
326.717865
326.732666
326.232239
326.600952
326.241394
326.028778
326.422119
326.013733
325.399567
325.593231
325.360565
325.190399
325.205933
324.912201
324.528229
324.054596
324.198303
323.814148
323.568451
323.621613
323.624573
323.037933
322.888916
322.844299
322.786346
322.225891
322.205505
321.778931
321.550171
321.555267
321.498596
321.920532
321.839661
321.375946
321.411377
321.298279
321.711731
321.724213
321.828796
321.622223
321.886353
321.802582
322.207031
321.974243
322.174622
322.375916
322.799408
323.007355
322.936310
323.564728
323.248718
323.766052
324.023834
324.055450
324.383026
324.325378
324.632385
325.454315
325.370026
325.590698
326.174652
326.212952
326.512756
326.929535
327.126343
327.332581
327.694061
327.726807
328.065125
328.683319
328.596008
328.689697
328.785980
328.744934
329.224396
328.899689
328.860413
329.021240
329.574738
329.288727
329.531281
329.439331
329.181915
329.249664
329.670135
329.361084
329.234985
329.056732
328.870941
329.127563
328.902344
328.571869
328.574921
327.965607
328.021088
327.662018
327.674042
327.586884
326.825470
327.094482
326.683777
326.588104
326.055450
325.934540
325.694336
325.235962
325.181854
324.997681
324.612854
324.479279
323.867767
324.141327
324.183899
323.896820
323.511078
323.325745
323.136871
322.881134
322.957672
323.328430
322.881256
322.704071
322.950745
322.803802
322.708649
322.821747
323.165405
322.882324
323.270996
322.974884
323.347046
323.582123
323.470642
324.205200
323.815155
324.350006
324.548096
324.236420
324.680969
324.977356
324.968353
325.233337
325.771149
326.137085
325.781311
326.244629
326.563354
326.528076
327.179810
327.025787
327.429718
327.948212
328.185822
328.622284
328.509705
328.611298
328.990448
329.292389
329.666443
329.454132
329.987152
329.968933
329.814270
329.823181
330.257904
330.198303
330.122284
330.162262
330.028595
330.610413
330.399109
330.323944
329.963562
330.205353
330.008270
329.999420
329.787384
329.907166
330.167755
329.666840
329.045258
329.303162
329.068207
328.823608
328.537018
328.253265
328.448212
327.614227
327.787598
328.011322
327.922302
327.541901
327.292877
327.043213
326.834930
326.508179
326.543884
326.162384
326.274353
326.249420
326.011139
325.906860
325.540833
325.786682
325.690765
325.901703
325.788147
325.648407
325.534332
326.447998
325.784424
325.797424
325.998718
326.159729
326.044128
326.980591
326.757355
326.768677
326.991394
327.158844
327.392975
327.681122
328.333282
327.967102
328.287628
328.455475
329.207886
329.032440
329.362152
329.695740
330.218994
330.455200
330.904785
331.358154
331.633545
331.924988
331.964142
332.577179
332.288605
332.994873
333.196472
333.694397
334.003967
333.943237
334.264343
334.924591
334.503204
334.754578
335.281586
334.870605
335.434418
335.141785
335.472198
335.419617
335.444977
335.508514
335.606720
335.286530
335.361023
335.129700
335.095551
334.959961
335.224030
334.882660
334.904114
334.433319
334.160980
333.855804
334.211792
333.889099
333.549408
333.236694
333.053650
332.871796
332.726868
332.421143
332.240143
331.981110
331.642700
331.421722
330.905121
330.758179
330.768890
330.384369
330.381226
329.912811
329.727081
329.459412
329.431458
329.529175
329.185394
329.257507
328.815033
329.039185
329.031342
328.847839
329.125214
329.115448
329.059814
329.152863
329.205688
329.234436
329.549225
329.283447
329.392456
329.566925
329.935272
330.062927
330.601562
330.502441
331.350342
330.820831
331.395721
331.737976
331.848694
332.281464
332.552551
332.654541
333.320862
333.252808
333.906433
334.240204
334.882629
334.996460
335.215729
335.443573
335.811951
335.864655
336.552094
336.392548
336.792877
337.128387
337.311768
337.407043
337.520569
337.623444
338.078766
338.058380
338.143829
338.408966
338.737183
338.654510
338.578949
338.435547
338.718201
338.398987
339.176544
338.601135
338.145660
337.959229
337.777222
338.152466
337.872131
338.117126
337.369904
337.193695
336.859070
336.390320
336.790619
335.639099
335.746307
335.658447
335.240814
334.999603
334.579712
334.140991
334.235474
333.784943
333.346161
333.400269
332.967499
332.662598
332.098206
331.994598
331.869293
331.269257
331.051880
331.330505
330.905640
330.982880
330.221832
330.583191
330.300751
330.390625
330.113434
330.089264
330.093597
329.695312
329.958710
330.036407
330.093323
329.646210
330.073181
329.856232
330.429840
330.450562
330.164368
330.645081
331.050842
330.478088
331.422455
331.364899
331.721039
331.994324
332.199341
332.611694
332.969452
332.888702
332.978455
333.364899
333.806580
334.081146
334.017609
334.497284
334.950989
334.749786
334.591125
335.028870
335.632202
335.396088
336.102875
336.252258
336.326538
336.186127
336.461487
336.695404
336.845001
337.304657
336.698761
337.483154
337.108551
337.148315
337.326965
337.391327
337.151703
337.098511
337.202698
336.800842
336.992706
336.185394
336.413879
336.201233
336.841858
335.977631
335.739685
335.741425
335.327118
334.920319
335.513733
334.944000
334.536407
334.623291
334.003143
333.517242
333.514160
333.411194
333.203491
333.019501
332.728485
332.506714
332.313324
331.765594
331.903320
331.902466
331.531708
331.593048
331.575378
331.293182
331.401917
331.294403
330.896729
331.042480
331.197723
330.676422
331.167084
331.144226
331.174805
331.181549
330.840820
331.190247
331.384125
331.520172
331.734375
331.855591
332.126312
331.980865
332.186279
332.661957
332.736267
332.637421
332.806519
333.648529
334.019653
333.421631
333.726929
333.852051
334.490723
334.350800
334.944275
334.635742
335.197357
335.215912
335.474915
335.434662
335.684540
336.036011
335.856628
336.253113
336.106354
336.198334
336.052216
336.293579
336.208710
336.597412
336.457031
336.106873
336.164673
336.018280
335.865814
336.167297
335.682983
335.738159
335.484955
335.207550
335.367676
335.101929
334.652161
334.762299
334.752930
334.237793
334.557892
333.652039
333.907135
333.687531
333.144470
332.913300
332.484589
332.641907
332.201294
332.108337
331.976807
331.516479
331.198090
331.361755
330.600342
331.062836
330.860626
330.629517
330.379517
330.100983
329.984375
330.469971
330.010376
329.889618
330.276031
330.224060
329.962158
330.227783
329.925812
330.424713
330.219238
330.036713
330.515747
330.287964
330.382996
330.702545
330.751831
330.749420
331.417023
331.319763
331.577972
331.726562
332.189941
331.915436
332.312561
332.489380
333.009857
333.041779
333.576019
333.564270
334.083557
334.129761
334.002747
334.287109
334.729523
334.275940
334.992157
334.927643
334.859070
335.450439
335.018555
335.390656
335.222107
335.155640
335.344177
334.905701
335.331024
335.509796
335.205444
334.832214
334.909363
334.664886
334.539825
334.593842
334.045776
334.230499
333.362823
333.558594
333.252014
332.812225
332.970459
332.482330
332.023682
332.058899
331.331970
331.380615
331.303101
330.746643
330.170166
330.449493
330.031494
330.096344
330.002228
329.363983
329.458405
328.790619
329.230682
329.337128
329.111694
329.430969
329.214569
329.315796
329.489929
329.110596
329.460144
329.451599
329.800049
329.977112
329.847595
330.470428
330.791473
331.006134
331.479431
331.591644
332.294586
332.574768
332.821167
333.308136
333.263428
334.044373
334.447021
334.562134
334.706482
335.277710
335.446930
335.778717
336.367218
336.600677
336.756226
337.030975
336.700836
336.477295
336.225647
336.457123
336.040131
335.636749
335.270905
334.661743
333.705719
333.187866
332.017242
331.111633
329.398285
328.129120
326.624054
324.438324
322.821014
320.652710
318.761169
316.478424
314.298218
311.519928
308.688080
305.871460
302.773315
299.382324
295.571198
292.477814
289.056671
285.185181
281.336426
277.500549
273.322144
269.426636
264.793671
260.984985
256.830902
252.048782
248.232178
243.778198
239.592606
235.561554
231.476562
227.438232
223.280548
219.380020
216.112930
212.350723
209.114182
205.723740
202.868607
200.175369
197.523605
195.454361
193.062698
191.251663
189.763077
188.305634
187.499115
186.777863
186.189255
186.304367

