262.004578
173.988693
174.783752
175.579376
176.354904
177.361572
178.914810
180.415863
182.198639
184.263870
186.538513
189.069794
191.739502
194.535812
197.539948
200.794571
203.715317
207.377167
210.651215
214.627411
218.145493
221.741699
225.620911
229.448303
233.060837
236.817520
240.667191
244.473495
248.251083
251.795349
255.190430
258.819794
262.225342
265.866394
268.705231
271.832581
274.883453
277.792145
280.788605
283.272858
285.774902
288.116333
290.236786
292.191376
294.103088
295.848846
297.648071
299.090637
300.651489
301.766479
303.139282
304.244171
305.187408
305.618103
306.466217
306.771118
306.968811
307.761810
308.030670
308.382294
308.293427
308.446350
308.434113
308.270294
308.421783
307.897919
308.261932
307.845978
307.652161
307.454498
307.277313
306.856567
306.530243
306.059296
306.096191
305.455170
305.721588
305.791351
305.176300
305.061127
304.737579
304.961578
304.675018
304.443420
304.422180
304.289062
304.057678
304.250610
304.063721
304.411652
304.306702
304.486969
304.947754
304.604614
304.692505
305.476654
305.576538
305.672028
305.955841
305.978729
306.684692
306.701019
307.307739
307.742554
307.934296
308.364227
308.723358
308.778351
309.204346
309.866211
309.770447
310.252014
310.627991
311.167145
311.179901
311.375977
311.402466
312.434601
312.505280
312.971405
312.711151
313.167053
313.357819
313.386505
313.211884
313.746948
313.529968
313.463562
313.600372
313.568604
313.793488
313.604309
313.761200
313.423340
312.976288
312.950073
312.801697
312.783234
312.422241
312.595764
312.022614
311.678802
311.959015
311.396942
311.171448
310.994904
310.559570
310.496826
310.198334
309.931763
309.439941
309.883667
309.095367
309.139435
308.955658
308.971893
308.683563
308.229492
308.237305
308.154266
308.151062
308.113556
308.098846
308.019531
308.274445
308.056946
308.093781
307.912292
308.284882
307.766357
308.005646
308.480377
308.613098
308.837708
309.468994
308.855469
309.325989
309.274567
309.800507
310.109070
310.208069
310.737732
311.203735
311.523743
312.184479
312.256256
312.614838
312.558289
313.164062
313.567383
313.810303
314.307281
314.414154
314.534698
315.139832
315.958893
315.702148
315.979248
316.588715
316.565491
317.021759
317.482361
317.519440
317.014374
317.809387
317.972992
317.916382
318.223755
318.343445
318.830353
318.423584
318.458038
318.939514
318.850922
318.615906
318.323547
318.509735
318.307770
318.220428
318.304199
318.096375
318.097443
317.697723
317.817596
317.509644
317.303741
317.049744
316.609039
316.206299
316.206268
316.265137
315.731140
315.589417
315.216583
314.909332
314.693909
314.454865
314.242462
313.873352
314.224152
313.318878
313.186462
313.085388
313.334686
313.090851
312.801300
312.970856
312.809296
312.471283
312.761932
312.118896
312.221130
312.207825
312.470978
312.493378
312.594482
312.425171
312.513000
312.262238
313.244995
313.120575
313.186584
313.481934
313.556458
313.778625
313.751251
314.373932
314.223755
314.637085
314.974396
315.158936
315.647308
315.948578
316.213928
316.647491
317.034637
317.433380
317.359741
317.959534
318.038818
318.609863
318.627991
318.942596
319.594482
319.445190
319.516663
320.247009
320.403198
320.683044
320.840912
321.144684
321.125458
321.217621
320.911316
321.719910
321.681549
321.269867
321.613525
321.878418
321.919891
321.674713
322.096771
322.282684
321.776764
321.707489
321.702393
321.472412
321.502869
321.583588
321.107117
321.129639
320.905396
320.900848
320.608643
320.385559
320.404755
320.224823
319.914856
319.294830
319.730316
319.330475
319.269135
319.230072
318.242401
318.545258
318.322205
318.472992
318.281433
317.307953
317.610748
317.712036
317.881683
317.519745
317.686554
317.200928
317.242889
317.601196
317.381287
317.429718
317.550171
317.279755
317.423798
317.760651
317.755524
317.506104
317.975830
318.267700
318.241058
318.334656
318.935608
319.125549
319.675018
319.384552
319.652222
319.908081
320.419525
320.559814
320.692596
321.207306
321.129333
321.795929
321.968353
322.152588
322.588257
322.744446
322.940735
323.492279
323.863861
324.190979
324.001801
324.555725
324.648407
325.088989
325.138062
325.577148
325.728790
325.744629
326.015625
326.289520
326.379333
327.100281
326.159119
326.942932
326.922607
326.905304
326.737488
326.562439
326.997040
327.088593
326.822479
326.810822
326.935730
326.973297
326.604645
326.648590
326.116394
326.075409
326.384491
325.688385
325.559448
325.752380
325.270111
324.899597
325.090851
324.771149
324.450317
324.157806
324.487030
323.988861
323.952087
323.806000
323.921051
323.047455
323.265808
323.233307
322.728607
322.881866
322.622467
322.587402
322.645020
322.292816
322.182098
322.623199
322.314209
321.919128
322.005646
322.201172
322.023132
322.198120
322.752930
322.522491
322.822571
322.475128
323.118469
323.339722
323.295746
323.645050
323.742981
323.863220
324.328369
324.537598
324.805634
324.572449
325.253510
325.560394
325.436371
326.004944
325.895721
326.485291
326.789520
327.443481
327.435791
327.872375
327.864075
328.462860
328.592712
328.739197
329.181946
329.221863
329.875946
329.657806
330.293213
330.104706
330.670776
330.595093
330.625763
331.163483
331.304749
330.271545
331.278809
331.433228
331.549957
331.065796
330.994965
331.280853
331.383423
331.319794
331.057983
331.053955
331.038727
331.112122
331.076843
330.956177
330.985504
330.671112
330.279449
330.723145
330.034668
329.940369
330.093445
329.681915
329.204651
329.381042
329.048126
328.797424
329.196838
328.767334
328.296021
328.304321
328.839447
328.545959
328.548492
328.000549
327.665527
328.088409
328.282471
328.219727
327.886200
327.915985
327.981415
328.001831
328.354126
328.209778
328.240753
328.293427
328.282013
328.852844
328.631195
329.475830
329.574280
328.863129
329.561737
329.984802
330.181519
330.440704
330.834137
331.297791
331.559509
331.894806
332.103424
332.531158
332.767517
333.584473
333.990204
333.933746
334.361115
335.046753
334.971710
335.553772
335.884094
336.744263
336.721405
336.665039
337.291809
337.418671
337.939453
338.502106
338.605255
339.027496
338.753357
339.527496
339.668243
339.961761
339.521088
340.317902
340.191223
340.451080
340.591431
340.527374
340.052673
340.821869
340.383850
340.354095
340.391266
340.310425
340.206696
340.422791
340.039520
340.406189
339.884827
339.748383
339.767090
339.266846
339.340424
339.267548
339.034393
339.491791
339.035645
338.702271
338.878693
337.919708
338.039307
337.584076
337.892670
337.183594
337.128540
337.556061
337.058380
337.048645
336.774933
336.504730
336.504791
336.408813
336.235352
336.225677
335.997284
336.538849
336.361908
336.673981
336.296265
336.545624
336.831787
336.460632
337.473114
336.817413
337.150208
337.422211
337.541840
338.027832
338.052429
338.226837
338.513611
339.139221
339.237946
339.401154
340.243256
340.031952
341.067474
340.825012
341.294830
341.559662
342.451385
342.292633
342.730164
343.393799
343.492737
344.224762
344.590912
344.845825
345.047699
345.467407
345.899384
346.259094
346.813171
346.941467
346.953278
347.447754
347.574493
347.855255
348.478058
348.823792
348.217834
348.793457
348.943298
349.033722
348.979492
349.167847
349.179749
348.987244
349.115540
348.777985
349.207153
349.046997
349.062012
348.680023
348.847656
348.532227
348.607880
347.959167
347.770721
347.924835
347.353638
347.216156
346.925201
346.696991
346.478302
346.593414
346.278015
345.894806
345.791779
345.050873
344.939270
344.665924
344.481812
344.324707
343.864655
343.295624
343.818176
342.954468
343.231476
342.489197
342.842010
342.619537
342.717194
342.156250
342.076721
342.059082
342.443878
342.144775
342.108459
342.078735
342.223633
342.053406
342.280182
342.556793
342.434174
342.686371
342.839539
343.046539
342.897430
343.218018
343.647858
343.747406
343.860229
344.111542
344.746002
344.773987
345.078217
345.243317
345.577942
345.861237
346.037323
346.725983
346.375458
347.832550
347.224579
347.650757
347.806091
348.189484
348.773987
349.285400
349.144318
349.791962
349.614594
349.816345
349.952484
350.110077
350.063904
350.332703
350.308899
350.923828
350.731354
350.515564
350.859253
351.339691
351.415192
350.897919
351.187561
350.918427
351.252441
351.146332
350.768341
350.848694
350.759064
350.832245
350.338440
350.055084
350.205200
350.134003
350.005920
349.388153
349.099274
349.474854
348.633545
349.000305
348.036957
348.636841
347.698486
348.280212
347.822754
347.435211
347.563110
347.708008
346.955750
346.489624
346.448029
346.450470
346.818756
346.847229
346.582031
346.300476
345.778168
345.833527
346.262268
345.769684
345.877350
346.020050
345.927704
346.354431
346.013123
346.161865
346.334381
346.734650
346.527069
346.940399
346.741211
346.824951
347.482086
347.547180
347.747681
347.941467
348.028107
348.169708
348.644226
348.798584
348.845215
349.307556
349.363922
349.355988
349.709747
350.211212
350.120117
350.863068
350.850189
350.919830
351.577698
351.980988
351.159485
351.942383
351.925659
352.025055
352.106415
352.394409
352.851318
352.637848
352.414398
352.888550
352.426025
352.742401
352.472015
352.563141
352.236206
352.135834
352.095703
352.324890
352.057800
352.487244
351.753876
351.541138
351.716431
351.311401
351.046204
350.830627
350.412018
350.439697
350.077972
350.308075
349.704895
349.541779
349.269409
348.736938
349.081177
348.337708
348.514923
348.252625
348.504761
347.628540
347.478577
347.534210
347.397491
346.788727
347.038361
347.414673
346.804504
346.496796
346.501556
346.827698
346.599091
346.860138
346.637695
347.001068
347.009613
346.740479
346.880066
346.947021
346.504700
347.085266
347.555267
347.321777
347.139069
347.818604
348.304474
348.398743
348.636108
348.996582
348.949738
349.274567
349.605103
349.978912
349.548553
350.273376
350.348236
350.702515
351.083862
351.606537
351.530426
351.546600
351.639130
351.736694
351.943848
352.427765
352.002899
352.337280
351.998047
351.883331
352.837677
352.600952
352.451263
352.908417
352.532135
352.119110
352.723663
351.750610
352.245728
352.062225
351.723419
351.720764
351.273499
350.903717
350.753632
350.698700
350.160065
350.333008
349.872681
350.165161
348.846069
349.060638
348.723999
348.426056
348.365997
348.218781
347.781647
347.393829
346.849792
347.011780
346.871704
346.852966
346.838837
346.419220
346.349548
346.265991
346.730835
345.844971
346.810242
346.249176
346.117828
347.179321
346.347931
346.625122
347.192505
347.261749
347.777740
348.180115
347.855743
348.223145
348.872559
349.172333
349.790741
349.872345
350.479889
350.938019
351.718201
351.542084
352.026001
352.210876
353.077301
352.951080
353.656952
354.261963
354.063538
354.898621
354.718140
354.423920
354.577118
354.630890
354.693542
354.287872
354.512909
353.990631
352.863037
352.985443
352.149841
350.943268
350.011292
348.579407
347.455505
346.217255
344.233551
342.983063
340.491272
338.644562
336.778320
333.651764
331.120361
328.591125
325.704468
322.828247
319.182281
315.786865
312.466156
308.465179
304.917664
300.807617
296.653870
292.942505
288.122223
284.315338
280.001068
275.284943
270.927185
266.102844
261.755768
257.163788
252.735626
248.186874
243.957550
239.914230
235.900330
231.549362
227.916519
224.299530
220.493118
217.201889
214.108612
211.293381
208.386230
206.332108
203.763916
201.965958
200.586395
198.823166
197.931580
197.102905
196.978378
196.923386

261.142700
173.966080
174.759521
175.575745
176.350754
177.355286
178.916565
180.409653
182.222931
184.274536
186.574158
189.124237
191.796921
194.614136
197.623596
200.910309
203.851471
207.519058
210.792694
214.807037
218.346954
221.925674
225.838394
229.705643
233.320496
237.124451
240.983322
244.806366
248.616776
252.221970
255.627441
259.258514
262.707306
266.341095
269.238586
272.352112
275.462097
278.410339
281.403778
283.947876
286.469666
288.853119
290.985260
293.011871
294.893372
296.711151
298.514801
300.001556
301.579346
302.697021
304.115753
305.277405
306.249146
306.661499
307.543243
307.837799
308.120361
308.961792
309.222656
309.620422
309.568268
309.697571
309.739197
309.563934
309.770203
309.261047
309.632050
309.223846
309.044800
308.835480
308.723541
308.248688
308.020294
307.532288
307.580170
306.916168
307.201294
307.343750
306.707733
306.602570
306.254150
306.489288
306.240234
306.035919
306.001160
305.850800
305.610077
305.820526
305.633484
305.977112
305.852203
306.052032
306.509064
306.147583
306.226532
307.021423
307.084869
307.179932
307.442261
307.476868
308.139160
308.156036
308.809326
309.166443
309.357452
309.756744
310.143494
310.120483
310.545471
311.208527
311.067230
311.546570
311.873077
312.385834
312.369781
312.556152
312.542084
313.592133
313.660797
314.037292
313.789093
314.225128
314.377777
314.412750
314.175537
314.685303
314.464386
314.362396
314.461700
314.413116
314.628632
314.372284
314.506683
314.171875
313.668945
313.644745
313.459473
313.395294
313.015198
313.158447
312.589996
312.202087
312.448303
311.845001
311.605896
311.410919
310.965637
310.881287
310.543030
310.243317
309.738861
310.159546
309.363251
309.380920
309.185608
309.146515
308.832397
308.403046
308.398529
308.266632
308.232635
308.172302
308.169861
308.060486
308.315338
308.034180
308.100220
307.886841
308.258026
307.742401
307.972321
308.419830
308.548218
308.778534
309.377472
308.766174
309.225281
309.195587
309.708130
309.997070
310.089600
310.611115
311.084991
311.396057
312.049469
312.120361
312.504517
312.415192
313.040436
313.439301
313.707001
314.180115
314.279388
314.407928
315.014008
315.874176
315.596344
315.876648
316.503204
316.465515
316.946625
317.408264
317.415466
316.958069
317.774170
317.961853
317.885651
318.197693
318.355347
318.854614
318.444916
318.468323
318.967285
318.878479
318.655579
318.382843
318.574371
318.394135
318.315338
318.435364
318.216858
318.237152
317.861603
317.971924
317.689728
317.503876
317.259033
316.840820
316.440674
316.451996
316.524872
316.038605
315.900177
315.526733
315.245392
315.004578
314.806580
314.609314
314.255981
314.588898
313.743561
313.634369
313.537048
313.789215
313.597107
313.290588
313.456482
313.353821
313.000336
313.339722
312.717133
312.821075
312.806763
313.150848
313.098480
313.241364
313.063599
313.139984
312.961700
313.950562
313.822968
313.934753
314.271454
314.343597
314.590302
314.549011
315.161499
315.041992
315.510986
315.871460
316.033905
316.565796
316.870789
317.155518
317.628387
317.989105
318.388367
318.293579
318.994110
319.088409
319.679962
319.681885
320.052612
320.666382
320.585754
320.701935
321.357849
321.514648
321.824860
322.038849
322.376892
322.340576
322.474152
322.220062
322.988861
322.941833
322.550568
322.917480
323.163208
323.270752
323.021027
323.463287
323.697845
323.174652
323.130493
323.109772
322.881042
322.936707
323.042084
322.626251
322.604858
322.369568
322.392761
322.155426
321.929626
321.954987
321.767517
321.532501
320.914978
321.349548
320.967957
320.879791
320.843445
319.891693
320.179749
319.985016
320.107819
319.975739
319.011963
319.305420
319.439209
319.559631
319.200592
319.406891
318.879272
318.955994
319.345428
319.046021
319.150391
319.195435
318.982788
319.113220
319.503723
319.486450
319.232208
319.679932
319.988739
319.919250
320.000000
320.611908
320.770660
321.362732
321.076538
321.347229
321.620605
322.091125
322.164734
322.276520
322.813568
322.752411
323.341034
323.553680
323.712555
324.145050
324.319000
324.507202
325.017334
325.391785
325.694031
325.476013
326.020691
326.055328
326.537720
326.545502
326.977112
327.097992
327.089447
327.346954
327.613159
327.665527
328.407959
327.410156
328.173065
328.131714
328.057312
327.921234
327.667786
328.119019
328.198456
327.882111
327.891052
327.915161
327.994751
327.558228
327.605560
327.096252
327.009918
327.301483
326.569489
326.436340
326.570709
326.070282
325.653229
325.837952
325.485107
325.155579
324.808289
325.145386
324.614716
324.550537
324.407776
324.498352
323.609528
323.827911
323.753723
323.174011
323.388367
323.056854
322.990540
323.030426
322.635590
322.547943
322.977570
322.626465
322.264801
322.261932
322.459839
322.282806
322.439331
322.997498
322.730286
323.026276
322.613861
323.283051
323.475891
323.463226
323.771790
323.843323
323.972107
324.420593
324.625610
324.863525
324.620972
325.280212
325.611816
325.450104
326.010986
325.897186
326.491455
326.797180
327.457336
327.402527
327.843292
327.838379
328.418823
328.565125
328.700439
329.159027
329.176788
329.824371
329.612061
330.234009
330.026672
330.589752
330.532227
330.561432
331.106934
331.226898
330.195770
331.205719
331.335724
331.481964
330.981445
330.912048
331.223907
331.309265
331.243073
330.995270
330.964600
330.960846
331.036438
330.994598
330.866486
330.903656
330.612305
330.233368
330.666840
329.972626
329.879761
330.017914
329.609375
329.129822
329.318420
329.001526
328.717468
329.129089
328.735657
328.225037
328.249542
328.767456
328.479706
328.465729
327.911865
327.600067
328.050537
328.222504
328.139008
327.792358
327.864197
327.883026
327.913116
328.264740
328.178406
328.131165
328.142456
328.160736
328.717987
328.509644
329.352783
329.458313
328.704041
329.421783
329.853149
330.025116
330.265778
330.621185
331.069458
331.341003
331.678894
331.873047
332.316315
332.526062
333.348663
333.737152
333.685669
334.076691
334.773193
334.680969
335.248810
335.580658
336.445557
336.378723
336.357391
336.973511
337.081757
337.572601
338.113129
338.228333
338.618103
338.330780
339.092621
339.247498
339.530823
339.086700
339.844940
339.718262
339.976746
340.090912
340.009857
339.527527
340.323364
339.841339
339.811523
339.822693
339.755859
339.645386
339.860931
339.472443
339.801727
339.238922
339.123993
339.149933
338.626465
338.678925
338.625244
338.346283
338.854462
338.367035
338.023773
338.211700
337.212738
337.302368
336.917023
337.165436
336.482483
336.432526
336.841431
336.349152
336.336060
336.046631
335.776184
335.782715
335.684357
335.495209
335.506439
335.262451
335.813354
335.633698
335.901031
335.563721
335.815552
336.120300
335.732880
336.769379
336.134064
336.411743
336.709534
336.830414
337.329620
337.378693
337.554291
337.845703
338.453369
338.568481
338.718903
339.595306
339.398285
340.454865
340.216736
340.671356
340.958130
341.794159
341.700195
342.124908
342.853577
342.937500
343.659424
344.060852
344.339294
344.546143
344.966797
345.408691
345.792816
346.358002
346.496643
346.491302
346.994690
347.148041
347.449036
348.071320
348.414948
347.839661
348.429291
348.566193
348.694214
348.673615
348.858032
348.889191
348.712708
348.848450
348.522705
348.962189
348.815063
348.843018
348.506195
348.668762
348.342316
348.440613
347.813202
347.654388
347.822906
347.250122
347.136230
346.855988
346.632721
346.421539
346.543701
346.228455
345.886932
345.805084
345.063385
344.958679
344.705780
344.525513
344.394287
343.932312
343.383453
343.917358
343.059387
343.357086
342.607391
342.966431
342.757294
342.860107
342.320770
342.217651
342.235229
342.635590
342.317963
342.340027
342.282684
342.434265
342.256042
342.525421
342.790009
342.679230
342.932098
343.069489
343.303772
343.150604
343.488159
343.936554
344.033386
344.126495
344.402466
345.018219
345.044708
345.365143
345.568268
345.869293
346.161682
346.348694
347.036926
346.691833
348.149567
347.559418
347.977783
348.121521
348.500824
349.110291
349.610199
349.485229
350.131165
349.933472
350.165039
350.269745
350.435974
350.366913
350.670929
350.600464
351.214264
351.036835
350.815002
351.156006
351.620392
351.698547
351.203430
351.490387
351.163910
351.529327
351.415619
351.015839
351.090576
350.995209
351.037811
350.564148
350.277496
350.421661
350.357727
350.242920
349.589355
349.303406
349.665192
348.837616
349.171112
348.216522
348.824738
347.894623
348.467407
347.993622
347.579346
347.717072
347.847839
347.111237
346.615540
346.571808
346.555176
346.939362
346.998779
346.677399
346.373413
345.868256
345.894043
346.280914
345.831635
345.946106
346.035309
345.974213
346.365143
346.004517
346.170837
346.371063
346.709747
346.526215
346.932190
346.734711
346.790955
347.448914
347.492218
347.682129
347.905945
347.971252
348.106842
348.600494
348.734436
348.764954
349.217957
349.297577
349.270416
349.626495
350.109436
349.980133
350.720917
350.696503
350.776642
351.468048
351.805908
351.009613
351.809052
351.777740
351.884186
351.945099
352.247498
352.713562
352.478027
352.264862
352.727173
352.261017
352.567261
352.312958
352.400543
352.039703
351.984314
351.891022
352.097931
351.871735
352.291809
351.561493
351.319672
351.508270
351.096497
350.829865
350.679657
350.232391
350.266937
349.844177
350.076141
349.530426
349.369141
349.107910
348.497833
348.875977
348.185608
348.325928
348.034698
348.312500
347.437469
347.277496
347.360565
347.214233
346.580414
346.771759
347.253082
346.594482
346.334900
346.323944
346.644775
346.428894
346.673920
346.551239
346.843231
346.798889
346.607483
346.746002
346.780914
346.356781
346.902802
347.430359
347.203125
347.000610
347.642822
348.153442
348.290680
348.528168
348.884552
348.857910
349.184479
349.471619
349.872772
349.438354
350.137482
350.231232
350.577820
350.969055
351.491302
351.462463
351.459229
351.561981
351.680664
351.886963
352.351471
351.940369
352.240387
351.870972
351.812439
352.719818
352.480255
352.404877
352.838165
352.470093
351.998199
352.628052
351.686218
352.130188
351.987488
351.661285
351.629242
351.191986
350.828125
350.676239
350.591797
350.077881
350.178772
349.776001
350.071411
348.740417
348.999573
348.646332
348.330841
348.269073
348.132111
347.648529
347.291290
346.723663
346.869263
346.803558
346.723480
346.743103
346.262054
346.181854
346.105103
346.612000
345.736145
346.652100
346.117798
345.974121
347.017120
346.203674
346.423676
347.000061
347.098663
347.642273
347.972900
347.679749
348.041992
348.656799
348.964325
349.594727
349.627014
350.261200
350.735352
351.453796
351.313873
351.786072
351.957184
352.805603
352.702911
353.362305
353.995483
353.793823
354.638031
354.429871
354.089569
354.259674
354.329895
354.370697
353.961212
354.140778
353.663757
352.514191
352.668152
351.808990
350.567535
349.672180
348.215088
347.061829
345.863098
343.828003
342.588348
340.090729
338.239716
336.371490
333.234558
330.689972
328.162231
325.270020
322.404175
318.769958
315.319489
312.010529
308.007080
304.473602
300.344330
296.192749
292.468201
287.633545
283.849823
279.515137
274.800415
270.433746
265.635345
261.241882
256.640778
252.214111
247.667542
243.447083
239.412430
235.384872
231.030762
227.394409
223.785522
219.955933
216.652802
213.569168
210.786255
207.843201
205.810791
203.236816
201.437393
200.058167
198.307312
197.404816
196.560547
196.444809
196.233429

224.204651
183.454803
184.004547
184.507248
185.173309
186.510956
188.129089
189.723114
192.075607
193.799561
196.294769
198.970627
201.800369
204.655380
207.867203
211.266663
214.410309
217.924347
221.996490
225.657074
229.670486
233.345062
237.561081
241.631363
245.651581
249.612534
253.188782
257.394440
261.399780
265.027283
268.893616
272.420837
276.415649
279.587219
283.160645
286.253082
289.512909
293.039520
295.506531
298.324524
300.809723
303.336548
305.773590
307.706635
309.793060
311.910950
312.982361
314.941711
316.275818
317.574768
318.850922
319.526367
321.005646
321.550903
322.184448
322.639740
323.302490
323.491089
323.843292
323.363342
323.493958
323.538849
323.672852
323.608490
323.693207
323.395416
322.919403
323.004486
322.632751
322.083649
322.272430
321.699127
321.515442
321.090240
320.904999
320.766510
320.374420
319.484467
319.243042
319.169312
318.879242
318.622314
318.521149
318.334717
318.372223
317.689178
318.191681
317.711456
317.497284
317.670990
317.958954
317.974457
317.840729
318.122772
318.581207
318.507446
318.230408
319.054871
319.360229
319.222656
319.488129
319.913483
320.393341
320.667877
320.888916
321.446533
321.530060
321.679626
322.371979
322.852020
322.745728
323.177032
323.121490
323.128143
323.798279
324.096069
324.403870
324.504272
324.572632
325.044739
325.487061
325.242767
325.507019
325.424500
325.807129
325.489563
325.305603
325.533661
325.456055
325.600830
325.512695
325.462006
325.127686
325.012634
324.931580
324.995941
324.465759
324.166748
324.157684
323.840942
323.672577
323.211914
323.015289
322.670380
322.148438
321.831421
321.395782
321.318268
321.146515
320.794647
320.389709
320.278656
319.833008
319.715118
319.277466
319.169556
319.126312
318.704559
318.419403
318.066040
318.235168
318.043945
317.869049
317.721527
317.716095
317.758026
317.695435
317.627777
317.830444
317.904358
317.723297
317.541534
317.525391
318.242828
318.481873
318.330292
318.459595
318.750763
318.426819
319.206757
319.345184
319.176697
320.359436
320.650726
320.102051
320.998352
321.306061
321.567169
321.796875
321.863953
322.642792
322.813812
322.575684
323.352448
323.474365
324.069244
323.950897
324.187805
325.073578
325.254761
325.312714
325.280365
325.859344
325.255463
325.983337
325.925873
325.842010
326.378357
326.419373
325.927765
325.989960
325.974640
326.119507
326.229492
325.904175
325.822327
326.139374
325.851654
325.331238
325.527893
325.038666
324.534271
324.325989
324.654022
324.213989
324.007233
323.471802
323.350220
322.794098
322.422699
322.740051
322.524048
321.891693
321.481415
320.967194
321.144989
320.348175
320.162262
319.935059
320.086182
319.728821
319.358521
318.504364
319.098419
318.191223
318.561310
318.162170
318.226166
318.388580
317.927704
317.572693
317.684814
317.623383
317.701447
317.059753
317.598114
317.519836
317.521423
317.976227
317.879547
318.264465
318.191162
318.017090
318.208160
318.018738
318.651123
319.264465
319.165161
319.644745
319.460999
319.865814
320.358307
320.172363
320.580658
321.152161
321.482574
321.687469
322.061096
321.861481
322.261688
322.330902
322.579926
322.813263
323.387756
323.608917
323.791046
323.826874
324.053680
324.224030
324.374146
324.472382
324.829956
324.964142
324.914520
325.416077
325.151764
325.149994
325.110229
325.241211
325.373077
325.236176
325.011230
325.152405
325.058197
324.624023
324.699646
324.950989
324.543518
324.474854
324.061981
324.044952
323.535645
323.788605
323.306915
323.119324
322.773224
322.727356
322.351746
321.883698
321.954590
322.021545
321.506714
321.070099
320.890930
320.998688
320.669006
320.299774
320.604034
319.908295
319.995361
319.682190
320.184540
319.405823
319.634827
319.209564
319.302490
319.475586
319.124023
319.350983
319.649475
319.447754
318.784668
319.242920
319.138336
319.464783
319.508331
319.684357
319.826263
319.666809
320.421143
320.473602
320.408081
320.637024
321.091522
320.901306
321.173645
321.823456
322.077454
322.136200
322.408142
323.292053
323.199615
323.511353
323.250519
323.664551
323.941589
324.565826
324.846527
325.030151
324.964600
325.085175
325.733459
325.941315
325.919006
326.011383
326.302734
326.710510
327.099579
327.117828
326.806396
327.035950
327.186432
327.271881
327.113953
327.670166
327.454041
327.341675
327.242828
327.276825
327.395477
327.237091
326.840271
326.657013
326.766205
326.809540
326.284790
326.525818
326.141022
325.608551
325.462128
325.601288
325.465240
324.985199
324.698700
324.736725
324.451538
324.100250
324.163239
323.808014
323.645935
323.340759
322.722321
322.984741
322.644684
322.816467
322.817963
322.038116
321.976013
322.016998
321.955963
322.146881
321.941437
322.077728
321.774719
321.774048
321.800842
321.777161
321.749756
321.646179
321.642029
321.411072
322.365326
322.035736
321.883759
322.145050
322.250977
322.724731
322.877716
323.220551
323.454620
323.289337
323.704132
324.159668
324.182739
324.420624
324.753113
324.720886
325.136505
324.926910
326.047028
325.965210
325.961060
326.094238
326.629272
327.197052
327.129852
327.692169
327.662903
327.967377
327.800720
328.302216
328.453552
328.697784
328.792328
329.165131
329.137634
329.463348
329.605072
328.962585
329.485626
329.838013
329.505249
329.485931
329.325836
329.292511
329.566956
329.058380
329.355957
329.304474
329.170288
329.014130
328.891693
328.632080
328.424988
328.456665
328.143799
328.120453
327.732208
327.890839
327.604340
327.572784
327.003082
327.104218
326.894958
326.479645
326.786682
326.457001
325.888550
326.092194
325.603577
325.786072
325.641113
325.016571
325.402496
324.976349
325.037811
325.048462
324.733490
325.186188
324.860413
324.723175
325.361694
326.015533
325.636230
325.167633
325.311493
325.603638
325.394287
325.891510
326.032166
326.180847
326.473999
326.489594
326.688843
327.305054
327.622101
328.210541
327.777863
327.967438
328.433533
328.940399
329.070465
329.307373
329.308380
329.870056
330.296631
330.534851
331.342194
331.497070
331.564819
331.969666
332.278320
332.737122
332.535461
333.410095
333.497559
333.303558
334.175140
334.218170
334.267090
334.822601
334.831146
334.836975
335.137482
335.215485
335.041443
335.383972
335.360046
335.156464
335.375641
335.538239
335.338501
335.428192
335.308655
335.057983
335.566467
335.040619
334.751587
334.719818
334.753357
334.626160
333.993195
334.322235
333.594147
333.728180
333.211426
333.079559
332.773621
333.100403
332.505737
332.500092
332.017120
331.922180
331.901367
331.791260
331.281891
331.049896
330.781403
330.962067
330.561798
330.152313
330.294830
330.514221
330.010773
329.944977
329.963379
329.860443
330.225922
330.144501
329.957306
329.820160
330.217102
330.081146
330.613800
329.923920
330.521576
330.643860
330.542847
331.467682
331.490112
331.701782
331.897980
332.017883
332.268250
332.692047
332.831238
332.962433
333.829010
333.606079
334.482086
334.293793
335.366150
335.517853
335.996429
336.203735
336.453796
336.784180
337.106781
337.523956
337.250366
338.216400
338.622803
338.619446
338.647583
339.460541
339.476166
339.736938
340.034241
340.381989
340.515594
340.235291
340.582062
340.804657
340.856934
341.422974
341.410828
341.183533
340.979919
340.897217
340.592407
340.978424
341.109192
340.670166
340.558624
340.383881
340.510406
340.000885
339.936127
339.237488
340.134125
339.001556
338.750031
338.893219
338.536438
337.931915
337.771759
337.271973
337.101624
337.060913
336.434326
336.483063
335.538605
335.553741
335.279449
334.917023
334.873993
335.015686
334.151398
334.101868
333.997742
333.664612
333.221466
332.805511
332.720306
333.355896
332.730560
332.851501
332.533844
332.219086
332.658325
332.540314
332.687866
332.297821
332.845093
332.234680
332.857635
332.086456
332.225586
332.877136
333.051086
332.970306
332.821442
333.123413
333.460541
333.677063
333.521423
333.620270
334.353851
334.853821
334.899231
335.231781
335.471375
335.694733
335.790405
335.848938
336.578522
336.798401
336.587463
337.369507
337.326935
337.094971
337.729645
337.676941
338.159027
338.205353
338.263733
338.512848
338.403351
338.498260
338.672241
338.752258
338.588013
338.601898
338.710541
339.077576
338.961395
338.970032
339.088989
338.810150
339.117249
338.587128
338.702789
338.692261
338.105499
338.220001
337.839661
337.325500
337.498322
336.935791
336.363190
336.448181
336.441650
336.256561
335.686157
335.592896
335.425323
335.443970
334.893524
334.412598
334.321838
333.993042
333.651917
333.690674
333.789886
333.175201
332.978302
332.774017
332.533264
332.697510
332.191925
332.202576
331.950104
332.157990
331.828430
332.098511
331.713898
331.338745
331.939667
332.167450
331.910217
331.894562
331.485840
331.706024
331.960297
332.272278
332.144501
332.302246
332.382904
332.545959
332.937988
333.048248
333.337616
332.927765
333.488708
333.856995
334.148865
333.976532
334.538727
333.902802
334.415161
334.811218
335.111237
334.989563
335.644318
335.424927
335.472931
335.604309
336.204651
335.598724
335.969482
336.463074
336.160583
336.191040
336.361267
336.460571
336.151825
336.419952
336.584045
336.209229
336.114258
336.366455
336.197662
335.908264
335.525818
335.308777
335.853760
335.508209
335.223053
334.892456
335.149567
334.692078
334.251038
333.964630
334.282654
333.088501
333.520752
333.372253
333.179291
332.769958
332.507843
332.207947
331.434753
331.630554
331.509247
331.250275
331.066101
330.422638
330.710205
330.388489
330.120117
329.962402
329.866821
329.966736
329.873505
329.365906
328.817810
329.012848
329.376282
329.272156
329.383484
329.147308
329.657928
329.320374
329.472290
329.437012
329.396606
329.554504
329.926819
330.128754
329.904144
329.956085
330.620880
330.446960
331.099457
331.003204
330.689667
331.272125
331.165924
331.624359
331.879852
332.253479
332.723053
332.518372
332.476593
333.213165
333.165253
333.650787
333.438049
333.797943
333.871460
333.929810
333.710114
333.872284
334.104431
333.977509
333.933167
333.877930
333.982300
333.821869
333.822388
333.381439
333.702393
333.212677
333.382660
333.419495
333.135101
333.021820
332.697906
332.284546
332.122589
332.138672
331.642944
331.077179
331.179077
331.070343
330.497009
330.451172
330.096191
329.792542
329.828979
329.128204
328.954529
328.870239
328.604401
327.984406
327.661682
327.640717
327.791504
327.613739
327.439606
327.037720
327.257446
327.100250
327.291504
327.215302
327.494629
327.480347
327.481842
327.677612
327.457214
327.957672
327.813965
328.435608
328.959503
328.702759
329.486816
329.671265
329.797607
330.200867
330.538910
331.010406
331.488617
331.363953
332.070770
332.791626
332.597717
333.019989
333.102875
333.881256
333.840515
334.285065
334.219269
334.228821
334.178680
334.491913
334.286957
333.936798
333.311371
333.207825
332.279877
331.866974
331.025299
330.483398
329.463135
328.381348
327.269012
325.832947
323.866974
322.384125
320.656189
318.769501
316.257294
314.133667
312.076843
309.309143
306.258698
303.370453
300.201385
297.373962
293.769226
290.525421
286.357666
282.852448
279.356384
275.275024
271.379272
266.908875
262.682373
258.859924
254.645035
249.806091
246.205490
241.893433
237.712585
233.733475
229.700653
225.645508
221.509750
217.845947
214.446838
210.860947
207.556076
204.395203
201.330093
198.534180
195.855927
193.974960
191.710068
189.965088
188.447052
187.059616
186.060165
185.433640
184.996506
184.621994

226.840485
183.895264
184.419815
184.935501
185.602280
186.946365
188.556580
190.166214
192.535324
194.261780
196.744095
199.451508
202.270523
205.100464
208.339294
211.757645
214.906616
218.419250
222.530106
226.156952
230.198532
233.880341
238.108932
242.193100
246.230682
250.213455
253.778091
257.979431
262.006409
265.644196
269.527893
273.057281
277.087982
280.253326
283.838440
286.956177
290.197296
293.772522
296.291046
299.102539
301.595276
304.154205
306.590454
308.533051
310.656891
312.771240
313.832886
315.837616
317.178345
318.448975
319.764282
320.463654
321.976410
322.519073
323.169495
323.638824
324.293793
324.536255
324.901154
324.411224
324.535492
324.627136
324.738007
324.668701
324.793365
324.481934
324.019989
324.137970
323.727966
323.203552
323.440857
322.833160
322.678314
322.218353
322.069519
321.923767
321.557953
320.658112
320.397339
320.356476
320.070374
319.756317
319.658997
319.552826
319.587860
318.889252
319.406860
318.839264
318.686371
318.848969
319.171936
319.141357
319.004639
319.329895
319.724457
319.687164
319.401337
320.214172
320.484985
320.370636
320.638458
321.056580
321.537811
321.822083
322.042725
322.561127
322.664490
322.806061
323.482544
323.942261
323.810425
324.269348
324.231140
324.209167
324.844604
325.120483
325.456573
325.507965
325.560120
326.003235
326.478973
326.197296
326.513153
326.390289
326.743927
326.402374
326.245514
326.451477
326.335632
326.489929
326.367920
326.340485
326.003967
325.857880
325.781067
325.840485
325.281433
324.981018
324.981506
324.631439
324.480499
323.981659
323.803558
323.411804
322.912140
322.592041
322.125916
322.031250
321.867859
321.500671
321.068878
320.981842
320.502380
320.391388
319.903412
319.850616
319.783386
319.380096
319.081177
318.684265
318.824677
318.690247
318.488220
318.320312
318.311310
318.340790
318.291046
318.226990
318.403839
318.495728
318.286560
318.105804
318.071198
318.802124
319.009674
318.866486
318.973236
319.283386
318.951813
319.735016
319.849304
319.720459
320.831177
321.156982
320.586517
321.460083
321.756653
322.018158
322.258087
322.349274
323.123169
323.296448
323.024445
323.783783
323.943420
324.510040
324.379913
324.617432
325.505798
325.671692
325.702393
325.689880
326.240753
325.650391
326.358948
326.299316
326.228149
326.730896
326.736877
326.271759
326.341827
326.295502
326.441376
326.533875
326.241211
326.130249
326.450897
326.164032
325.600433
325.783508
325.328400
324.793793
324.578308
324.911621
324.444183
324.246521
323.710144
323.570038
322.994629
322.623108
322.923401
322.716309
322.046265
321.640717
321.133148
321.273132
320.483795
320.258423
320.087372
320.191101
319.822144
319.455353
318.605988
319.173309
318.294220
318.629700
318.247925
318.313202
318.445160
318.006348
317.626892
317.750122
317.651886
317.734528
317.081207
317.633820
317.507019
317.544220
317.968384
317.876770
318.290985
318.197388
318.044067
318.222351
318.038055
318.653778
319.273071
319.186462
319.664124
319.484741
319.869751
320.386597
320.204071
320.612488
321.177307
321.526184
321.721436
322.120758
321.891479
322.320557
322.402405
322.654907
322.888580
323.474792
323.697388
323.892944
323.934143
324.144775
324.336609
324.516754
324.623566
324.980194
325.131714
325.096375
325.605682
325.366241
325.361328
325.326538
325.491425
325.604645
325.486145
325.285370
325.439392
325.342133
324.938812
325.040161
325.284393
324.891479
324.839233
324.451904
324.448364
323.922363
324.238342
323.734344
323.577942
323.217224
323.202667
322.846008
322.378204
322.485992
322.546204
322.065643
321.594208
321.461578
321.572418
321.235321
320.898376
321.216064
320.515076
320.652679
320.322144
320.849701
320.087921
320.313568
319.877808
320.010651
320.193420
319.832397
320.068878
320.369843
320.157715
319.515289
320.004608
319.877197
320.211792
320.267731
320.436768
320.573608
320.452667
321.166901
321.216705
321.175690
321.390228
321.847412
321.655670
321.884888
322.557007
322.773590
322.868286
323.137878
324.059875
323.932953
324.188049
323.950714
324.356598
324.646759
325.238434
325.521637
325.680908
325.591339
325.729645
326.363647
326.560883
326.524658
326.590698
326.885193
327.248993
327.644653
327.639923
327.312927
327.494446
327.652893
327.724854
327.554016
328.062927
327.827332
327.733704
327.642029
327.633057
327.693573
327.546875
327.083069
326.936279
327.031525
327.035522
326.477814
326.714844
326.301147
325.737488
325.586487
325.710663
325.556763
325.044525
324.735535
324.718506
324.427795
324.056274
324.123444
323.739990
323.565338
323.227661
322.613129
322.858215
322.488098
322.644592
322.624451
321.818085
321.752563
321.776123
321.689178
321.861023
321.639343
321.762299
321.454254
321.445312
321.442627
321.407288
321.396393
321.258789
321.232361
321.005737
321.941437
321.622528
321.435852
321.673981
321.783813
322.224884
322.391815
322.727112
322.948730
322.799347
323.196075
323.616058
323.672607
323.881409
324.206390
324.180328
324.583710
324.412079
325.488068
325.405792
325.418671
325.551666
326.074738
326.652252
326.606049
327.158386
327.107819
327.444672
327.296906
327.806458
327.926758
328.187897
328.274078
328.669861
328.670410
328.978699
329.116608
328.515442
329.016479
329.379547
329.064148
329.074341
328.893677
328.866241
329.149628
328.694153
328.998077
328.918976
328.795166
328.666992
328.548981
328.288147
328.096680
328.116577
327.835480
327.807068
327.419037
327.602936
327.340393
327.304016
326.744446
326.856934
326.678253
326.218384
326.558380
326.253845
325.683105
325.929352
325.408173
325.606171
325.466675
324.886902
325.261322
324.850128
324.880646
324.945801
324.622406
325.093750
324.769714
324.630890
325.289978
325.440369
325.594879
325.137329
325.284119
325.542450
325.417480
325.856445
326.068481
326.192993
326.471130
326.474487
326.690796
327.295898
327.614105
328.189240
327.781128
327.975769
328.468750
328.976105
329.073730
329.302429
329.316650
329.906464
330.369659
330.542114
331.373230
331.512390
331.599396
331.982117
332.312469
332.774078
332.522217
333.417938
333.517365
333.285187
334.199585
334.223053
334.267242
334.825043
334.830078
334.849670
335.119263
335.193329
334.992981
335.364471
335.338440
335.086212
335.362549
335.492737
335.291534
335.396637
335.229462
334.983826
335.500916
334.950378
334.658447
334.629761
334.642120
334.518646
333.898987
334.195618
333.491425
333.572632
333.051300
332.919281
332.619568
332.943726
332.334229
332.335510
331.819885
331.743286
331.721741
331.571838
331.053955
330.847626
330.558868
330.730499
330.320343
329.931671
330.018036
330.238708
329.729645
329.659607
329.678284
329.551025
329.922211
329.825806
329.628754
329.481049
329.865021
329.751556
330.249054
329.562805
330.135651
330.277527
330.178802
331.077759
331.083557
331.308746
331.471497
331.620697
331.856354
332.261108
332.414459
332.516785
333.370392
333.161621
334.015167
333.835724
334.878357
335.024170
335.474274
335.694336
335.947968
336.249359
336.609589
337.008514
336.736603
337.685059
338.068146
338.105011
338.075928
338.892395
338.928192
339.180664
339.440399
339.784546
339.916229
339.650726
339.978851
340.195007
340.260254
340.819458
340.786346
340.559601
340.329651
340.260193
339.952881
340.349396
340.470612
340.052307
339.895081
339.726654
339.852142
339.351196
339.268921
338.555878
339.470612
338.356445
338.067932
338.209473
337.863953
337.235199
337.078339
336.593292
336.405548
336.387939
335.739990
335.761292
334.836761
334.835632
334.565704
334.230530
334.161499
334.305420
333.459747
333.373962
333.313904
332.978729
332.533417
332.116730
332.027527
332.657440
332.009613
332.158997
331.846008
331.564301
331.980682
331.850189
331.964905
331.637604
332.170227
331.554443
332.195099
331.441376
331.564728
332.243225
332.416412
332.334503
332.223846
332.489105
332.839294
333.048157
332.935547
333.015442
333.783325
334.265594
334.345947
334.671509
334.927460
335.157959
335.242126
335.342743
336.040680
336.293396
336.064606
336.898529
336.812347
336.632629
337.216095
337.207184
337.722321
337.754028
337.853699
338.103760
337.992096
338.098511
338.272186
338.397369
338.196472
338.265167
338.375000
338.734650
338.632599
338.664948
338.791779
338.531311
338.832794
338.337250
338.462280
338.456940
337.894379
338.023163
337.624512
337.133484
337.313690
336.777191
336.209869
336.272369
336.325256
336.145172
335.556824
335.496185
335.382294
335.352386
334.851593
334.390289
334.259583
333.951202
333.628113
333.692688
333.814117
333.147430
332.994598
332.812927
332.552765
332.531219
332.257477
332.279510
332.008575
332.233337
331.930145
332.193146
331.823669
331.455353
332.055969
332.276276
332.024231
332.016541
331.632751
331.870972
332.148438
332.437988
332.332184
332.466980
332.575775
332.751587
333.135376
333.221924
333.551300
333.152222
333.663300
334.046448
334.348175
334.206848
334.757019
334.122223
334.609497
335.029907
335.340851
335.187256
335.892426
335.650238
335.686127
335.852966
336.434479
335.843140
336.205994
336.693695
336.379547
336.468689
336.592590
336.689148
336.367218
336.658691
336.817993
336.435120
336.321686
336.610626
336.435699
336.129089
335.776367
335.516235
336.094482
335.745300
335.447784
335.099670
335.359711
334.897461
334.448792
334.168579
334.478821
333.266083
333.702271
333.601196
333.357025
332.958893
332.708832
332.371796
331.627655
331.794495
331.660095
331.427338
331.242584
330.576324
330.856720
330.536896
330.257355
330.102722
329.989929
330.118256
330.017456
329.491150
328.930481
329.122589
329.484161
329.383057
329.491943
329.270264
329.748901
329.425446
329.568695
329.539673
329.474548
329.665833
330.020996
330.216553
329.986176
330.029266
330.700134
330.527313
331.147552
331.060577
330.745575
331.337189
331.248962
331.692780
331.942902
332.301453
332.783722
332.591492
332.528442
333.239166
333.211670
333.689667
333.472870
333.837311
333.910370
333.956177
333.724854
333.886658
334.131134
334.007782
333.939301
333.880188
333.992004
333.830841
333.819458
333.377869
333.700531
333.216156
333.384369
333.410736
333.125458
333.023499
332.700623
332.289154
332.105865
332.131927
331.648712
331.088593
331.182709
331.049591
330.489807
330.456146
330.072632
329.792603
329.800842
329.113495
328.933167
328.850769
328.583710
327.961914
327.628754
327.600342
327.754242
327.593689
327.456146
327.015198
327.243225
327.082123
327.264984
327.189514
327.483551
327.444183
327.455597
327.676697
327.460754
327.923584
327.792358
328.393311
328.923187
328.673401
329.446472
329.639862
329.767853
330.184570
330.496857
330.971893
331.484467
331.341492
332.039673
332.784668
332.580048
332.990082
333.079285
333.850372
333.812469
334.247467
334.204163
334.198090
334.123962
334.493805
334.236420
333.902588
333.278076
333.189362
332.245605
331.833984
330.983978
330.441650
329.441803
328.338623
327.250641
325.809937
323.835266
322.357697
320.618500
318.716095
316.218842
314.104340
312.028137
309.273499
306.221680
303.348083
300.158264
297.329346
293.747864
290.474457
286.329437
282.815430
279.326782
275.238190
271.344910
266.864655
262.643036
258.817474
254.606476
249.767624
246.166901
241.842377
237.670837
233.701340
229.667023
225.593811
221.472046
217.798889
214.422928
210.812408
207.534363
204.367249
201.290665
198.499573
195.808945
193.938553
191.681915
189.930817
188.403046
187.035782
186.018860
185.420013
184.960403
184.581360

