305.130890
174.764771
175.132736
175.818100
176.495270
177.480316
178.789413
180.614441
182.577621
184.749405
186.976624
189.398621
192.211121
194.997696
197.960587
201.199677
204.587891
207.642136
211.464081
214.898392
218.307083
222.495239
226.062042
229.985458
233.803040
237.752365
241.493042
245.504303
248.836411
252.623123
256.298676
259.818481
263.123566
266.557678
270.061615
272.915771
276.083588
278.841431
281.825531
284.319397
287.035278
289.522797
291.941132
293.464417
295.553680
297.744446
299.139221
300.407715
302.131470
303.336334
304.508270
305.136139
306.283142
307.241486
307.904175
308.523682
308.703705
309.006073
309.583862
310.067322
309.989044
310.067780
310.080627
310.278320
310.027832
309.996155
309.694580
310.003754
309.236053
309.680420
308.668304
308.771423
308.380859
308.377625
307.834229
307.550079
307.854340
307.370972
307.260132
306.955139
306.501221
306.264801
306.618378
306.497131
306.227753
306.240143
305.784088
305.965393
306.097931
306.480927
306.633270
306.344574
306.689117
306.581299
306.868561
307.313354
307.583893
307.681000
307.672119
307.874908
308.628937
309.156952
309.020355
309.536560
309.923157
310.003998
310.973083
310.901276
311.111725
311.950897
312.027374
312.240784
312.606537
313.112396
313.061188
314.053162
314.134216
314.059784
314.719971
314.594879
315.244904
315.316589
315.521881
315.313019
315.639557
315.584656
316.110474
315.726837
315.701965
315.630035
315.531677
315.766937
315.328308
315.366241
315.133270
314.805542
315.303284
314.796448
314.456909
314.575867
314.129822
313.738770
313.554535
313.406158
313.355103
312.692230
312.825287
312.532990
312.649323
311.999207
311.796387
311.426086
311.239044
310.976135
311.093689
310.633118
310.370514
310.516754
310.360962
309.896942
309.724030
310.134369
309.149933
309.368195
309.888489
309.502319
309.339935
309.418884
309.636169
310.059235
309.924927
310.396088
309.846497
310.536377
310.232269
310.523987
310.844452
310.751740
311.599609
311.382812
311.685272
312.158752
312.308105
312.957520
313.180878
313.421631
313.920471
314.264282
314.667999
315.024445
315.108551
315.598663
315.816132
316.060883
316.439636
316.997314
316.647430
317.110840
317.344208
318.106323
317.770569
318.282410
318.796387
318.458099
318.838470
319.113770
319.125031
319.207184
319.150696
319.444885
319.275513
319.519958
319.341858
319.545807
319.432465
319.221497
319.383057
318.949677
319.088806
318.640594
318.876465
318.432526
318.398224
318.136658
317.829834
317.594940
317.464905
316.915070
316.521027
317.038483
316.654877
316.075500
315.878082
315.656799
315.220642
315.302094
314.796265
314.288849
314.574432
313.915222
313.834351
313.339447
313.251831
313.203339
313.260681
312.731720
312.505219
312.374451
312.397308
311.899994
312.333801
312.153046
311.956665
311.818695
312.290344
312.356934
312.543610
312.229065
312.174591
312.278656
312.501892
312.720764
313.049133
313.046478
313.486115
313.682281
313.706116
314.320312
313.986511
314.797150
315.214691
314.836609
315.370850
315.593842
315.811737
316.018158
316.121857
316.548309
317.051788
317.561890
317.301697
317.981232
317.815948
318.600830
318.541626
318.657990
318.927368
319.232056
319.363068
319.892517
320.007233
320.120148
320.151184
320.294250
320.270721
320.519318
320.498627
320.822876
320.461395
320.498077
320.733490
320.619385
320.291443
320.618317
320.327850
320.506287
320.015564
319.839813
319.544556
319.897919
319.448090
319.521179
318.990967
319.089294
318.946655
318.512604
318.059662
318.108521
318.056427
317.539856
317.689667
317.590607
317.069702
316.858307
316.750641
316.515961
316.423676
316.350372
316.069916
316.126862
315.850159
315.709656
315.997559
315.695435
315.640594
315.379211
315.517487
315.322235
315.352325
315.388245
315.427124
315.641663
315.756226
315.774780
315.847656
316.019928
316.160522
316.012390
316.260193
316.249664
316.659882
317.080200
316.991272
317.250122
317.697357
318.027832
318.096375
318.110168
318.857300
318.811707
319.477386
319.672638
319.967499
320.090363
320.430145
320.749329
321.415039
321.031372
321.898895
321.926056
322.174133
322.464111
322.716064
323.090912
322.732117
323.361206
323.351440
323.305969
323.971924
323.607178
324.321442
324.349365
324.247955
324.102722
324.739349
324.204224
324.370300
324.178375
324.270020
324.267487
324.483124
324.408813
324.120667
324.068207
323.895508
323.646484
323.489929
323.556000
323.508575
323.189606
323.298065
322.676910
322.750427
322.655273
321.901520
322.571320
321.813721
321.743408
321.152557
321.339111
320.787537
320.995880
320.583069
320.546570
320.389099
320.177063
320.038330
319.965454
319.658813
320.190155
319.971039
319.553345
319.535065
319.662842
319.139587
319.195557
319.772552
319.702484
320.050018
319.726288
319.792358
320.105743
320.258911
320.016907
320.514130
320.709015
320.778107
320.882202
321.072418
321.719421
321.986206
321.873749
322.303680
322.662506
322.969055
323.014862
323.277710
323.795532
323.868439
324.060822
324.174744
324.617981
325.007324
325.570374
325.852234
325.965149
326.117096
326.182068
326.600433
326.557007
327.078735
327.354919
327.111115
327.629578
327.590179
327.951843
328.263519
327.608307
328.184875
328.338470
328.295349
328.228760
328.628204
328.455444
328.528290
328.241058
328.402313
328.940613
328.745667
328.043243
328.531403
328.354584
328.183655
327.560303
327.740601
327.178619
327.641815
327.196442
327.073029
327.104675
327.078430
326.827179
326.705109
325.871948
326.406311
326.111145
325.935913
325.920166
325.837006
326.048828
325.574158
325.366180
325.344116
325.560577
325.248779
325.061035
325.060791
324.710480
325.104431
325.480377
325.540039
325.258209
325.179932
325.388062
325.345398
325.687775
325.795502
325.910706
326.217285
326.577545
327.257019
327.166412
327.223938
327.375946
327.814117
327.743622
328.414276
328.940552
329.408478
329.194275
329.778412
330.414520
330.638123
330.951416
331.480042
331.511566
331.843781
332.893372
332.666565
332.564301
333.528900
333.700226
334.403595
334.380890
334.941650
335.554260
335.523529
336.158234
335.636475
336.310760
336.102966
336.685822
337.266174
337.286041
337.429413
337.286438
337.486298
337.878326
337.995300
337.612579
337.844574
337.602814
337.910980
338.007080
338.174683
338.187531
337.787201
337.596161
337.642761
337.866669
337.610779
337.373962
337.191101
337.223450
336.802399
336.644104
336.553925
335.870789
335.961609
335.938934
335.645386
335.714020
335.756073
335.170410
335.106140
335.604370
335.121826
334.777893
334.905212
334.639343
334.384888
334.395081
334.567657
334.403992
334.492798
334.294952
334.483704
334.442078
334.249573
334.514984
334.622314
334.617615
334.804688
334.704498
335.224640
335.566742
335.452606
335.583008
336.294403
336.526520
336.685699
336.783600
337.259674
337.938446
338.016510
338.092743
338.945923
338.831757
339.464569
340.009888
340.572052
340.816101
341.167145
341.680664
341.976868
342.198822
342.730652
342.913879
343.561584
344.174286
344.303650
344.738831
345.347168
345.378693
345.928406
346.117584
346.569427
346.635132
346.922760
346.995880
347.542755
347.859894
348.034332
347.985596
348.117706
348.257019
348.019562
348.786163
348.387115
348.432983
348.501221
348.314514
348.566681
348.170715
348.152740
348.007568
347.380798
347.784882
347.900421
347.364319
347.158478
346.645203
346.942871
346.474609
346.122711
346.585571
345.790985
345.757629
345.521240
345.176025
344.443665
344.678711
344.538422
344.670410
344.046417
343.638000
343.988586
343.603180
343.151031
342.899536
342.728607
343.101746
342.029388
342.263062
342.382050
342.296204
341.873169
342.293213
342.043182
342.206757
342.117493
342.320953
342.256653
342.770905
342.765717
342.919556
343.021454
343.163513
343.134766
343.752533
343.894409
344.343597
344.057495
344.335815
344.448700
344.401337
345.017151
345.223175
345.728729
346.205963
346.518188
346.365784
347.031464
347.267395
348.005341
347.932556
348.635071
348.429077
348.801483
348.647675
349.165802
349.927917
349.829956
350.276489
350.417542
350.502655
350.628937
351.167938
351.023041
351.397217
351.330994
351.454956
351.457672
351.580231
352.281891
351.846802
351.790131
351.803375
352.040619
351.843872
351.421143
351.752411
351.228088
351.211914
351.255554
351.443665
351.020477
350.683044
350.402802
350.361298
349.962433
350.193146
349.746796
349.677612
349.417511
348.911530
349.261841
348.704651
348.505737
348.648468
348.350983
347.623199
347.628571
347.674072
346.888458
347.034851
347.643707
347.316986
347.107483
347.171448
346.702728
347.069733
346.840881
346.359924
346.382751
346.385284
346.514404
347.013916
346.579895
346.382690
346.627197
346.539215
347.214508
347.272583
347.539581
347.454102
347.762177
347.669983
347.903107
347.934235
348.376465
348.296661
348.732544
349.022125
348.860077
349.465546
349.400848
350.093475
350.811371
350.608551
350.724396
350.929871
351.257233
351.384857
351.482117
351.610138
351.848969
352.036804
352.155029
352.216461
352.246643
352.404297
352.658966
352.610596
352.842377
353.079254
353.142517
352.786743
352.625763
352.618500
352.551147
352.219543
352.732788
352.582306
352.321808
352.019562
352.009613
351.882416
351.407013
351.575378
351.415009
351.068909
350.504486
350.700745
350.487915
350.077667
349.628296
350.000092
349.638519
349.615723
349.418182
348.805450
349.128601
348.174042
348.176270
348.226624
347.433990
347.841736
348.000702
346.998962
346.908112
347.071716
346.905945
346.806183
346.787811
346.794586
346.240021
346.576111
346.373596
346.489532
346.810486
346.677032
347.076752
347.238159
347.206024
347.223877
347.066803
346.938751
347.362091
347.550385
347.660675
348.039917
348.039673
348.431793
348.558380
349.542419
348.984131
349.014801
349.820526
349.572266
349.755432
350.448425
350.391174
350.815002
350.864227
351.120209
350.682892
351.893036
351.688629
351.905090
352.285675
352.021973
352.110474
352.024353
352.671600
352.101990
352.505768
352.307648
352.002869
352.681702
352.254669
351.500793
351.803772
351.956696
351.777496
351.586853
350.651031
351.198334
350.739105
350.479095
350.273071
350.031403
350.414764
349.283875
349.089386
348.937958
349.064728
348.772278
347.947906
347.349457
347.442291
347.005798
347.056610
347.181549
346.577637
346.897522
345.802032
345.686951
345.822052
345.915222
345.874878
345.745636
345.667603
345.609711
345.559509
345.874603
345.691742
346.195374
346.578766
346.454193
346.302979
346.697693
346.994568
347.399994
347.338318
348.346863
348.019653
348.776764
348.992279
349.496643
349.839142
350.033508
351.056519
351.094727
351.563995
351.932220
352.058044
353.082123
352.649658
353.008667
353.303650
353.486359
353.975952
353.987030
353.670593
353.404602
353.345428
352.762787
351.819244
352.036255
351.173004
350.493378
349.630646
348.664886
347.404144
345.891479
344.565582
342.881226
340.757843
339.031525
337.252380
335.171234
332.654510
330.127380
327.061401
323.634521
321.444702
317.904083
314.387512
311.045807
306.966583
303.659088
298.994812
295.239990
291.204926
286.849060
282.565430
277.947388
273.586426
269.432861
264.822113
260.354309
255.909653
251.489136
247.177734
242.490021
238.207886
234.442596
230.289459
226.611542
223.030716
219.153473
215.903137
212.624008
209.636490
207.090790
204.536987
202.547974
200.664078
198.805588
197.690552
196.514679
195.806732
195.333923
195.675980

301.497162
174.645935
175.025513
175.722198
176.400238
177.382751
178.689011
180.517502
182.517075
184.677048
186.938599
189.363968
192.190155
194.988953
197.970383
201.195999
204.620041
207.675430
211.514404
214.967072
218.398849
222.618500
226.180435
230.142715
233.979065
237.942535
241.713715
245.764709
249.114746
252.918289
256.629211
260.184692
263.498840
266.961975
270.476685
273.405945
276.607666
279.371490
282.367615
284.901337
287.623474
290.177185
292.616302
294.158112
296.256897
298.456207
299.937469
301.207642
302.952118
304.194702
305.416901
306.031036
307.259888
308.202881
308.879456
309.534790
309.729401
310.068665
310.670837
311.167786
311.150696
311.236176
311.281158
311.485382
311.271027
311.229828
310.979431
311.259918
310.530884
310.986206
309.993225
310.130310
309.759705
309.768646
309.258606
308.938171
309.276703
308.811188
308.703064
308.401123
307.941284
307.691650
308.089294
307.944061
307.691742
307.666779
307.230652
307.415894
307.554901
307.938049
308.067230
307.784302
308.157990
307.958191
308.306427
308.730011
308.983490
309.065063
309.029297
309.238525
309.983459
310.501160
310.358246
310.824280
311.210999
311.249146
312.216553
312.138245
312.347107
313.128510
313.209259
313.387207
313.747742
314.184937
314.127930
315.096375
315.160797
315.059845
315.717621
315.541534
316.156677
316.215454
316.378845
316.152496
316.446167
316.375031
316.860260
316.427734
316.405182
316.275177
316.169159
316.379974
315.887817
315.910004
315.645172
315.301117
315.745026
315.245667
314.885071
314.946716
314.498596
314.048523
313.856598
313.701752
313.593292
312.891602
313.004089
312.700989
312.785583
312.134827
311.858734
311.499420
311.263245
310.983398
311.067108
310.558350
310.333374
310.443878
310.259308
309.796906
309.615814
309.963837
308.944061
309.180542
309.700592
309.259705
309.069153
309.125671
309.352814
309.757843
309.635834
310.083649
309.514557
310.195007
309.887390
310.161133
310.471771
310.387756
311.228607
310.974884
311.288971
311.736450
311.891144
312.532776
312.743988
313.015198
313.485291
313.827057
314.245270
314.605957
314.701447
315.159027
315.390533
315.632111
316.016510
316.558472
316.261017
316.723602
316.950806
317.707123
317.408447
317.892914
318.426025
318.088287
318.470551
318.775757
318.775024
318.863007
318.801361
319.179413
318.952209
319.233856
319.034821
319.280121
319.157867
318.969299
319.155853
318.729218
318.858093
318.444946
318.717804
318.265350
318.236359
318.013794
317.712189
317.496002
317.390839
316.841003
316.452301
317.053925
316.623108
316.089020
315.905487
315.679962
315.303070
315.376221
314.913788
314.407288
314.700928
314.091064
314.022583
313.561890
313.459717
313.466614
313.531616
313.012817
312.823151
312.710083
312.759827
312.272217
312.708893
312.550354
312.386261
312.256805
312.778564
312.852570
313.041779
312.740875
312.767151
312.908630
313.112244
313.354248
313.710358
313.710846
314.191956
314.395813
314.467865
315.074646
314.797882
315.655548
316.046692
315.682739
316.244659
316.499725
316.736450
317.018707
317.137360
317.517487
318.043579
318.621002
318.402679
319.128815
318.942291
319.816406
319.743469
319.869507
320.195587
320.523041
320.627899
321.239136
321.400360
321.466034
321.548187
321.699371
321.696442
321.990295
321.983002
322.335327
321.984436
322.045837
322.310364
322.248596
321.921936
322.268127
322.016266
322.182953
321.744629
321.556824
321.287415
321.680939
321.261078
321.340485
320.845978
320.972198
320.825867
320.398499
319.995483
320.045929
319.983582
319.527954
319.626831
319.601715
319.044830
318.889282
318.740845
318.527527
318.470276
318.361053
318.195892
318.217133
317.902161
317.838806
318.081940
317.883026
317.790466
317.501862
317.654144
317.493591
317.466949
317.557526
317.563171
317.831696
317.898346
317.906311
318.007751
318.149231
318.300690
318.183044
318.419891
318.372375
318.802734
319.244904
319.124603
319.400543
319.845154
320.094482
320.195099
320.231781
320.917725
320.851593
321.523956
321.734894
321.960693
322.116547
322.393494
322.714417
323.367645
323.014404
323.809204
323.833740
324.087372
324.327026
324.548065
324.874725
324.529083
325.109161
325.055450
324.979187
325.698242
325.278625
325.985870
325.999146
325.818848
325.633972
326.256989
325.678131
325.845123
325.622406
325.691559
325.642212
325.850128
325.755280
325.431274
325.340088
325.158752
324.857208
324.616913
324.713928
324.648193
324.254700
324.341797
323.708984
323.664246
323.646606
322.843536
323.420715
322.675934
322.593140
321.957977
322.108765
321.488647
321.722351
321.260498
321.176056
320.942444
320.731110
320.567810
320.491791
320.181091
320.666412
320.397705
319.946594
319.919220
320.054382
319.464569
319.518799
320.079285
319.924194
320.259674
319.951202
319.965240
320.249542
320.387512
320.145782
320.602478
320.799774
320.871826
320.942444
321.074860
321.696381
321.978363
321.845032
322.243530
322.606812
322.863098
322.941132
323.142456
323.669403
323.744324
323.923309
324.050903
324.448456
324.835968
325.407257
325.652008
325.780060
325.930756
325.981995
326.355591
326.333771
326.822052
327.131470
326.859802
327.386078
327.346954
327.734467
328.026672
327.335602
327.926727
328.036133
328.046295
327.944946
328.380859
328.192047
328.259521
327.989960
328.134064
328.683014
328.489594
327.781769
328.259888
328.113861
327.938751
327.364990
327.523499
326.948944
327.427032
326.953186
326.870453
326.908539
326.851471
326.637878
326.509430
325.712219
326.231995
325.912903
325.767883
325.726807
325.670441
325.877075
325.431641
325.224823
325.214264
325.432983
325.112915
324.944580
324.968994
324.585144
325.019562
325.383789
325.431915
325.159119
325.031586
325.299164
325.261932
325.591461
325.713348
325.810791
326.145020
326.483124
327.199036
327.083679
327.155212
327.315460
327.746490
327.678986
328.383820
328.915588
329.342316
329.159576
329.701935
330.358948
330.581818
330.896545
331.427216
331.460144
331.778015
332.842438
332.601318
332.490753
333.448059
333.626526
334.315948
334.296570
334.873840
335.465332
335.415771
336.067078
335.535004
336.213013
335.996155
336.585022
337.132294
337.169067
337.298950
337.150085
337.357330
337.751678
337.859589
337.463379
337.691040
337.461761
337.743835
337.854736
338.015106
338.004944
337.626709
337.406494
337.439453
337.682892
337.402496
337.167511
336.960052
337.005402
336.578369
336.410553
336.310547
335.634674
335.700226
335.683105
335.353455
335.442108
335.473297
334.909546
334.839386
335.304443
334.819275
334.460358
334.595154
334.335724
334.049774
334.070435
334.257538
334.068726
334.144409
333.966217
334.119934
334.092804
333.913208
334.160400
334.248688
334.271057
334.424286
334.325073
334.828705
335.175781
335.093750
335.228973
335.939575
336.148376
336.318085
336.361725
336.875214
337.539856
337.604828
337.688202
338.538055
338.442535
339.070740
339.613617
340.150452
340.405182
340.751343
341.251923
341.560883
341.788574
342.345947
342.513123
343.143890
343.778015
343.909271
344.334259
344.938812
344.972382
345.506195
345.695190
346.140503
346.219635
346.511658
346.569611
347.118347
347.425812
347.634308
347.570801
347.705933
347.843018
347.592072
348.394836
347.987610
348.031403
348.093475
347.894165
348.182312
347.762634
347.757599
347.591797
347.001099
347.379333
347.486176
346.934601
346.772339
346.264435
346.553131
346.045959
345.732391
346.233551
345.462402
345.356598
345.162018
344.782013
344.034149
344.273743
344.149292
344.270203
343.707764
343.292419
343.633392
343.249878
342.799469
342.527618
342.408752
342.728149
341.708588
341.914337
342.021698
341.916016
341.493805
341.946320
341.672119
341.866577
341.803162
341.964752
341.939362
342.444153
342.446198
342.586670
342.708496
342.834442
342.814484
343.434082
343.566895
344.034485
343.744781
344.003876
344.120575
344.098022
344.704498
344.922577
345.413910
345.903259
346.194794
346.065735
346.729980
346.990753
347.760590
347.649597
348.331665
348.122437
348.538269
348.414734
348.930511
349.673523
349.555817
350.034454
350.180237
350.259338
350.382111
350.926636
350.798187
351.177338
351.085846
351.251648
351.240875
351.371429
352.096405
351.649841
351.620361
351.632477
351.866791
351.649384
351.268127
351.586334
351.065887
351.060364
351.084839
351.247009
350.856842
350.502258
350.303192
350.241882
349.796112
350.051483
349.622620
349.582611
349.304504
348.823944
349.130219
348.589142
348.401642
348.555786
348.268829
347.513580
347.542511
347.598846
346.832489
346.959015
347.568085
347.219299
347.022919
347.119293
346.639801
346.996063
346.798096
346.287720
346.350708
346.346741
346.449371
346.985931
346.528961
346.359894
346.608582
346.499786
347.196869
347.251923
347.552490
347.435425
347.755157
347.653320
347.887268
347.937714
348.357086
348.267273
348.744720
349.008362
348.875122
349.491211
349.396515
350.132141
350.802765
350.624847
350.769440
350.969849
351.291931
351.393341
351.524933
351.623016
351.879395
352.097717
352.160797
352.276184
352.281067
352.425934
352.669861
352.622284
352.853516
353.124878
353.165436
352.842743
352.686066
352.663757
352.572052
352.274109
352.784393
352.632324
352.378082
352.071777
352.050018
351.959839
351.471924
351.624023
351.458862
351.101654
350.551239
350.783447
350.557770
350.140228
349.692505
350.055176
349.708527
349.694336
349.466888
348.857117
349.198822
348.255737
348.241852
348.299255
347.483704
347.918121
348.058289
347.044067
346.915131
347.098297
346.956390
346.859314
346.823578
346.832001
346.282959
346.617554
346.427887
346.541321
346.839264
346.739624
347.140991
347.293884
347.264679
347.270721
347.100800
346.982483
347.391235
347.616425
347.711090
348.108887
348.098816
348.474243
348.621857
349.565613
349.034424
349.070038
349.875031
349.644043
349.810547
350.499756
350.405731
350.858215
350.902557
351.153870
350.755280
351.945465
351.744659
351.962585
352.355042
352.064240
352.151123
352.069763
352.695953
352.144958
352.554932
352.359436
352.017273
352.734283
352.306702
351.570129
351.871765
352.017700
351.811798
351.618805
350.724976
351.248199
350.793732
350.534607
350.328644
350.107635
350.455139
349.354431
349.165253
349.006073
349.143921
348.815155
348.009460
347.397522
347.531281
347.074738
347.142761
347.255737
346.659332
346.959991
345.862244
345.729095
345.921661
346.002960
345.954132
345.826935
345.749695
345.683685
345.652496
345.966461
345.762238
346.272461
346.658722
346.545807
346.407379
346.797607
347.089325
347.491394
347.443542
348.442871
348.099060
348.869476
349.081665
349.628479
349.961945
350.159821
351.190460
351.222595
351.688751
352.077667
352.161896
353.203156
352.804169
353.161316
353.447266
353.621979
354.113159
354.122711
353.801086
353.529541
353.492798
352.923767
351.965973
352.187256
351.316895
350.679932
349.770996
348.827576
347.555298
346.058441
344.739807
343.056213
340.917572
339.192871
337.458038
335.341064
332.856049
330.317993
327.246582
323.845428
321.632202
318.116455
314.598694
311.238098
307.185028
303.855499
299.179321
295.456238
291.409302
287.045013
282.779236
278.165253
273.816620
269.644043
265.036957
260.571014
256.119598
251.703156
247.395050
242.700577
238.457932
234.692368
230.529678
226.829102
223.266083
219.379959
216.143082
212.882751
209.882080
207.326355
204.750397
202.775406
200.889465
199.044830
197.922791
196.748932
196.046951
195.563019
196.052658

221.306885
184.502579
185.028275
185.708008
186.620941
187.837921
189.414841
191.019730
192.941132
195.220428
197.613846
200.102661
203.115295
206.012909
209.154358
212.584488
215.894669
219.895447
223.294739
227.149353
231.270279
235.251617
238.945068
243.133194
247.275452
251.026123
255.120331
259.361389
263.171661
267.190247
270.887115
274.821899
277.977661
281.912567
285.262115
288.748840
291.522858
294.689697
297.841187
300.408020
302.933472
305.273193
307.865112
309.797089
312.057281
313.844421
315.514404
317.096344
318.568359
320.121521
320.918152
322.071228
322.822876
323.657196
324.261627
324.559387
325.254913
325.610382
325.893280
326.327911
326.216248
326.827026
326.417725
325.978638
325.787537
325.781677
325.348053
324.962219
325.000122
324.881714
324.537933
323.685059
323.743958
323.222168
322.879791
322.672791
322.207092
322.091888
322.073212
321.406860
321.335541
321.028564
320.964417
320.575165
320.369812
320.275879
320.380920
320.444458
320.315399
320.279236
320.275116
320.489044
320.034302
320.861053
320.592896
320.492493
321.028809
321.687805
321.428741
321.718872
321.903748
322.008148
322.658081
323.016418
323.090210
323.391479
324.009796
324.003693
324.285583
324.967896
325.363953
325.008484
325.328247
326.037384
326.047546
326.633026
326.598328
326.984955
327.099304
326.745789
327.121765
327.284149
327.584045
328.032654
327.516754
328.018250
327.757751
328.056793
327.864197
327.489441
328.035217
327.438171
327.362152
327.518219
327.389954
326.834778
326.655487
326.486511
326.285736
326.008606
325.214783
324.951721
325.075043
324.717896
324.274109
324.292816
323.996643
323.904419
323.211823
322.970093
322.320496
322.634247
321.948608
321.420258
321.407898
320.950256
320.934875
320.860504
320.137451
320.361725
320.132690
319.925903
319.811035
319.683411
319.900970
319.618042
319.395966
319.645111
319.617157
319.432312
319.472382
319.655792
319.678162
319.674194
319.924072
319.772766
320.321106
320.595673
320.651184
320.768219
321.501129
321.749939
322.444366
322.588440
322.310455
323.043091
323.229706
323.687531
323.727356
323.971802
324.360138
324.573364
324.676910
324.955505
325.773529
325.712891
325.753296
326.628967
326.632202
326.318939
327.043915
327.361542
327.563934
327.612823
327.808624
327.745087
328.178375
328.071411
327.997528
327.768005
328.264679
328.017212
327.887848
327.958130
328.192291
327.726288
327.557556
327.486694
327.167542
327.035156
327.074341
326.571930
326.692535
326.424896
326.188629
325.594788
325.106812
325.454132
324.394104
324.467804
324.302673
323.959534
323.922150
322.907990
322.896301
322.691772
322.072235
322.038605
321.744354
321.800018
321.383301
321.339661
321.055115
320.643036
320.478943
319.927277
320.025421
319.997864
319.238922
319.577972
319.107330
319.481903
318.828613
318.693695
319.160095
319.331451
319.316742
319.273010
319.266571
319.588165
319.124115
319.726898
319.747162
319.871674
319.802582
320.689789
320.598816
320.690643
321.414642
321.236908
321.509583
321.857788
322.026123
322.176025
322.797028
322.763885
322.703369
323.598206
323.479675
323.852875
324.123932
324.478088
324.417358
325.109833
325.211792
324.906830
325.169525
325.488190
325.637451
326.459259
326.238770
326.428467
326.039581
325.858673
326.599854
326.412323
326.306732
326.471680
326.622559
326.803375
326.319397
326.556366
326.570343
326.369568
326.255371
326.343170
325.888458
325.928314
325.710388
325.631226
325.006470
325.174164
324.752899
324.722137
324.728271
324.454041
323.843445
323.926819
323.681549
323.317627
323.034698
322.815033
322.542175
322.816833
321.857391
321.766510
322.027679
321.728607
321.308197
321.375671
321.177643
320.903473
320.884125
321.181274
320.551270
320.538269
320.807159
320.679352
320.494995
320.002014
320.234467
320.453369
320.466553
320.576447
320.502533
320.783752
320.828430
321.259735
321.396271
321.253052
321.526611
321.806091
321.825775
322.295380
322.472198
322.664734
323.277527
323.281586
323.433380
323.577545
324.075226
323.833588
324.958832
324.988464
325.218018
325.490997
325.443481
326.201904
326.309723
325.974487
326.859161
326.758575
327.121765
327.283905
327.333252
327.650055
327.745178
327.895386
327.645935
328.062225
328.407135
328.455170
328.886597
328.640045
328.213501
328.423462
328.859619
328.467896
328.635956
329.106018
328.226837
328.053650
327.691589
328.055756
328.138672
327.641449
327.350800
327.126465
326.987152
326.790741
327.101105
326.289398
325.974060
326.016968
326.004272
326.054565
325.438660
324.918030
324.582611
324.919739
324.847961
324.386841
324.238708
323.685577
323.963348
323.347473
323.535828
323.222595
323.330933
323.420990
323.439423
322.851624
322.712128
322.908447
322.682526
322.733795
322.757996
322.930847
323.283691
322.898132
322.868317
322.769012
323.004059
323.021912
323.309052
323.761719
323.875427
324.023254
324.333252
324.245575
324.626892
324.566345
324.699615
324.855988
325.238129
325.361816
326.009735
326.337616
326.499115
326.921326
326.844727
327.381165
327.684937
327.641235
328.111938
328.412445
328.422577
328.588623
328.959381
329.206421
328.729675
329.352570
329.272522
329.532257
329.813110
330.056824
329.959961
329.801941
330.349304
329.967255
330.305237
330.127258
330.343323
330.309021
330.536499
330.092926
330.235352
330.351074
330.076324
330.067810
329.826813
329.707611
329.665527
329.275391
328.966370
328.831421
328.607849
328.681793
328.358398
328.014282
328.425842
327.912079
327.690491
327.273743
327.272430
326.988464
326.912720
326.583282
326.344360
326.633331
326.090149
325.874695
325.704437
325.869873
325.644623
325.697601
325.759918
325.963928
325.254608
325.633392
325.715271
325.021393
326.806824
325.595825
325.328400
325.828583
326.291809
325.988098
326.402405
326.015381
326.274384
326.654694
326.907501
327.337555
327.318420
327.609375
327.903290
328.363159
328.700500
328.521149
329.170044
329.511108
329.737793
329.603882
330.664551
331.155731
331.095215
331.273224
331.513397
332.260651
331.963959
332.677063
332.673584
333.125519
333.252930
333.882355
333.960480
334.098663
334.610321
334.397705
335.000519
334.702362
335.002747
335.469482
335.316772
335.621002
335.172638
335.533203
335.166687
335.176239
335.344818
335.300171
335.393982
335.581482
335.226654
335.471619
335.074615
335.110352
335.008270
334.760620
334.659668
334.476959
333.763184
334.059082
334.139252
333.296051
333.225800
333.068481
332.967438
332.413116
332.331085
331.696381
331.736633
331.541046
331.397614
331.068726
330.975922
331.014496
330.538116
330.470764
330.090027
330.113708
330.167694
329.594299
329.624939
329.499268
329.566040
329.602783
329.853882
329.439941
329.943268
330.405823
329.960815
330.235992
330.291656
330.263702
330.561432
330.256531
330.640106
330.747345
331.017548
331.336639
331.662506
331.509491
332.370728
332.151001
332.490204
333.018707
333.291321
333.707825
333.893646
334.086639
334.725037
335.148102
335.847656
335.751099
336.193909
336.415100
336.653046
336.923828
337.437073
337.579376
338.047913
338.372681
338.667877
338.767426
339.414154
338.776245
339.319275
339.263031
339.882538
340.076874
339.843445
339.731903
340.329346
339.897430
340.578491
339.896240
340.412109
340.436951
340.226868
339.966583
339.662842
339.777557
339.888885
339.831360
339.316467
339.419647
338.608704
338.510193
338.318634
338.228912
338.373688
337.573883
337.150604
337.110168
336.884125
336.311798
335.739502
335.758484
335.248505
335.442810
335.007690
334.762207
334.112183
333.988831
333.633270
333.746429
333.502533
332.592163
332.937805
332.982941
332.715637
332.559418
332.503479
331.897888
332.189362
331.878326
332.086975
331.947845
331.729919
331.802094
331.901337
332.023651
332.518066
331.789734
332.375336
332.039124
332.087738
332.295410
332.475037
333.065155
332.755524
332.977112
333.503876
333.721008
333.687561
333.855225
334.402557
334.131195
334.720581
335.010315
335.541992
336.015747
336.293701
336.182404
336.617584
336.594940
336.943146
337.273956
337.388672
337.224182
338.020966
337.925262
338.134186
338.561493
338.152863
338.069641
338.787689
338.872528
339.232025
339.098053
338.921570
338.611755
339.289825
338.995239
338.602753
339.079712
338.950745
338.493713
338.762054
338.515594
338.823486
338.375671
337.807220
338.092957
338.021820
337.828308
337.799438
337.365112
337.206604
337.248047
336.647308
336.402649
336.124969
335.856720
335.857849
335.518402
335.433502
335.048065
334.631622
334.558746
334.157623
333.530975
334.374695
333.917816
333.715973
333.659424
333.649139
333.191956
333.003326
332.885468
333.078888
333.034424
333.288696
332.676971
332.760132
332.730774
332.642181
332.924164
333.198273
333.084381
333.317505
332.957001
333.371948
333.075256
333.562927
333.545868
333.628174
333.934662
334.683807
334.329224
334.651672
334.845306
334.642212
335.509979
335.331085
335.031921
335.817078
335.879974
336.487244
336.395599
336.755463
336.539978
337.126770
337.179260
337.742798
337.544617
337.989990
337.804260
338.001587
337.830322
338.051422
338.170105
337.948547
338.145844
337.960510
337.793701
338.097504
338.016846
337.949982
338.042419
337.598602
337.989166
337.446381
337.368103
337.106262
337.039001
337.280243
336.971466
336.415314
336.328918
336.577850
336.235046
335.790466
335.725861
335.439575
334.773163
335.218750
334.317261
334.114960
333.575500
333.942657
333.591309
333.345917
333.719025
333.117493
332.398682
332.821869
332.393951
332.607086
331.899292
332.038696
331.748230
331.716858
331.912018
331.774506
331.624390
332.008026
331.844696
331.732086
331.838196
331.788544
332.123352
331.791992
331.851746
332.231171
332.511749
332.513123
332.838562
332.845459
333.093964
333.020416
333.283295
333.750916
333.580597
333.784851
333.940735
334.545349
334.911987
334.751251
335.211487
335.152252
335.578278
335.249390
335.844879
335.796722
336.430206
335.921600
336.315613
336.681580
336.771179
336.814789
337.100616
336.141693
336.557983
336.766571
336.828888
336.708191
336.465240
336.850952
336.427673
336.225098
336.355621
336.076904
335.805359
335.672760
335.308899
335.439941
335.167267
334.883026
334.666840
334.408813
334.051483
333.745514
333.616333
333.359131
332.863068
332.980164
332.610840
332.175842
331.869812
332.003906
331.517395
331.731537
331.061554
330.811920
330.523529
330.482483
330.411499
330.340637
330.531586
329.974243
330.153870
330.202972
330.284149
330.108856
330.410706
330.775177
331.225586
331.740173
331.276733
331.507446
331.620880
332.408264
332.579041
332.862854
332.971924
333.711304
333.816010
334.039307
334.092468
335.123718
335.220612
335.709778
336.226013
336.405365
336.515076
336.810394
336.810516
337.074554
337.660736
337.803802
337.804565
337.382996
337.446533
336.589722
336.206665
336.180573
335.495453
334.808136
334.507599
333.939575
332.710876
331.563721
330.281525
328.709534
327.284027
325.373718
323.541077
321.321198
319.125580
317.129913
314.576385
312.104004
309.026398
306.328705
302.783112
300.058411
296.280426
292.694611
289.219574
285.315216
281.393036
277.736115
273.360260
269.296844
265.157806
261.000580
256.823914
252.370163
248.247009
243.898331
239.897156
235.392914
231.283127
227.459244
223.332184
219.512161
216.045166
212.598175
208.985001
205.873413
203.177933
200.210266
197.694107
195.302124
193.024475
191.126099
189.809219
188.545609
187.649734
186.743912
186.452454
186.231186

222.512268
184.658371
185.182434
185.852493
186.793732
187.994614
189.566788
191.178772
193.106918
195.383698
197.784073
200.289902
203.323532
206.206680
209.367783
212.796356
216.120880
220.111221
223.523361
227.376801
231.497803
235.500168
239.210419
243.380280
247.563232
251.286560
255.408234
259.645538
263.482025
267.513489
271.215240
275.185028
278.294189
282.272461
285.660828
289.172791
291.931885
295.117584
298.295746
300.839355
303.398499
305.750610
308.355133
310.288177
312.573425
314.408142
316.049103
317.634888
319.125336
320.682220
321.480499
322.653442
323.402283
324.272827
324.863953
325.129395
325.868164
326.266907
326.546082
326.954285
326.895813
327.479706
327.108337
326.663605
326.509613
326.471771
326.068756
325.658295
325.761078
325.634399
325.269989
324.421478
324.486908
323.988617
323.604065
323.406342
323.032074
322.878082
322.815063
322.190613
322.093689
321.819397
321.757996
321.349854
321.196777
321.034515
321.183411
321.224823
321.100830
321.063385
321.047699
321.300140
320.812256
321.646790
321.366943
321.278961
321.794312
322.423248
322.187317
322.461548
322.642303
322.775604
323.425964
323.765259
323.807770
324.115662
324.737732
324.722992
324.979187
325.637482
326.056976
325.708862
325.981628
326.707916
326.715179
327.320099
327.282898
327.651917
327.752594
327.373322
327.772766
327.909027
328.199402
328.659241
328.160706
328.600494
328.311432
328.614960
328.404694
328.071350
328.643707
328.012238
327.934662
328.073181
327.947357
327.393616
327.197876
327.029480
326.811523
326.533966
325.736664
325.460754
325.619476
325.242767
324.804901
324.825806
324.527008
324.418579
323.696320
323.488953
322.829987
323.141327
322.481140
321.925018
321.911530
321.488342
321.430969
321.358093
320.665588
320.891510
320.634338
320.415100
320.289886
320.173218
320.414154
320.139557
319.922485
320.154205
320.101349
319.944305
320.008423
320.171692
320.199005
320.175812
320.412323
320.292480
320.832428
321.120270
321.175537
321.316193
322.017914
322.279572
322.976929
323.106659
322.839905
323.590302
323.741364
324.218689
324.271545
324.499420
324.899109
325.097748
325.196838
325.503632
326.307800
326.254761
326.312927
327.162170
327.172455
326.839752
327.555420
327.868439
328.092560
328.115875
328.353790
328.248688
328.702118
328.589386
328.508301
328.258148
328.788666
328.538849
328.372833
328.448090
328.661835
328.207764
328.031403
327.939545
327.621765
327.500854
327.533478
327.037292
327.114563
326.847534
326.602997
325.986694
325.520721
325.866852
324.790100
324.860138
324.701324
324.313904
324.315918
323.272247
323.248566
323.030182
322.393127
322.361053
322.057190
322.109955
321.662018
321.649261
321.310455
320.946930
320.727325
320.189423
320.282684
320.218170
319.454437
319.823517
319.311951
319.681305
319.026093
318.874268
319.333008
319.495819
319.348907
319.430145
319.423737
319.767242
319.273224
319.873810
319.872070
320.010712
319.925781
320.827759
320.709595
320.780090
321.510925
321.352325
321.600739
321.943176
322.128021
322.259827
322.884003
322.855591
322.809265
323.681274
323.562042
323.940491
324.201355
324.570038
324.508759
325.188141
325.295837
324.972473
325.277130
325.569550
325.749084
326.566101
326.328705
326.536560
326.153870
325.969971
326.734192
326.541321
326.427734
326.616760
326.752716
326.948273
326.470276
326.713959
326.717773
326.561005
326.463135
326.536285
326.086823
326.121552
325.909058
325.854889
325.255280
325.437653
325.019440
324.988129
325.005676
324.728210
324.138519
324.222015
323.964355
323.601654
323.326233
323.134277
322.876434
323.139832
322.187805
322.125549
322.401855
322.073181
321.677673
321.750885
321.556976
321.283173
321.271362
321.586060
320.950867
320.973114
321.203369
321.089417
320.898621
320.444824
320.651733
320.898407
320.886230
321.016113
320.931274
321.207306
321.242859
321.674835
321.838409
321.685791
321.976166
322.251007
322.266144
322.724609
322.913971
323.074799
323.667877
323.662415
323.832581
323.971710
324.438232
324.218445
325.346863
325.330902
325.563965
325.852844
325.803497
326.513031
326.632965
326.278534
327.147064
327.029297
327.394531
327.563354
327.584961
327.878448
327.961426
328.111328
327.832916
328.240967
328.586365
328.605621
329.011627
328.764465
328.320221
328.516174
328.926239
328.507538
328.667877
329.146515
328.242065
328.033997
327.670258
328.008636
328.087555
327.623810
327.261963
327.043640
326.856689
326.674042
326.958618
326.135468
325.804871
325.809509
325.794159
325.827972
325.160034
324.650146
324.328278
324.643890
324.559235
324.063416
323.911804
323.347778
323.592957
322.990875
323.136261
322.829071
322.934326
323.020538
323.003998
322.398132
322.275848
322.434967
322.225372
322.240723
322.266998
322.437866
322.767426
322.376556
322.339905
322.238525
322.466797
322.482635
322.762909
323.190979
323.321869
323.458282
323.765289
323.709961
324.081207
323.996765
324.183472
324.300201
324.667267
324.795227
325.436066
325.783905
325.930267
326.365479
326.276886
326.813690
327.147888
327.074219
327.574066
327.872925
327.910248
328.082703
328.467651
328.671021
328.235138
328.864166
328.766998
329.063232
329.364655
329.567719
329.493134
329.316803
329.901062
329.511200
329.877411
329.694641
329.896606
329.913788
330.144623
329.698883
329.864685
330.043549
329.737396
329.696106
329.519531
329.395691
329.399200
328.966492
328.685516
328.533936
328.338684
328.453308
328.122589
327.751862
328.212280
327.729919
327.470520
327.083160
327.079407
326.813812
326.782471
326.405914
326.200073
326.478302
325.995361
325.770752
325.597473
325.741394
325.547424
325.589478
325.702484
325.885895
325.154022
325.568787
325.656677
324.957825
326.059784
325.553162
325.315186
325.795441
326.262054
325.962036
326.385651
326.014526
326.284760
326.638153
326.864014
327.304138
327.338745
327.600403
327.888733
328.352112
328.636322
328.486908
329.118622
329.468628
329.739258
329.560120
330.616821
331.105133
331.026947
331.226379
331.448486
332.162048
331.924194
332.599487
332.567993
333.039276
333.178925
333.839203
333.872742
334.008728
334.508606
334.288086
334.860107
334.580536
334.852234
335.349365
335.171021
335.432129
334.996887
335.341492
334.969360
334.978882
335.120178
335.089203
335.201874
335.380829
334.959412
335.232239
334.827911
334.814453
334.724579
334.436554
334.382446
334.154999
333.462585
333.736237
333.807953
332.932159
332.862610
332.694305
332.621094
332.043396
331.935425
331.258789
331.345825
331.130005
330.971802
330.624512
330.512970
330.546326
330.073334
330.024902
329.623230
329.654236
329.675720
329.084778
329.123749
328.983826
329.039978
329.080078
329.313080
328.888550
329.413666
329.831055
329.393402
329.640320
329.688416
329.665375
329.962646
329.648010
330.051636
330.137024
330.414062
330.711517
331.032990
330.874207
331.709259
331.511810
331.849701
332.369568
332.628113
333.060516
333.231934
333.399292
334.036255
334.436737
335.147308
335.068634
335.516846
335.744537
335.968353
336.222229
336.718353
336.869476
337.338226
337.668671
337.959381
338.051636
338.689301
338.082428
338.603180
338.540680
339.155884
339.336365
339.097961
339.016052
339.598877
339.189301
339.852325
339.173920
339.663300
339.690094
339.472137
339.258820
338.949249
339.032837
339.154205
339.110504
338.593475
338.702148
337.882751
337.762238
337.581024
337.482544
337.643280
336.841187
336.430725
336.395111
336.155090
335.595001
335.041473
335.073700
334.558075
334.761261
334.330566
334.072876
333.427521
333.278625
332.965057
333.076691
332.865936
331.910034
332.288086
332.354736
332.050110
331.898102
331.890259
331.278198
331.566803
331.275848
331.476074
331.364166
331.154236
331.203033
331.316345
331.454529
331.957886
331.217896
331.808533
331.495911
331.552979
331.746979
331.947144
332.546600
332.261108
332.466003
333.050354
333.209015
333.258026
333.390961
333.918396
333.656433
334.291931
334.584564
335.128571
335.597351
335.892578
335.826355
336.235260
336.212952
336.621826
336.962646
337.049927
336.957214
337.717346
337.661102
337.836151
338.281921
337.852570
337.818848
338.547424
338.659760
339.019501
338.891846
338.715637
338.424469
339.106445
338.848297
338.453949
338.964569
338.839386
338.439148
338.662384
338.434174
338.725189
338.315948
337.784271
338.031158
337.950165
337.801422
337.747101
337.346985
337.204285
337.285156
336.653870
336.434814
336.168884
335.923401
335.918121
335.607788
335.551483
335.191833
334.744263
334.694519
334.302490
333.684235
334.522247
334.074768
333.873322
333.831635
333.536865
333.398987
333.192291
333.071106
333.279816
333.250610
333.530151
332.882538
332.988739
332.950073
332.901611
333.160339
333.451233
333.372559
333.570435
333.223114
333.634277
333.375305
333.811829
333.857941
333.921143
334.231934
334.975525
334.631195
334.948029
335.112976
334.930389
335.786438
335.634888
335.332672
336.124969
336.220581
336.806610
336.718201
337.046112
336.850769
337.450378
337.485352
338.055939
337.863495
338.282623
338.129486
338.278076
338.102753
338.357910
338.506042
338.260223
338.445312
338.265442
338.111969
338.401947
338.326752
338.207886
338.357849
337.869507
338.240509
337.729523
337.671448
337.387909
337.317505
337.549896
337.254028
336.658173
336.607819
336.825104
336.481720
336.049713
335.960907
335.692017
335.017090
335.453491
334.545380
334.366272
333.808929
334.175659
333.799744
333.593475
333.944824
333.317902
332.596039
333.003540
332.599640
332.803528
332.093079
332.247894
331.928894
331.888000
332.086304
331.928558
331.793060
332.171875
332.012024
331.898590
331.977844
331.953613
332.254272
331.927704
331.998962
332.373108
332.661011
332.656586
332.986053
332.973511
333.211853
333.149384
333.394165
333.884033
333.703156
333.894165
334.051910
334.650024
335.017090
334.860077
335.326965
335.250519
335.664062
335.352936
335.913513
335.861847
336.515076
336.029175
336.420135
336.771729
336.836609
336.898132
337.193817
336.216736
336.652985
336.857056
336.910950
336.786530
336.541748
336.887451
336.490692
336.292389
336.415955
336.140625
335.875336
335.720673
335.389954
335.485626
335.203583
334.945099
334.742584
334.452850
334.127258
333.809723
333.660614
333.412079
332.936554
333.028564
332.670624
332.238098
331.929657
332.058899
331.562256
331.803772
331.132477
330.846252
330.580109
330.541046
330.439117
330.367432
330.585419
330.028320
330.173431
330.211823
330.305908
330.156036
330.448944
330.812317
331.266541
331.779358
331.324951
331.536652
331.656555
332.436676
332.598877
332.897186
332.982635
333.772491
333.838196
334.047577
334.121613
335.166321
335.231201
335.738861
336.252808
336.416412
336.534576
336.842346
336.825806
337.104706
337.691376
337.813873
337.803955
337.351379
337.454285
336.599304
336.226868
336.196198
335.488312
334.797699
334.515320
333.951782
332.713287
331.569641
330.285278
328.717712
327.260834
325.374176
323.534485
321.322083
319.121246
317.114197
314.562347
312.099548
309.007050
306.320923
302.783905
300.044586
296.273376
292.687378
289.193451
285.302673
281.392273
277.723328
273.336792
269.291626
265.151398
261.000580
256.799896
252.362656
248.222305
243.884140
239.865280
235.362625
231.250458
227.425659
223.317963
219.488098
216.000183
212.567688
208.961823
205.838745
203.151932
200.195709
197.684265
195.274063
192.992111
191.089005
189.778244
188.521851
187.615494
186.724350
186.407166
186.191284

