285.158600
173.127853
173.343216
174.052216
174.875122
176.066071
177.514114
179.101120
180.890945
183.009628
185.353760
187.575897
190.067780
193.257553
196.014145
199.419647
202.699478
205.984085
209.471710
212.889694
216.591537
220.370834
224.172913
227.759277
231.640732
235.289230
238.980209
242.731689
246.497772
250.196167
253.904495
257.205933
260.937805
264.159454
267.561371
270.625610
273.399841
276.307953
279.331299
281.766357
284.136597
286.682251
289.273285
290.875244
292.879913
294.638214
296.034576
297.561676
299.110107
300.777832
301.517334
302.619720
303.453400
304.012695
304.849426
305.549316
306.055389
306.573486
306.548737
307.290649
306.860809
307.525635
307.335449
307.142731
307.211151
307.161285
307.040894
306.577881
306.611115
306.477112
305.978882
305.493073
305.366760
305.572784
305.355194
304.728973
304.646210
304.606903
304.106812
304.263031
303.720276
303.699402
303.498383
303.681183
303.428162
303.407837
303.290131
303.558685
303.314392
303.560333
303.755157
303.804413
304.050385
304.433136
304.556488
304.744629
304.520874
305.206787
305.235718
305.671509
305.832489
306.518951
306.522919
306.910828
307.352539
307.455353
308.159729
308.498810
308.969147
309.410187
309.526611
310.259155
310.198883
310.408142
311.144562
311.207184
311.791260
311.750092
312.122284
312.249878
311.927795
313.158020
312.682739
313.034882
313.085571
313.112274
313.295074
313.257538
313.784332
313.511383
313.120331
313.565063
313.168701
313.359375
312.956604
313.160522
312.639191
312.873352
312.670563
312.384460
312.399139
311.724304
311.470093
311.314392
311.174164
310.970642
310.710083
310.386353
310.326569
310.138123
309.779175
309.648193
309.204529
309.386139
308.705414
308.902679
308.996490
308.632324
308.482635
307.988159
308.142822
308.476898
307.910339
307.907074
307.979584
307.689148
308.106934
308.021942
308.392151
307.704254
308.690430
308.349121
308.744232
308.749237
309.019531
309.095520
309.154266
309.522125
309.653168
310.256714
310.393005
310.574493
311.227173
311.401978
311.674713
312.260193
312.207642
312.692871
313.002441
313.572845
313.518921
313.727417
314.390991
314.709717
315.090027
315.659363
315.786591
316.092255
316.238281
316.656769
316.930206
317.433563
317.459991
317.579285
317.309082
317.829803
318.498016
318.162170
318.734344
318.241302
318.765350
318.798920
318.332306
318.554688
318.649780
318.235046
317.974274
318.417755
317.824066
318.090973
318.072205
317.450836
317.526184
317.434540
317.183624
316.592041
316.663788
316.584412
316.431183
316.146973
315.525208
315.097687
315.318939
315.019440
314.958710
314.280182
313.891144
313.992828
313.484680
313.437988
313.201935
313.229065
313.078094
312.857483
312.611542
312.829071
312.224792
312.027222
312.262726
311.996490
311.906250
311.973633
311.768738
311.879333
311.942200
311.863922
312.121674
311.853455
312.489349
312.548279
312.401123
312.423889
312.369019
312.894592
312.879181
313.352814
313.357971
313.496643
314.319214
314.584442
314.862274
315.270142
315.445892
315.767273
315.944244
316.163910
316.700348
316.800629
317.333832
317.496887
317.683014
318.383667
318.493683
318.518860
318.466003
318.980042
319.484467
319.751495
319.542419
319.740601
320.213776
320.356812
320.422302
320.605286
320.535797
320.991821
321.110443
320.816071
320.828125
320.810883
321.100098
320.847382
321.012451
320.936340
320.402557
320.992035
320.939484
320.699951
320.361053
320.550903
320.246338
319.902954
320.046509
319.471710
319.183502
319.281464
319.011139
318.878235
318.750031
318.140411
318.280090
318.150146
317.306274
317.862579
317.524414
317.268311
317.113464
316.850647
316.704437
316.428925
316.545227
316.314087
316.340057
316.083740
316.612518
316.631317
316.144958
316.147247
316.126831
316.202515
316.193939
316.759308
316.603668
316.546570
316.413910
316.540619
316.804443
316.994659
317.385559
317.371521
317.488190
317.664734
317.959442
318.684296
318.581635
318.828735
319.090485
319.479828
319.540405
319.888031
320.100067
320.399109
320.472626
321.265717
321.737885
321.429047
321.680603
322.424225
322.845581
322.985931
323.091644
323.343994
323.693878
323.840271
323.620453
323.871979
324.576080
324.602753
324.461426
324.494873
324.741425
324.867889
324.827118
325.102142
325.184998
325.010895
325.324127
325.186920
324.971619
324.860565
324.744110
325.429474
324.563385
324.417175
324.343964
324.393921
324.356140
324.071777
323.694153
323.659790
323.494110
323.499786
323.330872
322.777588
322.357910
322.798615
322.180023
322.257874
322.005188
321.732422
321.510712
321.375549
321.035858
320.546570
320.748779
320.777802
320.880707
320.827484
320.439026
320.090485
320.238190
320.008453
319.937866
319.997192
320.014313
320.038452
320.173370
319.867584
319.799622
320.350647
320.309784
319.817963
320.332153
320.620117
320.486084
320.668549
320.901642
320.992279
321.272888
321.223785
322.081207
321.944916
322.232788
322.571411
322.750916
322.800140
323.347382
323.518738
323.965271
324.338318
324.701050
324.595490
325.248871
325.298340
325.469391
325.554901
326.416229
326.643921
325.985229
326.596710
326.320190
326.896576
327.379150
327.669495
327.799896
327.588654
327.613556
327.632050
328.098846
328.142181
327.987457
327.764984
328.156067
327.798065
327.677917
328.248108
327.949982
327.954590
327.654449
327.899841
327.775421
327.651367
327.446136
327.247284
327.596497
326.699402
327.206940
326.726746
326.429169
326.124542
325.668274
326.250458
325.871002
325.761047
325.642822
325.380676
325.362946
325.160858
324.838654
324.556610
324.551483
324.242981
324.263458
324.305450
324.007843
324.208954
324.038025
323.927704
323.723969
323.945251
323.991089
323.966278
324.104309
324.335754
324.298065
324.526062
324.754700
324.640900
324.984833
325.135925
325.530823
325.783173
326.297302
325.885986
326.018524
326.574646
327.222137
326.959198
327.373596
327.774414
328.558746
328.758453
329.215729
329.274963
329.268616
330.230255
330.349487
330.827271
331.400818
331.475311
331.937103
332.179352
332.281158
332.952179
333.062683
333.215973
333.631531
333.798065
334.083710
334.548492
334.414764
334.507935
335.440979
335.053558
335.168549
335.830780
335.599335
335.646637
335.880859
335.741974
335.853455
335.809326
335.871307
335.492645
335.899933
335.689667
335.162079
335.449768
335.008423
335.307037
335.479736
334.998169
335.175323
334.724152
334.952911
334.703857
334.285614
334.244232
334.171722
333.588318
333.478760
333.276520
333.396820
332.854065
332.808624
332.228851
332.518402
332.494232
332.269562
332.374908
331.821625
332.393524
331.748688
331.752625
331.991425
331.945618
332.183105
331.835052
332.009277
331.966125
332.036102
332.295288
332.276764
332.433105
332.554626
333.015442
332.755310
333.573395
333.764160
334.028839
334.561707
334.423920
334.605988
335.055328
335.011108
335.204468
335.948669
336.403473
336.677277
337.196289
337.577423
337.575378
338.481140
338.920105
339.230927
339.660370
340.204895
340.316833
340.833679
341.620331
341.282196
341.950958
342.269806
342.501617
342.793915
343.588196
343.795197
343.870972
344.268494
344.165466
344.612610
344.880249
344.978882
344.877960
345.325623
345.486023
345.191864
345.297272
345.982819
345.631897
345.518158
345.358734
345.709900
344.997650
344.949615
344.978607
344.917297
344.877075
345.194305
344.815948
344.526367
344.025269
344.080780
343.534058
343.819794
343.312256
343.089966
343.127594
342.920410
342.310394
341.821930
341.868866
341.724945
341.677216
341.302063
340.935913
340.750427
340.522766
340.464539
340.313873
339.981934
339.465485
339.568176
339.776245
339.652740
339.562012
339.776733
339.435883
339.092377
339.547455
339.673584
339.729431
339.328613
339.983795
340.106506
339.916901
339.852142
340.310242
340.183563
340.536774
340.861053
341.033325
341.095428
341.596375
341.953003
341.789215
342.388123
342.903717
343.134979
343.604706
343.906647
343.916229
344.434509
344.711914
345.332642
345.191895
345.923279
345.817047
345.803680
346.524384
347.051117
346.842590
347.691223
347.832336
347.476898
347.903046
348.460876
348.846802
348.997620
348.564026
348.765045
348.764984
349.067291
348.947815
349.101227
349.522766
349.012573
349.190216
349.188232
349.552124
349.090790
348.565094
349.018372
348.915253
348.934540
348.733276
348.605499
348.203461
348.250092
347.880463
347.975433
347.395508
347.038849
346.898346
347.081787
346.438477
346.745239
346.339355
346.361572
346.198395
345.924194
345.739258
345.903961
345.336151
345.451263
344.970551
345.348663
344.881866
344.843414
344.837799
344.685577
345.047852
344.744507
344.499634
344.573212
344.480408
344.510895
344.584686
344.517426
344.312653
344.620178
344.479767
344.401337
345.212311
345.090515
345.251556
345.776855
345.404205
345.798981
346.322601
346.058777
346.644440
346.575104
347.039154
347.202820
347.871124
348.069427
347.896881
348.469391
348.559509
348.892853
349.409760
349.406830
349.534454
349.925262
349.970398
350.166565
350.634277
350.611572
350.617584
351.044189
350.613983
351.223663
350.994202
351.400299
351.103516
351.054047
351.743683
351.448395
351.628418
351.360291
351.231750
351.037079
350.757812
350.925995
350.877502
350.674072
350.579620
350.561584
350.632111
350.076538
349.669769
349.692017
349.565277
349.424011
348.738464
348.498260
348.817017
348.573792
348.232422
347.967255
347.655396
347.499054
347.060608
347.205811
346.529297
346.663055
346.275604
346.311707
345.838989
346.328033
345.957031
345.882996
345.368347
345.553894
345.554596
345.532837
345.429657
346.162720
345.961884
345.654602
345.144562
345.808624
346.283569
346.116364
346.086182
346.485962
346.316620
346.518097
346.834686
346.685852
347.363434
347.526489
347.493774
348.141113
347.853546
348.153320
348.843475
348.345825
348.955475
349.458099
349.415131
349.763000
350.067596
350.245209
350.334412
350.408478
350.831055
350.949646
351.021149
351.032288
351.592041
351.565979
351.695496
351.754028
351.682251
351.623657
351.742950
351.771027
351.399261
351.653748
351.522247
351.176025
351.215881
351.160065
350.816864
350.401978
350.478119
350.313812
350.042725
349.752136
349.248505
349.352295
348.834106
348.443787
348.266602
348.115753
347.912659
347.740265
347.369293
347.580994
346.787598
346.285034
346.452545
346.757385
346.211548
345.748108
345.488037
345.457672
345.608307
345.853027
345.328400
345.309875
345.226105
345.375153
345.643799
345.132782
345.797852
346.006317
346.041534
346.384613
346.371185
346.525543
346.990936
347.533142
348.089722
348.266968
348.822510
349.175507
349.400848
349.383118
350.162903
350.296143
351.037384
351.270325
351.733124
352.373352
352.654388
352.691162
352.783997
353.286377
353.492096
353.744354
353.180115
353.592560
353.888000
353.056458
353.068207
352.380585
352.027771
351.105743
350.437653
350.074829
348.469086
347.171082
345.398895
344.276886
342.875214
341.115448
339.309753
337.212524
335.089508
332.490356
330.413757
326.853363
323.938049
321.323730
317.904449
314.375549
310.896851
307.356049
303.525635
299.125946
294.885956
290.949677
286.560913
282.849884
278.203003
273.846405
269.203094
264.807190
260.225525
255.668167
251.361237
246.748428
242.828430
238.387711
234.005646
230.300201
226.366745
222.681366
219.345062
215.917648
212.313828
209.973770
206.935837
204.631439
202.448792
200.397217
198.924774
197.710083
196.341721
195.717636
195.456039
195.401978

278.404510
173.182327
173.376663
174.112289
174.940063
176.150864
177.593414
179.177231
180.957153
183.101120
185.452606
187.675507
190.194092
193.368088
196.143951
199.542557
202.858475
206.124664
209.636963
213.075851
216.796387
220.574081
224.378540
227.984207
231.889160
235.557831
239.253342
243.034637
246.811234
250.510452
254.227005
257.512238
261.325592
264.510590
267.991516
271.038727
273.856781
276.760773
279.765167
282.241913
284.605957
287.179962
289.777069
291.421082
293.462646
295.189575
296.623596
298.150360
299.748016
301.396698
302.174225
303.294678
304.110016
304.721283
305.554077
306.287628
306.782990
307.325287
307.264587
308.023468
307.655426
308.326904
308.127533
307.948151
308.028412
307.953430
307.846375
307.407349
307.429840
307.292236
306.814758
306.315155
306.232086
306.398499
306.202179
305.562378
305.497162
305.462891
304.931213
305.067230
304.540802
304.509064
304.291107
304.481415
304.242828
304.182617
304.066071
304.327667
304.083282
304.312164
304.480438
304.547913
304.739471
305.105042
305.229980
305.399353
305.175964
305.837524
305.837708
306.277191
306.412964
307.063660
307.041046
307.424622
307.843262
307.923737
308.627960
308.933014
309.367432
309.780609
309.884674
310.585052
310.520477
310.714600
311.387756
311.441589
312.014679
311.946381
312.305145
312.391998
312.063324
313.231293
312.764587
313.100677
313.101624
313.121490
313.269592
313.203064
313.726715
313.414459
312.975464
313.419586
312.977295
313.177612
312.753326
312.914642
312.358826
312.579468
312.370117
312.067413
312.049164
311.371307
311.104248
310.926086
310.780457
310.551056
310.274139
309.920624
309.868042
309.649628
309.276123
309.128326
308.666962
308.851685
308.163055
308.343170
308.427032
308.054626
307.883301
307.399658
307.558228
307.878815
307.295197
307.286560
307.367554
307.053772
307.486084
307.382233
307.745148
307.066467
308.030060
307.683838
308.092072
308.114044
308.384186
308.476593
308.495880
308.909607
309.040192
309.636810
309.784302
309.968719
310.613129
310.805603
311.057129
311.699371
311.625092
312.130310
312.482269
312.994049
313.008148
313.200684
313.865845
314.205902
314.600677
315.186279
315.325470
315.606537
315.808289
316.248596
316.491333
317.024719
317.113495
317.209625
316.932251
317.483398
318.188751
317.888062
318.422729
317.965515
318.463348
318.547028
318.101929
318.374847
318.424194
318.041382
317.774811
318.257507
317.694458
318.001892
317.966797
317.355042
317.451263
317.362671
317.132141
316.537384
316.650360
316.556183
316.454559
316.196930
315.534515
315.116669
315.375214
315.077545
315.077148
314.357117
314.002411
314.096069
313.654083
313.579102
313.358307
313.419708
313.288391
313.068512
312.819305
313.049133
312.461609
312.279114
312.547882
312.273468
312.185028
312.264587
312.064392
312.199860
312.297485
312.239471
312.482971
312.231537
312.875031
312.934814
312.774139
312.849823
312.822357
313.327911
313.335114
313.777618
313.817169
313.968018
314.799286
315.086914
315.353668
315.795868
315.953705
316.318329
316.510925
316.697815
317.264221
317.373230
317.938934
318.095154
318.297577
319.024933
319.153107
319.150818
319.121826
319.641205
320.147003
320.427582
320.235687
320.446808
320.921448
321.107574
321.134521
321.334717
321.297729
321.760773
321.883331
321.586639
321.634583
321.622711
321.943176
321.717651
321.858276
321.817810
321.296753
321.898590
321.850403
321.606018
321.284607
321.496185
321.216583
320.866913
321.020538
320.441254
320.165863
320.306213
320.033600
319.889801
319.793884
319.171082
319.364136
319.198730
318.380768
318.932098
318.645599
318.383209
318.233521
317.980652
317.807831
317.581421
317.717560
317.465149
317.480530
317.275635
317.812500
317.813263
317.398956
317.389709
317.346252
317.414215
317.411255
317.950500
317.794495
317.802582
317.676666
317.793427
318.064575
318.282227
318.642761
318.663116
318.800934
318.932434
319.127380
319.948364
319.843903
320.059662
320.332855
320.749908
320.779205
321.125885
321.296021
321.596954
321.686981
322.517822
322.932068
322.620483
322.865692
323.627472
324.005035
324.166840
324.236816
324.481384
324.845123
324.980469
324.735535
324.966553
325.711334
325.697876
325.520325
325.552338
325.786591
325.920288
325.842987
326.144470
326.164337
325.968384
326.271484
326.143585
325.909851
325.793854
325.595673
326.337250
325.420044
325.242615
325.167450
325.188049
325.143097
324.854156
324.466736
324.387695
324.213654
324.214539
323.998444
323.424988
323.016937
323.446472
322.756195
322.883423
322.576233
322.315155
322.031738
321.872772
321.500610
321.006378
321.230713
321.259216
321.324005
321.203796
320.892853
320.480316
320.628601
320.337677
320.285095
320.314575
320.302948
320.313324
320.460968
320.148926
320.020691
320.576813
320.524658
319.993561
320.526215
320.763000
320.634583
320.824951
320.979156
321.094818
321.358337
321.321747
322.159637
322.011993
322.306702
322.595520
322.735260
322.778168
323.325714
323.512695
323.967346
324.300110
324.721649
324.556274
325.204498
325.282013
325.414856
325.505981
326.342834
326.620667
325.899261
326.545166
326.264404
326.858704
327.283081
327.546112
327.704132
327.531738
327.527191
327.548065
328.027740
328.060455
327.917511
327.663361
328.036377
327.728088
327.564331
328.132233
327.913788
327.860046
327.568817
327.821442
327.711304
327.579468
327.359009
327.207520
327.527008
326.658447
327.107666
326.667847
326.373779
326.051025
325.635712
326.208649
325.822021
325.696686
325.619690
325.354736
325.322693
325.133057
324.784363
324.554749
324.538910
324.227661
324.236511
324.264709
323.992371
324.198639
324.020203
323.939850
323.727875
323.947815
323.992004
323.986481
323.956879
324.354218
324.329987
324.545807
324.790985
324.675446
325.026184
325.173737
325.538879
325.823700
326.344269
325.935120
326.054565
326.612000
327.276184
327.008148
327.418213
327.808502
328.605774
328.790314
329.257050
329.286224
329.305695
330.292755
330.395111
330.879242
331.415588
331.487671
331.978638
332.237854
332.314056
332.978912
333.088623
333.276764
333.677399
333.830994
334.147461
334.567902
334.446472
334.537262
335.486725
335.096832
335.168640
335.843964
335.620331
335.639282
335.905670
335.758209
335.872192
335.855194
335.907837
335.511383
335.942291
335.697083
335.155121
335.462646
335.025360
335.325073
335.491730
335.021881
335.175415
334.723816
334.977570
334.716827
334.297241
334.249634
334.185059
333.596344
333.483093
333.284607
333.431458
332.884125
332.825378
332.235992
332.499115
332.493256
332.294403
332.374908
331.834259
332.405853
331.755219
331.747864
331.988861
331.936676
332.205048
331.810455
332.007782
331.984070
332.060638
332.299744
332.286926
332.455597
332.557495
333.021179
332.764160
333.625336
333.789429
334.066864
334.601349
334.438507
334.664642
335.090149
335.059570
335.262817
336.008240
336.455963
336.714966
337.274780
337.637299
337.643890
338.538910
338.991486
339.301666
339.741974
340.261047
340.382416
340.911713
341.686096
341.363708
341.991425
342.345306
342.596985
342.892914
343.680603
343.839203
343.948029
344.347748
344.269714
344.666779
344.991882
345.060577
344.947968
345.457123
345.543671
345.278595
345.409851
346.120026
345.759827
345.580261
345.453033
345.816711
345.113129
345.052521
345.106018
345.040161
344.947815
345.305298
344.933990
344.639618
344.122864
344.211761
343.638123
343.905029
343.484589
343.191498
343.193268
343.027740
342.427277
341.924652
341.960754
341.820740
341.772186
341.406677
341.015961
340.902557
340.686951
340.549744
340.401093
340.035309
339.599182
339.645813
339.838104
339.783569
339.637421
339.834900
339.530334
339.121216
339.680359
339.753815
339.777496
339.431152
340.029449
340.187927
340.013245
339.993927
340.386505
340.257446
340.635101
340.967651
341.070740
341.154785
341.677429
342.051849
341.888214
342.475708
342.967224
343.175262
343.705109
343.952271
343.975739
344.523712
344.776398
345.391724
345.179443
346.005859
345.878204
345.853638
346.580383
347.101532
346.911804
347.775665
347.890717
347.508728
347.931702
348.554474
348.912811
349.032196
348.582520
348.891815
348.811920
349.106842
349.027252
349.165344
349.584320
349.037445
349.238434
349.265381
349.618164
349.169067
348.607758
349.083893
348.974365
348.983551
348.800690
348.660461
348.263275
348.336487
347.965973
348.069519
347.472473
347.139191
346.991455
347.185425
346.520508
346.862793
346.399445
346.490387
346.327606
346.016144
345.821198
345.996033
345.430023
345.541382
345.065155
345.467621
345.018372
344.906586
344.965881
344.771179
345.153687
344.859100
344.640808
344.679565
344.615265
344.651550
344.709503
344.684113
344.450043
344.748596
344.622253
344.528748
345.364532
345.237976
345.348511
345.901123
345.537384
345.933807
346.435852
346.176331
346.778870
346.703217
347.182312
347.364410
348.021210
348.165894
348.011841
348.616852
348.706360
349.032227
349.540131
349.548126
349.627350
350.021942
350.092377
350.274506
350.766785
350.735992
350.756622
351.156830
350.729309
351.345245
351.103912
351.498871
351.193695
351.176666
351.874725
351.559174
351.750610
351.466431
351.364960
351.115814
350.864746
351.024261
350.955505
350.785797
350.649628
350.613220
350.708160
350.167572
349.741730
349.757721
349.599976
349.465637
348.783661
348.555084
348.878601
348.610138
348.269867
348.026459
347.686279
347.517151
347.080139
347.212128
346.539398
346.663086
346.283966
346.326904
345.851471
346.306519
345.940063
345.868805
345.351074
345.551147
345.538269
345.497192
345.390717
346.135284
345.935059
345.623169
345.098022
345.758240
346.212555
346.039001
346.058044
346.429871
346.238342
346.475769
346.782562
346.604187
347.294769
347.451416
347.414276
348.065216
347.774658
348.058807
348.768066
348.263672
348.861511
349.362579
349.313080
349.690918
349.969696
350.144684
350.249756
350.339111
350.749207
350.849396
350.924133
350.963318
351.476074
351.477081
351.602936
351.655884
351.594452
351.547241
351.642731
351.682373
351.312714
351.554901
351.440735
351.097900
351.133179
351.091553
350.741974
350.291962
350.389496
350.244293
349.957306
349.699158
349.178955
349.308197
348.753510
348.388245
348.202850
348.083771
347.867279
347.716614
347.323151
347.564972
346.758453
346.276367
346.480865
346.779266
346.220581
345.789337
345.507172
345.481903
345.637207
345.898895
345.400421
345.379791
345.280701
345.468658
345.713654
345.243469
345.888702
346.117676
346.176361
346.473450
346.488861
346.658936
347.122894
347.693817
348.278320
348.478394
349.022247
349.355988
349.645294
349.630524
350.375214
350.556000
351.299072
351.536804
352.011505
352.670288
352.972260
352.989929
353.151093
353.629852
353.844696
354.101593
353.540588
353.936676
354.291718
353.476013
353.462585
352.796326
352.454620
351.556854
350.915649
350.549530
348.953278
347.682678
345.893982
344.783722
343.406830
341.670532
339.838470
337.735565
335.643768
333.070404
330.962372
327.449921
324.512909
321.943451
318.519348
314.980194
311.542847
308.015656
304.214050
299.774902
295.571625
291.615662
287.233063
283.544220
278.902802
274.557068
269.939880
265.547211
260.965393
256.404053
252.100418
247.519989
243.564102
239.155258
234.756866
231.075577
227.113846
223.455353
220.123810
216.699432
213.085800
210.757263
207.721161
205.428696
203.239929
201.180695
199.721954
198.508408
197.153046
196.530807
196.241028
196.515747

224.449600
184.442551
184.782761
185.414032
186.511322
187.638458
189.085831
190.857407
192.874268
195.086700
197.458466
199.971237
202.765152
205.813217
209.179489
212.408005
215.805054
219.487167
223.458237
226.778915
230.988358
234.882767
239.027603
243.103775
246.739838
251.176010
254.826874
258.945099
263.146057
267.046997
270.812012
274.224976
278.036102
281.231506
285.346222
288.376068
291.578491
294.439636
297.685486
300.227509
302.864990
305.274536
307.923157
309.524170
311.741760
313.234650
315.444183
317.059631
318.367462
319.399750
321.100372
321.634247
322.809174
323.700714
324.441284
324.662994
325.256470
325.672302
325.787140
325.692688
325.974579
326.429413
326.110809
325.553589
326.269806
325.618744
325.806213
325.200592
325.233795
324.710358
323.941620
324.165588
323.977936
323.436707
323.116333
322.681335
322.471832
322.127319
322.155426
321.557678
321.328033
320.825562
321.146118
320.850372
320.372162
320.472443
320.530975
320.277435
320.264313
320.892029
320.491394
320.918854
320.321136
320.665924
321.361023
321.265503
321.120361
321.713074
322.118866
322.729340
322.234924
322.815033
323.028381
323.232269
323.699677
324.008301
324.131622
324.558655
324.831299
325.201324
325.234619
325.571472
326.328033
326.360138
327.061218
327.106323
327.430573
327.629333
327.955444
328.007782
327.832977
328.492706
328.351501
328.641937
328.566620
328.720123
328.794037
328.733887
328.518066
328.247009
328.581818
328.218842
328.508545
328.046997
327.829803
327.512024
327.480743
327.378113
327.392487
327.268585
326.779205
326.391571
326.341248
325.955475
325.567108
325.271027
325.124817
324.924500
324.376984
323.685425
323.597260
323.507080
323.048523
322.764099
322.684357
322.223785
321.900085
322.003662
321.791870
321.726654
320.765350
320.989288
321.194000
321.086578
320.920776
321.083649
321.109070
321.178833
321.328522
320.948944
320.834106
321.060486
321.408844
321.654602
321.490173
321.769043
321.969727
322.196381
322.421906
322.289124
323.300110
323.473877
323.135376
323.610046
324.144257
324.381989
324.567139
324.789825
325.203674
325.252441
326.302185
326.115295
326.198181
326.651184
326.905365
327.559204
327.247650
328.238007
328.291229
328.625305
329.001526
329.010071
329.437897
329.580658
329.623077
329.756592
329.754120
329.854187
330.218140
330.039032
329.677704
329.858002
329.521790
329.772186
330.212646
329.322113
329.222778
329.221893
329.135895
329.084534
329.004150
328.255402
328.601929
328.469116
328.090973
327.690887
327.384857
327.439423
326.748566
326.587311
326.037750
326.198700
325.757843
325.227875
324.750031
324.261017
324.665314
324.329742
324.092285
323.276306
323.346039
323.169647
322.834167
322.548248
322.637054
322.530518
322.108337
321.921631
321.627686
321.669891
321.547272
321.228607
321.298523
321.410706
321.303955
321.202881
321.464294
321.331299
321.772888
321.600708
321.470947
321.653015
321.722748
322.337372
322.159607
322.566956
322.607361
323.186890
323.268616
323.573761
324.115753
324.140015
324.133728
325.064636
324.991089
325.410461
325.292358
325.451080
325.850372
325.800659
326.142700
326.754730
326.841858
327.542145
327.325958
327.582794
328.293701
328.026428
328.250763
328.742645
328.366180
328.532135
328.600494
329.046112
328.947296
328.822449
329.043518
328.780121
328.762482
329.171448
329.243103
328.889893
328.954163
328.696228
328.689484
328.597961
328.843475
328.416687
328.108368
327.989075
328.055695
327.652740
327.303314
326.881836
327.032532
326.422913
326.452454
326.183380
326.370636
325.997986
325.043579
325.185944
325.165588
324.821198
324.438904
324.607025
324.445557
324.024750
323.750275
323.640869
323.684204
323.511658
322.961426
323.393585
322.968964
323.349823
323.526031
322.787689
323.182251
323.008057
322.837921
322.966278
323.157684
322.974579
323.492950
323.244781
323.430847
323.860199
323.933380
323.712891
324.010406
324.001160
324.667175
324.555939
324.547699
325.456573
325.347900
325.676331
325.746796
326.181396
326.199799
327.079224
327.246490
327.761353
327.669830
327.748077
328.500610
328.381134
328.687103
328.635040
329.431946
329.212372
329.469788
329.766144
330.079376
330.100006
330.295959
330.453064
330.672028
330.902100
331.116760
331.188202
331.365143
331.062683
330.907104
330.897705
331.325867
331.464661
330.988373
330.717926
331.010010
330.712646
330.927643
330.702637
330.245789
330.219330
329.993561
329.509796
329.573822
329.329224
329.063354
328.997528
328.704132
328.294403
327.878784
328.001343
327.769531
327.402222
327.224640
327.109863
326.954620
326.714111
326.561523
326.340149
326.063873
326.388580
325.852722
325.679169
325.794800
325.628204
325.598938
325.156799
325.144745
324.962982
325.156677
325.225800
325.215454
325.280396
325.107147
325.177765
325.089111
325.162445
325.446442
326.220459
325.782562
325.986755
326.130798
326.331696
326.909180
326.649567
327.038147
326.971771
327.009521
327.333527
327.676056
328.636963
328.228394
328.745148
328.269531
328.828613
329.176849
329.521667
329.683258
330.496124
330.452271
330.689026
331.185669
330.928162
331.495911
331.722260
331.968994
332.198608
332.089478
332.384827
332.607941
332.638184
332.473450
332.627930
332.655243
332.675354
332.577484
332.733124
332.460663
332.598450
332.675476
332.500977
332.497681
332.659149
332.305542
331.897919
332.055725
331.582550
332.040680
331.462006
331.579987
331.633728
331.444946
331.440033
331.211243
330.331512
330.498566
330.143768
329.683594
329.751526
329.677795
329.294373
329.406464
329.148529
328.751465
328.634369
328.616638
328.721710
328.067902
328.120026
328.120056
328.009644
328.366455
327.920532
328.027649
327.651215
328.171509
328.004272
329.079224
327.856110
328.235931
328.089508
328.096649
328.364594
328.691345
328.417419
328.770416
328.852905
328.966614
329.432190
329.538544
329.733337
330.514343
330.650757
331.043060
330.986694
331.580292
331.331970
331.576599
332.679749
333.073303
333.240356
333.647095
333.595886
333.793549
333.749146
334.562164
334.759827
334.963989
335.136292
335.670715
335.882721
335.494904
336.196198
336.884064
336.766327
336.109650
336.561798
336.719727
337.014526
337.331757
337.187775
337.698883
337.363495
337.585083
337.912079
337.481567
337.417694
337.414001
337.423615
337.371613
337.097168
337.102631
336.756256
336.667969
336.875061
336.356354
336.349823
335.948639
335.833282
335.350647
335.662750
335.425385
335.093811
334.649078
334.871094
334.080444
333.889130
333.573456
333.278656
333.211639
332.808380
333.403168
333.115814
332.702240
332.034454
331.959076
332.039154
331.577332
331.650665
331.737793
331.647064
331.307556
331.632874
331.436188
331.694916
331.536530
331.785614
331.543488
331.852722
331.712189
332.256470
332.403137
332.462433
332.814667
332.545593
333.369049
333.187744
333.848328
333.895721
333.612518
334.028503
334.470886
335.225525
334.957275
335.533783
335.648224
336.301117
336.785004
336.739319
336.973358
337.872772
337.726074
338.490845
338.734650
338.782532
339.178955
339.574646
340.187500
340.473236
340.442627
340.642517
341.019165
341.848724
341.234802
341.009796
341.719360
341.350006
341.620300
341.538849
341.421387
341.766052
341.429169
341.727386
341.571747
341.908508
341.624878
341.695587
341.162750
341.421661
341.503296
341.582855
341.540558
340.965881
340.912079
340.094635
340.840393
340.064026
339.872589
339.718445
338.913849
338.445282
338.145325
338.198029
337.902832
337.434692
337.158539
336.823456
336.562073
336.323486
336.364349
335.462769
335.221344
335.152008
335.492462
334.438019
334.331238
334.336365
334.145111
333.689575
333.743011
333.839111
333.335175
333.721191
333.201630
333.501617
333.442047
333.269684
333.379852
333.572662
333.610931
333.673676
333.525818
333.596863
333.796722
334.067963
334.067383
334.211456
335.016083
334.754395
335.034180
334.830566
335.175507
335.665375
336.331207
336.466339
336.214508
336.727051
337.368622
337.103516
337.390625
337.326660
338.052765
337.892181
338.511536
338.600739
338.974670
338.973938
339.189026
338.997070
339.599548
340.001404
339.759766
339.834778
340.126190
340.325043
340.364105
340.588776
340.539825
340.798065
340.907501
340.565552
340.513336
340.190460
340.198761
339.774414
340.366272
340.080322
339.713501
339.804993
339.746674
339.664734
338.596832
339.223328
339.111572
338.637207
338.643066
338.363953
338.194000
337.901306
337.395111
337.629944
336.823242
336.749084
336.687103
336.191254
335.757935
335.774048
335.817688
335.221466
335.293213
334.760773
335.214111
334.690125
334.264374
334.149750
333.805420
334.106110
333.726471
333.997467
333.888031
333.903290
333.947632
334.112946
333.879150
334.087982
334.384247
334.693329
334.152435
334.578674
334.524384
334.247620
334.733429
334.624512
334.835785
335.379761
335.259094
335.173615
335.475616
335.869110
336.092926
336.058838
336.357605
336.773651
336.859344
337.255463
337.358307
337.519104
337.462158
338.030884
337.862091
338.356018
338.679230
338.630463
338.856812
338.746002
338.629333
338.609253
339.019623
338.917267
338.783234
338.895844
339.127838
339.338806
338.587921
339.003052
338.649170
338.217407
338.424744
338.874359
337.930634
338.290588
338.078064
338.207214
338.059662
337.675323
337.794830
337.495667
337.516876
337.023804
336.915649
336.122192
336.349915
335.812805
335.492218
335.400269
334.973114
335.110504
334.992126
334.696869
334.101410
333.661194
333.625854
333.730713
333.618652
333.233948
333.005798
333.349365
332.986542
332.804260
332.921082
332.636475
332.694305
332.671814
332.784698
332.659790
333.066437
332.517029
332.404602
332.397217
332.450134
332.771545
332.763672
332.727112
333.638855
333.221344
333.676453
333.465973
334.125671
334.629242
334.898956
334.654205
334.656128
335.272491
335.307556
335.487549
336.442871
336.395294
336.351044
336.610535
337.130249
336.687531
336.966492
337.517944
337.324585
337.956512
337.655823
337.728577
338.179413
337.941437
338.193054
338.381775
338.247650
338.384735
338.371613
337.954041
338.183136
338.040588
337.450623
337.763977
337.528595
337.245605
336.902222
337.045868
336.182495
336.703766
335.844421
336.076080
335.659973
335.337891
335.091797
334.925018
334.588776
334.278625
334.071442
334.186920
333.994263
333.748260
333.230255
333.142273
332.621185
332.874329
332.358948
332.446594
332.487366
332.291840
332.273956
331.915192
331.743896
331.829041
331.757812
332.212341
331.895721
331.955750
332.184387
332.926361
332.619812
332.906311
333.362396
333.620575
333.684265
334.105804
334.477753
334.878601
334.932098
335.653137
335.890930
336.401703
337.109436
337.125732
337.390930
337.710754
338.593933
338.386871
338.634308
338.999664
339.556152
339.243134
339.447266
339.193207
339.552826
339.208740
339.278259
338.871490
338.432678
338.090912
337.081024
336.613312
336.252930
334.842041
333.798828
332.611298
331.452667
329.814972
327.872345
326.044800
323.570984
321.806519
319.575256
316.762604
313.986877
311.221313
308.202759
305.621552
302.048584
298.713013
295.163147
291.687714
287.629211
283.707001
280.321442
275.866760
271.438263
267.418915
263.334961
258.818176
254.756195
250.402847
246.223190
241.468781
237.375076
233.328934
229.167435
225.218796
221.229034
217.472244
214.129669
210.712769
207.720673
204.786880
201.913681
199.260300
197.252670
194.955597
193.559341
191.726883
190.316330
189.448547
188.584030
187.998077
187.853195

226.136322
184.564697
184.898041
185.524719
186.610733
187.754486
189.197739
190.979721
192.994095
195.205673
197.588913
200.112305
202.910980
205.965591
209.316635
212.559311
215.944901
219.651749
223.625137
226.957367
231.171249
235.053711
239.205780
243.323151
246.952255
251.386780
255.042755
259.161499
263.362305
267.288727
271.039642
274.477509
278.300781
281.510895
285.647400
288.661560
291.870514
294.752197
297.971344
300.541504
303.215576
305.631165
308.271515
309.874298
312.059967
313.614105
315.815155
317.418793
318.760895
319.769501
321.494110
322.045593
323.202515
324.121826
324.844940
325.095215
325.706543
326.106750
326.191895
326.203766
326.417694
326.894287
326.580627
326.000031
326.729645
326.082825
326.257477
325.660095
325.675903
325.163025
324.398987
324.638702
324.453979
323.918427
323.607666
323.122040
322.927979
322.572479
322.650452
322.046417
321.796051
321.314972
321.625946
321.308563
320.838287
320.920105
320.948853
320.695801
320.730377
321.341949
320.943726
321.348724
320.762939
321.121918
321.822571
321.660828
321.519989
322.055817
322.545135
323.131409
322.611053
323.208313
323.427246
323.564545
324.092560
324.327026
324.471008
324.921356
325.142365
325.535217
325.549500
325.880402
326.642426
326.654236
327.329529
327.390076
327.714325
327.853699
328.238068
328.251648
328.084595
328.759399
328.589569
328.877075
328.801788
328.938263
329.052094
328.964813
328.746582
328.444733
328.783600
328.432709
328.719940
328.272491
328.054352
327.729126
327.725098
327.600891
327.553680
327.493225
327.007751
326.592743
326.574158
326.144531
325.775177
325.502136
325.338654
325.132629
324.576782
323.891022
323.828705
323.717377
323.263123
322.967743
322.955444
322.424652
322.091797
322.258972
322.029877
321.968262
321.008148
321.265839
321.436035
321.351746
321.177246
321.388641
321.397003
321.463898
321.624115
321.264740
321.157837
321.399689
321.738312
322.018799
321.818298
322.115265
322.339447
322.569275
322.793945
322.658875
323.693573
323.855927
323.511078
324.012787
324.579529
324.801117
324.983826
325.225983
325.648560
325.701904
326.761719
326.590637
326.645569
327.128326
327.401062
328.033020
327.742767
328.709869
328.767548
329.122070
329.500519
329.518005
329.933105
330.096191
330.125000
330.263641
330.279633
330.390137
330.737854
330.523560
330.196686
330.386078
330.028656
330.283722
330.697968
329.835327
329.743591
329.722198
329.653046
329.596710
329.495178
328.769470
329.110748
328.960327
328.595428
328.161865
327.887390
327.907928
327.233185
327.037537
326.521118
326.646149
326.180237
325.648956
325.178833
324.670227
325.060150
324.742401
324.513885
323.661499
323.726349
323.533813
323.192291
322.901459
322.973755
322.840668
322.457336
322.249146
321.958313
321.973206
321.834900
321.519318
321.558411
321.685883
321.568115
321.466370
321.620148
321.578888
322.009003
321.836792
321.687012
321.853088
321.915039
322.540436
322.364166
322.716370
322.787323
323.341675
323.448883
323.728088
324.264038
324.263092
324.291260
325.201965
325.138184
325.528687
325.409790
325.561829
325.971588
325.882172
326.236267
326.867554
326.949432
327.642303
327.411957
327.682343
328.400635
328.102325
328.351135
328.830872
328.459320
328.634705
328.692413
329.158478
329.028870
328.923187
329.127289
328.885712
328.868561
329.270905
329.328400
328.990265
329.056091
328.825470
328.812592
328.719635
328.937592
328.560211
328.229156
328.129333
328.191925
327.807404
327.474915
327.041809
327.198273
326.597656
326.648499
326.366333
326.546997
326.167755
325.250031
325.380920
325.372833
325.026184
324.661133
324.830658
324.664886
324.262024
323.975891
323.897797
323.925842
323.779785
323.216736
323.635681
323.257599
323.639160
323.808960
323.075806
323.469666
323.279724
323.108276
323.290955
323.453400
323.288666
323.784241
323.543945
323.718658
324.172058
324.237457
324.011505
324.301422
324.298279
324.965607
324.854584
324.860962
325.762543
325.647858
325.972992
326.048492
326.481445
326.476349
327.377655
327.520630
328.015869
327.925446
328.038849
328.745697
328.641327
328.934845
328.890747
329.675476
329.442535
329.676666
329.962006
330.248413
330.282349
330.453033
330.615326
330.818848
331.068176
331.274078
331.297791
331.476562
331.158325
331.000488
330.978271
331.392578
331.533783
331.056091
330.741425
331.042969
330.718933
330.933014
330.715027
330.241028
330.198059
329.952759
329.461761
329.513214
329.243988
328.990814
328.915894
328.604523
328.191437
327.781525
327.901215
327.642334
327.269684
327.073853
326.953339
326.788544
326.512695
326.382324
326.133118
325.871826
326.187927
325.640717
325.462555
325.557831
325.370728
325.346436
324.911072
324.897400
324.712341
324.912018
324.971680
324.975464
325.005463
324.830109
324.914551
324.810913
324.895660
325.171478
325.938538
325.502747
325.717804
325.872314
326.076721
326.645752
326.391235
326.791290
326.688965
326.751678
327.080811
327.427246
328.409729
327.985046
328.506012
328.041626
328.621368
328.963654
329.337280
329.493866
330.284607
330.251373
330.531860
330.983337
330.768280
331.343872
331.563782
331.819275
332.061310
332.005280
332.267120
332.504456
332.542816
332.429932
332.558380
332.601257
332.650726
332.559479
332.738068
332.426056
332.539642
332.693970
332.486511
332.544189
332.689514
332.376709
331.969116
332.142242
331.632385
332.086517
331.572754
331.708069
331.769684
331.575195
331.556458
331.369171
330.494446
330.694702
330.286804
329.882477
329.962860
329.876282
329.511383
329.631409
329.359344
328.991669
328.879456
328.843262
328.958374
328.318237
328.394867
328.361084
328.268280
328.684265
328.204010
328.297699
327.918152
328.437988
328.330597
328.729370
328.130890
328.509857
328.368774
328.413635
328.646698
328.980560
328.717957
329.100464
329.150940
329.247650
329.717865
329.812592
330.041504
330.824432
330.941803
331.325592
331.257355
331.868713
331.618134
331.830750
332.920532
333.311676
333.460907
333.865845
333.836426
334.007416
333.937622
334.761505
334.975433
335.155182
335.353302
335.857269
336.054169
335.666870
336.344086
337.043365
336.905304
336.242615
336.702393
336.837311
337.129211
337.407135
337.273682
337.764893
337.430298
337.641602
337.961395
337.540344
337.446106
337.422546
337.410583
337.363770
337.092377
337.037750
336.691284
336.602386
336.833466
336.259583
336.267426
335.849731
335.745178
335.246490
335.552979
335.290253
334.951019
334.494812
334.670227
333.916626
333.709900
333.378235
333.080414
333.002686
332.598206
333.184265
332.869324
332.451050
331.784485
331.697174
331.776123
331.285248
331.377838
331.452271
331.365570
331.014099
331.333801
331.121918
331.383453
331.194885
331.431427
331.196503
331.483765
331.357666
331.892578
332.026154
332.097748
332.459747
332.160095
332.981750
332.783661
333.449219
333.517944
333.204529
333.623901
334.064697
334.799011
334.540771
335.118988
335.256073
335.870544
336.366394
336.310211
336.558319
337.425568
337.283020
338.027649
338.307495
338.372833
338.734344
339.158173
339.740936
340.016266
340.012604
340.202118
340.585205
341.387695
340.794434
340.607513
341.296997
340.928314
341.182556
341.091949
340.978912
341.317657
340.995209
341.305664
341.139160
341.455414
341.191528
341.279022
340.726013
340.998932
341.115570
341.171143
341.129211
340.518097
340.498077
339.700134
340.420776
339.660797
339.453033
339.277863
338.534973
338.045563
337.792908
337.804016
337.531738
337.063263
336.815460
336.451080
336.196808
335.989655
336.010223
335.097229
334.848846
334.791901
335.160889
334.109894
333.976440
334.006287
333.828064
333.349304
333.413818
333.513519
333.024933
333.419525
332.891693
333.195404
333.128082
332.971466
333.096893
333.309998
333.341461
333.417908
333.271240
333.333679
333.582031
333.801636
333.826416
334.008118
334.771271
334.510315
334.856964
334.613190
334.953888
335.486969
336.129974
336.307098
336.028168
336.562134
337.185883
336.972595
337.226379
337.190643
337.931580
337.787933
338.418121
338.492920
338.874329
338.861084
339.108643
338.940704
339.560028
339.979706
339.734344
339.783813
340.115997
340.288696
340.361694
340.588989
340.550629
340.822205
340.964752
340.598938
340.551544
340.228699
340.227844
339.826965
340.428680
340.140442
339.814178
339.921326
339.817627
339.744904
338.695679
339.360657
339.278351
338.768555
338.762054
338.499512
338.325012
338.043060
337.514282
337.801422
337.035706
336.920502
336.856384
336.385498
335.965973
335.968689
336.014313
335.410919
335.525208
334.993835
335.430664
334.935516
334.293732
334.403259
334.061310
334.350830
334.003571
334.291443
334.169556
334.159302
334.229828
334.391785
334.155548
334.399567
334.695282
334.958740
334.434631
334.863464
334.825287
334.548645
335.024353
334.944305
335.127716
335.679779
335.556763
335.492279
335.775269
336.168304
336.418213
336.350128
336.694855
337.083130
337.179016
337.572205
337.696869
337.854248
337.802979
338.361725
338.157776
338.640503
338.999146
338.959961
339.156189
339.069824
338.962463
338.923279
339.322235
339.244537
339.072693
339.189758
339.435883
339.620880
338.869934
339.296692
338.956329
338.485321
338.693329
339.154572
338.218353
338.584656
338.377686
338.494568
338.321594
337.942261
338.052551
337.764404
337.779541
337.297028
337.200226
336.393860
336.610809
336.075439
335.777435
335.647522
335.230957
335.360046
335.260284
334.938629
334.369293
333.939087
333.862091
333.992065
333.886932
333.480042
333.260742
333.580414
333.237335
333.042236
333.168274
332.875610
332.927399
332.903748
333.029663
332.897430
333.314392
332.733521
332.659973
332.643646
332.673950
333.022888
333.017761
332.951935
333.865540
333.449768
333.922974
333.691956
334.352570
334.868378
335.126434
334.878784
334.879211
335.471069
335.556061
335.746918
336.684174
336.617218
336.595703
336.858185
337.364899
336.942047
337.209106
337.757538
337.579620
338.203979
337.904877
337.962494
338.409424
338.167358
338.419952
338.609985
338.479614
338.632843
338.593140
338.204315
338.417908
338.284576
337.659515
338.011261
337.751862
337.472900
337.126892
337.294434
336.411774
336.943909
336.039154
336.301422
335.904663
335.564575
335.346344
335.167603
334.838348
334.504150
334.313477
334.407288
334.220734
333.941528
333.459900
333.347260
332.853485
333.102753
332.564453
332.662964
332.698517
332.484497
332.474060
332.096741
331.956482
332.014526
331.942535
332.403931
332.078888
332.153473
332.362183
333.104950
332.795715
333.071442
333.532166
333.805511
333.879608
334.247589
334.649719
335.058533
335.078308
335.795135
336.052979
336.553802
337.274719
337.297119
337.544159
337.863373
338.737549
338.518372
338.780670
339.128113
339.702484
339.373322
339.571655
339.278595
339.641510
339.350800
339.409180
338.958862
338.485962
338.191711
337.163818
336.709930
336.321136
334.926300
333.879944
332.692230
331.520172
329.892212
327.924438
326.102295
323.605438
321.853455
319.620758
316.796692
314.022858
311.283051
308.238373
305.658905
302.108429
298.726562
295.166260
291.704681
287.654144
283.734375
280.340851
275.860413
271.438965
267.436188
263.335602
258.811920
254.756683
250.388367
246.215195
241.443863
237.358200
233.327026
229.160233
225.194763
221.202026
217.451279
214.124603
210.678970
207.694763
204.761917
201.882523
199.231888
197.218964
194.934387
193.531006
191.691177
190.287170
189.427917
188.564453
187.968674
187.832336

