280.739685
172.920990
173.159286
173.866440
174.497086
175.964478
177.040833
178.760345
180.459259
182.627640
184.669968
187.417999
190.045197
192.482330
195.744278
198.920807
202.009781
205.539627
208.788422
212.321106
216.012085
219.682129
223.532211
227.200150
231.305191
234.851791
238.907532
242.486298
245.864273
249.798996
253.161789
256.628998
260.015015
263.541504
266.232147
269.723389
272.826447
275.390350
278.112732
280.701660
283.817841
285.533936
288.151978
289.851044
291.564972
293.722595
295.294861
297.077271
298.251923
299.300232
300.266479
301.470490
302.338013
303.045380
303.337555
304.364594
304.776489
305.038086
305.658020
305.965332
306.287720
305.829529
305.811218
306.184875
305.601196
305.750824
305.893494
305.634613
305.182159
304.901489
304.885559
304.468719
304.442230
303.902130
303.890961
303.643311
303.244659
303.097992
302.949615
302.507080
302.251038
302.491760
301.964050
302.035980
302.113739
302.299591
301.824921
302.018677
301.937103
302.249786
301.963715
301.961182
302.642822
302.695282
302.622345
302.652496
303.093903
303.617798
303.735718
303.970337
304.267212
304.599243
305.016296
305.243073
305.314484
305.989014
306.502808
306.824585
306.981262
307.363403
307.891785
307.823120
308.389954
308.404724
308.913727
309.030884
309.524933
309.884766
310.267303
310.040436
310.459595
310.694824
311.301270
311.093536
311.225281
311.010956
311.579041
311.443787
311.271301
311.623444
311.402069
310.944672
311.206085
311.033600
310.859619
310.858337
310.419525
310.530884
310.173859
310.260284
309.834198
309.987732
309.439606
309.404541
309.042816
308.747589
308.672791
308.401947
308.241638
307.958740
307.626221
307.392853
307.578705
307.327454
306.713593
306.802307
306.773865
306.494873
306.257538
306.011505
305.874603
305.946533
306.009827
305.828308
305.598328
305.772949
305.861542
305.908600
306.084076
305.813904
306.103699
306.138977
306.043793
306.868195
306.670532
306.903259
307.281464
307.369263
307.556091
307.797455
308.460815
308.671417
309.189087
309.063049
309.474091
309.810852
310.542725
310.520416
311.068298
311.278320
311.704437
311.857239
312.558655
312.973969
313.408203
313.191559
313.766602
313.984253
314.178619
314.742401
315.396423
315.291107
315.178589
315.509735
315.538544
315.480927
316.184204
316.094269
316.117828
316.484558
316.153015
315.960327
316.824554
316.333160
316.450378
316.265533
316.097076
316.059753
316.289490
315.983429
315.917175
315.582367
315.333618
315.407074
315.358673
314.650726
314.906525
314.427429
314.280945
313.858887
313.871002
313.223175
312.810944
313.058289
312.966583
312.549530
312.541931
312.401367
311.905762
311.775787
311.526520
311.317719
310.676727
311.422943
310.794586
310.443176
310.664856
310.229370
310.378143
310.275299
310.210419
310.129242
309.992767
310.173126
310.106476
310.056274
310.292755
310.414795
310.695648
310.571045
310.404327
310.766724
311.022034
311.553284
311.168060
311.796143
311.991119
312.176025
312.546570
312.825195
313.085236
313.580841
313.870544
314.127289
314.279999
314.570892
315.015564
315.064606
315.546692
315.679169
316.400055
316.394348
316.877747
316.939911
317.609894
317.537872
317.671448
318.044128
318.334747
318.699463
318.434296
319.060303
318.759094
319.134583
318.912506
319.818512
319.625092
319.012756
319.345337
319.461884
319.570770
319.748688
319.850830
319.737152
319.209503
319.406769
319.490204
319.407837
319.206390
318.816833
318.573029
318.979614
318.359558
318.532013
317.942932
318.076599
318.202759
317.691956
317.472473
317.104889
316.836151
316.885162
316.571136
316.593079
316.337524
316.194244
316.420532
315.884460
315.454193
315.693634
315.681732
315.422211
315.369720
315.314575
315.757477
315.229523
315.426544
315.091736
315.521942
314.990906
315.091309
315.152191
315.474487
315.781738
316.109406
315.903748
315.891968
315.904114
316.719543
316.403412
316.696625
316.941681
317.265472
317.570282
317.841248
318.209381
318.472534
318.283569
318.700256
319.233917
319.524536
319.792358
319.998566
320.294983
320.759460
321.227661
321.465240
321.651855
322.358978
322.528900
322.177734
322.556732
322.820953
322.888367
323.149261
323.264862
323.832184
323.946472
323.867188
324.056671
324.115540
324.598694
324.545563
324.453857
324.466461
324.837921
324.593201
324.758423
325.088562
324.757599
324.142487
324.504120
324.765656
324.515778
324.266479
324.172089
324.266907
324.256561
323.869995
323.181335
323.289642
323.105408
322.931732
323.055115
322.621490
322.203033
322.221985
322.021118
321.726990
321.642456
321.810028
321.256897
321.084625
321.185822
320.603882
320.910645
320.784485
320.527313
320.316833
320.420898
320.265594
320.076935
320.197571
320.120331
319.812836
319.900269
319.956665
320.064362
320.131226
320.412140
320.466095
320.934540
320.441742
320.695923
320.901276
321.302704
321.356537
321.604401
321.933167
322.066040
321.941681
322.757324
322.447601
323.105621
323.556671
323.708527
323.805695
324.118835
324.507080
324.743164
325.031097
324.688843
325.634186
325.697083
326.211731
326.309265
326.440125
326.706238
327.248596
327.224518
326.992249
328.060242
327.966125
327.900513
328.163239
328.307251
328.519135
328.617798
328.888733
328.673035
328.348633
328.676514
328.799896
329.397705
328.842102
329.065887
329.210663
328.501526
328.852417
328.938232
328.622101
328.408722
328.468994
328.516174
328.282715
328.153290
328.073059
327.780823
327.690277
327.154633
327.420837
327.126892
326.972931
326.957336
326.719421
326.388824
326.023804
325.980560
326.186890
325.869812
325.808197
325.505493
325.779358
325.474335
325.645203
325.690002
325.560974
325.528320
325.404510
325.315765
325.659332
325.590759
325.727295
326.038910
326.208557
325.965332
325.895508
326.484406
326.147278
326.901886
326.272980
327.656372
327.766266
327.893005
327.829865
328.707428
328.686737
328.986816
329.433044
329.568207
330.196472
330.701263
330.685852
331.246552
331.890747
331.734375
332.327637
332.657318
332.740448
333.260071
333.883606
334.133087
334.205505
334.934753
335.273407
335.742706
335.682068
335.740479
336.317566
336.309387
337.095490
336.951172
337.084778
337.372375
337.572754
337.590424
337.655853
337.778229
337.989227
338.033722
338.011841
338.356445
337.990173
338.613586
338.044189
337.683929
337.985565
337.601044
337.878479
337.592285
337.372772
337.714905
337.243317
337.219086
337.174408
336.928772
336.435242
336.531555
335.870361
336.390625
335.353943
335.628113
335.485229
335.157684
334.808594
334.699768
334.458832
334.609528
334.318329
334.400970
334.274841
334.121918
334.059052
334.150543
334.048096
334.446625
333.948029
334.103424
334.107697
334.269348
334.183899
334.139160
334.459198
334.943207
334.664490
334.808197
335.584686
335.400787
335.726105
335.725891
336.002960
336.443726
337.003571
336.631409
336.713287
337.465607
337.837799
338.501923
338.799805
339.443634
339.627899
339.986328
340.120270
340.669617
341.035675
341.518707
342.319489
342.308044
342.656555
343.139404
343.703522
343.857880
343.973480
344.463440
344.768768
344.947235
345.532043
345.245422
345.662811
346.230225
346.063263
346.233551
346.425690
346.832367
346.599487
346.557983
346.858429
347.324005
347.531769
346.875854
346.783417
347.129456
346.837006
346.590057
346.694885
346.426208
346.176514
346.271484
346.230286
346.176300
345.639252
345.504852
344.667114
344.802826
344.392334
344.214996
344.209412
343.619751
343.868103
343.509949
342.837250
342.515839
342.645874
342.304260
342.089630
341.854553
341.480469
341.307251
341.240326
341.165161
341.162659
340.532074
340.477966
340.523224
340.305969
340.117676
340.097382
340.211517
340.351044
339.907288
340.061768
339.935760
339.965759
339.857849
340.188721
340.300079
340.536621
340.494171
340.452332
340.912964
341.243378
341.589600
341.072052
342.134796
341.935608
342.472595
342.192566
342.408752
343.107117
343.505920
343.366333
344.320526
344.348633
344.540070
344.767242
345.261719
345.646851
345.386139
345.852325
346.275482
346.390289
346.487762
346.686859
347.411926
347.282257
347.621826
347.624603
348.068420
348.164612
348.419006
348.666016
349.052521
348.601746
348.610901
348.576263
348.778015
349.074585
348.439331
348.450134
348.195374
348.748291
348.647949
348.284546
348.253265
347.856323
347.466370
347.735931
347.300781
347.307739
347.349976
347.166626
347.166382
346.688049
346.333862
346.013123
345.963867
345.850891
345.250031
345.440613
345.376495
344.409149
344.805695
344.328217
343.989502
344.628632
344.086548
344.346558
343.820496
344.091248
343.909729
343.853973
343.736664
343.590240
343.381195
342.847198
343.129242
343.380859
343.466797
342.998016
343.426727
343.168304
343.512177
343.155090
343.309723
344.097382
343.970764
344.210388
344.336182
344.762115
344.515900
344.698822
344.924194
345.132629
345.753510
345.669281
346.239105
346.285797
346.400604
346.933563
347.251953
347.275421
347.228607
347.731812
348.045990
348.002930
348.260437
348.407593
348.737732
348.399445
348.559265
348.732147
349.137604
349.378357
349.443359
349.390533
349.643433
349.535980
349.489594
349.405640
349.305359
349.358734
349.314331
349.290314
349.057190
348.570221
348.515503
348.372467
348.466675
348.280151
348.072906
348.231995
348.123108
347.751221
347.320404
347.029022
347.275574
346.387970
346.596649
345.657471
346.081451
345.993530
345.630768
344.919586
344.955811
344.838715
344.299652
344.548553
344.491394
344.157501
344.042419
343.510406
344.078308
343.300903
343.756744
343.224335
343.296234
342.957550
343.434326
343.249725
342.845886
343.624634
343.753296
343.308075
343.643005
343.506378
343.799469
343.629395
344.019775
343.634735
344.406281
344.524628
345.058167
345.188141
344.957245
345.326447
345.598938
345.561859
346.171936
346.687836
346.584839
346.892944
346.939270
347.599579
347.222382
347.603210
348.357178
348.512054
348.387756
348.211243
348.525482
348.728119
348.693970
348.573273
348.949677
349.404053
349.045074
348.891907
349.242493
349.174194
348.606506
348.716553
349.217987
348.314697
348.578461
348.565704
348.264374
347.831818
347.814575
347.736145
347.391266
347.575165
347.518677
346.754669
346.395630
346.125641
346.145813
345.699127
345.440582
345.348572
344.896729
344.632111
344.133484
344.337799
343.905914
343.425995
343.481171
343.367249
343.357544
342.894653
342.894165
343.015503
342.988495
342.807983
343.265656
343.205688
342.837616
343.323700
343.529663
343.652985
343.414978
344.015411
344.049927
344.381256
344.370361
345.024689
345.228577
346.052948
346.131989
346.788940
346.994263
347.283813
347.369598
348.159882
348.734283
348.854980
349.266846
349.860870
350.280365
350.331116
350.310883
350.820953
350.857758
350.884766
351.248962
350.983551
350.749268
350.773224
350.628448
350.150391
349.769470
349.334381
348.441803
347.391876
346.239380
345.130890
343.832489
341.828827
340.544220
339.503998
337.208954
335.437866
332.741028
330.535858
327.767578
325.395630
322.332001
319.511658
316.275574
312.312592
309.383789
305.264557
301.342865
298.134033
293.894653
289.647827
285.294617
281.112640
276.425903
272.197662
268.057526
263.753998
259.069519
254.586731
250.425995
245.657455
241.467728
237.486084
232.874130
229.404648
225.638962
221.821487
218.294052
214.875946
211.995102
208.900513
206.443802
203.794113
201.398468
199.712631
198.253876
196.874710
195.637802
195.126953
194.558914
194.843506

279.702332
172.882370
173.119461
173.829865
174.470413
175.943451
177.020172
178.738571
180.464600
182.646576
184.699539
187.442841
190.106232
192.533951
195.789871
199.011948
202.121414
205.654556
208.944122
212.477127
216.175400
219.877090
223.736298
227.439087
231.562241
235.155731
239.225677
242.844009
246.215469
250.176346
253.558899
257.075684
260.514038
264.053070
266.747375
270.268555
273.422394
276.022064
278.794830
281.373901
284.530029
286.256836
288.948792
290.654236
292.386932
294.598450
296.180756
297.984161
299.193390
300.301239
301.273407
302.515717
303.393372
304.134430
304.467041
305.514740
305.947693
306.238068
306.907440
307.254944
307.608673
307.145325
307.122406
307.540192
306.978485
307.111664
307.326721
307.044220
306.660065
306.378845
306.372620
305.971252
306.006317
305.428925
305.425171
305.232910
304.819153
304.742218
304.607086
304.125610
303.906281
304.127930
303.598511
303.661224
303.742279
303.978943
303.479706
303.674774
303.596863
303.893250
303.624237
303.613464
304.321960
304.373260
304.268219
304.264343
304.701538
305.257507
305.341187
305.543396
305.809387
306.156006
306.584656
306.797211
306.814636
307.480408
307.982666
308.296234
308.431519
308.825806
309.301636
309.195923
309.751953
309.726196
310.217377
310.328430
310.819397
311.130493
311.489258
311.251862
311.629974
311.835968
312.417328
312.193939
312.285156
312.030762
312.597443
312.435638
312.220337
312.511047
312.279358
311.810364
312.052643
311.846954
311.653168
311.611786
311.123810
311.223785
310.856293
310.906189
310.455475
310.557312
309.966919
309.923676
309.552551
309.181030
309.134003
308.828094
308.618317
308.328247
307.990356
307.708282
307.881409
307.615662
306.977997
307.008118
306.984650
306.688965
306.399414
306.150146
306.002930
306.047394
306.098450
305.885132
305.645844
305.794739
305.910217
305.927094
306.073364
305.788483
306.078094
306.084045
305.974945
306.824371
306.599426
306.800385
307.183075
307.276062
307.460236
307.648651
308.355774
308.539978
309.032959
308.932983
309.316681
309.667450
310.420654
310.363068
310.907776
311.128021
311.541290
311.699036
312.389252
312.801270
313.243561
313.042755
313.640106
313.839539
314.052216
314.613800
315.249695
315.187500
315.055878
315.408569
315.438416
315.393311
316.086670
315.992371
316.034729
316.428925
316.123260
315.905151
316.790405
316.314606
316.455475
316.251038
316.093689
316.105255
316.324982
316.045197
315.982635
315.644623
315.426331
315.496674
315.464020
314.784760
315.055115
314.570618
314.466766
314.046143
314.052948
313.451355
313.063751
313.308838
313.207092
312.823059
312.835449
312.703613
312.244690
312.142853
311.881409
311.719971
311.048004
311.848114
311.248840
310.898376
311.138947
310.722107
310.869171
310.812225
310.738678
310.702301
310.578369
310.767609
310.700287
310.684326
310.928040
311.125336
311.358429
311.270386
311.101349
311.538422
311.755005
312.303436
311.982025
312.607330
312.799591
313.028076
313.433838
313.685760
314.007751
314.507599
314.802032
315.102844
315.237976
315.604980
316.054657
316.129883
316.566467
316.775848
317.518127
317.510345
318.063873
318.102478
318.743958
318.761932
318.879669
319.267700
319.631592
319.975006
319.725555
320.345001
320.138611
320.518707
320.298218
321.197723
321.014038
320.429840
320.833771
320.919098
321.015594
321.260284
321.367950
321.318481
320.815491
320.987701
321.097260
321.037231
320.842651
320.403137
320.237549
320.691498
319.988617
320.223389
319.616913
319.779633
319.994568
319.437592
319.258728
318.901001
318.654144
318.711212
318.396454
318.439270
318.231293
318.062347
318.253723
317.736938
317.371704
317.576599
317.555603
317.297455
317.282135
317.190765
317.698029
317.154358
317.332123
317.040131
317.347107
316.898682
317.037018
317.036224
317.446991
317.750793
318.077057
317.853119
317.805847
317.852234
318.645294
318.332306
318.548859
318.884949
319.163055
319.509216
319.815399
320.090393
320.339325
320.212036
320.503357
321.020233
321.366394
321.585541
321.794037
322.109985
322.527313
323.015747
323.213043
323.438416
324.107941
324.182983
323.885834
324.203949
324.434296
324.489746
324.798706
324.841400
325.395569
325.447723
325.435272
325.567474
325.635742
326.067383
325.936890
325.901001
325.836731
326.188385
325.910492
326.073975
326.363739
325.993958
325.391449
325.740082
326.021027
325.685822
325.418793
325.295197
325.354309
325.331451
324.898590
324.246796
324.231384
324.036194
323.870880
323.933624
323.478241
323.056091
323.032379
322.794220
322.496582
322.417969
322.513763
321.941284
321.759003
321.859711
321.222931
321.511597
321.308380
321.044739
320.831268
320.906586
320.737854
320.494110
320.664124
320.557312
320.200409
320.289551
320.303528
320.399475
320.464935
320.728668
320.758575
321.169525
320.650452
320.937805
321.091919
321.510223
321.531403
321.760193
322.097473
322.200775
322.078278
322.848846
322.529663
323.177124
323.663788
323.741119
323.865936
324.125854
324.518768
324.769531
325.026794
324.651764
325.622345
325.676178
326.185150
326.272675
326.425171
326.661041
327.200439
327.140594
326.934174
327.997894
327.883698
327.848389
328.104248
328.217346
328.457336
328.548767
328.795685
328.594055
328.247925
328.590912
328.720154
329.323822
328.723755
328.975677
329.126221
328.416962
328.775024
328.849579
328.544159
328.357635
328.369629
328.436951
328.191406
328.062836
327.944366
327.707611
327.611115
327.110596
327.362762
327.066284
326.908081
326.881897
326.630798
326.332581
325.985901
325.938324
326.133240
325.812012
325.760101
325.452026
325.702393
325.413025
325.558868
325.650879
325.487366
325.453705
325.334656
325.221100
325.604736
325.542999
325.698761
325.977783
326.159912
325.895721
325.864410
326.412109
326.095825
326.838898
326.179779
327.590057
327.671814
327.754852
327.743469
328.600098
328.601227
328.866852
329.346100
329.446167
330.063721
330.571075
330.559784
331.097046
331.775940
331.575684
332.186035
332.486542
332.580750
333.080688
333.693542
333.934326
333.988220
334.760986
335.051819
335.542908
335.440735
335.497223
336.002289
336.064850
336.796387
336.685883
336.772125
337.090973
337.259491
337.261230
337.355865
337.448975
337.620148
337.697418
337.667175
337.989166
337.631165
338.250244
337.672089
337.274994
337.553802
337.165222
337.454529
337.161102
336.904388
337.268188
336.781982
336.778992
336.670868
336.432770
335.950806
336.032074
335.380585
335.885254
334.832855
335.107697
334.966583
334.626129
334.277740
334.157135
333.879089
334.086700
333.770966
333.852875
333.703033
333.557037
333.494232
333.592621
333.465759
333.891418
333.376892
333.511749
333.534515
333.672516
333.610413
333.549988
333.914734
334.350464
334.101868
334.240143
334.996613
334.828705
335.151123
335.156555
335.415436
335.884460
336.422882
336.074615
336.169556
336.917358
337.317169
337.941650
338.257080
338.913513
339.079620
339.440735
339.597961
340.145050
340.555603
341.035614
341.804138
341.811676
342.162048
342.674103
343.228668
343.401215
343.511719
344.012207
344.346039
344.510559
345.094452
344.830688
345.232758
345.809937
345.672729
345.830750
346.030121
346.430542
346.222687
346.198578
346.535461
346.958221
347.214813
346.588257
346.476166
346.826721
346.556610
346.309692
346.420624
346.136475
345.907471
346.034393
345.980133
345.957520
345.394531
345.284790
344.485870
344.611084
344.203644
344.050659
344.061707
343.471039
343.703705
343.316467
342.690430
342.353607
342.509857
342.209045
341.980316
341.764435
341.404327
341.206390
341.156281
341.101898
341.092255
340.478790
340.448608
340.481598
340.290955
340.118011
340.092255
340.216705
340.339081
339.912628
340.053772
339.924286
339.997681
339.867889
340.237640
340.318085
340.577759
340.571472
340.513550
340.969513
341.339691
341.657318
341.139191
342.204407
342.005890
342.579559
342.235657
342.481873
343.202545
343.607819
343.492767
344.448456
344.449127
344.664459
344.903625
345.377441
345.776489
345.542725
345.958282
346.422485
346.524231
346.616241
346.823669
347.546814
347.416473
347.729736
347.783020
348.192291
348.304901
348.531067
348.832306
349.186310
348.712830
348.763885
348.711060
348.920990
349.248871
348.591797
348.595428
348.333160
348.887939
348.824158
348.407013
348.391541
348.004456
347.619171
347.860626
347.445953
347.462402
347.519531
347.306458
347.294800
346.820984
346.437653
346.149231
346.100098
345.962463
345.402893
345.583405
345.495911
344.528931
344.945282
344.424103
344.103058
344.725433
344.226898
344.462891
343.917847
344.276154
344.020569
343.933167
343.830322
343.652496
343.480499
342.920135
343.179016
343.452148
343.552155
343.079193
343.490936
343.228088
343.585266
343.196564
343.353851
344.155853
344.030304
344.258636
344.361084
344.832794
344.573120
344.737152
344.986969
345.167572
345.819794
345.670410
346.255188
346.348358
346.403900
346.950958
347.297028
347.252655
347.242798
347.729309
348.032562
348.027313
348.254303
348.416931
348.742065
348.375641
348.548096
348.690979
349.098328
349.354706
349.410980
349.383453
349.605103
349.519592
349.470215
349.353912
349.293091
349.343750
349.270355
349.228241
349.023193
348.540802
348.485016
348.296082
348.439697
348.244568
348.037903
348.220795
348.087280
347.677795
347.277374
346.972046
347.229431
346.360840
346.557312
345.629761
346.088501
345.939362
345.603577
344.875183
344.909851
344.784302
344.233704
344.486359
344.455902
344.112396
343.968079
343.466888
344.024139
343.255463
343.735291
343.189148
343.269897
342.920410
343.398987
343.224518
342.833588
343.575714
343.746429
343.271790
343.597992
343.461945
343.771118
343.612762
343.989807
343.619690
344.406830
344.512268
345.067993
345.148651
344.918488
345.318085
345.591827
345.550842
346.173615
346.660767
346.582794
346.894165
346.928528
347.599854
347.212158
347.607605
348.366699
348.514252
348.385864
348.236267
348.526489
348.743439
348.691864
348.593231
348.968658
349.421173
349.060608
348.955933
349.293579
349.173096
348.652069
348.737640
349.229034
348.362915
348.593536
348.575256
348.280487
347.888245
347.859039
347.743164
347.430969
347.613708
347.566498
346.839966
346.432770
346.135590
346.185059
345.721313
345.472137
345.358337
344.950714
344.632233
344.146027
344.348267
343.913147
343.479187
343.509949
343.355316
343.409668
342.909363
342.903442
343.060333
343.030212
342.824646
343.254761
343.211395
342.852234
343.317902
343.546173
343.642731
343.419800
344.015594
344.054474
344.395782
344.365204
345.023315
345.238556
346.041504
346.104523
346.755859
347.003754
347.259521
347.350372
348.137787
348.702148
348.838593
349.254272
349.816406
350.248657
350.290710
350.276947
350.777954
350.807159
350.871124
351.206177
350.949554
350.691711
350.713409
350.556885
350.110443
349.714966
349.265930
348.375854
347.334961
346.144806
345.061951
343.787628
341.736328
340.451813
339.437439
337.109131
335.373169
332.654968
330.443939
327.665924
325.334381
322.238525
319.420227
316.187805
312.221619
309.314301
305.160339
301.252289
298.040253
293.787140
289.551270
285.180939
281.007294
276.357666
272.092438
267.935913
263.642700
258.958649
254.478378
250.290909
245.513336
241.355804
237.347351
232.772522
229.276611
225.514099
221.693710
218.157547
214.738739
211.859955
208.764435
206.336929
203.683838
201.286469
199.581772
198.138657
196.762955
195.483994
194.993942
194.425812
194.685501

223.797943
184.664047
184.929123
185.605225
186.594879
187.736984
189.173920
190.836960
193.129852
195.291718
197.693756
200.294601
203.070618
205.881973
209.173325
212.373108
215.939896
219.879364
223.187759
227.166702
231.288574
234.997787
238.805054
242.817825
247.429855
251.120743
255.418289
258.976074
262.866882
266.710541
270.648834
274.475525
277.976562
281.573059
285.415741
288.023560
291.582916
294.649811
297.358978
300.305176
302.781860
305.139893
307.786316
309.485321
311.779694
313.928650
314.845093
316.898926
318.177429
319.656494
320.929169
321.577759
322.694397
323.506531
324.021362
324.722961
325.043060
325.286163
325.420471
325.739655
326.162323
326.133850
326.103363
325.910797
325.332916
325.668518
325.257965
325.179962
324.424591
324.524384
324.036652
323.947510
323.157043
322.909180
322.691193
322.458069
322.111420
321.686401
321.572876
321.320129
320.841858
320.766785
320.484711
320.215668
320.348328
320.079010
319.706970
319.773285
319.710663
320.217102
320.154449
320.300720
320.129059
320.311493
320.231934
320.194702
320.647278
320.674500
321.424744
321.515228
321.690887
321.963470
322.179504
323.199127
322.981201
322.913788
323.252838
323.797302
324.450836
324.679260
324.845093
324.852753
325.537079
325.891388
326.189087
325.910950
326.625000
326.273468
327.033112
326.963165
327.351715
327.396515
327.602966
327.575867
327.822754
327.902924
327.987122
327.747772
327.884369
327.495453
328.045166
327.020630
327.569366
327.190918
326.897400
326.425323
326.702057
326.420074
326.167023
325.802765
325.487518
325.573486
325.039642
324.440125
324.273590
324.182251
323.673431
323.533508
322.939789
323.129486
322.384827
322.362793
321.974182
321.812561
321.548370
321.524475
321.135834
320.554932
320.769958
320.535522
320.493835
320.041168
319.885986
319.761719
319.800964
319.855560
319.804169
319.869293
320.075989
319.784607
320.010590
320.040039
320.261444
320.017639
320.353821
320.416962
320.495667
321.099030
321.148132
321.209564
321.634338
322.092499
322.086304
323.044067
322.992737
323.049103
323.831757
323.983521
323.896606
323.906158
324.302277
325.179291
325.339203
325.850952
325.900848
326.538239
326.320648
326.666473
327.105865
326.917450
327.506042
327.900116
327.633545
327.791351
328.068420
328.218475
328.466797
328.398102
328.389587
328.649414
328.706787
328.587280
328.584290
328.483673
328.524200
328.319427
328.157806
328.247528
328.241119
327.760986
327.050720
327.463654
327.522919
326.897675
326.317657
326.332703
326.372345
325.479034
325.727966
325.329926
324.783264
324.904114
324.527679
323.934204
323.705963
323.198212
323.040955
322.588593
322.590057
322.431030
321.744995
321.747040
321.677917
321.150177
321.094727
320.780823
320.827576
320.586884
320.394684
320.233459
320.573456
320.272156
320.065552
320.058807
320.264282
319.716339
319.888214
319.997803
320.053192
320.276947
320.577606
320.540100
320.701233
320.795349
321.103210
321.317230
321.605255
321.607788
321.220886
322.258087
322.762390
322.622955
323.075043
322.966034
323.446411
323.500641
323.853729
324.416046
324.359680
324.882843
324.982697
325.386261
325.280457
325.576294
325.889954
326.390320
326.736298
326.688141
327.268738
326.756012
327.042786
327.111145
327.158234
327.080963
327.592712
327.489716
327.571808
327.550812
327.504242
327.682037
327.433716
327.342377
327.547089
327.450317
327.156647
327.248352
326.992249
326.770203
326.524170
326.813660
326.552155
326.377441
325.892731
325.948059
325.795410
325.749695
325.025177
325.399567
324.769196
324.274414
324.434448
323.864716
324.156158
323.867737
323.567932
323.197418
322.661407
322.107239
322.561676
322.371521
322.253601
322.258942
321.869934
322.083588
321.900024
321.687653
322.138275
321.539886
322.077423
321.535980
321.854675
321.900757
322.103149
321.852417
322.074463
322.016388
322.351166
322.478119
322.126953
322.636078
323.127350
323.209473
323.415924
323.536865
323.655579
323.505157
325.012390
324.743591
324.963776
325.407135
325.600464
325.689026
326.257111
326.195068
326.628204
327.031708
327.527496
327.570831
327.613434
327.944702
328.089050
328.395630
328.585632
328.765167
328.944702
329.605865
329.399078
329.812256
329.701538
330.356934
329.787872
329.681702
330.407501
329.944672
330.048401
330.454529
330.291107
330.303101
329.889740
329.773956
330.047668
329.947845
329.716736
329.583954
329.400543
329.448730
329.297058
328.886047
328.880737
328.999664
328.703003
328.424042
328.284882
328.296936
327.484619
327.722900
327.186737
326.901581
327.167999
327.227417
326.345795
326.090027
325.839996
325.680176
325.813385
325.795044
325.404510
325.264801
325.192902
325.393494
325.174591
324.636200
324.922089
325.087372
324.514160
324.771240
325.149719
324.709961
324.838104
324.894165
325.583130
325.509613
325.627411
325.231750
325.272034
325.497131
325.742249
326.108002
326.154999
326.479980
326.883698
326.851227
327.013519
327.632568
327.760773
328.038208
328.349487
328.667938
328.772461
329.305847
329.263885
329.472992
329.960022
330.312653
330.619293
330.937408
331.112549
330.986908
331.566193
331.515808
331.637207
332.090698
331.929138
332.391571
332.571625
332.439545
332.307983
332.630157
332.491241
332.175751
333.217621
333.281189
333.217560
332.995453
332.898743
333.156891
333.198761
333.127350
332.867676
332.203247
332.372223
331.980957
332.581451
332.013550
331.926636
331.733124
331.451111
331.734100
331.164398
330.894897
330.471252
330.487640
330.363892
330.352539
330.300018
329.812012
329.505371
329.486847
329.190643
329.585907
328.929901
328.683411
329.055084
328.871490
328.593353
328.447784
328.310730
328.684174
328.208313
327.846283
328.145020
328.378662
329.420380
328.305542
328.884949
329.227112
328.602783
328.966461
328.912598
329.284119
329.563507
330.004059
329.828979
330.303680
330.075745
330.701874
330.682526
331.204834
331.659912
330.974213
332.021545
332.229584
332.208405
332.979340
333.110748
333.669556
334.299683
334.082153
334.432190
335.305725
335.140991
335.271393
335.749603
336.256805
336.430176
336.332214
337.006683
336.976349
337.389618
337.408386
337.721893
338.016449
338.298248
338.158051
338.586792
338.851379
338.488251
338.166107
338.632843
338.453156
338.599945
338.699890
338.334625
338.442139
338.099243
338.760162
337.694336
337.962708
337.738800
337.657715
337.343658
337.449982
336.783966
336.658447
336.707275
336.297485
336.314911
335.692017
335.764984
335.378693
335.265900
335.052490
334.664703
334.291779
334.404816
333.598511
333.208344
333.627136
333.217133
332.927734
333.492523
332.762878
332.736237
332.274414
332.483948
332.736603
332.557678
332.191254
332.181335
332.149841
332.254150
332.412811
332.344513
332.149017
332.740997
332.905151
332.740753
333.000885
333.047607
333.586243
333.490082
333.674286
334.069550
334.260254
334.457916
334.603638
335.676483
335.633057
336.258759
336.001740
336.507812
336.777496
337.208405
337.792267
337.913452
337.963745
338.468262
338.983795
338.920898
339.759979
339.612000
340.197540
340.157013
340.474701
340.839264
340.907257
341.276337
341.546936
341.606995
341.927582
341.827484
341.690674
342.010529
342.367981
342.272095
342.225952
342.286224
342.403564
341.987091
342.056305
342.298553
342.066406
341.882111
341.311890
341.487030
341.722290
341.159180
340.940338
340.709198
340.671661
340.212097
340.302521
340.062988
339.560028
339.334473
339.031952
338.372467
337.930237
337.737976
337.539307
337.325165
336.766357
336.426270
336.527588
335.926483
336.191742
335.591034
335.381775
335.273132
334.940521
334.642578
334.521545
334.325195
334.401398
333.837616
333.751282
333.758118
333.784332
332.964508
333.368500
333.354919
333.316132
333.371033
333.178223
332.865570
333.563568
333.385864
333.827301
333.600739
333.807434
334.064575
333.935364
334.250793
334.472748
334.789429
335.089722
335.538818
335.234253
335.592041
335.868195
336.142700
336.501526
337.128662
337.026703
337.043365
337.382385
337.532959
337.917633
338.099640
338.142914
338.626953
338.659332
338.510742
339.250397
338.920624
339.026825
339.033264
339.488892
339.714386
339.581818
340.265350
339.670898
339.652252
340.298431
340.142609
340.027557
339.724304
339.997955
339.779663
339.368896
339.812744
339.190247
339.113220
339.065887
339.339172
338.738007
338.597443
338.480103
338.526459
338.103119
337.843201
337.657898
337.041931
337.041016
336.628632
336.631470
335.960938
336.279266
335.588379
335.381226
335.163696
335.241119
334.932373
334.604004
334.434662
334.291748
333.995056
334.015503
333.689392
333.346039
333.472961
333.128082
333.360901
333.124573
332.945801
333.047577
332.869537
333.194031
332.875885
332.972382
332.768188
333.148560
333.247284
333.126556
333.423157
333.431061
333.535553
334.142975
333.990631
333.835510
334.296844
334.370239
334.431580
334.650055
334.558746
335.596985
335.311707
335.682526
335.691528
336.052612
335.497162
336.302521
336.129547
336.687714
336.874695
336.812408
337.096191
337.429749
337.135620
337.468842
337.544434
337.807953
337.789642
337.742920
337.726135
337.390778
337.758545
337.780853
337.567017
337.521545
337.991302
337.076294
337.053986
337.236084
336.299927
337.053680
337.073181
336.527039
336.440399
336.387054
335.903168
335.522125
335.354492
335.067505
334.648346
334.781403
334.460022
334.422394
333.837830
333.518585
333.437653
332.888580
332.962769
332.779327
332.041382
332.760925
332.033600
332.193817
331.458801
331.415680
331.630127
331.122040
331.100952
331.169464
330.710663
330.519287
330.698151
330.778564
330.694489
330.615143
330.571350
330.911072
330.654358
330.845520
330.563568
331.209442
331.270447
331.253998
330.975922
331.541779
331.106049
332.170746
332.371185
332.362610
332.371704
332.648895
332.940308
332.977783
333.300049
333.306763
333.455139
333.746246
334.040833
334.103577
334.730255
334.594177
334.694183
334.759125
334.748413
335.281830
335.639404
335.427704
335.270233
335.849152
335.546783
335.822235
335.750671
335.608887
335.902222
335.329926
335.798553
335.517212
335.099670
335.349335
335.139740
334.488525
334.612396
334.798859
334.228668
333.978699
333.588013
333.233307
333.181183
332.856323
332.793152
332.475861
332.097015
332.185333
331.570984
331.307220
331.109436
331.040131
330.588104
330.402405
330.093811
330.045258
330.011688
329.298584
329.236664
329.376801
329.494171
329.549744
329.351379
328.847351
328.798279
329.208130
329.302124
329.354584
329.861176
330.248932
330.078033
330.145691
330.547211
331.262878
331.478821
331.542664
331.933533
332.651001
332.945831
332.675323
333.074127
334.085632
334.154663
335.066650
334.569183
335.592834
335.759186
335.969421
336.520020
336.193604
336.609436
336.807129
337.050415
336.724640
337.088257
336.845306
336.774536
336.416046
335.570496
335.421509
334.975891
333.895325
333.247864
332.493683
330.737183
329.991760
328.641083
326.748962
325.059204
323.311157
321.020935
319.215027
316.582062
313.880066
311.655243
308.928345
306.031708
303.197327
299.753693
296.161377
293.005859
289.145233
285.353516
282.040131
278.006500
273.532806
269.566406
265.454468
261.319550
257.042511
252.758453
248.212143
244.115829
239.757477
235.874374
231.718460
227.714005
223.752792
220.088196
216.567856
212.801987
209.276199
206.204010
203.307022
200.746826
197.878586
195.532898
193.465698
191.572021
190.214493
188.912766
187.797806
187.259415
186.880051
186.781250

227.251923
184.994339
185.239059
185.921860
186.908340
188.049789
189.502838
191.160385
193.455795
195.636948
198.028259
200.637238
203.437469
206.254883
209.503799
212.732712
216.326752
220.256424
223.580383
227.535751
231.683624
235.396881
239.197586
243.236603
247.853699
251.535400
255.824326
259.430664
263.319672
267.166199
271.131012
274.965210
278.449677
282.080536
285.906250
288.541687
292.075684
295.191895
297.847412
300.851166
303.291870
305.710052
308.342407
310.052826
312.355621
314.550293
315.410370
317.529663
318.789398
320.280426
321.582550
322.232727
323.333557
324.180969
324.678802
325.406860
325.704559
325.973206
326.123383
326.395691
326.846680
326.824005
326.847687
326.628510
326.050964
326.375671
325.980591
325.916290
325.171265
325.241425
324.746857
324.695801
323.854950
323.659271
323.433411
323.227600
322.835541
322.405457
322.343018
322.043762
321.595642
321.472992
321.183197
320.903564
321.006805
320.756714
320.389435
320.484924
320.396118
320.911896
320.812653
320.955688
320.798981
320.982361
320.912109
320.895447
321.298615
321.296570
322.043030
322.123688
322.294281
322.582581
322.797943
323.777405
323.614044
323.484619
323.778534
324.337341
325.004486
325.203522
325.394226
325.348419
326.045227
326.396118
326.684448
326.414215
327.079956
326.728577
327.500610
327.394989
327.829285
327.824890
327.996674
328.034210
328.188660
328.296204
328.357330
328.144623
328.241791
327.852325
328.372009
327.370636
327.876038
327.498230
327.176849
326.731628
326.964722
326.738068
326.425690
326.062378
325.819092
325.865723
325.315155
324.714203
324.529755
324.448792
323.902924
323.736450
323.194458
323.367950
322.603943
322.583038
322.195587
322.011169
321.794464
321.771912
321.346008
320.768616
321.033264
320.791840
320.733124
320.260925
320.066315
319.973969
320.052094
320.072662
320.022186
320.074890
320.290680
320.008881
320.188416
320.266418
320.453308
320.249268
320.584045
320.658356
320.724762
321.323120
321.357117
321.418152
321.851929
322.337128
322.279175
323.264801
323.217926
323.260742
324.080231
324.218170
324.149963
324.147003
324.513855
325.409424
325.569946
326.080353
326.135132
326.769012
326.572754
326.904388
327.338348
327.160065
327.756989
328.143677
327.873962
328.033508
328.302826
328.433899
328.722839
328.598053
328.603058
328.885437
328.920593
328.784943
328.795685
328.698395
328.718781
328.515198
328.352600
328.457520
328.424561
327.956299
327.243744
327.634521
327.694550
327.077454
326.476349
326.515411
326.521027
325.625824
325.876068
325.471680
324.910217
325.029297
324.627228
324.049622
323.825958
323.316986
323.142853
322.680756
322.660553
322.496277
321.818665
321.803009
321.733582
321.187988
321.136963
320.814484
320.863342
320.591003
320.417023
320.219116
320.580536
320.277985
320.050720
320.042450
320.241241
319.696014
319.866089
319.963226
320.012085
320.243103
320.555756
320.490845
320.658386
320.746582
321.050751
321.279694
321.551849
321.550232
321.156708
322.202667
322.700226
322.564636
323.021118
322.930939
323.393829
323.441925
323.790405
324.366882
324.288788
324.839233
324.954987
325.331573
325.255096
325.566589
325.866150
326.359802
326.722778
326.658203
327.270905
326.758698
327.056091
327.099670
327.200653
327.110535
327.637634
327.529175
327.624603
327.620056
327.604126
327.752777
327.509857
327.409546
327.681305
327.556946
327.291565
327.386566
327.135925
326.946198
326.714325
327.020050
326.746307
326.615814
326.113892
326.176605
326.039062
326.011749
325.327911
325.689606
325.080444
324.581421
324.739105
324.213654
324.493011
324.213654
323.931213
323.565430
323.042023
322.513763
322.955139
322.786285
322.677734
322.686188
322.290405
322.545074
322.371857
322.164307
322.602997
322.041138
322.552643
322.051056
322.369995
322.405060
322.616302
322.369629
322.586273
322.570526
322.897827
322.957001
322.625031
323.166443
323.682800
323.755066
323.958435
324.110229
324.239746
324.108673
325.574341
325.294098
325.503601
325.926331
326.160583
326.235748
326.822205
326.715149
327.170319
327.577240
328.039062
328.085632
328.134644
328.497345
328.574127
328.914642
329.072601
329.236755
329.405945
330.078033
329.854401
330.266907
330.145966
330.753418
330.204742
330.082153
330.799194
330.313385
330.388458
330.834900
330.645081
330.613525
330.194458
330.069031
330.354279
330.234833
329.995270
329.842316
329.641266
329.683258
329.521515
329.102295
329.046844
329.182587
328.824341
328.565643
328.422089
328.403809
327.581665
327.820435
327.251068
326.963074
327.197296
327.253174
326.390106
326.119690
325.832092
325.658203
325.787384
325.751312
325.344818
325.208374
325.127319
325.306641
325.086151
324.530548
324.816528
324.979980
324.415314
324.630554
325.019409
324.574677
324.669769
324.717438
325.423737
325.334137
325.452728
325.054260
325.073761
325.311005
325.545349
325.916718
325.962524
326.286743
326.697113
326.660431
326.824066
327.448303
327.567291
327.850006
328.160370
328.489777
328.612671
329.104828
329.090363
329.282104
329.793701
330.130402
330.468445
330.799438
330.987396
330.846436
331.438629
331.363770
331.518127
331.965820
331.819702
332.308197
332.482452
332.376923
332.240448
332.542114
332.446686
332.150391
333.172668
333.262695
333.185364
333.013947
332.884430
333.171631
333.228241
333.149078
332.918121
332.261292
332.439117
332.086578
332.649353
332.099609
332.019714
331.842224
331.604095
331.851044
331.322083
331.052002
330.633972
330.716339
330.566467
330.539001
330.524963
330.049408
329.729675
329.723480
329.417480
329.848328
329.189301
328.944794
329.337311
329.135773
328.845795
328.748749
328.605682
329.010132
328.537018
328.180023
328.490204
328.688354
329.280121
328.667480
329.228790
329.532104
328.932434
329.311462
329.273712
329.599884
329.891937
330.379486
330.190765
330.651398
330.448151
331.076447
331.045166
331.574554
332.045532
331.331848
332.408966
332.592010
332.563812
333.337494
333.431000
334.014862
334.631470
334.437103
334.738312
335.648956
335.460632
335.600647
336.049408
336.580536
336.719421
336.643860
337.327271
337.279785
337.679108
337.706177
337.993652
338.318634
338.555145
338.427094
338.839294
339.087402
338.746643
338.402252
338.843231
338.668884
338.813202
338.902130
338.514496
338.600433
338.304779
338.957306
337.845093
338.097656
337.884125
337.806671
337.485992
337.580872
336.895081
336.778473
336.802490
336.409271
336.402893
335.764832
335.804657
335.456879
335.307159
335.070923
334.726685
334.325043
334.431335
333.618866
333.215942
333.642578
333.192719
332.912201
333.491882
332.714905
332.701843
332.206421
332.444580
332.699219
332.495941
332.115906
332.093414
332.087433
332.174957
332.323303
332.235413
332.038208
332.656616
332.776428
332.627014
332.862396
332.933136
333.446411
333.341095
333.521149
333.913513
334.075836
334.305511
334.425446
335.497894
335.459686
336.063904
335.814301
336.306946
336.576843
337.002777
337.600800
337.708832
337.735901
338.255280
338.754150
338.696289
339.543182
339.386841
339.957428
339.925232
340.229462
340.572693
340.663879
341.035706
341.280457
341.352356
341.664520
341.547577
341.402771
341.729797
342.086243
341.985931
341.942810
342.006104
342.097992
341.695465
341.753784
342.018250
341.782227
341.563995
341.008209
341.181763
341.415344
340.833618
340.607788
340.408508
340.342865
339.888062
339.981049
339.713196
339.234100
338.993835
338.698944
338.045990
337.577118
337.407501
337.182129
336.959106
336.419250
336.070190
336.157104
335.591888
335.839081
335.239075
335.048523
334.922638
334.585388
334.280334
334.159332
333.988007
334.051331
333.472412
333.384430
333.392303
333.438751
332.624603
333.015442
332.992920
332.977539
332.996338
332.842468
332.515442
333.224274
333.018585
333.489960
333.282257
333.494568
333.721069
333.572906
333.904877
334.143280
334.447388
334.783051
335.244476
334.932404
335.269440
335.558502
335.856232
336.183502
336.843170
336.708557
336.755920
337.101227
337.272461
337.625885
337.779144
337.872559
338.353577
338.420471
338.230042
338.965881
338.666809
338.764740
338.818878
339.241089
339.474731
339.354614
340.027435
339.480377
339.448181
340.094757
339.923767
339.824066
339.539337
339.802643
339.615417
339.173279
339.641144
339.035706
338.934967
338.935516
339.200317
338.606323
338.447174
338.348053
338.375214
337.962128
337.744415
337.537659
336.917511
336.942078
336.559448
336.555420
335.873657
336.175751
335.529907
335.298035
335.112152
335.171082
334.861633
334.556152
334.365479
334.257996
333.975311
333.972717
333.506500
333.322845
333.452667
333.145721
333.367584
333.137909
332.948700
333.050018
332.898285
333.194641
332.879028
333.032867
332.782990
333.188446
333.277222
333.187195
333.461212
333.498596
333.590454
334.205566
334.052521
333.928802
334.366394
334.426178
334.499329
334.700562
334.639008
335.661163
335.382568
335.768921
335.776672
336.133240
335.603363
336.400574
336.217804
336.823975
336.946991
336.869904
337.196320
337.515533
337.199005
337.517120
337.633728
337.900177
337.879700
337.832336
337.821320
337.502777
337.854767
337.837891
337.633667
337.614990
338.073975
337.191010
337.127777
337.305481
336.389587
337.141998
337.149658
336.639923
336.538055
336.495880
336.017822
335.610809
335.447479
335.156738
334.741913
334.888458
334.574707
334.498077
333.913727
333.608917
333.538849
332.964386
333.070465
332.872620
332.100769
332.849701
332.099182
332.280884
331.551941
331.503326
331.728119
331.221741
331.170868
331.275818
330.800690
330.602386
330.804016
330.889648
330.785706
330.688995
330.628723
330.982849
330.747498
330.934448
330.663818
331.270782
331.356384
331.363068
331.055847
331.673431
331.195160
332.242065
332.455505
332.470490
332.468719
332.743774
333.043213
333.078644
333.399933
333.407501
333.562073
333.838196
334.167267
334.208496
334.824768
334.683929
334.805206
334.849487
334.838989
335.376953
335.744873
335.550873
335.379272
335.965424
335.665161
335.945190
335.880707
335.724396
336.015350
335.446320
335.899963
335.636047
335.218140
335.476013
335.248047
334.598358
334.714813
334.902313
334.334778
334.103180
333.685181
333.354523
333.293854
332.943726
332.912628
332.573151
332.191467
332.289062
331.684113
331.398773
331.225250
331.145325
330.666290
330.518280
330.181946
330.160980
330.114502
329.363800
329.316315
329.463257
329.583160
329.615326
329.416779
328.930664
328.898834
329.281525
329.389252
329.432892
329.940735
330.319305
330.146851
330.203918
330.611755
331.304535
331.546173
331.609680
331.998749
332.689056
332.975830
332.687408
333.120697
334.133148
334.183411
335.096039
334.593689
335.634430
335.760132
335.994202
336.555328
336.204071
336.611267
336.826935
337.047607
336.743744
337.080078
336.815918
336.788483
336.409271
335.546814
335.384644
334.947845
333.842773
333.193146
332.451233
330.718536
329.925171
328.606079
326.712372
325.016083
323.234711
320.962677
319.162872
316.521088
313.813507
311.578796
308.860596
305.943268
303.130371
299.687317
296.078125
292.904419
289.053375
285.257324
281.937775
277.904694
273.437378
269.468750
265.347626
261.209656
256.942413
252.643051
248.091873
243.990189
239.638733
235.752548
231.587723
227.579849
223.649826
219.976135
216.433578
212.682800
209.125900
206.064072
203.166565
200.602463
197.757797
195.391739
193.318375
191.456970
190.069382
188.746262
187.655594
187.115860
186.741318
186.653305

