275.003967
173.650696
173.804565
174.490646
175.474442
177.004456
178.074615
179.692429
181.292145
183.665085
185.873215
188.438828
190.902664
194.087479
196.742096
199.952576
203.194138
206.420685
210.005936
213.433533
217.115860
221.018509
224.879868
228.766129
232.276794
236.235840
239.767654
243.610779
247.389877
251.403030
254.566238
258.291840
261.398132
264.899994
268.055817
271.357941
274.468018
277.436737
279.894196
282.658508
285.252258
287.482178
289.963470
291.986206
293.432343
295.227203
297.010010
298.634125
300.080566
301.495605
302.524719
303.424225
304.492493
305.407440
305.798584
306.917969
307.167938
307.170837
307.393311
307.688141
308.176147
308.043884
308.098999
308.266785
307.661682
308.106415
307.440125
307.772156
307.470734
307.089630
307.050201
306.509644
305.990936
305.731140
305.891327
305.865875
305.342468
305.076202
305.032623
304.445648
304.254242
304.040009
304.195953
304.257080
304.330139
303.916718
304.258636
303.643585
304.053894
303.787872
304.516602
304.524078
304.608521
304.833374
304.941284
305.125519
305.191833
305.382568
305.923553
306.078003
306.783936
306.813843
307.085175
307.313019
308.008453
308.451019
308.572876
309.042969
309.118835
309.929352
310.129730
310.288025
310.473175
310.980682
311.204498
311.528046
311.658600
312.016907
312.556946
312.849457
312.965149
312.692474
313.602386
313.590485
313.354645
313.684113
313.352478
313.542297
313.694855
313.668060
313.471527
313.593628
313.708099
313.594055
313.519653
313.186340
313.267334
313.102783
312.718262
312.784424
312.188538
311.983124
312.064301
311.744415
311.347992
311.095734
310.862274
310.698425
310.509430
310.155701
310.330505
309.502014
309.630005
309.493958
309.355316
309.137146
308.767273
308.401550
308.321259
308.631378
308.625397
308.281952
308.179901
308.044250
308.007812
308.293152
308.144989
308.282104
308.245941
308.327271
308.775665
308.713562
309.031921
309.098846
309.041595
309.465729
310.003357
310.396912
310.365143
310.327820
310.779419
310.855774
311.387054
311.502228
311.709564
312.599884
312.706329
312.726013
313.558746
313.762177
314.073700
314.594971
315.186523
315.181702
315.700989
315.478333
316.156555
316.846497
316.791473
317.089203
317.562927
317.844391
318.005005
317.950867
318.119324
318.507294
318.348389
318.780243
318.717773
318.803528
319.059143
319.157990
318.945221
318.924133
319.192139
319.088226
318.935852
319.105347
318.909180
318.609802
318.596252
318.609497
318.368683
318.136536
317.555267
317.453705
317.335632
317.117157
317.117432
316.639069
316.786865
316.371521
315.861206
315.740906
315.607361
315.256622
314.952118
314.831207
314.551178
314.098236
314.511536
313.756622
313.699432
313.933746
313.170410
313.138367
313.169067
313.045441
313.107574
312.836975
312.623138
312.964539
312.547516
313.181152
312.822754
312.979095
313.226624
313.170197
313.372131
313.405731
313.505402
313.336823
313.852386
314.111786
313.895050
314.598511
314.748627
315.142334
315.156128
315.674408
315.647003
316.146790
316.364990
316.576569
316.983459
317.395172
317.580353
317.503937
317.871033
318.374695
318.950104
319.243256
319.387634
319.837952
320.002441
320.150543
320.421875
320.601715
321.268402
320.930542
321.279999
321.417786
321.473938
321.394470
321.932587
321.673126
322.141998
322.156891
321.911469
322.337616
322.200745
322.061279
321.939697
322.287659
322.061005
321.745972
321.530273
321.668121
321.737274
321.598389
321.224609
321.043091
320.996887
320.608826
320.078369
320.315216
320.517242
320.278168
319.627777
319.349457
319.181396
319.165222
319.112610
319.060974
318.749451
318.766907
318.259216
318.385132
318.129395
317.962494
317.879761
317.710602
317.837250
317.418488
317.278107
317.773560
317.370880
317.319611
316.867828
317.269775
317.460358
317.257996
317.819855
317.863190
317.712036
317.694580
318.135193
318.113525
318.405914
318.204590
318.745941
319.055542
319.628815
319.542450
319.866486
319.812531
320.559601
320.717010
320.713745
321.166992
321.319672
321.847046
322.072723
322.702148
322.880951
322.955444
323.257324
323.435852
323.710144
324.117920
324.086945
324.409882
324.959747
325.563812
325.219391
325.198090
325.633362
325.932343
326.207428
326.316437
326.039215
326.119110
326.252472
326.863129
326.459290
326.341858
326.606812
326.610046
326.639130
326.757965
326.040985
326.163361
326.425903
325.782623
326.136505
325.683929
325.700348
325.538147
325.363007
324.917389
324.880981
324.469208
324.831604
324.458771
323.908936
324.012726
323.534546
323.695770
323.379364
323.371643
323.179504
322.726837
322.379883
323.003326
322.565033
322.452545
321.816345
321.578033
321.649567
321.643066
321.776245
321.401611
321.471771
321.499878
321.128937
321.492218
321.282715
321.299255
321.509491
321.839996
321.432220
321.831787
321.750305
321.914124
322.245453
322.510590
322.395172
323.151215
323.295685
323.269531
323.693481
323.324860
323.653259
324.169006
324.556274
324.945862
324.800995
325.548706
325.487885
325.829834
326.089691
326.432831
326.659149
326.979126
327.279633
327.284607
327.475067
328.283569
327.946716
328.299835
328.703888
328.789703
328.954529
329.261230
329.579010
329.601196
329.539886
329.502228
329.847504
330.129364
329.980042
330.193634
329.844147
329.978760
329.801300
329.903320
329.676971
329.562012
329.438538
329.371002
329.764618
329.602264
329.409698
329.011017
329.265076
328.856415
328.877533
328.664001
328.627594
328.388733
328.177887
327.805664
328.120697
327.427307
327.433685
327.478119
327.280823
327.001465
326.806000
326.786194
327.160065
326.360413
326.569855
326.683594
326.457031
326.117676
326.486084
326.542236
326.270447
326.359131
326.613312
326.469818
326.352997
326.548065
326.975433
326.593842
327.048065
326.938171
327.230865
327.400299
328.018219
328.059113
328.291168
328.780151
328.799805
328.816284
329.202026
329.243988
329.768982
330.070496
330.554047
330.860779
331.398468
331.594940
331.783600
332.803253
333.316650
333.313354
333.624542
334.208801
334.321167
334.785126
334.849976
335.430023
335.585327
335.916901
336.366821
336.570404
336.841461
337.026764
337.594788
337.412323
337.982788
337.755371
337.799408
338.132141
338.437042
338.526276
338.290100
338.471893
338.443512
338.930237
339.025726
338.258240
338.564209
338.588867
338.010559
338.424896
338.324249
337.809357
338.032928
337.533234
337.670715
337.624084
336.985565
337.143066
336.855164
336.315216
336.568939
336.288086
336.080688
335.715485
335.712219
335.410126
335.406799
335.239532
334.988678
334.943207
335.172302
334.108582
334.529877
334.325592
334.142731
334.031738
334.409882
334.375793
334.080750
334.095886
333.923737
334.115479
334.544434
334.923126
334.659332
334.935425
334.908905
335.177277
335.327240
335.490082
336.100647
336.141235
336.162323
336.559265
337.117950
336.889648
337.507690
338.117065
338.227264
338.204224
339.275757
339.654816
339.922760
340.130432
340.835663
340.816956
341.109558
341.880524
342.217407
342.335541
343.012024
343.009827
343.811707
343.889893
344.256165
344.162140
344.858978
345.114838
345.409393
345.670837
346.108490
346.247528
346.216888
346.644714
346.520721
346.634827
347.135101
346.996185
347.434814
347.054718
346.939514
347.114777
347.070190
346.729218
346.830383
347.050415
346.924255
346.655426
346.566711
346.477051
346.144348
345.841400
345.759125
345.114319
345.342590
344.787720
344.761200
344.345673
344.543091
344.180908
343.830444
343.709045
343.004425
342.903412
342.893982
342.660278
342.252808
341.670532
341.400726
341.654144
341.421295
341.103119
341.000885
341.349274
340.768066
340.297485
340.477783
340.428467
340.439758
340.718140
339.986420
339.769287
340.005066
340.394043
340.224854
340.835693
340.525269
340.865143
340.765106
340.895111
340.640808
341.153320
341.604034
341.352936
341.634644
342.371124
342.277985
342.227295
342.834534
343.712616
343.364380
343.494965
344.120850
344.454834
344.395874
345.066132
345.768463
345.625214
345.992340
346.286224
346.417847
346.325989
347.163177
347.458374
347.573669
347.904205
347.603119
348.295227
348.976929
348.339661
348.633972
349.247009
349.341278
349.121185
349.161346
348.826538
349.285400
349.235291
349.467621
349.606842
349.058014
349.018280
348.693115
349.647003
348.787323
348.977783
349.207214
348.623840
348.810791
348.235565
348.001770
348.211182
347.924255
347.564026
347.142120
347.279938
346.605011
346.688354
346.646057
346.244720
345.990509
346.398102
345.956360
345.497711
345.290222
344.931915
345.055450
344.708527
344.898651
344.832672
344.568176
344.902435
344.388641
344.682953
344.583923
344.534332
344.575500
344.003204
344.196228
344.160583
344.164520
344.378082
344.151154
344.661163
344.401062
344.766541
344.881012
344.502747
345.563934
345.500244
345.886444
345.808685
346.406769
346.343140
346.633087
346.870544
346.926514
347.255951
348.043671
347.630219
347.856628
348.556366
348.844788
348.893768
349.060608
348.818726
349.547638
349.573059
349.461121
349.533447
350.145142
350.987396
350.087372
350.941895
350.597992
350.754486
350.746277
351.028412
351.148865
351.089691
350.968964
350.740814
350.773193
350.895599
350.919281
350.991699
350.719177
350.434723
350.410583
350.608521
350.453705
350.236908
349.725494
349.419098
349.600006
348.984100
349.120789
348.612915
348.729279
348.034790
348.307678
347.935974
347.796875
347.265747
347.309784
346.956024
346.725403
346.252350
346.462097
346.219391
346.068329
346.203552
346.288483
345.474274
345.492523
345.670868
344.999634
345.487793
345.334442
345.071228
344.814606
345.240753
344.989624
345.589233
345.629333
345.614380
345.860352
345.696594
345.882904
345.474030
346.093994
346.556549
346.844543
346.731781
347.094727
347.237396
348.035583
347.776764
348.298462
348.322144
348.287384
348.667816
349.222412
349.440765
349.587219
350.037720
349.898773
349.884857
350.249512
350.418732
350.591370
350.865814
351.069611
351.069885
351.066376
351.395203
351.642059
351.279907
351.541382
351.347382
351.613617
351.257935
351.195587
351.462372
351.265564
351.254425
351.065582
350.747040
350.633575
350.346161
350.294556
349.994202
349.829987
349.469818
349.225891
348.699127
348.292603
348.109192
347.702393
347.582428
347.344421
347.846649
347.013794
346.951904
346.607574
346.441406
346.345032
345.681732
346.383575
345.534149
345.498444
345.225830
345.388397
345.201355
345.527954
345.581451
345.551849
345.567902
345.543121
345.786377
346.258026
346.232605
346.470825
346.597992
346.820587
347.595093
347.567749
348.599060
348.832275
348.715668
349.230377
349.886597
350.133240
350.323090
351.357178
351.753204
351.776642
352.291229
352.490021
352.855255
353.101074
353.301819
353.952026
354.298431
354.102020
354.318237
354.044250
354.213379
353.440918
353.565674
353.322327
352.247772
351.680084
351.294464
350.401581
349.206360
347.972412
346.883759
345.811768
343.958923
341.430786
340.265015
337.684326
335.864960
332.936340
330.889832
327.890228
324.815033
321.812988
318.566010
315.242279
311.954773
308.229095
304.076355
300.236877
296.356140
292.009064
287.761505
283.677490
278.878662
274.918243
270.612091
266.111572
261.546326
256.885193
252.456848
247.993500
243.737671
239.522141
235.182693
231.382935
227.449997
223.638626
220.248291
216.779526
213.797150
210.862961
207.972778
205.732452
203.347839
201.559967
199.793991
198.626678
197.378662
196.597336
196.333420
196.665680

274.803192
173.561768
173.734573
174.429474
175.404846
176.943268
178.025375
179.646896
181.272858
183.646149
185.864990
188.445450
190.926910
194.134109
196.798630
199.995773
203.276169
206.528305
210.125626
213.592575
217.305710
221.209885
225.099945
228.996246
232.532990
236.542038
240.070175
243.944763
247.768784
251.775955
254.981964
258.777710
261.885559
265.430786
268.594727
271.953613
275.093597
278.113159
280.555817
283.387543
286.042145
288.322113
290.793030
292.863007
294.352661
296.164337
298.006073
299.645203
301.094330
302.558685
303.627777
304.557709
305.647034
306.624329
307.040253
308.226379
308.455109
308.511414
308.753967
309.054565
309.614777
309.513672
309.571625
309.778809
309.224762
309.715637
309.017609
309.373749
309.141571
308.761780
308.733490
308.216553
307.738953
307.469879
307.667267
307.628632
307.137085
306.889557
306.837738
306.319550
306.123840
305.913300
306.080719
306.147797
306.215210
305.823822
306.150085
305.515259
305.986542
305.690796
306.443085
306.429260
306.520508
306.756439
306.867157
307.026917
307.087036
307.267761
307.824249
307.939148
308.628357
308.649567
308.935760
309.137482
309.851379
310.223267
310.343506
310.806122
310.848724
311.667847
311.831055
311.969391
312.106903
312.624023
312.825623
313.122131
313.213928
313.562317
314.041504
314.332153
314.418823
314.125916
314.990997
314.968018
314.719879
315.004791
314.647461
314.825317
314.931763
314.887177
314.642029
314.741608
314.795441
314.652496
314.571136
314.174774
314.242371
314.047882
313.659058
313.691895
313.058136
312.800415
312.872467
312.475494
312.075592
311.816895
311.546387
311.329803
311.109528
310.748352
310.893372
310.018738
310.148438
309.984192
309.839813
309.555786
309.160004
308.758270
308.656982
308.963776
308.893219
308.544861
308.442352
308.279083
308.185028
308.481873
308.298859
308.411652
308.360168
308.420685
308.861847
308.773804
309.102783
309.133545
309.068756
309.462769
309.989746
310.375000
310.318787
310.286774
310.681366
310.796387
311.294312
311.404053
311.582855
312.465515
312.574921
312.598907
313.423706
313.599182
313.922424
314.435486
315.023163
315.018158
315.539124
315.304901
315.997528
316.667175
316.612946
316.932617
317.393585
317.692139
317.820404
317.791016
317.970825
318.345154
318.189362
318.642853
318.561523
318.656494
318.916901
319.003998
318.829620
318.837646
319.105042
318.982269
318.839630
319.031921
318.835388
318.555664
318.577362
318.535736
318.316711
318.113190
317.537262
317.489960
317.354309
317.124207
317.133057
316.686310
316.850403
316.440125
315.937836
315.835236
315.735535
315.393738
315.106964
315.014130
314.726135
314.311798
314.747253
313.987885
313.975494
314.219543
313.464630
313.462463
313.513641
313.422516
313.500275
313.242096
313.067108
313.414886
313.040924
313.684998
313.338165
313.473206
313.745636
313.732269
313.950836
313.972961
314.161316
314.032471
314.517700
314.835846
314.630341
315.327545
315.554535
315.940155
315.956085
316.480347
316.510376
317.049316
317.264709
317.509033
317.949768
318.420959
318.579865
318.540619
318.900055
319.483154
320.094604
320.417633
320.577301
321.062775
321.189667
321.404846
321.717499
321.878540
322.603363
322.280975
322.634613
322.825073
322.919403
322.844757
323.450439
323.183868
323.669189
323.704865
323.479095
323.955902
323.870941
323.740906
323.638367
324.023407
323.787872
323.535339
323.332214
323.524872
323.572815
323.444916
323.127991
322.962952
322.941193
322.522491
322.013672
322.302490
322.521790
322.370636
321.725403
321.401520
321.269135
321.304596
321.240112
321.244446
320.924072
320.935303
320.414093
320.650208
320.359741
320.167389
320.118286
319.948303
320.135925
319.712311
319.638000
320.069427
319.771637
319.663025
319.225006
319.623413
319.794891
319.659546
320.230774
320.275970
320.132172
320.091248
320.503235
320.541656
320.769897
320.664276
321.154327
321.478180
322.036987
321.935425
322.254486
322.235168
322.941040
323.102264
323.064728
323.476166
323.619690
324.169647
324.367310
325.002441
325.174072
325.236359
325.508728
325.653381
325.886444
326.335083
326.296448
326.541138
327.151276
327.707703
327.386780
327.283569
327.685516
328.029663
328.206543
328.294037
328.048065
328.067200
328.165344
328.761017
328.304291
328.175751
328.433411
328.451752
328.442596
328.547028
327.757538
327.875061
328.083618
327.441742
327.767548
327.285065
327.252563
327.088745
326.920746
326.430206
326.318268
325.926971
326.210480
325.837036
325.238770
325.247467
324.806671
324.968567
324.532776
324.595947
324.311249
323.812195
323.444763
324.055389
323.589020
323.481049
322.797791
322.535278
322.578491
322.502228
322.618286
322.220764
322.297546
322.286591
321.818207
322.192871
321.962646
322.003693
322.158417
322.462891
322.015991
322.420990
322.287903
322.440430
322.740204
322.995789
322.862488
323.589630
323.671906
323.687439
324.044434
323.679016
324.005493
324.485077
324.869385
325.244385
325.070007
325.789764
325.735840
326.033813
326.294800
326.643158
326.826233
327.178009
327.424316
327.428650
327.627838
328.384094
328.065735
328.406097
328.775024
328.868164
329.010010
329.297485
329.617279
329.652618
329.586395
329.527954
329.859039
330.166687
329.994232
330.192963
329.819153
329.953278
329.789642
329.857788
329.650360
329.575592
329.396973
329.324860
329.755249
329.557251
329.369751
328.959930
329.208374
328.807281
328.830475
328.614563
328.580383
328.310394
328.111542
327.737976
328.004883
327.328400
327.376556
327.422638
327.187958
326.938751
326.718964
326.724854
327.092987
326.311920
326.481201
326.596375
326.369293
325.975586
326.383820
326.455658
326.199280
326.267914
326.511017
326.374847
326.282806
326.413696
326.856506
326.468506
326.920166
326.806488
327.104370
327.262299
327.869476
327.903320
328.142700
328.621887
328.648132
328.639832
329.017609
329.080627
329.586548
329.911438
330.367157
330.668945
331.227478
331.403503
331.583954
332.596863
333.083282
333.076294
333.372070
333.950867
334.064728
334.531219
334.574005
335.150024
335.317139
335.661835
336.071869
336.266418
336.547150
336.739685
337.271545
337.072693
337.646637
337.418457
337.479858
337.802826
338.063690
338.124268
337.934265
338.078003
338.070282
338.526337
338.641724
337.862457
338.193237
338.152283
337.591583
337.986481
337.887756
337.358673
337.556763
337.050842
337.207489
337.165802
336.489807
336.660370
336.373077
335.831177
336.089569
335.811798
335.568237
335.220642
335.210754
334.894653
334.872223
334.738129
334.463257
334.372620
334.608643
333.579315
334.005585
333.784851
333.632935
333.502014
333.888733
333.810791
333.555847
333.565826
333.397339
333.550720
333.975067
334.394989
334.119141
334.382874
334.375122
334.622925
334.802979
334.960602
335.584351
335.585754
335.625488
336.052979
336.581085
336.376282
336.989380
337.591248
337.738403
337.696869
338.806305
339.148773
339.460358
339.665283
340.319824
340.350128
340.648865
341.419373
341.794495
341.864563
342.567719
342.591278
343.382202
343.497070
343.877991
343.761078
344.488617
344.731598
345.025940
345.319672
345.780060
345.888123
345.855560
346.326385
346.194366
346.291962
346.815704
346.669006
347.153290
346.777679
346.655884
346.817261
346.782806
346.475586
346.599915
346.820007
346.700012
346.420105
346.346619
346.282684
345.944305
345.669556
345.584656
344.934326
345.155090
344.619904
344.595673
344.199951
344.387207
344.025452
343.672974
343.593323
342.884338
342.806580
342.798187
342.552216
342.138733
341.602783
341.321899
341.599976
341.364471
341.076782
340.960541
341.302216
340.720886
340.282959
340.464722
340.428925
340.440216
340.711853
339.996216
339.760010
340.016846
340.400360
340.229919
340.852661
340.536072
340.861816
340.769958
340.918152
340.674683
341.192505
341.661926
341.377380
341.692200
342.443726
342.351990
342.282166
342.889160
343.756165
343.444885
343.577423
344.199799
344.510223
344.457184
345.133453
345.819672
345.702393
346.090942
346.346893
346.469208
346.420105
347.244690
347.508850
347.605988
348.006714
347.681946
348.369385
349.048004
348.446228
348.724884
349.309265
349.442078
349.184296
349.243073
348.933105
349.366241
349.287231
349.502106
349.676605
349.100922
349.094391
348.748413
349.691559
348.850739
349.018585
349.257446
348.654724
348.858612
348.297363
348.074524
348.257141
347.969543
347.613739
347.151733
347.306427
346.629974
346.728271
346.656189
346.267181
346.039215
346.441071
345.960022
345.503265
345.258881
344.896027
345.046143
344.672485
344.881714
344.828033
344.587006
344.876953
344.353210
344.636810
344.542419
344.507568
344.543121
343.930725
344.158081
344.110016
344.096191
344.325806
344.064270
344.611755
344.313263
344.701813
344.787567
344.404236
345.468536
345.402740
345.776733
345.719147
346.291870
346.229858
346.524445
346.736969
346.804932
347.135986
347.909698
347.481323
347.697540
348.409637
348.690491
348.713348
348.905579
348.643463
349.430695
349.404480
349.253082
349.357819
349.962097
350.807556
349.888672
350.731659
350.401184
350.525452
350.554932
350.834930
350.932861
350.898010
350.743317
350.526825
350.581848
350.657196
350.699982
350.755646
350.520508
350.213531
350.185150
350.379364
350.216827
349.995483
349.531921
349.184052
349.361053
348.731110
348.918640
348.351440
348.457214
347.786987
348.068634
347.695892
347.557587
347.028900
347.067627
346.714233
346.452606
346.029358
346.251770
345.945648
345.837982
345.947662
346.033051
345.231995
345.224030
345.429016
344.773285
345.272400
345.076599
344.833527
344.575195
345.004547
344.775116
345.371826
345.377502
345.369629
345.619934
345.468628
345.650818
345.263885
345.838104
346.326569
346.619019
346.507141
346.847565
347.002686
347.837189
347.559174
348.088531
348.117188
348.098022
348.447174
349.031494
349.238739
349.382568
349.829712
349.707550
349.693390
350.085175
350.216675
350.424408
350.657501
350.898376
350.885712
350.914001
351.240723
351.465607
351.105927
351.388855
351.217590
351.440765
351.134827
351.054169
351.294250
351.096985
351.076294
350.894165
350.603180
350.460632
350.190552
350.146606
349.839233
349.703583
349.346497
349.066895
348.586090
348.158661
347.989532
347.555359
347.469147
347.205048
347.759552
346.878784
346.874817
346.497131
346.337494
346.237122
345.582306
346.251129
345.409058
345.412537
345.085114
345.328491
345.121063
345.454620
345.515808
345.462036
345.455170
345.490417
345.714905
346.161285
346.136963
346.380066
346.532135
346.745941
347.518494
347.493011
348.547485
348.768646
348.659393
349.174591
349.837952
350.079224
350.279114
351.307190
351.686035
351.714264
352.234100
352.437683
352.781891
353.054779
353.253479
353.882080
354.258911
354.052948
354.298279
353.981689
354.147491
353.387238
353.530579
353.259521
352.218719
351.621277
351.243042
350.351929
349.166901
347.927185
346.824005
345.769623
343.925964
341.390778
340.228333
337.650177
335.813354
332.883514
330.855927
327.861694
324.777740
321.767090
318.542450
315.209106
311.914795
308.190918
304.038940
300.204773
296.334473
291.982849
287.721405
283.659698
278.847992
274.874390
270.568298
266.051361
261.516907
256.847778
252.431961
247.953934
243.722473
239.475861
235.141754
231.357559
227.423935
223.621735
220.223618
216.756989
213.774460
210.848236
207.948181
205.714874
203.326538
201.518387
199.761978
198.597763
197.359726
196.586548
196.302307
196.639389

220.526505
183.053741
183.679474
184.262604
185.189392
186.689514
188.147995
189.678680
191.474701
193.812424
196.367737
198.939362
201.608719
204.768768
207.849411
211.332443
214.567535
218.312073
222.054733
225.635895
229.355698
233.433441
237.508209
241.331757
245.542130
249.593781
253.456345
257.452881
261.391357
265.143280
268.847595
272.730713
276.050537
279.895355
283.435394
286.347107
289.721130
292.904358
295.250549
298.055573
300.851196
303.309570
305.393036
307.582031
309.949341
311.925262
313.347961
314.809387
316.258087
317.798553
318.868988
319.889984
320.309509
321.372467
321.840515
322.620300
323.481110
323.508362
323.442963
323.832092
323.721100
323.889130
323.576813
324.210205
323.742828
323.714020
323.073151
322.870697
322.570709
322.415527
322.359955
321.958282
321.602051
321.285980
320.598877
320.486603
319.989349
319.488922
319.581970
319.962524
318.865173
319.045227
318.823883
318.663513
318.267731
318.580994
318.020569
318.139160
318.372772
318.258850
318.597900
318.308441
318.372559
318.333862
318.703796
318.986511
319.322174
319.231903
318.886322
319.607361
319.866882
320.546204
320.658783
320.785461
321.470337
321.929504
322.097504
322.558838
322.609985
322.756561
323.429657
323.235107
324.010345
324.277832
324.330048
324.943695
325.246735
325.367828
324.859100
325.550781
325.529663
325.685516
325.629791
325.769318
326.452820
326.420837
326.126984
325.880585
325.410675
326.315704
325.996002
325.828918
326.051208
325.491028
325.756134
325.978973
325.118011
325.211548
324.601562
324.321381
323.973999
323.930725
323.556458
323.754700
323.286194
323.146088
322.185791
322.237457
322.161224
321.555389
321.089600
320.763153
320.950165
319.994263
320.033722
320.003937
319.767151
319.389038
319.016785
319.622375
319.278229
318.858032
318.832092
318.649292
318.436096
318.387238
318.454742
318.645660
318.719635
318.208618
318.648102
318.862640
319.005768
319.515472
319.307068
319.492218
319.777130
319.965088
319.627258
320.248901
320.878387
320.968719
321.282684
321.198700
321.880554
322.423248
322.290924
322.789062
323.065369
323.529541
323.810974
324.067505
324.359833
324.526184
324.746613
324.861847
325.780731
325.625580
326.077148
326.429810
326.484406
326.736176
326.601624
327.025391
327.188141
327.628662
327.519135
327.666595
327.781250
327.608948
327.741516
327.645477
327.342438
327.611969
327.596008
327.525879
327.226654
327.300507
327.262390
327.229156
326.862976
326.711456
326.123749
326.346985
326.125061
325.563263
325.798309
325.193024
324.702484
324.631561
324.397736
323.981384
323.660065
323.697510
323.282715
322.563660
322.427734
322.011658
321.720917
321.597687
321.303650
321.286957
320.877319
320.804474
320.979675
320.008972
320.428375
319.760498
320.340668
319.877625
319.560944
319.676849
319.747894
319.453247
319.490173
319.336609
319.936981
319.728424
319.916931
320.145172
320.273224
320.593475
320.062592
320.487030
320.739868
320.952271
321.140686
321.801392
321.713715
321.632019
322.153870
322.068695
322.635651
322.555450
323.062988
323.431610
323.613434
324.513397
324.323303
324.163940
324.898193
324.784485
325.483521
325.797607
325.826782
326.270721
326.261780
326.145447
326.760040
326.357513
327.095276
326.878052
327.460358
327.281342
327.261230
327.729065
327.960083
327.637024
327.877838
327.568848
327.579620
327.292175
327.546051
327.543518
327.542297
327.048706
326.916473
326.697174
326.640625
326.553558
326.486908
326.589233
326.166748
325.814178
325.899658
325.107056
324.978027
325.034515
324.413239
324.152374
324.200073
324.388184
324.105377
323.387909
323.946869
322.891785
323.074585
323.267914
323.068451
322.827209
322.534912
322.402100
321.793182
322.201843
322.042572
322.152557
322.247314
321.638214
321.646942
322.305725
322.205322
321.691772
322.008331
322.096924
321.990662
322.177521
322.958282
322.419281
322.960327
322.883026
323.261993
323.182495
323.686615
323.746490
324.018707
324.004761
324.432251
324.777435
324.943176
325.235992
325.290131
325.915863
326.120361
326.753265
326.681549
326.993713
327.333160
327.331451
327.802826
328.395844
327.880341
328.404785
328.522125
328.881195
328.932007
329.102692
329.055878
329.571075
329.325226
329.547607
330.225494
329.830383
330.400330
329.921570
330.057220
329.837860
330.280182
329.933228
330.003052
329.807953
329.980133
329.099487
329.768890
329.692963
329.534668
328.776550
329.365906
328.942169
328.251770
328.412445
328.643982
328.447357
327.965607
327.591003
327.180725
327.439911
327.664429
326.881561
326.185394
326.388641
326.459808
326.091858
325.798431
325.422516
325.242767
325.137177
325.005646
324.677307
324.691864
324.242767
324.641083
324.567017
324.660767
324.174835
324.141510
323.977448
324.615784
324.370850
324.187286
324.151215
324.279480
324.596130
324.875824
325.099091
324.605194
324.469025
325.009979
325.345856
325.682587
325.373962
325.765961
326.121338
326.214844
326.195557
327.035431
327.134766
327.449524
327.392395
327.874298
328.089966
328.437103
328.493896
328.765137
328.692444
329.370209
329.425415
329.463043
330.346161
330.172150
330.310425
330.622528
330.633179
330.746155
331.142151
331.295288
331.498413
331.131073
331.471985
331.637604
331.410522
331.544312
331.689728
331.591492
331.636536
331.670807
331.406860
331.763245
331.749756
331.174805
330.834717
330.795380
330.509308
330.802155
330.262817
330.233398
330.555908
329.828796
329.872437
329.718506
329.046204
329.346466
328.842255
328.922241
328.460480
328.650940
328.050598
327.721252
327.787781
327.418854
327.039673
326.690460
326.997437
327.248474
326.777557
326.685974
326.625336
326.528381
326.368286
326.282593
326.723206
326.426086
326.106842
327.046509
326.326477
326.123169
326.117523
326.980530
326.610809
326.984985
326.844452
327.414612
327.580811
327.886108
327.677063
328.080719
328.537933
328.401123
328.942780
329.445343
329.154022
329.185272
330.077942
330.399780
330.498505
330.936707
331.471405
331.464264
331.287750
332.388031
332.607849
332.737000
333.057037
332.941071
333.454224
334.048157
334.215759
334.368256
334.486969
334.567352
334.605713
334.892609
335.153961
335.386902
335.587250
335.655701
335.698273
335.304321
335.450775
335.649506
335.712738
335.743317
335.428619
335.272430
335.776642
335.262177
335.176483
335.455322
335.048096
334.947968
334.595490
334.367859
334.233704
333.691315
333.836090
333.560608
332.712555
332.694397
332.888519
332.298004
331.953796
331.427979
331.633240
331.531921
331.276733
331.000336
331.022278
330.685333
330.362976
330.109161
330.311218
330.092041
329.463562
329.668152
329.751984
329.041290
329.386719
329.334045
328.761139
329.182129
329.337952
328.660248
328.992615
329.178833
329.243774
329.313477
329.249084
329.758423
329.744659
330.083679
329.872925
330.250397
330.477875
330.748840
330.954102
331.266998
331.530609
331.840973
332.304443
332.745239
333.033508
333.299042
333.254791
333.601257
334.286255
334.538879
335.202576
335.003998
335.660309
335.745209
335.734772
336.172699
336.759186
336.777008
336.865417
337.227478
337.402557
337.878265
337.831482
338.593597
338.187225
338.539978
338.550476
338.666748
338.830261
338.396606
338.873047
338.910950
338.727081
338.772919
338.861969
338.880157
338.546631
338.492310
338.296661
338.356415
338.171722
337.821930
337.442200
337.306580
336.956512
337.164154
336.699860
336.108673
336.179657
336.172302
335.302765
335.065674
334.489746
334.829803
334.167755
333.894745
333.614807
333.101166
333.013794
332.581787
332.862457
332.318390
331.811310
332.028748
331.589752
331.618225
331.228821
330.738831
330.306488
330.878845
330.749908
330.196014
330.278809
330.683075
329.941833
329.755249
329.996063
330.006134
330.141876
329.925751
329.868011
330.491821
330.172943
330.589966
330.768005
330.898529
331.130707
331.278351
331.282959
331.542755
331.687775
331.547211
332.089874
333.071777
332.312805
332.584381
333.369232
333.302490
333.867645
333.827332
334.228729
334.247131
334.941284
334.986725
335.276520
335.385040
335.598297
335.680664
335.895813
335.769806
336.063568
336.335205
336.558838
336.431366
337.056396
336.700256
336.462952
336.733276
336.734375
336.819855
337.189484
336.951233
336.854797
336.575134
336.583557
336.861389
336.622955
336.645203
336.065430
336.021210
336.019287
335.503845
335.621429
335.115723
335.017212
334.874573
334.616516
333.872406
334.332458
334.010498
333.781372
333.476685
332.869843
332.908875
332.668243
332.675262
332.016144
332.128510
331.556091
331.570862
331.218292
331.018585
330.857758
331.106720
330.864532
330.816162
330.988556
330.766022
330.582581
330.441406
330.294067
330.023254
330.501709
330.346130
330.508759
330.719543
330.462860
330.789215
330.762268
331.137695
330.882477
330.643463
331.440277
331.527435
331.592743
331.997528
331.942932
332.137817
332.351044
332.455048
332.738678
333.350433
333.008179
333.385101
333.704285
333.599152
333.861206
333.717560
334.548004
334.685272
334.707825
334.794281
334.585999
335.176666
335.575775
335.390625
335.220306
335.033478
335.263367
335.615448
335.587769
336.029938
335.825714
335.859070
335.443451
335.665985
335.593842
335.165100
335.096161
335.449768
334.823059
335.368317
334.879272
334.244568
334.254700
334.049500
333.849854
333.626984
333.632996
333.334503
332.957123
333.073364
332.928925
332.256226
332.034210
331.965790
331.572052
331.436890
331.482056
331.280609
330.865540
330.490601
330.423187
330.467926
330.511078
330.221924
330.011505
329.968842
329.692200
329.252502
329.444366
329.870026
329.363037
329.506226
329.518921
329.415955
329.101044
329.423218
330.101715
330.164062
329.891479
329.637238
329.981415
330.405762
330.458618
330.628601
330.935425
331.093170
331.266968
331.778168
331.824371
332.217010
331.840668
332.700562
332.522827
332.796570
332.891693
333.618225
333.653900
333.820496
334.159851
334.386719
334.222504
334.239624
334.555878
334.929169
334.827271
334.765442
335.079956
335.225525
334.913696
335.158234
335.475403
335.240448
335.167908
335.115448
334.933655
335.055298
335.220581
334.384766
334.537201
333.934845
333.980743
333.834717
333.376099
333.576721
333.098969
332.690247
332.573334
332.261505
331.580841
332.103088
332.022247
331.576202
330.983307
330.472900
330.364380
330.336151
330.117218
329.424774
329.860352
329.626404
329.633850
329.183105
329.293579
329.353027
328.955505
329.083771
328.900665
329.230499
329.334290
329.389465
329.398285
329.548767
329.991974
329.684387
330.403290
330.490479
330.657471
330.955292
331.703888
331.555511
332.310974
332.700623
333.278198
333.386139
333.867004
334.402740
334.928802
335.069458
335.249695
335.580902
335.952606
336.146515
336.442169
336.752991
337.090149
336.681549
336.601349
336.662292
336.981079
336.472809
336.412598
336.076782
335.791809
335.063904
334.098999
333.469116
332.298706
331.253601
329.835388
328.241058
326.917328
325.311279
323.329193
321.242828
319.201752
316.830780
314.486664
311.867493
309.032837
306.220367
302.923584
299.973969
296.208374
292.746796
288.967468
285.380524
281.575745
277.817444
273.928589
269.469391
265.318420
261.243225
256.869965
252.710724
248.760529
243.868484
239.742889
235.494247
231.979752
227.693268
223.870514
219.861084
216.411926
212.663193
209.472504
206.244415
203.220367
200.203613
197.798019
195.747375
193.487106
191.769562
189.836868
189.118912
187.756561
187.191513
186.395950
186.644073

224.384232
183.592239
184.203262
184.797821
185.749100
187.232269
188.689651
190.236588
192.039627
194.373734
196.937851
199.498550
202.174362
205.334732
208.408936
211.911163
215.174011
218.928848
222.666458
226.285919
230.002365
234.047867
238.138550
241.981598
246.218262
250.285645
254.151566
258.131409
262.124298
265.870544
269.589630
273.470123
276.799042
280.671600
284.213379
287.141754
290.523987
293.716888
296.080292
298.887756
301.684967
304.170013
306.257782
308.493042
310.847565
312.879730
314.228271
315.711975
317.257080
318.776398
319.803894
320.885803
321.290619
322.379364
322.901611
323.650696
324.521942
324.557831
324.476868
324.861542
324.784363
324.934845
324.661224
325.290924
324.870789
324.737488
324.191956
323.981110
323.645294
323.508087
323.464111
323.065491
322.693176
322.403137
321.734985
321.620056
321.171173
320.642517
320.730682
321.063263
319.979584
320.198883
319.977173
319.800873
319.387817
319.679993
319.161377
319.298706
319.485168
319.400299
319.670624
319.440948
319.471680
319.464508
319.828369
320.080750
320.439880
320.312317
319.951263
320.664246
320.945160
321.616913
321.697571
321.820862
322.508911
322.953918
323.122589
323.543152
323.633820
323.755981
324.405457
324.182678
325.005951
325.222992
325.240845
325.860504
326.116760
326.235504
325.785217
326.460754
326.354004
326.558838
326.467804
326.611938
327.276550
327.216858
326.886902
326.672821
326.167999
327.097321
326.718536
326.589020
326.804474
326.205353
326.475891
326.662506
325.803558
325.899506
325.288147
324.981506
324.590454
324.575836
324.134003
324.360748
323.860229
323.718719
322.764435
322.838226
322.757782
322.106903
321.652222
321.288818
321.474213
320.550476
320.524323
320.477081
320.298401
319.894806
319.531464
320.120880
319.781830
319.312439
319.262573
319.150818
318.894409
318.827606
318.926758
319.105682
319.161591
318.633514
319.103882
319.304993
319.413025
319.933777
319.735596
319.888153
320.146606
320.352264
319.993225
320.616302
321.238647
321.330933
321.647156
321.530548
322.213074
322.763519
322.624329
323.101837
323.429962
323.851349
324.147339
324.374420
324.670288
324.849182
325.032532
325.164062
326.069031
325.931610
326.397369
326.678314
326.780762
327.007477
326.873199
327.270142
327.446014
327.870361
327.761536
327.899567
328.028534
327.839539
327.961609
327.862640
327.550476
327.812286
327.785736
327.692474
327.387024
327.461761
327.401306
327.367065
327.016785
326.859741
326.251648
326.472900
326.246582
325.689270
325.936493
325.290039
324.826996
324.719269
324.476227
324.044342
323.733368
323.728790
323.347626
322.598450
322.481110
322.035797
321.772125
321.634857
321.327240
321.288269
320.882263
320.813080
320.977936
320.020477
320.425568
319.725037
320.295410
319.840515
319.535400
319.635284
319.718262
319.417938
319.460663
319.297394
319.874573
319.679016
319.867889
320.097107
320.208923
320.544952
320.015533
320.454193
320.695312
320.910706
321.075348
321.739929
321.665558
321.608948
322.126770
322.077972
322.604919
322.507599
323.030975
323.410675
323.591675
324.514099
324.333923
324.178162
324.899719
324.798279
325.514679
325.848755
325.893829
326.329712
326.327545
326.227814
326.837128
326.457275
327.220886
327.014862
327.594025
327.422760
327.420593
327.887848
328.178986
327.831573
328.093048
327.823547
327.824524
327.552765
327.861908
327.859802
327.869751
327.377594
327.257965
327.054901
326.996887
326.917297
326.895813
327.009338
326.607056
326.290466
326.358459
325.578278
325.496155
325.539734
324.938599
324.672913
324.771790
324.981842
324.712799
324.001984
324.557617
323.519165
323.726593
323.915802
323.752075
323.475311
323.235199
323.131622
322.559723
322.974152
322.804749
322.885406
323.020538
322.434570
322.423889
323.105133
323.024323
322.467590
322.829193
322.921539
322.820648
323.049835
323.808472
323.251617
323.826752
323.732635
324.134918
324.017761
324.567261
324.623749
324.903198
324.858673
325.295837
325.644043
325.796326
326.080597
326.129822
326.787140
326.951080
327.597565
327.492401
327.841583
328.154510
328.147095
328.593567
329.165833
328.662140
329.193329
329.286407
329.620178
329.703369
329.803284
329.755035
330.252777
330.020233
330.198334
330.906891
330.461609
331.029510
330.523865
330.644257
330.426605
330.875580
330.476624
330.536407
330.329437
330.481750
329.554443
330.216736
330.134979
329.960175
329.191650
329.785645
329.320221
328.596283
328.762939
328.946625
328.730865
328.247192
327.859894
327.430023
327.649414
327.871704
327.064087
326.336121
326.542755
326.610779
326.200165
325.885345
325.494293
325.304352
325.169739
325.063385
324.704529
324.705841
324.234589
324.614655
324.518555
324.602692
324.099121
324.058716
323.882721
324.511108
324.248199
324.058472
323.991241
324.131500
324.413422
324.701630
324.940125
324.422607
324.266907
324.801758
325.123688
325.467804
325.148987
325.519562
325.870239
325.972595
325.952545
326.791779
326.889160
327.192596
327.141785
327.611328
327.845032
328.206696
328.258301
328.517456
328.444885
329.117218
329.185059
329.208618
330.092194
329.906616
330.065002
330.383575
330.395386
330.515930
330.925446
331.103424
331.298645
330.945526
331.277222
331.452667
331.237335
331.367249
331.540344
331.435242
331.498230
331.527313
331.285095
331.618378
331.641449
331.094482
330.772308
330.706970
330.453156
330.752533
330.239929
330.177307
330.503296
329.828461
329.873688
329.711700
329.055695
329.386200
328.886566
329.001343
328.488098
328.716644
328.142975
327.839691
327.896973
327.554565
327.147675
326.842804
327.118866
327.392761
326.951904
326.888367
326.803741
326.732361
326.556671
326.500854
326.887238
326.635925
326.356903
326.854797
326.551361
326.360809
326.368225
327.225525
326.880920
327.264374
327.095428
327.702667
327.857117
328.207367
327.942230
328.409851
328.853546
328.704498
329.227203
329.761475
329.464233
329.491211
330.411743
330.710754
330.828918
331.249084
331.796783
331.762360
331.612396
332.692932
332.923035
333.070801
333.369354
333.257843
333.760864
334.338745
334.533081
334.676361
334.766663
334.875153
334.917328
335.181885
335.443542
335.679321
335.892731
335.920410
335.972229
335.581940
335.695923
335.898438
335.949585
335.973877
335.669434
335.528839
336.028503
335.495911
335.407196
335.681732
335.257538
335.160156
334.816833
334.562897
334.417786
333.863281
334.010620
333.753113
332.897888
332.868805
333.072693
332.455841
332.104370
331.569153
331.752594
331.649841
331.384155
331.098450
331.110931
330.766632
330.442535
330.182526
330.365204
330.136719
329.507080
329.722992
329.778992
329.066284
329.403809
329.337585
328.776459
329.156036
329.332306
328.620148
328.960205
329.130981
329.186615
329.270142
329.199829
329.691803
329.657715
330.020782
329.798462
330.148529
330.366943
330.624146
330.852661
331.131805
331.396088
331.692719
332.147400
332.589752
332.856934
333.117279
333.077667
333.417175
334.111420
334.351135
334.983154
334.805511
335.437958
335.516663
335.479736
335.940979
336.503967
336.534607
336.594513
336.955261
337.138214
337.612366
337.554932
338.276520
337.869354
338.234070
338.224884
338.327362
338.520905
338.036926
338.533020
338.561890
338.376587
338.409393
338.508453
338.498596
338.161133
338.126434
337.889343
337.955750
337.764618
337.423737
337.015533
336.885651
336.519684
336.737793
336.271973
335.667084
335.717285
335.727631
334.847961
334.647736
334.011993
334.374573
333.691681
333.416290
333.134613
332.619324
332.532776
332.089783
332.379791
331.835724
331.293335
331.544830
331.087463
331.113800
330.720093
330.243164
329.787354
330.370605
330.239990
329.659821
329.780029
330.169830
329.439240
329.237305
329.482971
329.489105
329.646118
329.422028
329.350250
329.975159
329.670593
330.065948
330.296387
330.379028
330.613281
330.760620
330.789154
331.057312
331.211334
331.061310
331.593018
332.633850
331.829224
332.122192
332.910919
332.855072
333.405762
333.373291
333.767792
333.803558
334.488464
334.532990
334.829376
334.945099
335.172668
335.258606
335.475708
335.351868
335.668152
335.957245
336.169067
336.055115
336.702637
336.357849
336.133148
336.370514
336.428345
336.519836
336.891083
336.645996
336.584595
336.307007
336.358459
336.603149
336.397949
336.372681
335.785614
335.769379
335.801422
335.281189
335.412933
334.888947
334.809479
334.680481
334.491882
333.719757
334.185455
333.824707
333.663269
333.341278
332.743256
332.782715
332.541687
332.582214
331.909821
332.062317
331.506165
331.484436
331.171112
330.976593
330.793671
330.859070
330.823486
330.801788
330.970917
330.740845
330.577118
330.460785
330.298096
330.016998
330.521423
330.397614
330.548065
330.772675
330.502930
330.850098
330.823364
331.209167
330.977844
330.743713
331.511169
331.619263
331.672272
332.090179
331.997375
332.201813
332.415314
332.557800
332.837494
333.447021
333.153351
333.496338
333.835144
333.744049
333.997803
333.828033
334.677551
334.838745
334.831696
334.911407
334.704315
335.315765
335.719025
335.521667
335.345032
335.162567
335.389008
335.778809
335.715210
336.169403
335.979797
336.000427
335.596191
335.792511
335.736084
335.282318
335.203278
335.563965
334.967468
335.497528
334.991577
334.378906
334.361847
334.148163
333.985687
333.752289
333.752014
333.445953
333.102081
333.197174
333.059296
332.382568
332.150635
332.084351
331.684021
331.544281
331.563751
331.388397
330.973663
330.594025
330.533722
330.565460
330.595795
330.336029
330.141663
330.085663
329.795746
329.358551
329.541077
329.963135
329.456451
329.604736
329.628998
329.503387
329.180939
329.497406
330.155701
330.236786
329.961029
329.700592
330.048462
330.468323
330.536011
330.673676
331.002716
331.161896
331.328705
331.843842
331.892914
332.270233
331.907440
332.775940
332.578339
332.857544
332.960052
333.688751
333.721497
333.877441
334.213379
334.453430
334.279388
334.285126
334.610321
334.995270
334.864044
334.795624
335.135956
335.279144
334.973053
335.229767
335.515503
335.290833
335.230286
335.140961
334.990234
335.101349
335.259857
334.420898
334.582672
333.967773
334.026489
333.900879
333.409851
333.627747
333.126678
332.728027
332.616547
332.287018
331.592468
332.141357
332.070435
331.620026
331.024139
330.489044
330.397675
330.367126
330.145966
329.482849
329.904907
329.659760
329.670990
329.208099
329.304901
329.359650
328.989594
329.127106
328.927124
329.261261
329.356110
329.401428
329.420319
329.553223
330.029358
329.700378
330.413940
330.508331
330.662140
330.951111
331.702606
331.526428
332.309631
332.722595
333.289093
333.364471
333.884094
334.383728
334.899994
335.062500
335.235352
335.574585
335.919678
336.148254
336.426941
336.734741
337.059814
336.637878
336.564636
336.640686
336.961578
336.451447
336.387482
336.017395
335.770477
335.024933
334.071808
333.430756
332.257538
331.216400
329.800110
328.178192
326.886780
325.245178
323.281525
321.191742
319.145660
316.767120
314.435669
311.812866
309.007141
306.142120
302.853333
299.889526
296.130371
292.675507
288.891357
285.314575
281.511444
277.745209
273.843262
269.369659
265.253632
261.171295
256.797607
252.633377
248.688660
243.780411
239.652481
235.394638
231.902847
227.611237
223.788025
219.771591
216.329544
212.589706
209.384277
206.162109
203.122543
200.117065
197.706223
195.655640
193.400925
191.681168
189.758728
189.007980
187.653198
187.100677
186.315216
186.537979

