313.250366
171.563019
172.183273
172.687790
173.702194
174.949585
175.975998
177.773727
179.461670
181.645126
183.563080
186.212051
188.817993
191.647720
194.528992
197.483368
200.839020
204.201813
207.751938
211.364655
214.969284
219.021072
222.356766
226.046814
229.856888
233.285583
237.302261
240.863419
244.783966
248.492157
251.945480
255.529358
258.689392
262.396667
265.316772
268.255035
271.265656
274.020905
277.305145
279.745911
281.888885
284.462769
286.707275
288.726074
290.529633
292.590576
293.952087
295.502411
296.768219
298.203583
299.356995
300.743378
300.971924
301.954163
302.444489
303.168457
303.945129
304.316254
304.398682
304.842407
304.724396
304.946533
304.988220
304.746063
305.396210
304.455048
304.327393
304.646820
304.135071
304.169922
303.689911
303.566681
303.015930
303.408112
302.849213
302.402832
302.234802
301.870056
301.752441
301.663849
301.573029
301.452209
301.289398
301.295532
301.660278
301.023346
301.093536
301.118286
301.676422
301.297821
301.540161
301.443848
301.748444
301.864594
302.452667
302.549988
302.874390
302.748291
302.924042
303.603424
303.878082
303.872650
304.183655
304.777344
305.103119
305.509277
305.597748
305.871643
306.612122
306.802917
307.169739
307.714722
307.931702
308.105988
308.803192
309.020050
309.485565
309.487518
309.740051
309.899780
310.188477
310.958313
310.580688
310.815643
310.925598
310.936981
311.126801
311.167389
311.085266
311.109039
311.087463
311.158905
311.126892
311.458008
310.862396
310.829895
310.642975
310.154266
310.091858
310.079315
309.916626
309.717682
309.261108
309.273712
308.851013
308.695648
308.484161
308.324829
307.897095
307.501648
307.356201
307.280731
306.907288
306.544891
306.905884
306.497894
306.405731
305.669647
305.937439
305.919434
305.593842
305.481201
305.615021
305.475159
305.475830
305.789673
305.471954
305.466797
305.689331
305.472229
305.984741
305.832977
306.050293
306.214203
306.560883
306.527679
307.126160
307.028839
307.688293
308.238312
308.165863
308.436066
308.754517
308.408081
309.605804
309.201172
309.763702
310.307892
310.863770
310.970062
311.365112
311.900055
312.107239
312.718170
312.705780
312.867920
313.327484
313.812683
313.848877
314.291351
314.454926
314.913025
315.010284
315.148651
315.389984
315.293762
315.994659
315.680908
315.634216
315.568787
316.243958
316.165802
316.211212
316.173737
315.940735
316.104828
315.606201
315.658203
315.583832
315.656921
315.665100
315.072662
315.000305
314.798096
314.792480
314.158020
314.569122
313.998383
313.741028
313.144653
313.369873
313.012634
313.044952
312.490631
312.448059
311.945709
311.608765
311.838196
311.480316
310.999634
310.607697
310.429810
310.319397
310.393372
310.100677
309.889740
309.775421
309.500610
309.598297
309.349915
309.612671
309.759888
308.835052
309.384918
309.471466
309.419647
309.777435
309.617645
309.719086
309.860931
309.856415
310.227600
310.308716
310.352844
310.362701
311.227905
311.221649
311.607025
312.009613
312.103882
312.433533
312.626404
312.757507
313.335968
313.382111
313.907715
313.985870
313.961639
314.645935
315.037170
315.028168
315.281677
315.826416
316.029297
316.482574
316.905121
317.049072
317.156281
317.332642
317.318665
317.792938
317.737579
318.045349
318.052094
318.319916
318.232330
318.403503
318.390411
318.810364
318.684204
318.289429
318.378326
318.762970
318.362396
318.186310
318.137268
317.924622
317.850159
317.928070
317.334473
317.635315
317.412384
317.064484
317.237854
316.653748
316.482117
316.490570
316.225891
315.608398
315.663727
315.688110
315.532440
315.122162
315.375763
314.805023
314.642548
315.155792
314.282227
314.450470
314.320679
313.731110
313.839355
313.910156
313.849945
314.045105
313.623779
314.199829
313.885834
313.819275
313.507568
313.876495
314.062561
313.894073
314.413727
314.092560
314.121613
314.225159
314.341644
314.865967
314.811859
315.281128
315.203552
315.433929
315.474396
315.832092
316.262726
316.965424
316.426117
317.367767
317.161896
317.626007
317.744232
318.451050
318.476135
318.458160
319.332611
319.277588
319.532013
320.082489
320.425385
320.408173
320.388245
320.995667
320.991302
321.451233
321.702942
321.765045
321.733582
321.744934
322.309021
321.837402
322.408630
322.225525
322.556213
322.656311
322.898438
322.933960
322.384613
322.637543
322.743256
322.282135
322.426117
322.569733
322.331635
322.273895
321.446350
321.947510
321.643738
321.038177
321.188599
321.003662
320.820129
320.752045
320.504303
320.432220
320.330933
319.572906
319.700439
319.367157
319.242096
318.557587
318.909637
318.725739
318.772064
318.367126
318.310547
318.353241
317.851410
317.854736
317.863098
317.487579
317.775940
317.284393
317.508667
317.649506
317.473206
317.967804
317.605225
317.573151
317.785095
317.672333
318.237335
318.094391
318.311066
318.043365
318.552551
318.415955
318.840576
319.077576
319.035004
319.166260
319.772369
320.193848
320.068604
320.593536
320.779663
320.842133
320.734192
321.803436
321.430023
321.601501
322.465302
322.360474
322.968201
323.039612
322.668274
323.603455
323.767273
323.695435
323.982422
324.404877
324.246124
324.884705
325.205719
324.745575
325.197479
324.989258
325.159088
325.430237
325.609558
325.691528
325.940979
325.453491
325.601929
325.971893
325.686920
325.465302
325.545593
325.489563
325.306366
325.102325
325.141693
324.939423
324.848511
324.423859
324.628662
324.185822
323.946930
323.831238
324.114410
323.803497
322.940582
323.351318
322.968842
323.366913
322.751892
322.774841
322.294800
322.439148
322.608307
321.958832
322.205078
321.956757
322.142456
321.700287
321.712494
321.526337
321.603973
321.763428
321.867554
321.709778
321.871490
322.201019
321.984009
321.673431
322.174164
322.500122
322.918701
322.497284
322.749542
322.849731
322.876434
322.981049
323.744354
323.954620
324.600342
324.578125
324.889252
325.563049
325.747925
325.895233
326.397644
326.607300
326.701904
327.722931
327.760590
328.152679
328.395142
328.620026
329.004608
329.330933
330.029785
330.056244
330.588226
330.932159
331.162750
331.277344
331.569611
332.122223
332.491791
332.187744
332.659058
332.364868
332.862762
333.003662
333.453033
332.998779
333.433289
333.694214
333.714020
333.377686
333.024139
333.118439
333.759308
333.261597
333.202240
333.398315
333.510223
333.018524
333.149078
333.057312
332.805145
332.513489
332.257050
332.749146
331.941895
332.179657
331.822144
331.703796
331.445740
331.026215
330.899261
330.847107
330.469482
330.933502
330.367065
330.155029
330.327850
329.401337
329.640106
329.697327
329.369629
329.810852
329.425354
329.340912
329.794220
329.671570
329.633026
329.325897
329.733154
329.624725
329.501099
330.177002
329.809143
330.132294
330.574768
330.315430
331.372803
331.462494
331.046631
331.295288
332.289978
332.288025
332.703949
333.074066
333.690308
333.891357
334.046417
334.554932
334.579742
334.876068
335.251495
335.929474
336.544678
336.903748
337.286102
337.748322
338.489532
338.401672
338.853973
339.150482
339.632050
340.108612
340.390625
340.758911
340.730499
341.169617
341.766693
341.519135
341.826416
342.250916
342.326599
342.461517
342.644653
342.691833
343.175232
342.970764
342.877380
343.323608
342.986511
342.798523
343.121033
343.047028
342.776093
342.937012
342.953644
342.856293
342.570679
342.042236
341.903687
341.939087
341.463440
341.749756
341.195862
341.335480
340.831696
340.523315
340.467255
340.647400
339.880371
340.109283
339.313354
338.749786
338.670593
338.705414
338.067993
338.220276
337.543915
337.922485
338.059662
337.659027
337.641479
337.031799
337.472748
337.302368
336.793976
337.039124
337.096893
337.133759
337.318848
337.073273
337.179779
337.135254
337.526062
337.164673
337.826477
337.625458
337.682648
337.946777
338.220917
338.780701
338.603546
339.125793
339.134613
339.234253
339.607758
340.018555
340.023346
340.664856
340.425110
340.902313
341.244690
341.702087
342.100006
342.437286
342.964508
343.017059
343.679291
343.695465
344.148926
344.412720
344.437927
344.344757
345.155884
345.354858
345.524719
345.460052
346.084930
346.257233
345.958130
346.191681
346.381927
346.346924
346.956360
346.786255
346.512085
346.769257
346.724213
346.899261
346.606537
346.641907
346.281281
346.993103
346.569580
346.132477
346.020203
345.629578
346.183197
345.351868
345.484161
345.323517
345.220215
344.837555
344.772308
344.441132
344.192627
344.312805
344.179626
343.638550
343.468842
343.076324
343.216125
343.191101
343.097321
342.763184
342.538330
342.427673
342.623688
342.553314
342.403595
342.251129
342.059479
342.170074
341.916840
341.924469
341.799500
342.045776
342.215851
341.805298
342.119415
342.159210
342.280884
342.469971
342.267853
342.752411
343.017883
342.637085
343.330322
343.668427
343.729736
344.345123
343.999695
343.987000
344.451508
344.733765
345.207916
345.650726
345.501923
345.758575
345.968140
346.312042
346.655212
347.041687
346.893005
347.508209
347.060150
347.323456
347.615356
348.069092
348.178833
348.397247
348.490143
348.526581
348.379822
348.775421
348.835297
348.907776
348.951111
348.753510
348.788940
349.071533
348.518738
348.472382
348.431213
348.273712
348.392151
348.358948
348.142975
348.097748
347.719360
347.309937
347.928986
346.976288
347.003601
346.396790
346.337280
345.905640
345.970551
345.912842
345.488708
345.368134
345.269043
344.639893
344.735474
344.639008
344.155090
343.941528
343.958923
344.091492
343.962067
343.404694
343.786072
343.239136
343.099518
343.286316
343.191711
343.318970
342.959900
343.215240
343.117523
343.234314
343.243347
343.669861
343.140991
343.632202
343.564392
343.431183
343.913940
343.785706
344.256073
344.801666
344.601654
344.858215
344.951965
345.291199
345.337006
345.489685
345.840851
346.322540
346.360291
346.766632
347.020569
347.552002
347.643799
347.906342
348.089935
348.351746
348.098206
348.645569
348.906250
348.803497
348.524994
349.221924
349.107849
349.505249
349.137878
349.549225
349.304108
349.398621
349.075928
348.932495
348.801697
348.957123
348.970367
348.789307
348.463348
348.156189
348.044098
347.883423
347.868927
347.093933
347.397705
347.017487
346.883820
346.307220
345.906860
345.877380
345.777679
344.858032
345.151276
344.516510
344.513336
343.832397
344.491852
343.832336
343.175873
343.675293
342.938202
343.235474
343.039825
342.484406
342.724365
343.016541
343.118042
343.299225
342.815491
343.337646
343.179626
343.252350
343.591278
343.538513
344.272186
344.251801
344.605499
345.021637
345.696808
345.625763
346.192200
346.148590
346.899445
347.282379
347.742004
348.324371
348.903320
348.983978
349.485687
350.275909
349.745026
350.468536
350.568390
350.626923
351.395447
351.067627
350.678864
350.992798
350.832062
350.651611
350.258820
349.476868
349.363586
349.092285
348.104736
346.938141
346.306702
345.001862
343.270935
342.634552
340.538910
338.693481
337.120087
335.199493
332.562469
329.946381
327.332367
324.584259
321.779327
318.505859
315.101379
312.193848
308.720673
305.123413
301.467896
296.891754
293.066925
289.209900
284.544189
280.535583
276.160736
271.862274
267.169891
263.015472
258.602173
254.050446
249.488571
245.109894
240.807236
236.528366
232.535583
228.450790
224.668045
221.374802
217.702805
214.049271
210.980545
208.298599
205.652710
203.237930
201.042664
198.890747
197.495148
195.845062
194.855225
194.254166
193.619278
194.101837

303.043854
171.995880
172.637222
173.138489
174.174377
175.420807
176.437286
178.241425
179.925293
182.132034
184.030914
186.690689
189.317062
192.150940
195.028976
197.984421
201.369965
204.731308
208.250381
211.903824
215.519745
219.578003
222.914383
226.614914
230.442154
233.813843
237.885803
241.480835
245.374542
249.133301
252.554810
256.177612
259.299530
263.053192
265.973419
268.895844
271.906677
274.663940
277.999695
280.467285
282.601166
285.158844
287.443237
289.461395
291.240784
293.351715
294.683533
296.247589
297.520233
298.974518
300.127472
301.506622
301.750153
302.725128
303.213440
303.916138
304.714142
305.074036
305.178528
305.628235
305.477570
305.754883
305.756561
305.536224
306.154785
305.194061
305.076630
305.395142
304.904114
304.906708
304.439392
304.318390
303.746307
304.131989
303.579224
303.103699
302.937317
302.540039
302.425995
302.318848
302.216278
302.094879
301.899536
301.900604
302.236176
301.583374
301.630371
301.635193
302.179230
301.794525
302.035065
301.903259
302.185120
302.292236
302.874725
302.944336
303.208099
303.091248
303.245789
303.879700
304.159058
304.099579
304.387360
304.951599
305.245087
305.654694
305.709045
305.954163
306.675110
306.860352
307.190002
307.722412
307.914856
308.069427
308.724609
308.928772
309.378998
309.334412
309.558441
309.707336
309.967529
310.712311
310.346344
310.542694
310.630096
310.620605
310.794556
310.802338
310.694244
310.695007
310.678192
310.710632
310.654633
310.941345
310.359833
310.319336
310.090149
309.638763
309.530121
309.490295
309.301392
309.111694
308.637390
308.624603
308.221283
308.035126
307.820129
307.649658
307.215546
306.810150
306.659851
306.555939
306.179932
305.841461
306.207214
305.790344
305.675537
304.944397
305.220245
305.206299
304.859772
304.771362
304.912109
304.776337
304.769562
305.111664
304.811707
304.781616
305.011444
304.797546
305.339966
305.168793
305.386841
305.603363
305.911469
305.913727
306.513672
306.447693
307.127441
307.679199
307.639404
307.934052
308.224518
307.947968
309.102722
308.735107
309.341461
309.894836
310.482452
310.578186
311.020905
311.573700
311.791901
312.427643
312.433411
312.625122
313.060028
313.560883
313.648254
314.105133
314.307251
314.727722
314.879272
315.042877
315.313904
315.234680
315.950684
315.672638
315.664825
315.631104
316.284698
316.268982
316.292816
316.287659
316.076477
316.274963
315.787994
315.818237
315.807373
315.916199
315.920654
315.382996
315.297119
315.091431
315.116150
314.498291
314.928101
314.395050
314.116211
313.561584
313.741272
313.444580
313.519073
312.975647
312.920715
312.454834
312.149902
312.323822
311.979736
311.568878
311.152863
310.994385
310.885132
310.983398
310.710724
310.532135
310.433502
310.140686
310.227631
309.965668
310.293243
310.426300
309.526337
310.087494
310.167938
310.142975
310.479706
310.365082
310.464905
310.590881
310.614319
310.958435
311.079041
311.070007
311.130096
312.000275
311.943329
312.371643
312.786224
312.874573
313.173615
313.344757
313.548218
314.101654
314.147369
314.658508
314.734589
314.762115
315.412811
315.828247
315.821472
316.100739
316.621338
316.848969
317.308411
317.690735
317.858734
317.967102
318.129395
318.128021
318.606842
318.559814
318.841095
318.871643
319.128998
319.009613
319.217133
319.194427
319.615814
319.526794
319.121399
319.169434
319.546295
319.187073
319.005219
318.925323
318.736694
318.673401
318.726196
318.153564
318.442810
318.237701
317.881989
318.062103
317.465790
317.303284
317.323425
317.055847
316.443024
316.480896
316.502350
316.370483
315.916687
316.196747
315.620361
315.471222
315.998291
315.111786
315.307861
315.122803
314.527588
314.631409
314.717377
314.642334
314.893402
314.431519
314.978180
314.684448
314.606201
314.286041
314.639343
314.854736
314.675629
315.158752
314.854156
314.857300
314.994629
315.049988
315.627655
315.575928
315.993134
315.949341
316.145630
316.182892
316.540833
316.965332
317.660858
317.072357
318.015137
317.846283
318.247498
318.387909
319.052582
319.070160
319.077301
319.945587
319.890045
320.135834
320.633545
320.964020
321.002899
320.920166
321.499329
321.488312
321.899933
322.187531
322.235352
322.200500
322.183685
322.760223
322.257843
322.786560
322.645569
322.898895
323.008972
323.257782
323.247498
322.727203
322.937317
323.040527
322.539734
322.658844
322.783295
322.570618
322.481079
321.658081
322.148956
321.843384
321.169556
321.339325
321.155975
320.934967
320.797394
320.618744
320.507874
320.396118
319.641205
319.705444
319.369324
319.248322
318.550842
318.864441
318.751068
318.760071
318.305634
318.247986
318.316772
317.776794
317.808502
317.779205
317.388977
317.658051
317.193298
317.333466
317.493195
317.342499
317.793671
317.417175
317.362946
317.626465
317.476868
318.001709
317.874908
318.106476
317.853424
318.350342
318.176941
318.601746
318.832642
318.790009
318.910889
319.524445
319.969543
319.836945
320.351685
320.516907
320.624695
320.504486
321.529724
321.181183
321.353394
322.209076
322.143860
322.726013
322.811035
322.420197
323.385315
323.546967
323.507324
323.771881
324.211487
324.022552
324.668579
324.983490
324.555634
325.036041
324.817047
325.011536
325.284424
325.441315
325.532318
325.796356
325.286713
325.508759
325.868622
325.592255
325.372711
325.465515
325.407410
325.218842
325.036560
325.068237
324.866577
324.820862
324.406708
324.603455
324.171753
323.927826
323.810883
324.117798
323.801331
322.974396
323.365051
323.004791
323.413422
322.793915
322.819611
322.374695
322.518585
322.656403
322.044708
322.273651
322.053101
322.204315
321.813721
321.829651
321.626190
321.695770
321.905579
322.010803
321.817261
322.033569
322.200806
322.126495
321.814789
322.343475
322.669556
323.062469
322.661285
322.926880
323.021729
323.067566
323.162811
323.922821
324.147644
324.786987
324.742737
325.056946
325.742432
325.925934
326.071716
326.563690
326.804413
326.868958
327.901794
327.937927
328.338043
328.568817
328.809814
329.192963
329.494446
330.188751
330.221558
330.766327
331.086395
331.338043
331.427673
331.699219
332.274139
332.650391
332.356964
332.800446
332.504608
333.000793
333.144897
333.566772
333.143036
333.565186
333.830200
333.833557
333.508026
333.143005
333.266174
333.882446
333.344452
333.297119
333.487213
333.614075
333.097504
333.208771
333.138245
332.887634
332.586914
332.348846
332.828979
332.003540
332.246429
331.910980
331.766479
331.508331
331.072388
330.980042
330.908539
330.517883
330.964783
330.428223
330.183838
330.357758
329.466736
329.686981
329.737000
329.415131
329.849609
329.420410
329.389343
329.811798
329.746490
329.663483
329.360596
329.777649
329.689301
329.535736
330.221649
329.836823
330.159393
330.608856
330.357391
331.415802
331.499481
331.051147
331.350250
332.348450
332.325745
332.765625
333.128540
333.715698
333.949066
334.116394
334.608063
334.602539
334.983643
335.311554
336.007507
336.639374
336.975922
337.337524
337.794891
338.545532
338.470673
338.960541
339.228088
339.728149
340.203949
340.452728
340.820831
340.869690
341.261780
341.899445
341.601685
341.920929
342.365234
342.457947
342.548309
342.744080
342.809143
343.294830
343.070374
343.009216
343.429169
343.089722
342.931915
343.230652
343.170746
342.928528
343.059631
343.061462
342.986664
342.668945
342.186798
342.052856
342.089355
341.639008
341.879913
341.339691
341.477631
340.987488
340.711243
340.564362
340.788269
340.047760
340.232880
339.409882
338.901062
338.851440
338.850891
338.202942
338.369904
337.704224
338.098694
338.186066
337.818878
337.807556
337.190887
337.613708
337.423492
336.912750
337.185822
337.282867
337.308472
337.458557
337.192352
337.319092
337.286041
337.659882
337.333496
337.969513
337.802856
337.838440
338.089111
338.382721
338.914093
338.735962
339.255737
339.281158
339.357483
339.718445
340.178925
340.122253
340.764221
340.570648
341.040771
341.356445
341.833374
342.209381
342.584839
343.128845
343.111969
343.810394
343.860962
344.222260
344.478943
344.584564
344.462006
345.312317
345.512146
345.661987
345.572235
346.216858
346.353485
346.080627
346.322632
346.498199
346.452850
347.014648
346.899353
346.672028
346.844299
346.861359
347.026001
346.723572
346.760559
346.418640
347.063812
346.718842
346.238037
346.141418
345.790222
346.306000
345.496124
345.629120
345.425476
345.369873
345.000336
344.883026
344.560394
344.305389
344.469604
344.321259
343.797638
343.610840
343.197021
343.355103
343.322784
343.245300
342.906128
342.672821
342.580780
342.768555
342.670288
342.556061
342.410919
342.239807
342.324249
342.072632
342.062592
341.996429
342.202271
342.356323
341.979156
342.298431
342.314819
342.419556
342.632233
342.450195
342.910614
343.165924
342.799011
343.534424
343.831390
343.885345
344.498749
344.165710
344.145782
344.601440
344.929565
345.352692
345.862762
345.669159
345.949310
346.180756
346.505798
346.844299
347.206665
347.061554
347.689026
347.231323
347.483063
347.783173
348.243683
348.341339
348.582367
348.639832
348.716187
348.550323
348.929962
349.007019
349.078430
349.105591
348.918243
348.963623
349.235504
348.715668
348.630768
348.599335
348.453369
348.503265
348.492432
348.273590
348.247894
347.865112
347.478607
348.068268
347.134033
347.154297
346.540100
346.467346
346.040466
346.090210
346.028534
345.637451
345.486877
345.415161
344.771851
344.834991
344.739349
344.296326
344.051331
344.057159
344.205109
344.074890
343.515076
343.879120
343.322083
343.170807
343.343536
343.297394
343.423767
343.041534
343.300354
343.189362
343.286469
343.296204
343.744049
343.219269
343.689056
343.630463
343.494629
343.970703
343.813263
344.299347
344.845215
344.651154
344.902069
344.996674
345.340332
345.357849
345.490417
345.884521
346.349487
346.359467
346.772308
347.039154
347.557617
347.667145
347.906158
348.088013
348.344421
348.109558
348.649902
348.943512
348.799652
348.521942
349.201050
349.082611
349.483673
349.113312
349.537201
349.299713
349.357941
349.034546
348.902039
348.780975
348.948181
348.943878
348.742706
348.420074
348.139160
348.032471
347.851257
347.844482
347.054779
347.374420
346.978729
346.856415
346.257568
345.890442
345.845581
345.754547
344.812958
345.125122
344.513336
344.481201
343.846069
344.468719
343.813873
343.184174
343.659210
342.930634
343.207825
343.024109
342.500397
342.731110
343.018005
343.132935
343.322083
342.803497
343.339813
343.180298
343.245331
343.602844
343.541931
344.286743
344.266235
344.624664
345.041260
345.721069
345.636810
346.233124
346.191498
346.946899
347.345612
347.770508
348.406921
348.973083
349.077606
349.568237
350.343842
349.818268
350.599976
350.671173
350.750641
351.508575
351.197357
350.794739
351.118317
350.942780
350.804291
350.400665
349.626434
349.492096
349.227448
348.261230
347.119934
346.448944
345.191528
343.458130
342.813385
340.710297
338.880737
337.323395
335.412720
332.748444
330.164581
327.547516
324.800568
321.997131
318.714966
315.326752
312.435425
308.945557
305.383850
301.712097
297.151306
293.327454
289.459106
284.809021
280.794769
276.410675
272.150055
267.457092
263.286102
258.872986
254.327423
249.768021
245.427628
241.113907
236.827728
232.840698
228.759552
224.956451
221.683105
218.023300
214.352295
211.298340
208.601303
205.970016
203.554520
201.363693
199.198517
197.825958
196.167313
195.162903
194.564224
193.931320
194.618240

223.061890
182.653625
183.061768
183.604630
184.597488
185.821930
187.255264
189.109589
191.007431
192.944839
195.664612
198.070847
201.151321
204.149475
207.165268
210.536545
213.744293
217.392197
221.156464
224.704865
228.596588
232.513000
236.502243
240.264374
244.450745
248.465988
252.494690
256.516174
260.496948
264.231262
268.070251
271.724396
275.151550
278.865021
282.366425
285.555817
288.622803
291.661041
294.802460
297.502716
300.299408
302.172516
304.677063
307.071686
308.926849
310.489807
312.334290
314.075500
315.584839
316.576263
317.755676
318.907898
319.261108
320.178894
320.512024
321.433380
322.203735
322.257568
322.040253
322.696259
322.420349
322.799408
322.998840
322.880554
322.833191
322.608215
322.448212
322.102081
321.948242
321.397522
321.246826
321.214508
320.652802
320.574921
320.067078
319.442627
319.192352
319.200226
319.151245
318.728729
318.153564
318.179108
317.383118
317.383789
317.446777
317.001099
317.119080
317.085144
317.149536
317.208160
317.260864
317.395660
317.337402
317.177185
317.653381
317.746216
318.109711
318.148468
318.578461
318.655762
319.050049
318.875549
319.984985
320.019684
320.373718
320.347992
320.816223
320.790924
321.474426
321.673035
322.094421
322.411804
322.352966
322.862793
323.410706
323.694580
323.929260
323.791290
324.371979
324.798920
324.405029
324.565613
324.621796
324.959412
325.171326
324.985168
325.240845
325.032715
325.053986
325.071167
324.857635
324.944031
324.883392
324.370575
324.515076
324.237854
323.476959
323.706512
323.190643
322.979218
323.281830
323.162079
322.529938
321.857544
321.447327
321.670929
321.391632
320.852142
320.391022
320.136536
320.046692
319.858887
319.530762
319.286743
318.889160
318.659790
318.501221
318.069550
318.170593
317.784821
318.023010
317.664764
317.738495
317.628998
317.555389
317.568176
316.856812
317.005096
317.593597
317.611938
317.632416
317.594208
317.950592
317.937531
317.704803
318.292053
317.904724
318.483795
318.811890
318.917267
319.304016
319.313416
319.851227
320.239990
320.035034
320.816772
321.636444
320.968781
321.933197
322.229645
322.654602
322.981476
323.208618
323.312225
323.579468
323.839386
324.145020
324.361328
324.413422
324.889679
325.339539
325.108246
325.716919
325.686310
326.132599
326.000610
326.113007
326.517181
326.456146
326.346802
326.300446
326.398743
326.485352
326.145752
326.733612
326.200531
326.145660
326.246521
325.769592
325.759064
325.397034
325.235352
325.116913
324.646973
324.366608
324.678772
324.061981
323.593872
323.673065
323.088745
323.020905
322.753113
322.469177
321.839630
321.342682
321.290314
321.443726
321.251190
320.917786
320.007477
320.259735
320.241943
319.731476
319.408478
319.508820
319.130341
318.706024
318.615906
318.873993
318.037720
318.304443
318.227814
318.286530
318.076111
318.518097
318.411621
318.433899
318.531677
318.303436
318.615143
318.793152
318.533661
319.203064
319.173798
319.235840
319.609375
319.959595
320.115356
319.970032
320.312469
320.868622
321.305542
321.158447
321.477020
321.743835
322.000153
322.246155
322.274231
322.638519
322.986603
323.155518
323.309357
324.061951
324.295380
324.571533
324.695648
324.908234
324.818787
325.106598
325.367462
325.491516
325.724121
325.839844
326.111053
325.848816
325.907104
326.060089
326.288177
325.977722
326.005737
326.200928
325.954559
326.146179
326.109894
325.738068
325.615723
325.515015
325.304077
325.945007
325.352753
324.835449
324.971802
324.737244
324.518921
324.273438
323.947876
323.600220
323.034973
323.160706
322.775513
322.773041
322.237335
322.020874
322.164764
321.776917
321.735138
321.160736
321.275116
321.115082
321.328522
320.693481
321.041260
320.592590
320.815308
320.357605
320.282745
320.260559
320.349518
320.064148
320.143555
320.227264
320.831207
320.355225
320.314758
320.369934
320.717102
320.667511
320.909454
321.353058
321.100739
321.599091
321.474030
321.485229
322.212646
322.237122
322.887939
322.858185
322.521210
323.494049
323.466125
323.505707
323.838715
324.304108
324.710999
324.975555
324.928986
325.452576
325.808929
325.749847
325.949463
326.863586
326.495270
326.744537
327.151672
327.562866
327.243866
327.505280
327.957123
328.040192
328.079926
328.438721
327.835571
328.426575
328.672546
328.148712
328.596375
328.755188
328.535004
328.296326
328.197754
328.359772
328.253998
327.844696
327.896454
327.437805
327.827087
327.591156
327.275696
326.720978
326.736969
326.361694
326.338348
325.909973
325.921051
325.694733
325.608429
325.255768
325.206848
324.976654
324.964417
324.329468
324.089691
324.420807
323.706390
323.663666
323.523499
323.328217
323.504242
323.158783
322.808716
322.694427
323.060455
322.727905
322.384491
322.589874
322.484985
322.813049
322.488708
322.278900
322.440338
322.612335
322.935760
322.952332
323.234894
323.335388
323.265564
323.538116
323.868744
324.027405
324.068024
324.082764
324.784271
324.680420
325.073669
324.885559
325.153137
325.866852
325.835480
326.269135
326.329773
326.997955
327.025299
326.882538
327.618805
327.785919
327.856018
328.254547
328.378845
328.439453
328.683533
328.768188
329.473541
329.670349
329.302155
329.666718
329.803040
330.211212
330.189575
330.388489
329.941406
330.189972
330.494720
330.483063
329.721771
329.909210
329.570770
329.656189
329.636322
329.760956
329.490662
329.090790
329.305847
329.131348
329.117004
329.085236
328.942169
328.875336
328.052094
328.113068
327.654053
327.618530
327.779144
327.661621
327.270355
326.933502
326.846710
326.677399
326.365540
326.593475
325.670258
325.804688
325.882965
325.807526
325.713562
325.095367
325.539124
325.370575
325.039429
324.825989
324.970490
324.822174
325.117004
326.241486
324.910461
324.923431
325.114227
325.438019
325.218140
325.414337
325.652466
325.818146
326.033813
326.440338
326.707733
326.667358
327.164917
327.398438
327.655365
327.831299
328.438324
328.227905
328.988647
329.264252
329.308441
330.294647
330.018677
330.530975
331.072418
331.149414
331.260193
331.755157
332.095795
332.647095
332.853302
332.958710
333.270630
333.223724
333.723145
333.418549
333.668793
334.301605
334.299438
334.529358
334.861328
334.759003
334.395081
334.850983
334.556854
335.016754
335.033081
334.691498
334.899170
334.805847
335.215454
334.968536
335.028412
334.707458
334.546967
334.490967
333.785309
333.447479
334.317902
333.473114
333.273590
333.224304
332.734528
332.819977
332.239075
332.020447
332.225952
332.188538
331.394623
331.117279
331.206390
330.629089
330.317993
329.994324
330.303314
329.741058
329.713440
329.431763
329.668579
329.332855
329.199402
329.064819
329.041290
329.327301
328.956757
329.181458
329.069336
329.088593
328.829071
329.423309
329.619873
329.841797
329.687378
329.829285
329.835144
330.119843
330.016388
330.323883
330.356140
331.163147
331.427338
331.815826
331.773163
332.168701
332.327087
332.747894
333.311554
333.893738
333.663483
334.058105
334.317657
334.581909
335.778107
335.384003
336.334076
336.424194
336.565125
336.464478
337.272858
337.078430
337.901520
337.825500
337.829224
338.569794
338.275940
338.562225
338.569916
338.852264
338.902069
339.045807
339.225647
339.605438
339.486328
338.894745
339.130127
339.277557
339.666870
338.571136
338.867767
338.857758
338.912354
338.762085
337.944275
338.378754
338.385773
337.389709
337.560974
337.493134
337.028900
336.942596
336.461731
336.096375
335.572205
335.298431
335.322937
335.019257
334.333710
334.088348
334.304077
333.804871
333.582703
332.686584
333.067230
332.580688
332.264282
332.323792
331.903229
331.667877
331.678894
331.000977
331.435364
330.864532
330.996246
330.811432
330.828583
330.816589
330.467041
330.602997
330.430664
329.881287
330.045410
330.394196
330.279297
330.559570
331.068634
330.922607
330.940277
331.090851
331.338715
331.173859
331.525360
331.471161
331.977448
331.939972
332.479645
332.495209
333.162445
332.952271
333.573059
333.708588
334.270752
333.997131
334.449249
334.346558
334.631561
335.326447
335.313202
335.026337
335.047760
335.248932
335.745728
335.938080
336.183777
336.220581
336.779694
336.343872
336.767578
337.234283
337.162231
337.175873
336.762268
337.080383
337.101898
337.171875
337.098419
337.226074
336.426178
336.598724
336.571747
336.252838
336.258728
335.620148
335.567352
335.663116
335.733093
334.885712
335.180542
334.560150
334.639709
334.111725
334.011749
333.811310
333.784302
332.819733
333.320160
332.829834
332.266388
332.390045
332.588226
331.849640
331.670319
331.373901
331.343536
331.120575
330.742218
330.551483
330.594940
330.419434
330.509613
330.002930
330.268707
329.834869
330.049622
329.966187
330.086395
329.923859
330.233185
330.166595
330.129456
330.490204
330.732941
330.188599
330.720215
330.784271
330.994873
331.359985
331.383850
331.863586
331.750916
331.656952
332.063538
332.341339
332.829956
332.537140
332.695587
332.755371
332.738464
333.341034
333.351410
333.815399
333.290619
333.768738
334.164062
334.689606
334.434296
334.756409
335.221710
334.730225
334.410736
334.876312
334.785980
334.747101
335.171478
334.981812
335.210602
335.030426
334.402496
334.914154
335.014954
334.400665
334.911774
334.920288
334.631409
334.379944
334.312775
333.867554
333.974335
333.885040
333.617371
333.269745
332.952728
332.714935
332.562256
331.899841
332.093567
331.658875
331.706665
331.448181
331.031464
330.647736
330.526459
330.306366
329.951416
329.677795
329.443390
329.536224
329.176208
328.910461
329.156372
328.970764
329.220123
329.157684
328.950043
328.825531
328.680054
329.172180
328.945984
328.751770
329.340485
329.128632
329.238464
328.958527
329.180511
328.996002
329.154602
329.626648
329.259338
329.656342
330.121857
330.234070
330.167969
330.439392
330.497314
331.038055
330.696869
331.793610
331.815704
332.074738
332.452667
331.926605
332.636169
333.293213
333.241394
333.038208
333.421600
333.340515
333.763733
333.716553
333.925690
333.551666
333.887238
333.793213
334.057495
334.185486
333.736725
333.809418
334.007477
333.839661
333.943878
334.234711
333.449799
333.029419
333.192444
332.970673
332.708069
332.574890
332.091400
332.096130
332.058929
331.556519
331.347900
330.602722
330.667511
330.515198
330.015991
330.066864
330.072052
329.612183
329.284912
329.240265
328.643280
328.494751
327.962982
327.835388
328.420074
327.771942
327.861206
327.989441
327.799133
328.080994
327.825226
327.835632
328.223022
327.858978
327.770111
328.189270
328.218201
328.749023
328.782532
329.288788
329.314545
329.646851
330.156647
330.763275
330.736755
331.342102
331.545441
331.816559
332.026001
332.505707
332.728088
333.346069
333.419922
334.103271
334.411133
334.682404
334.585480
335.199402
335.257141
334.845642
335.640076
335.313477
334.813293
335.057648
334.469696
334.291626
333.579285
333.320557
332.422028
331.580109
330.325348
329.154694
328.091248
326.895569
325.136841
323.244904
321.785156
319.633148
317.531189
315.201691
312.597748
309.722717
307.180603
303.986755
301.183258
298.228638
294.581726
291.281769
287.392883
283.822327
279.988647
276.050568
272.147125
267.629395
264.066193
259.924133
255.551773
250.995010
246.986359
242.907135
238.525681
234.616470
230.415146
226.408813
222.465683
218.506561
214.928055
211.493591
208.328629
205.188950
201.869736
199.303391
196.877335
194.568817
192.424728
190.900085
189.184418
187.876526
186.530502
186.095062
185.579330
185.302353

224.440903
182.815979
183.258636
183.783447
184.779465
186.002518
187.428635
189.296967
191.197708
193.151749
195.861908
198.269897
201.335831
204.369431
207.389282
210.764206
213.990311
217.626236
221.408997
224.949051
228.838852
232.789520
236.801056
240.552582
244.742676
248.757416
252.817612
256.821228
260.829681
264.609375
268.446106
272.075348
275.509064
279.260223
282.748260
285.996948
289.058136
292.096222
295.265625
297.952759
300.738739
302.639893
305.178528
307.596405
309.439667
311.037140
312.885132
314.595093
316.138794
317.134583
318.333221
319.503876
319.864685
320.817810
321.123718
322.027008
322.856873
322.891968
322.704987
323.361389
323.146637
323.496765
323.698944
323.571381
323.535950
323.315308
323.182678
322.843689
322.665161
322.122406
322.013153
321.979553
321.396729
321.332367
320.819366
320.185150
319.982117
319.993958
319.936554
319.518097
318.948212
318.996979
318.148071
318.175690
318.231750
317.793945
317.914124
317.859161
317.926239
318.006836
318.046844
318.229401
318.114716
317.975342
318.429504
318.537170
318.912689
318.916046
319.327057
319.421265
319.767822
319.685944
320.748108
320.747040
321.107239
321.101959
321.538025
321.502716
322.179810
322.382507
322.789612
323.119934
323.044861
323.549011
324.103638
324.369843
324.608002
324.439362
324.999603
325.454468
325.025269
325.174042
325.219543
325.572998
325.799530
325.598816
325.859802
325.627289
325.650391
325.655151
325.460449
325.507782
325.456268
324.955261
325.060181
324.824371
324.047577
324.256470
323.758484
323.528351
323.834106
323.649109
323.044434
322.383026
321.957794
322.190857
321.888733
321.346619
320.888000
320.626343
320.553040
320.384796
320.036285
319.780304
319.388672
319.128967
319.000885
318.580017
318.666260
318.301361
318.504913
318.160583
318.273376
318.135681
318.069000
318.057831
317.373688
317.490723
318.086273
318.109924
318.140930
318.097473
318.437927
318.442932
318.213501
318.797241
318.439514
318.992981
319.320770
319.430023
319.826019
319.835754
320.371338
320.772614
320.559113
321.342804
322.162140
321.485199
322.444427
322.758972
323.168091
323.499664
323.739746
323.839600
324.130219
324.372375
324.669281
324.909119
324.932281
325.425018
325.838898
325.622284
326.261658
326.202850
326.638214
326.483337
326.654358
327.046295
326.969543
326.841858
326.799591
326.888092
327.007782
326.652374
327.230103
326.683899
326.606201
326.723694
326.227997
326.196381
325.866943
325.675751
325.551178
325.095886
324.789185
325.102753
324.488708
323.981049
324.078705
323.463898
323.386322
323.140381
322.834473
322.186188
321.695618
321.636536
321.781860
321.573059
321.246735
320.336761
320.574371
320.548035
320.009064
319.667542
319.777771
319.396790
318.956024
318.850555
319.094543
318.282928
318.540009
318.434479
318.491333
318.266632
318.695892
318.588440
318.480347
318.713379
318.450378
318.781311
318.946564
318.667511
319.335388
319.303558
319.360199
319.738312
320.068939
320.238617
320.092987
320.413727
320.956604
321.388062
321.255219
321.582306
321.841461
322.092743
322.318848
322.363708
322.714172
323.074738
323.235870
323.388153
324.145172
324.392395
324.665344
324.809113
325.002838
324.936920
325.220062
325.458130
325.576202
325.820618
325.972076
326.225647
325.978302
326.029053
326.204132
326.425934
326.119995
326.159424
326.347046
326.106293
326.308655
326.295288
325.903900
325.790497
325.723480
325.517456
326.121674
325.543213
325.063202
325.180420
324.973236
324.758057
324.540375
324.235626
323.869232
323.312103
323.446228
323.070953
323.076965
322.549133
322.344635
322.472534
322.106720
322.068665
321.504028
321.591644
321.483948
321.675568
321.076263
321.414612
320.957092
321.194946
320.719360
320.682770
320.642395
320.753387
320.443176
320.536469
320.645874
321.240051
320.764465
320.711395
320.791229
321.140503
321.071320
321.312378
321.771576
321.533142
322.001495
321.893158
321.882080
322.613770
322.617920
323.275940
323.253601
322.910156
323.869904
323.837067
323.869171
324.217377
324.659546
325.065796
325.315735
325.244934
325.793915
326.118225
326.038788
326.247833
327.138397
326.771759
327.014069
327.393341
327.803741
327.479980
327.715607
328.135498
328.196808
328.263702
328.587799
327.985809
328.531769
328.765381
328.260406
328.678955
328.827972
328.595642
328.311005
328.240509
328.372223
328.234772
327.822144
327.864441
327.380310
327.739990
327.479706
327.168976
326.595825
326.568268
326.192841
326.180511
325.712769
325.717102
325.486298
325.365784
325.000549
324.957672
324.677216
324.651581
324.037689
323.752441
324.064453
323.357697
323.303223
323.144745
322.943390
323.096680
322.735260
322.368073
322.278717
322.611450
322.257935
321.925323
322.119995
322.011047
322.328461
321.986938
321.738342
321.930389
322.077698
322.417938
322.427399
322.687012
322.762787
322.693085
322.985809
323.328949
323.470306
323.508057
323.519836
324.218994
324.110229
324.480469
324.301483
324.598328
325.304565
325.276733
325.710724
325.770782
326.438751
326.485657
326.310944
327.083282
327.249603
327.331543
327.696381
327.822296
327.934326
328.167389
328.269073
328.961334
329.164581
328.834015
329.175720
329.338745
329.777466
329.757385
329.927185
329.527832
329.793121
330.066223
330.109467
329.338684
329.525208
329.236816
329.285309
329.279694
329.415558
329.132263
328.769592
328.979858
328.848969
328.868622
328.770844
328.671936
328.602325
327.824463
327.894714
327.428223
327.383820
327.587463
327.446381
327.097076
326.740479
326.661652
326.520172
326.194427
326.434235
325.533264
325.691589
325.710785
325.709381
325.629150
325.019684
325.421417
325.325623
324.957458
324.744659
324.913116
324.754913
325.078247
325.509369
324.869659
324.873657
325.070740
325.368622
325.206360
325.424927
325.590027
325.757294
326.026825
326.413666
326.674957
326.652832
327.148499
327.410339
327.608948
327.822113
328.393188
328.170593
328.951569
329.229889
329.262146
330.281555
329.983337
330.476288
331.004211
331.138275
331.201416
331.724579
332.069122
332.555450
332.756805
332.917358
333.178589
333.118896
333.599701
333.316528
333.526306
334.186920
334.189880
334.397675
334.717865
334.614746
334.248230
334.657715
334.391235
334.807068
334.841797
334.482147
334.708832
334.593475
334.972168
334.752594
334.803040
334.437805
334.296570
334.217926
333.492554
333.149567
334.017120
333.151306
332.957092
332.892700
332.367004
332.497803
331.922516
331.632080
331.856689
331.797058
331.005188
330.747467
330.795990
330.217865
329.915253
329.559601
329.863739
329.274963
329.240570
328.960449
329.203339
328.846466
328.719360
328.557434
328.537628
328.778961
328.425201
328.669708
328.519623
328.520844
328.263336
328.863892
329.048798
329.261810
329.093964
329.253143
329.245453
329.513367
329.400543
329.725220
329.732422
330.528595
330.811279
331.201813
331.132385
331.512787
331.704193
332.085510
332.646698
333.224915
332.999268
333.393005
333.629944
333.891754
335.097412
334.701477
335.632965
335.704346
335.817352
335.751831
336.566681
336.347931
337.196350
337.104553
337.111267
337.863251
337.531342
337.805237
337.832855
338.123901
338.190582
338.332031
338.477264
338.869476
338.770569
338.189636
338.390503
338.533142
338.920135
337.837372
338.124207
338.090759
338.163910
338.005585
337.206482
337.621368
337.619507
336.672943
336.802765
336.733795
336.295227
336.213440
335.712128
335.336151
334.840118
334.572052
334.577301
334.255951
333.628784
333.377930
333.586029
333.043976
332.869873
331.976044
332.404175
331.860046
331.554352
331.652771
331.213593
330.962891
331.006531
330.322418
330.762573
330.197113
330.326752
330.182526
330.187225
330.176636
329.825012
329.952057
329.795654
329.257904
329.438995
329.787903
329.703949
329.987457
330.499573
330.343842
330.382568
330.528748
330.823975
330.626892
330.985443
330.994354
331.457672
331.430817
331.985199
332.020966
332.730835
332.494781
333.125519
333.261108
333.847473
333.585236
334.030670
333.983643
334.246460
334.931946
334.966034
334.697693
334.702179
334.900696
335.452576
335.630768
335.904053
335.902588
336.485352
336.077850
336.503571
336.946808
336.917999
336.934937
336.572083
336.896332
336.952484
337.027710
336.914307
337.102112
336.300323
336.498383
336.452118
336.172302
336.193756
335.550385
335.534973
335.631866
335.707886
334.888153
335.175018
334.550690
334.667267
334.102081
334.069366
333.864441
333.835968
332.920288
333.405640
332.922668
332.351990
332.478027
332.717194
331.932190
331.831116
331.527832
331.453949
331.252502
330.918579
330.494629
330.785309
330.588776
330.712189
330.188019
330.510681
330.078430
330.271484
330.201355
330.322021
330.126740
330.496582
330.440887
330.379181
330.747833
331.012115
330.490509
330.983826
331.080383
331.313477
331.652740
331.695923
332.130066
332.071075
331.965790
332.363007
332.675354
333.153595
332.839722
333.013306
333.071808
333.066650
333.649078
333.677307
334.145142
333.622375
334.109039
334.497986
335.062286
334.777161
335.073090
335.540314
335.023682
334.726440
335.202576
335.093842
335.036713
335.482758
335.341370
335.512115
335.338684
334.723907
335.189667
335.315063
334.699402
335.219421
335.206024
334.936096
334.680634
334.593292
334.152496
334.209015
334.151917
333.905609
333.550049
333.238739
332.989990
332.816650
332.130493
332.332062
331.914368
331.942261
331.678772
331.242371
330.887878
330.774628
330.506897
330.176392
329.905945
329.667145
329.738861
329.403168
329.124695
329.370728
329.146088
329.391235
329.331268
329.128998
328.993896
328.855682
329.346832
329.129974
328.903137
329.497559
329.287750
329.397003
329.127594
329.340668
329.154816
329.297241
329.750427
329.423279
329.815460
330.276672
330.367035
330.301788
330.569977
330.599213
331.157196
330.827454
331.911591
331.916260
332.230713
332.543427
332.047668
332.726532
333.394165
333.357971
333.130646
333.508728
333.417053
333.864716
333.806335
333.999420
333.624115
333.980743
333.845795
334.128510
334.287170
333.818420
333.881195
334.076721
333.905731
333.998932
334.298218
333.529846
333.125031
333.254150
333.030334
332.756470
332.660980
332.153015
332.166077
332.100494
331.616730
331.411163
330.677734
330.726929
330.589203
330.055450
330.144287
330.123260
329.647064
329.329468
329.282471
328.705566
328.554321
328.030518
327.858063
328.464386
327.826355
327.899750
328.036041
327.868286
328.111115
327.863678
327.887695
328.247742
327.881592
327.802429
328.245148
328.264984
328.783478
328.836243
329.349365
329.375793
329.687408
330.173950
330.798523
330.808533
331.368561
331.580322
331.855316
332.069946
332.540497
332.731567
333.364868
333.431091
334.127075
334.438141
334.718414
334.592682
335.233368
335.291504
334.869293
335.660736
335.329590
334.850830
335.092194
334.509399
334.311005
333.601624
333.315399
332.435089
331.603119
330.343628
329.180878
328.098389
326.908478
325.146973
323.250000
321.774689
319.641296
317.555786
315.243347
312.619598
309.747223
307.165771
303.963959
301.184082
298.219177
294.592804
291.285370
287.378876
283.800446
279.987488
276.038696
272.159943
267.608185
264.067017
259.935944
255.534897
250.994629
246.963165
242.884109
238.505051
234.601883
230.399628
226.397049
222.451172
218.483658
214.923553
211.479355
208.327911
205.165680
201.849487
199.277924
196.869995
194.548477
192.412262
190.877747
189.179153
187.843994
186.509308
186.082825
185.569168
185.283676

