261.541290
173.004028
173.362686
173.967178
174.840714
175.945969
177.132919
179.006973
180.561295
182.824234
184.767258
187.678360
190.080933
192.939545
196.002716
199.248398
202.380508
205.825806
209.028580
212.540222
216.092041
219.944656
223.940445
227.472824
231.099945
234.847900
238.869843
242.801422
246.199951
249.634430
253.372955
256.741516
260.395233
263.443054
266.702179
270.078674
272.914551
275.627960
278.424255
280.979675
283.499298
286.125885
288.229034
290.031403
291.949646
293.471497
295.182892
296.852936
298.543091
299.108124
300.374542
301.389221
302.457001
303.377045
304.091827
304.472748
305.006012
305.260712
305.684082
305.915955
306.322296
305.953552
305.757446
306.158875
305.881439
305.739990
305.864655
305.883575
305.366974
305.063599
304.620575
304.621490
304.469757
303.883209
303.836884
303.831512
303.282349
302.976929
302.574341
302.512970
302.459198
302.222656
302.046661
302.187622
301.795685
302.154297
301.706024
301.864105
301.777954
302.090729
301.828278
302.218842
302.334686
302.435638
303.006805
303.107208
303.205902
303.467133
303.821472
304.261810
304.383728
304.333160
305.032562
305.216064
305.712036
305.496063
306.069183
306.453979
306.948090
307.275970
307.657501
308.167084
307.999451
308.469147
308.289459
308.886017
309.306610
309.561432
310.055603
309.948761
310.548767
310.482635
310.574158
310.704620
311.118530
310.929901
311.223114
311.256104
311.362946
311.192383
311.300873
311.570984
310.952637
311.242737
311.035278
310.653717
310.692505
310.682770
310.128998
310.297119
310.237061
309.819153
309.228882
308.741638
308.637024
308.999786
308.349426
308.438873
307.357513
307.855225
307.504303
307.419403
306.730865
306.750854
306.265045
306.397614
305.930511
305.937378
306.297150
306.130768
305.582092
305.361481
305.582581
305.354980
305.869934
305.728790
305.051514
305.349182
305.305328
305.549408
305.512177
305.769623
305.763641
306.415649
306.711426
306.850189
306.554169
307.091187
307.354401
307.580872
307.662292
308.140930
308.591980
309.141327
308.998474
309.405914
310.191589
310.355133
310.635040
310.962952
311.355743
311.428223
311.735809
312.483337
312.570251
312.656250
313.001221
313.880005
314.002777
314.380920
314.463806
314.740143
314.692871
314.887543
315.309601
314.913269
315.318268
315.568420
315.878571
315.746307
316.051971
316.063690
315.933228
315.635834
315.536743
316.118439
315.406372
315.438965
315.492645
315.400513
315.041809
315.132538
314.750153
314.912109
314.774933
314.196075
313.768372
313.505524
313.829376
313.253723
313.381134
312.747864
312.649323
312.610748
311.820282
311.808685
311.173798
311.429138
311.065338
311.150513
310.817139
310.628601
310.177002
310.266876
310.160309
309.812531
309.815582
310.095764
309.563385
309.687439
309.667206
309.186920
309.403625
309.453552
309.330078
309.244720
309.839630
309.269348
309.401459
309.767303
310.174561
309.833862
310.686401
310.893005
310.749695
311.301636
311.379883
311.905396
311.633209
312.107849
312.229401
312.959381
313.276215
313.310883
313.956299
314.077332
314.078003
314.688385
314.745544
315.561523
315.474670
315.804871
315.912292
316.213531
316.886292
317.034760
317.199554
317.162781
317.402527
317.643463
318.016998
318.230957
318.060730
317.987427
318.304626
318.340454
318.369781
318.461548
319.071014
318.729004
318.877045
318.800018
318.731873
319.006836
318.361298
318.616180
318.570160
318.470093
318.294128
318.242615
318.195312
317.729034
317.795959
317.825531
317.166931
317.369507
316.900635
317.143829
316.548218
316.003906
316.064056
316.108521
315.785034
316.066437
315.063690
315.340759
315.210510
315.435242
314.770386
314.700714
314.573486
314.348602
314.173370
314.342010
314.381744
314.598663
314.056274
314.523468
314.047638
314.257507
314.684784
314.531128
314.586823
314.938843
315.084930
315.447083
315.073608
315.442963
315.844879
315.449158
315.772156
316.110168
316.516357
316.518555
316.973206
317.506012
317.436707
318.037445
318.405792
318.259369
318.805206
318.844482
319.485931
319.824219
320.275726
320.224091
320.843323
320.723175
321.101654
321.548126
322.022003
321.887451
322.323639
322.494415
322.762451
322.537750
323.058563
323.072479
323.359375
323.477722
323.669922
323.730225
323.897827
323.906769
324.292847
324.157288
324.135162
324.074310
324.106171
324.152985
323.894958
323.762024
324.123352
323.767365
323.914307
323.771484
323.236908
323.108643
322.881622
322.722595
322.635193
322.924683
322.910400
322.332550
321.853821
322.307861
321.874908
321.756134
321.298798
320.829895
320.726501
320.359680
320.766541
320.211792
320.530243
320.054626
319.893768
319.913025
320.013092
319.462952
319.517090
319.899872
319.742523
319.466278
319.543427
319.443024
319.613220
319.906158
319.591095
319.797272
319.755554
319.733948
320.060822
320.436798
320.982971
320.687378
320.838776
320.738251
321.397766
321.417297
322.124084
322.279053
322.556610
322.636017
322.921265
323.351807
323.259399
324.176575
324.038879
324.243866
324.764221
324.959991
324.890961
325.501343
325.744324
326.271545
326.448608
326.645782
326.802765
326.957245
327.550537
326.906647
327.332672
327.608337
327.878784
327.671631
328.679382
328.466980
328.508057
328.384796
328.574982
328.661804
328.744507
328.444183
328.723022
329.005981
328.392670
328.515167
328.504608
328.753387
328.577911
328.327301
328.024750
328.053345
328.302155
327.997070
327.464996
327.558563
327.179840
327.140991
327.444946
327.058441
326.902069
326.997589
326.586090
325.965118
325.993286
325.840759
326.020081
326.115204
325.639069
325.450745
326.022888
325.167297
325.864685
325.466400
325.540833
325.018250
325.188751
325.455536
325.243988
325.638092
325.450226
325.717041
325.764526
325.882996
325.997681
326.188934
326.394958
326.333527
327.038452
326.966980
327.511108
327.767303
327.772125
328.196014
328.645752
328.789764
328.990417
329.866089
330.222504
330.240143
330.639008
331.291504
331.238373
331.413483
332.462677
332.042114
332.749237
333.149353
333.639740
334.013000
334.246307
334.380493
334.931854
335.241241
335.489960
336.061401
336.188873
336.528137
336.073669
337.048157
336.868988
336.673981
337.479767
337.771088
337.750732
337.752899
337.321259
337.703766
337.645966
337.640320
337.776581
337.967010
337.933990
337.835205
337.727295
337.883301
337.681030
337.558228
337.321899
336.891632
336.603790
336.765717
336.533447
336.968903
336.308533
336.135468
336.004791
336.070801
335.845978
335.565613
335.255646
335.023163
335.203522
334.631683
334.489044
334.377411
333.976868
334.076447
334.124512
334.003876
333.835419
333.530396
333.594269
333.393677
333.741058
334.004517
333.855804
333.779846
333.658234
334.058655
334.141693
334.271057
334.498199
334.907898
335.169128
335.563568
335.478394
335.487549
336.078613
335.842896
336.300537
336.786194
337.319855
337.402466
337.769928
338.194519
338.209534
339.154449
339.510742
339.784698
340.081207
340.666473
341.190887
341.453217
341.724152
342.041718
342.712433
342.826813
342.922455
343.199799
343.655365
344.098572
345.000458
344.940125
345.210815
344.439331
345.571228
345.791321
346.165497
346.458282
346.783417
346.688721
346.648590
346.901855
347.012665
347.331818
346.717865
346.736237
346.734375
346.830200
346.711151
346.398682
347.175018
346.575897
346.368835
346.405914
345.958344
345.565002
345.608185
345.363037
345.332855
345.280304
344.722504
344.815979
344.273682
344.173981
343.572876
343.560883
343.606995
342.929688
342.577026
342.432922
342.112061
341.869507
341.724701
341.066620
341.144775
341.273132
341.136108
340.811584
340.676270
340.483734
340.764740
340.320862
340.792572
340.226440
340.083618
339.962769
340.147186
340.338257
340.289490
340.460815
340.173340
340.413666
340.540405
340.280609
340.680237
341.265045
341.816803
341.645599
341.472626
341.837708
342.197784
342.337585
342.912231
343.068207
343.376221
343.419525
343.821930
343.788269
344.749268
344.560974
344.788757
345.227509
345.581970
346.031433
346.204193
346.511108
346.945129
347.083801
347.027954
347.780945
347.810120
348.009430
347.954407
348.397888
348.887573
348.330811
348.677094
348.842133
348.343750
349.202454
348.882446
348.883545
349.464905
349.186066
349.215942
348.988647
348.515259
348.649414
348.407379
348.344116
348.614258
347.908264
348.102814
348.011200
347.702972
347.714905
347.794464
347.385803
346.905670
346.733002
346.271515
346.472351
346.270020
345.904266
345.865143
345.386475
345.503326
344.969818
344.865417
344.565308
344.694733
344.147400
344.201263
344.359772
344.544891
344.061005
343.975433
343.623474
344.100952
343.650574
343.869995
343.522003
343.887817
343.791107
343.478363
343.710083
343.635620
343.900208
344.037598
343.952454
343.996033
344.367035
343.942261
344.394592
345.166260
345.285400
345.327942
345.677399
345.534515
345.580750
346.192810
346.400635
346.520233
346.964569
347.029297
347.477905
347.907349
347.638672
347.734863
348.130707
348.925720
348.360382
348.788696
348.757904
349.068817
348.807922
349.409454
349.286896
349.729980
349.881226
349.806671
349.801697
349.866486
350.074554
349.675964
349.349091
349.489410
350.036835
349.461731
349.198730
349.496094
349.088348
348.429657
348.538788
348.857758
348.343658
348.498352
348.267883
347.806610
347.887360
347.313171
347.124664
346.976288
346.837341
346.555084
346.169708
345.725433
345.783051
345.544861
345.427673
345.102264
344.627472
344.769531
344.937988
344.748718
344.423828
343.928497
343.987274
343.831512
343.516327
343.365845
343.632690
343.891052
343.843567
343.257416
343.697540
343.590454
343.293915
343.109894
343.647919
343.675842
343.801788
343.914917
344.269989
344.668243
344.623932
344.986908
344.697876
345.051727
345.375549
345.499451
345.851166
345.889313
346.263000
346.084381
347.194214
346.702942
347.062469
347.501312
347.968750
348.076782
348.240753
348.618011
348.852539
348.954376
349.021606
348.795441
349.176270
349.060791
349.190948
348.814545
349.416168
349.350433
349.524963
349.206085
348.953644
349.050049
348.880341
348.308197
348.465698
348.637360
348.570374
347.597260
348.193268
347.985870
347.563599
346.903137
347.488159
346.890503
346.237030
346.438751
345.960785
345.540222
345.710052
345.348785
345.204651
345.141632
344.315399
344.245087
343.572174
343.622955
343.758789
343.083496
343.031433
343.250366
343.133728
342.865112
342.969177
343.099365
343.126099
343.189941
343.183228
343.471558
343.768402
343.617798
343.791565
343.937683
344.166931
344.449066
344.712433
344.928284
345.834412
345.612823
346.234955
346.444092
347.266266
347.494751
347.863007
348.848602
348.566223
349.201080
349.483215
349.967255
350.254700
350.696625
350.833954
350.851654
351.665771
351.356110
351.070404
351.277374
351.153778
351.082520
351.189087
350.484924
349.833160
348.975616
348.413910
347.363129
346.529388
345.346466
344.109650
342.552307
340.814850
339.464447
337.397095
335.633209
332.984344
330.580902
328.263916
325.011200
322.114655
319.114624
316.069122
312.826385
309.250946
305.407990
301.774261
297.495819
293.692932
289.678131
285.357025
281.105957
276.822601
272.463104
268.008514
263.681580
258.869537
254.266449
250.263184
245.945221
241.519958
237.234314
233.221603
229.212265
225.486526
221.732468
218.200150
214.559341
211.747330
209.044907
205.933136
203.639313
201.675537
199.752274
197.937164
196.707260
195.762451
195.018692
194.648682
194.580109

258.257446
173.052170
173.402618
174.023560
174.903290
175.994125
177.209717
179.065796
180.640839
182.900879
184.861435
187.774139
190.188858
193.072586
196.147171
199.400635
202.537964
205.988876
209.228683
212.754852
216.313614
220.180603
224.212784
227.770767
231.412796
235.184128
239.221283
243.170059
246.581696
250.031464
253.800430
257.185486
260.887115
263.949158
267.205322
270.631775
273.501617
276.257538
279.023773
281.624115
284.153259
286.821930
288.953033
290.759247
292.732880
294.270905
295.959198
297.701294
299.423187
299.966461
301.281708
302.330627
303.409302
304.357086
305.093903
305.521912
306.067932
306.340820
306.800171
307.018280
307.434937
307.087708
306.916534
307.310181
307.061768
306.944794
307.072144
307.135590
306.607758
306.337341
305.904572
305.905243
305.768402
305.162506
305.140320
305.164398
304.623322
304.272339
303.872589
303.855164
303.777588
303.545013
303.408173
303.529053
303.119659
303.486908
303.019348
303.195862
303.126221
303.402893
303.131042
303.512939
303.627045
303.709534
304.256317
304.372559
304.453003
304.712097
305.027679
305.463074
305.554840
305.504913
306.192413
306.359528
306.792908
306.565979
307.126282
307.496521
307.994751
308.278656
308.628265
309.134644
308.946136
309.373993
309.196899
309.779449
310.144165
310.374908
310.820038
310.692413
311.305328
311.174286
311.258453
311.384338
311.760406
311.540466
311.801666
311.825989
311.897797
311.688904
311.761108
312.036774
311.373505
311.648254
311.387115
310.973145
311.008362
310.945435
310.400085
310.533478
310.445526
309.995819
309.392395
308.880829
308.774994
309.130432
308.423615
308.471802
307.372955
307.861298
307.498566
307.388733
306.656921
306.695709
306.182129
306.302948
305.796539
305.795654
306.135162
305.959900
305.406586
305.138489
305.378021
305.099396
305.643250
305.495117
304.783752
305.085632
305.020172
305.280304
305.240845
305.470245
305.481201
306.115753
306.419739
306.514709
306.232452
306.777405
307.032440
307.270874
307.333069
307.814972
308.258514
308.813904
308.680450
309.086212
309.880341
310.037292
310.328308
310.661621
311.067352
311.138855
311.455231
312.213867
312.313385
312.411621
312.746643
313.627197
313.802917
314.192200
314.253723
314.549072
314.544647
314.691010
315.170349
314.777832
315.179535
315.472015
315.797882
315.658447
315.945496
315.992340
315.873932
315.631409
315.528229
316.102234
315.461975
315.466034
315.523102
315.460449
315.123352
315.204102
314.875488
315.058380
314.936371
314.386017
313.984039
313.712830
314.071777
313.528992
313.664246
313.037140
312.938904
312.954224
312.170166
312.146454
311.581390
311.841095
311.461639
311.583038
311.284637
311.099060
310.669617
310.775146
310.689392
310.385010
310.364075
310.647797
310.145996
310.300140
310.283081
309.841980
310.094910
310.098724
310.021729
309.959290
310.594177
310.019440
310.165894
310.596100
310.970367
310.662292
311.520782
311.753143
311.620453
312.203827
312.306366
312.835083
312.590240
313.075745
313.220734
313.954590
314.242950
314.360992
314.995178
315.162872
315.178467
315.769653
315.816345
316.727234
316.629181
316.988251
317.077484
317.391571
318.071014
318.288177
318.431732
318.483887
318.702820
318.960449
319.332825
319.605042
319.370575
319.339569
319.687500
319.738800
319.768005
319.908081
320.506592
320.160492
320.320221
320.278351
320.197113
320.518311
319.860809
320.162781
320.097351
319.990143
319.889465
319.820923
319.768127
319.357727
319.408875
319.437500
318.839325
319.011810
318.557129
318.789948
318.211853
317.653839
317.710083
317.763123
317.456299
317.739471
316.725098
317.029633
316.950012
317.102753
316.491486
316.432587
316.326843
316.086609
315.914825
316.104614
316.108612
316.326508
315.760864
316.190735
315.751923
315.913513
316.427399
316.259552
316.282410
316.680634
316.711853
317.133545
316.724518
317.134003
317.552094
317.136078
317.442444
317.740997
318.183350
318.144257
318.574738
319.084015
319.035309
319.652252
319.984558
319.772339
320.302734
320.348450
320.976471
321.293549
321.730347
321.755280
322.269012
322.121704
322.460388
322.931885
323.380463
323.236908
323.656311
323.805939
324.044464
323.800049
324.253540
324.232758
324.595520
324.665955
324.810333
324.847137
324.975372
324.991333
325.326202
325.165314
325.165771
325.061035
325.067017
325.061493
324.798187
324.605438
324.966003
324.604584
324.657806
324.526611
323.966553
323.836609
323.576721
323.320984
323.240417
323.561249
323.487091
322.892853
322.381897
322.835785
322.374542
322.196198
321.734650
321.265778
321.163879
320.733643
321.103516
320.550018
320.799744
320.267700
320.162720
320.128540
320.237732
319.650726
319.673126
320.026947
319.859467
319.590149
319.622284
319.554016
319.638977
319.954041
319.587128
319.795380
319.763275
319.716583
320.011200
320.399048
320.906189
320.594238
320.773834
320.665771
321.286346
321.290497
321.998352
322.139679
322.398041
322.466492
322.776337
323.183502
323.091736
323.982483
323.848236
324.042633
324.562195
324.749695
324.680054
325.300018
325.537018
326.064240
326.239319
326.449402
326.592316
326.772491
327.360809
326.712097
327.137115
327.418579
327.685822
327.468903
328.466949
328.259644
328.303619
328.204681
328.380890
328.501190
328.561920
328.292419
328.571991
328.864075
328.268433
328.378723
328.336578
328.604523
328.448334
328.204407
327.900299
327.949921
328.208649
327.895996
327.369720
327.468964
327.111084
327.081909
327.355194
327.012848
326.827057
326.946198
326.539856
325.918060
325.976013
325.851715
325.991608
326.125305
325.643585
325.453674
326.009644
325.182190
325.878540
325.497528
325.556702
325.058716
325.214600
325.512848
325.292419
325.663452
325.446442
325.772583
325.812286
325.903534
326.041992
326.233826
326.431549
326.369843
327.091187
327.054688
327.561462
327.796875
327.796204
328.261200
328.719177
328.824036
329.035004
329.906921
330.275909
330.248627
330.665405
331.304626
331.255310
331.404907
332.450684
332.031921
332.762482
333.158325
333.612274
333.991241
334.217712
334.363739
334.894958
335.216766
335.452942
335.996796
336.125061
336.448608
335.976929
336.964264
336.770935
336.585785
337.401642
337.684113
337.620850
337.612915
337.174408
337.552551
337.472595
337.478882
337.623413
337.783508
337.732758
337.661652
337.514557
337.691528
337.483795
337.328766
337.070618
336.658356
336.338013
336.527618
336.267426
336.683319
336.046570
335.869324
335.727692
335.784210
335.530151
335.267120
334.938049
334.712738
334.857971
334.293213
334.145477
334.027832
333.631439
333.722046
333.785400
333.651093
333.494873
333.155396
333.234833
333.035278
333.347992
333.601685
333.478790
333.387604
333.260712
333.688629
333.748474
333.865021
334.128937
334.508362
334.782257
335.181122
335.078979
335.090210
335.688202
335.462097
335.894592
336.386139
336.949860
337.012604
337.401306
337.802277
337.801544
338.759827
339.108948
339.412140
339.695923
340.291351
340.791107
341.087891
341.334442
341.699768
342.345947
342.466888
342.583160
342.846710
343.306793
343.774567
344.672577
344.619415
344.906342
344.138489
345.268250
345.488251
345.867493
346.177002
346.469360
346.395721
346.352142
346.627625
346.751343
347.090942
346.451111
346.483978
346.501343
346.601196
346.483612
346.137695
346.955017
346.361664
346.159332
346.212219
345.760986
345.381927
345.413361
345.202576
345.145447
345.120117
344.573456
344.662415
344.124023
344.035339
343.419922
343.410217
343.462769
342.779236
342.465668
342.294434
342.010559
341.790161
341.640991
340.997192
341.094025
341.208710
341.082764
340.736237
340.603638
340.412262
340.713715
340.276733
340.752197
340.195770
340.077972
339.942139
340.144897
340.333618
340.273346
340.453918
340.175415
340.417847
340.549438
340.340790
340.702515
341.293762
341.854065
341.658508
341.512909
341.881714
342.264465
342.395477
342.966125
343.121948
343.431152
343.474426
343.879822
343.856628
344.831757
344.611145
344.854950
345.314636
345.648193
346.095428
346.265686
346.605988
347.034271
347.178680
347.134338
347.876709
347.945709
348.115875
348.061829
348.497406
348.998688
348.446075
348.792419
348.970459
348.465942
349.323792
349.009460
349.006958
349.581573
349.341095
349.328369
349.118103
348.641785
348.786316
348.527405
348.485046
348.726196
348.047455
348.243469
348.133850
347.830841
347.829224
347.928131
347.507507
347.076080
346.882233
346.418976
346.614807
346.415039
346.041840
346.048615
345.510254
345.677368
345.143799
345.034882
344.731415
344.818909
344.335236
344.331787
344.516663
344.745392
344.220581
344.124451
343.748505
344.236053
343.787506
344.030243
343.675568
344.020538
343.927765
343.616638
343.854584
343.817566
344.056671
344.166107
344.105682
344.172699
344.550171
344.132080
344.539398
345.319305
345.451416
345.482758
345.858978
345.694061
345.711731
346.371124
346.541016
346.696167
347.124329
347.165253
347.606354
348.075806
347.802277
347.898468
348.269562
349.046295
348.514557
348.965240
348.906891
349.241638
348.963013
349.574829
349.454803
349.865601
350.067780
349.987732
349.984222
349.988647
350.231537
349.872162
349.527679
349.660156
350.199097
349.634796
349.343384
349.688171
349.248108
348.592285
348.729553
349.039124
348.541321
348.665222
348.430603
347.992462
348.035645
347.455048
347.321289
347.167511
346.984924
346.710419
346.395782
345.909454
345.951843
345.713501
345.633453
345.323090
344.830963
344.962860
345.156647
344.947327
344.613983
344.120728
344.191101
344.032593
343.724396
343.536560
343.833649
344.093628
344.028503
343.474792
343.910187
343.807678
343.468719
343.330231
343.879974
343.877655
344.004639
344.125916
344.502991
344.886902
344.864746
345.190796
344.925690
345.256439
345.647705
345.740479
346.068115
346.118408
346.485748
346.308990
347.418915
346.957092
347.287964
347.713470
348.229370
348.328308
348.488495
348.836060
349.088470
349.197540
349.252838
349.056946
349.388947
349.329681
349.408325
349.048065
349.642944
349.625854
349.765228
349.417023
349.175751
349.290466
349.098724
348.532166
348.740723
348.876556
348.825775
347.844482
348.395447
348.213806
347.772583
347.127502
347.699432
347.106750
346.454315
346.616180
346.161285
345.745514
345.927368
345.561005
345.419067
345.325775
344.500824
344.441010
343.763214
343.807312
343.913544
343.248047
343.197510
343.406799
343.312561
343.047546
343.150574
343.275116
343.281860
343.320709
343.344391
343.622833
343.887329
343.808258
343.929077
344.049225
344.304749
344.574768
344.851898
345.068054
345.975525
345.715393
346.341614
346.570160
347.366913
347.603821
347.947662
348.913300
348.645020
349.328949
349.556519
350.046600
350.309723
350.760773
350.917877
350.908783
351.739960
351.405457
351.132721
351.310425
351.193085
351.121338
351.235291
350.470428
349.854767
348.989746
348.417633
347.368591
346.540497
345.343414
344.118195
342.547302
340.816284
339.453735
337.386871
335.621124
332.953613
330.582947
328.229706
324.961456
322.077301
319.098083
316.021698
312.799011
309.220276
305.369202
301.711578
297.445404
293.624603
289.623871
285.318817
281.049561
276.751984
272.372864
267.927002
263.614532
258.799316
254.190369
250.189087
245.859375
241.442703
237.146240
233.146286
229.130569
225.388535
221.653290
218.119064
214.488556
211.671570
208.962204
205.840561
203.548660
201.573517
199.650406
197.865677
196.621307
195.665283
194.900940
194.556595
194.458893

216.500778
183.715988
184.131882
185.094498
185.964584
187.030426
188.508896
190.362061
192.453781
194.615952
196.917099
199.491882
202.197617
205.338318
208.478760
211.716827
215.491562
218.945908
222.637466
226.278030
230.610687
234.121292
238.430115
242.284958
246.386169
250.220047
254.273956
258.368134
262.087769
265.786987
269.971344
273.649292
277.106964
280.742676
284.551666
287.551697
290.653839
293.673706
296.642334
298.941925
301.849884
304.207245
306.741486
308.632996
310.485321
312.226471
314.281525
315.779388
317.184937
318.621124
319.420898
320.745300
322.025055
322.178711
322.763092
323.759064
324.402954
324.332367
324.545410
324.787048
324.755554
324.742157
325.117554
324.567444
324.830780
324.667572
324.138885
324.387360
323.683350
322.961700
322.924561
322.877869
322.070312
322.031128
321.407104
321.496216
320.692993
320.453003
320.275940
320.334503
320.143066
319.750702
319.933167
319.804718
319.009033
318.901581
318.693573
319.011963
318.713257
318.427979
318.919281
319.123138
319.093353
318.893127
319.568481
319.454895
319.774689
319.454590
320.383728
320.152313
320.314178
320.607422
321.198273
320.987427
322.182281
321.805695
322.141113
322.631104
322.874359
323.477478
323.334595
323.813385
323.973694
324.300262
324.596924
325.230835
325.098541
325.983398
326.047485
326.060455
326.033875
326.077789
326.439026
326.815369
326.977905
326.373840
326.594788
326.816284
325.753876
326.837463
326.524811
326.208496
326.165588
326.293915
325.851501
325.371002
325.129791
324.804596
325.186707
324.950470
324.430298
324.081024
323.872375
323.935028
323.400818
323.249847
322.769409
321.843536
322.136688
321.711395
321.455658
321.301544
320.974457
320.494843
320.310730
319.927551
319.761993
319.598236
319.292572
319.165863
319.021057
319.000946
318.920074
318.845154
318.576233
318.889404
318.689453
318.441956
318.535919
318.301636
318.746368
318.825684
318.648529
318.918152
319.094421
319.500092
319.558258
319.246552
319.663696
319.799438
320.500153
320.634735
321.035767
321.351929
321.273865
321.884277
321.721283
322.305664
323.049622
323.172516
323.049194
323.522797
323.728699
324.279602
324.239258
324.787689
325.422729
325.319885
325.439819
325.947845
326.035919
326.218414
326.396271
327.064697
326.764923
327.137177
326.578552
327.221863
327.155212
327.126404
327.401367
327.119385
326.860260
327.274628
327.179626
326.728241
326.933289
326.392975
326.500275
326.397583
326.065491
325.969055
325.732605
325.310272
325.098694
324.871277
324.826752
324.554932
324.075867
323.619629
323.570251
323.228027
323.136169
322.693604
322.375916
321.903992
321.774933
321.624878
320.976715
320.891266
320.217163
320.201843
320.036652
319.824615
319.972595
319.199005
319.253967
319.469818
318.877899
319.012543
318.574799
318.533447
318.685791
318.659271
318.653534
318.486847
318.865753
318.581055
319.017975
319.139771
318.973083
319.504700
319.104095
319.142456
319.404480
319.574371
319.545654
320.025299
320.230865
320.523834
320.656525
321.127716
321.490967
321.552032
321.831024
321.916870
322.363037
322.945160
323.024780
323.498627
323.146423
323.851624
324.428162
324.432587
324.713379
324.764404
324.927582
325.305084
325.156372
325.194977
325.734192
325.508728
325.844482
325.943848
326.147125
326.190399
326.591064
326.389893
325.962097
325.988373
326.137939
325.870300
326.224976
326.033508
325.857513
325.974670
325.237030
325.631866
325.103302
324.839661
325.054443
324.666138
324.420837
324.375336
324.061798
323.834320
323.250671
323.435150
323.427307
322.661835
322.651642
322.454926
322.295319
321.661743
321.700439
321.524292
321.513336
321.136993
321.188080
320.784180
320.763397
320.694855
320.480560
320.378357
320.319122
320.233704
320.422729
320.524719
319.953186
320.051239
320.410919
320.357452
319.989807
320.282471
320.277771
320.522369
320.550751
321.017212
321.115784
321.118958
321.156097
321.506439
321.828339
321.860687
321.843964
322.401154
323.111694
322.634125
323.628387
323.569275
323.678558
323.919830
324.507599
324.567810
325.249420
324.877197
325.681061
325.821991
325.831940
326.223297
326.080109
326.683960
326.694946
326.987518
327.535522
327.200378
327.312744
327.743591
328.228943
327.956787
328.253967
328.212616
328.496490
327.827209
327.956299
328.168915
328.494781
328.338470
328.505920
327.807098
328.223328
327.998383
327.812073
327.433136
327.919983
327.608368
327.743286
327.497986
327.046539
326.918610
326.491425
326.313538
326.249878
326.170746
326.161804
325.430511
325.769135
325.196991
324.980438
324.776184
324.360901
324.294617
324.248566
323.799438
324.095612
323.689392
323.502136
323.267242
323.027344
322.959442
322.854370
322.945801
323.146576
322.743164
322.933807
322.862000
322.757996
323.205597
322.649231
322.988037
322.950562
322.617188
323.197510
323.589569
323.607483
323.592102
323.543976
323.702209
324.172241
324.678680
324.457062
324.847473
325.347717
325.428772
325.173065
325.644348
325.869659
326.493164
326.805969
326.988556
327.362762
327.689209
328.027710
328.342041
328.291138
328.515228
328.697388
328.873657
329.442444
329.167755
329.624634
329.393219
330.380981
330.060547
330.143494
330.449707
330.865479
330.601501
330.585358
330.758148
330.782013
331.015259
330.852264
330.624207
331.250061
330.753387
330.499542
330.213226
330.381836
330.304779
330.054626
329.700867
330.126678
330.219543
329.716949
329.586853
329.717621
328.939667
328.795654
328.796478
329.200714
328.630859
328.196075
327.853851
328.100647
327.978699
327.673340
327.076721
327.301117
327.169464
327.097565
326.820068
326.705994
326.374298
326.533264
326.215149
326.106049
326.233887
326.380676
326.629547
326.403290
326.534912
327.391205
326.322510
326.284149
326.565979
327.074432
327.082520
326.650330
327.410889
327.709717
327.491211
327.780518
327.992004
328.245453
328.463593
328.745667
329.459808
329.497986
329.732147
330.475342
330.379578
331.129700
331.437592
331.200867
331.836914
331.874847
332.255371
332.864899
333.233582
333.157532
333.615204
334.237427
334.244049
334.442474
334.769440
335.174805
335.661316
335.970978
335.913544
336.043793
336.130463
336.312408
336.763000
336.180023
336.641571
337.036957
336.882507
337.042969
337.127930
337.100494
336.641113
336.721588
336.550873
336.641052
336.240204
336.411011
336.331787
336.176514
335.916809
336.137634
335.379303
335.566803
335.016876
334.665955
334.779541
334.458252
334.161469
334.155975
333.830200
334.155853
333.333832
332.978180
333.038605
332.565582
332.726440
332.134735
331.864227
331.901703
332.023224
332.043793
331.741486
331.741486
331.703888
331.655823
331.202332
331.274994
331.451508
331.373596
331.496399
331.357605
331.289215
331.195618
331.587585
331.617432
331.624176
332.054260
331.753021
332.314056
332.474152
332.834930
332.882263
333.308380
333.371857
333.863678
334.407288
334.084503
334.959839
334.876953
334.916931
335.973145
335.673187
336.818024
336.728546
337.013214
337.539368
337.752869
338.056854
338.586426
339.114655
339.144867
339.382629
339.777161
340.006042
340.476501
340.472443
340.991364
340.693512
341.579926
341.203522
341.216309
341.737976
341.928864
342.294281
341.889526
341.939301
342.116852
342.298645
341.866638
341.813110
341.924164
341.684052
341.549530
341.321594
341.294403
340.952759
341.290192
340.676544
340.488281
340.050018
340.306610
339.867279
339.786011
339.098389
338.821777
338.713989
338.489502
337.900208
338.175537
337.412537
336.897736
336.903839
336.271057
336.394989
336.274872
335.769012
335.692047
335.424225
334.757141
334.772705
334.475006
333.934570
333.765106
333.609467
333.768280
333.347473
333.100494
333.250854
333.633514
333.171356
333.369232
333.198761
332.790009
333.515869
333.216431
333.159485
333.725616
333.200409
333.439697
333.822601
334.048157
334.097046
333.908478
334.392822
334.520538
334.512634
334.685669
335.129913
335.167328
336.010986
335.817383
336.294189
336.601624
336.403442
337.125854
337.032959
337.323395
337.607941
337.605133
338.128906
338.389313
338.475372
338.766541
338.940338
339.094086
339.270813
339.260834
339.271027
339.597443
339.733032
339.496277
340.006744
339.630829
339.842346
339.524078
339.755859
339.820984
339.769135
339.457611
339.129852
339.489868
339.755035
339.097900
338.835876
338.825684
338.345612
338.182861
338.153778
337.850098
337.315826
337.413971
336.860718
336.751251
336.477905
336.344177
335.991425
335.591888
335.889771
335.692078
335.702454
334.897278
334.317108
334.549744
333.737091
334.165161
333.690186
333.109894
333.493073
333.432709
333.224091
332.965637
333.052277
332.776581
332.636444
332.645172
332.467102
332.478760
332.809998
332.180817
332.135712
332.716125
332.767120
332.877625
332.920959
332.660065
332.474060
333.297607
333.553619
333.379395
333.518005
333.933777
333.667297
334.370575
334.250458
334.137665
334.740753
334.902039
334.643494
335.252289
335.273804
335.094147
335.587402
335.955841
336.127106
336.248199
336.185059
336.417114
336.672607
337.033722
337.081573
337.041504
336.930389
336.686676
337.066681
337.003662
337.295258
337.186890
336.712402
336.719208
336.655640
336.984894
336.503876
336.630585
336.727875
336.449829
335.729614
336.289703
335.702606
335.206390
335.557678
335.284210
335.165985
334.511719
334.692566
334.185699
333.620636
333.638672
333.133362
333.466919
333.031250
332.830933
332.415680
332.261688
331.951935
331.509003
332.140198
331.233521
331.456879
331.031006
330.552704
330.575836
330.596924
330.048126
330.252106
330.304077
330.258575
330.115662
329.748993
329.465179
329.898346
330.015594
329.644012
329.673218
329.745087
329.957336
330.191650
330.069733
329.966797
330.806061
330.905853
330.577972
331.112152
331.065552
331.145721
331.705200
331.256561
331.572632
331.997314
331.902710
332.596619
332.323639
332.984833
332.624786
332.950043
332.995544
333.642365
333.718414
333.778442
334.068878
334.091125
334.293579
334.041077
334.134552
334.055450
334.789337
334.118958
334.243500
334.557220
334.302551
333.993713
334.023773
333.972717
334.062561
333.801544
333.530334
333.475647
333.337341
333.548523
332.887360
332.772797
332.118866
332.473053
331.553070
331.751740
331.616394
330.994507
330.538330
330.499939
330.102814
329.763428
330.118073
329.207794
329.444183
328.847137
328.871796
328.550446
327.971741
328.011597
327.960022
327.724213
327.869690
327.815735
327.935944
327.776184
327.855011
327.238800
327.916473
327.686859
328.176453
328.236176
328.092499
328.462433
329.350128
329.089233
329.696503
329.951813
330.044434
330.531067
330.640076
331.369568
331.398254
332.095673
332.452271
332.526764
332.979034
333.107880
333.394501
334.039856
334.003540
334.453400
334.851776
334.583862
334.939484
334.873077
334.752930
334.627380
334.350830
334.450989
333.548187
333.187469
332.712219
331.805359
331.226776
330.159760
329.189148
327.842957
326.463440
324.999359
323.062653
321.298706
319.120697
317.072266
314.579468
312.324707
309.621307
307.012329
304.184601
301.212158
297.924347
294.128632
290.973236
287.609039
283.784119
279.683075
275.778107
271.611053
267.667450
263.400299
259.563934
255.230865
251.006897
246.706161
242.469925
238.200745
234.355408
230.107315
226.240204
222.179062
218.430435
214.911942
211.382050
208.134460
204.762665
202.215851
198.982391
196.509583
194.198425
192.198456
190.248596
188.894547
187.634430
186.726593
185.804596
185.344452
185.214264

217.790909
183.736526
184.165939
185.133331
186.003891
187.060974
188.532715
190.381241
192.478821
194.641113
196.962860
199.526611
202.271835
205.377136
208.527802
211.766693
215.555954
218.994553
222.701797
226.331085
230.697144
234.189301
238.501541
242.355453
246.467651
250.325104
254.370590
258.452667
262.207703
265.896881
270.115936
273.798676
277.262756
280.889648
284.682465
287.718353
290.798004
293.837708
296.830536
299.129303
302.035797
304.408844
306.939606
308.849274
310.707764
312.455780
314.480164
315.998657
317.439209
318.894470
319.699890
321.024078
322.277405
322.452393
323.057892
324.032013
324.666962
324.628571
324.814270
325.087311
325.101166
325.090393
325.432892
324.862579
325.172516
325.001221
324.463440
324.720245
324.031464
323.315002
323.253174
323.191528
322.381744
322.363220
321.764801
321.885254
321.095917
320.817413
320.650757
320.680969
320.494934
320.089813
320.287781
320.145966
319.362152
319.245422
319.020569
319.316681
319.047699
318.724884
319.277496
319.395813
319.411591
319.158264
319.850922
319.743103
320.095703
319.710297
320.670105
320.431732
320.599030
320.889404
321.446289
321.255859
322.429352
322.064606
322.370453
322.886810
323.091827
323.721741
323.538391
324.017822
324.169861
324.506714
324.800354
325.412598
325.283142
326.163513
326.219940
326.203003
326.182983
326.248077
326.565887
326.991638
327.142395
326.488220
326.705200
326.916901
325.946686
326.941162
326.639832
326.342499
326.260498
326.447876
325.941559
325.472198
325.233704
324.939301
325.290222
325.047699
324.544678
324.193115
323.959869
324.024658
323.499084
323.395660
322.883667
321.959717
322.253174
321.822266
321.590363
321.450500
321.091766
320.581665
320.440582
320.083893
319.916351
319.738800
319.483276
319.336090
319.167419
319.201630
319.090576
319.039764
318.791321
319.096619
318.887817
318.646057
318.755188
318.571838
318.970123
319.057861
318.895844
319.185760
319.357849
319.781311
319.834259
319.546234
319.990082
320.077545
320.809082
320.964600
321.346252
321.676819
321.614258
322.232971
322.090729
322.655792
323.403351
323.558746
323.380615
323.900238
324.119415
324.651672
324.654358
325.182709
325.827393
325.734253
325.854584
326.372009
326.442963
326.657257
326.793152
327.465820
327.143127
327.567993
327.003235
327.645233
327.541992
327.555847
327.818939
327.545990
327.274567
327.716553
327.603241
327.130768
327.333954
326.794189
326.904755
326.798889
326.496338
326.350189
326.108490
325.710266
325.502075
325.238312
325.206909
324.908966
324.476044
323.988983
323.921265
323.561554
323.478760
323.034912
322.686981
322.235260
322.096710
321.946381
321.310791
321.193268
320.508820
320.498596
320.286713
320.073120
320.237152
319.424774
319.486908
319.711090
319.092224
319.223755
318.798187
318.694611
318.854980
318.846283
318.805237
318.632996
318.875946
318.718872
319.142242
319.268524
319.076477
319.608887
319.212830
319.219513
319.502686
319.633636
319.591248
320.080872
320.249969
320.577271
320.681488
321.158966
321.499329
321.579559
321.843384
321.952728
322.344635
322.924438
323.028564
323.487396
323.141205
323.831360
324.427704
324.391907
324.679993
324.748810
324.890686
325.260223
325.103638
325.151154
325.674927
325.469971
325.782928
325.919128
326.110840
326.146790
326.549286
326.353271
325.894257
325.947357
326.104248
325.854279
326.192749
326.009979
325.864624
325.963501
325.209900
325.586945
325.096100
324.843994
325.054657
324.677643
324.425598
324.355804
324.097321
323.855042
323.286743
323.505585
323.464294
322.712585
322.705353
322.497314
322.357086
321.726013
321.755524
321.611389
321.595184
321.217072
321.247772
320.867767
320.845276
320.786285
320.583099
320.477203
320.403809
320.349884
320.561829
320.654022
320.044769
320.188080
320.532379
320.474579
320.135712
320.386078
320.410156
320.636536
320.679169
321.155273
321.216492
321.214966
321.278931
321.611572
321.957245
321.969116
321.959320
322.529785
323.237946
322.737061
323.741455
323.669373
323.755219
324.030640
324.586426
324.616119
325.296509
324.921448
325.750305
325.885803
325.865601
326.238190
326.098999
326.699249
326.709930
326.998871
327.536987
327.186707
327.285736
327.728363
328.172699
327.902618
328.185852
328.128662
328.394867
327.699493
327.849121
328.053650
328.366486
328.228760
328.354889
327.629395
328.057526
327.832184
327.611725
327.205933
327.705719
327.351440
327.500214
327.264709
326.800690
326.626801
326.200287
326.027618
325.932373
325.828979
325.822937
325.089813
325.435608
324.817291
324.585022
324.407227
323.976593
323.916107
323.834839
323.405304
323.663513
323.248291
323.071350
322.826721
322.574097
322.516754
322.407349
322.461395
322.667236
322.284607
322.463776
322.381958
322.286987
322.689972
322.187347
322.508820
322.493683
322.103638
322.698730
323.095703
323.155212
323.089386
323.045959
323.213654
323.690521
324.196045
323.980286
324.361694
324.868164
324.957916
324.694855
325.167694
325.421936
326.038055
326.359283
326.561554
326.954803
327.240906
327.618927
327.895081
327.893585
328.125977
328.353668
328.505371
329.062012
328.821930
329.264069
329.055023
330.048126
329.752319
329.840881
330.121277
330.595886
330.290985
330.302673
330.484253
330.512604
330.788574
330.670837
330.377045
331.054382
330.525543
330.337036
330.069458
330.215210
330.138336
329.904846
329.565216
330.003326
330.106079
329.598785
329.478241
329.651642
328.841949
328.734711
328.779388
329.182831
328.574158
328.170105
327.846680
328.122223
328.012421
327.661041
327.128937
327.347717
327.208435
327.169525
326.867065
326.762024
326.433411
326.612518
326.249969
326.157257
326.324524
326.488068
326.726349
326.519470
326.620728
326.859253
326.448730
326.392365
326.677399
327.219940
327.172760
326.777802
327.521240
327.822571
327.576233
327.861359
328.087769
328.365143
328.527618
328.806671
329.559387
329.560974
329.842377
330.558685
330.429138
331.170471
331.516907
331.271423
331.878632
331.913940
332.279175
332.906921
333.198730
333.177734
333.594421
334.229889
334.237762
334.392944
334.740753
335.144592
335.588196
335.910614
335.815399
335.958771
336.051971
336.225037
336.633972
336.063660
336.521912
336.876678
336.743744
336.895691
336.968079
336.903442
336.456055
336.549805
336.325012
336.413483
336.032440
336.172821
336.077637
335.913483
335.659058
335.845062
335.090576
335.247681
334.717102
334.350098
334.438995
334.105774
333.782410
333.779633
333.476257
333.780457
332.953644
332.580963
332.615692
332.160339
332.286835
331.719055
331.428314
331.445953
331.534027
331.551392
331.262939
331.254486
331.181366
331.127686
330.672638
330.729065
330.905792
330.825134
330.979675
330.806335
330.720520
330.659760
331.021454
331.057404
331.003113
331.471863
331.194122
331.730164
331.875153
332.204468
332.257721
332.684448
332.725067
333.238800
333.771362
333.437256
334.343597
334.245880
334.239594
335.318115
335.024872
336.161774
336.081696
336.363525
336.889343
337.089783
337.384460
337.877075
338.439209
338.482666
338.704041
339.078705
339.345520
339.791626
339.815033
340.312897
340.014008
340.891388
340.521881
340.556610
341.054047
341.207977
341.619629
341.200012
341.253601
341.457397
341.638489
341.186462
341.139221
341.242249
341.003845
340.890076
340.631897
340.628113
340.295380
340.609619
340.023376
339.859955
339.413818
339.636017
339.204468
339.174866
338.471436
338.149384
338.076202
337.864075
337.253723
337.527344
336.732178
336.276306
336.298401
335.651245
335.760010
335.660767
335.134033
335.081757
334.850189
334.142639
334.142944
333.898499
333.341278
333.193604
333.044525
333.204681
332.787140
332.563660
332.728760
333.137238
332.638733
332.811066
332.673889
332.260406
333.027710
332.758667
332.676361
333.222229
332.734955
332.948792
333.365906
333.644226
333.660889
333.447754
333.948151
334.100586
334.074371
334.288879
334.752136
334.827209
335.619690
335.457001
335.942200
336.260376
336.100433
336.749054
336.678162
337.021423
337.328064
337.288361
337.843414
338.113312
338.213379
338.515289
338.696625
338.864960
339.037994
339.053040
339.069489
339.391541
339.544861
339.319183
339.819916
339.455872
339.694855
339.418030
339.607422
339.692413
339.638306
339.408997
339.053986
339.426270
339.610840
339.030823
338.760345
338.760895
338.333649
338.146729
338.104706
337.856598
337.326996
337.423615
336.843353
336.775024
336.507233
336.389893
336.008514
335.631989
335.942719
335.770905
335.801544
335.021576
334.397919
334.617706
333.857391
334.256348
333.797333
333.221863
333.640625
333.345825
333.342865
333.100189
333.173950
332.974884
332.810333
332.807220
332.628998
332.642914
333.008087
332.371490
332.331757
332.898102
332.941772
333.085510
333.089447
332.842041
332.687531
333.509094
333.746918
333.579132
333.717834
334.146484
333.879242
334.565552
334.454590
334.359344
334.976715
335.148499
334.853882
335.437225
335.485260
335.323639
335.804108
336.176758
336.353424
336.457764
336.398285
336.636658
336.880920
337.217499
337.297333
337.248352
337.149567
336.867432
337.223694
337.208496
337.492218
337.391693
336.903595
336.907501
336.834778
337.171692
336.686157
336.804932
336.956421
336.632202
335.898621
336.473297
335.878754
335.393524
335.735138
335.448334
335.328674
334.646088
334.869507
334.342285
333.783905
333.826172
333.318054
333.632172
333.192566
332.998291
332.557892
332.391388
332.096436
331.610077
332.238190
331.353638
331.562683
331.171600
330.686157
330.705231
330.744843
330.169861
330.367981
330.439636
330.342743
330.216736
329.845490
329.592743
330.026855
330.135834
329.758759
329.737274
329.890381
330.066925
330.281677
330.154266
330.065613
330.894501
331.020325
330.679840
331.232666
331.163391
331.246674
331.801697
331.349121
331.651672
332.088959
331.981537
332.693573
332.420105
333.054626
332.705109
333.019745
333.090149
333.720642
333.769012
333.840210
334.146332
334.182281
334.359894
334.126251
334.230774
334.128448
334.854797
334.180542
334.346100
334.657715
334.401337
334.081970
334.091125
334.092651
334.162567
333.885620
333.625793
333.558228
333.433075
333.645081
332.975830
332.825256
332.223724
332.527191
331.625000
331.824005
331.714417
331.087280
330.605957
330.605560
330.181549
329.815308
330.212128
329.264618
329.545624
328.903809
328.937714
328.620453
328.013184
328.096588
328.009064
327.803864
327.940216
327.844147
328.003448
327.852875
327.898926
327.275909
327.977905
327.736145
328.220184
328.296570
328.109497
328.530060
329.376556
329.140991
329.712311
329.994507
330.074921
330.546570
330.696167
331.389343
331.417145
332.128174
332.465820
332.529694
333.021545
333.109985
333.381134
334.038208
333.994568
334.442413
334.821503
334.574646
334.915558
334.855011
334.724457
334.615112
334.332703
334.439789
333.500549
333.140717
332.678253
331.770538
331.184937
330.095581
329.130035
327.794495
326.413208
324.917267
323.012085
321.228912
319.072083
317.011017
314.509003
312.252533
309.537018
306.976837
304.113800
301.136444
297.865448
294.046600
290.883911
287.533875
283.697937
279.591888
275.704132
271.532806
267.605072
263.312531
259.479889
255.150528
250.919876
246.622345
242.382050
238.128342
234.276260
230.023193
226.155670
222.094238
218.334030
214.835861
211.307632
208.048294
204.680588
202.123718
198.892990
196.415482
194.118881
192.121902
190.169006
188.818161
187.548691
186.637970
185.729889
185.253189
185.121964

