257.023438
172.439102
172.665939
173.498245
174.428268
175.289322
176.632217
178.434006
180.280090
182.290329
184.630219
187.073700
189.558411
192.490021
195.446396
198.371948
201.646164
205.043427
208.469467
211.986069
215.648788
219.549057
223.273178
226.672668
230.659744
234.625061
238.114655
242.140823
245.812607
249.043472
252.468964
256.144531
259.566345
262.903900
266.470947
269.342010
272.383850
275.148773
278.043488
280.335968
282.647980
285.309143
287.513641
289.876953
291.640350
293.444183
294.580353
296.362732
297.523590
298.981415
300.205292
301.644684
301.938263
302.606476
303.490875
304.110687
304.578125
305.187256
305.148956
305.105225
305.863312
305.956299
306.020813
305.261932
305.570129
305.249298
305.550934
304.802307
304.611969
304.581482
303.958313
304.056885
303.609497
303.139069
303.635010
303.068909
303.130402
302.707214
302.676880
302.247162
302.261047
301.651642
302.135529
301.740662
301.615784
301.494232
301.585510
301.353638
301.617157
301.625946
301.732880
301.803619
301.924316
302.284149
302.137451
302.584503
302.645721
303.056458
303.346497
303.633606
303.743073
304.242401
304.478973
304.769073
305.396149
305.853180
306.288391
306.062683
306.592987
306.811432
307.521423
307.433868
307.746429
308.381378
308.648987
308.404083
309.082581
309.703339
309.447754
309.673248
310.401123
310.201538
310.567627
310.915863
310.378479
310.726898
310.854767
310.970337
311.428223
310.822357
310.961609
310.883820
310.714172
310.712982
310.609192
310.250549
310.483337
309.903076
310.056732
309.523590
309.664246
309.350311
309.165405
308.984772
308.395935
308.148285
307.913239
307.836731
307.488678
307.357056
307.304657
306.736023
306.922302
306.250031
305.983673
306.150604
305.874695
305.758392
305.755219
305.321106
305.258148
304.892212
305.263947
305.329956
304.730591
305.057831
304.789124
304.946747
305.002563
305.256866
305.355072
305.298462
305.452789
305.861206
305.965118
305.859314
306.466248
306.643127
306.621887
306.903412
307.390930
307.565887
307.934631
308.158203
308.567719
309.294983
309.183105
309.776855
310.092438
310.564240
310.817474
310.881897
311.399628
311.306763
312.229980
312.443634
312.710602
312.680420
313.439850
313.845581
313.308685
313.982208
314.224457
314.213776
314.675873
314.596619
314.754852
314.915833
315.120789
314.574860
314.938995
314.954315
315.223724
315.248444
315.137695
315.255127
315.007263
315.119720
314.992676
314.504242
314.509766
314.030426
313.968353
314.087097
313.466614
313.547974
313.450165
313.285583
312.629547
312.620605
312.291351
311.847504
311.673431
311.637848
311.100311
310.866058
310.898773
310.871490
310.469543
310.032715
309.579376
309.886139
309.507751
309.423828
309.303070
308.714478
309.000641
308.783356
308.297333
308.422424
308.476898
307.941223
308.236938
308.582520
308.510620
308.429962
307.934357
308.586487
308.760284
308.987946
308.737823
309.209839
309.162720
309.298767
309.268951
309.650360
309.777557
310.239746
310.676483
310.821198
310.606964
311.186981
311.332336
311.986694
312.500153
312.339935
312.370422
312.964233
312.915192
313.501221
313.443054
314.274719
314.417542
314.946289
315.074097
314.636749
315.490448
315.870544
315.938080
316.019196
315.961670
316.287384
316.427155
316.562775
316.497986
317.131073
317.117523
316.896759
317.366882
316.772308
316.401337
316.512665
316.815094
317.030212
316.679993
316.579285
316.234161
316.276642
316.296326
315.850494
315.862030
316.173523
315.647614
315.317657
315.517365
314.949249
314.874207
315.098328
314.336029
314.066803
314.000793
314.038239
313.785522
313.439636
313.326050
312.821686
312.917816
312.679993
312.870422
312.455841
312.822632
312.274017
312.306458
312.019440
312.092468
311.875610
312.071442
311.809479
312.014374
312.023804
311.936646
312.101013
312.209839
312.197754
312.344482
312.511749
312.645844
312.786896
312.999725
312.789856
313.508545
313.556488
314.062134
314.328491
314.148285
314.582947
314.559967
315.356506
315.222137
315.644958
316.012970
316.227997
316.296997
316.619690
317.517395
317.587280
317.989899
318.177032
318.318207
318.257568
319.091583
318.684143
319.200745
319.622559
319.833252
319.885406
319.941986
320.529236
320.069489
320.715332
320.776489
321.070343
320.693848
321.231384
321.384460
321.039642
320.986877
320.802765
321.175873
321.108490
320.835419
320.533417
320.658844
320.523438
320.632172
320.563477
320.315491
319.933685
319.784332
319.909637
319.484131
319.299469
318.921509
319.295746
318.931152
318.550537
318.551361
317.986938
317.597839
317.976715
317.715973
317.273407
317.715393
317.659271
317.017395
316.939728
316.722931
316.907623
316.270111
316.433380
316.560272
316.167175
315.949249
316.194550
316.193756
316.346893
316.155792
316.171417
316.224060
316.462280
316.601868
316.518799
316.808807
317.342133
316.805573
317.186829
317.533295
317.223236
317.817230
317.926392
317.858093
318.686798
318.879303
318.955261
319.527283
319.785217
320.283234
319.987183
320.360352
321.139435
321.438110
320.979767
321.282471
321.843292
321.954712
322.518616
322.664307
323.134674
323.302124
323.446655
323.435120
324.129456
323.779572
324.421844
324.006836
324.775085
324.687897
324.597992
325.050446
325.068146
324.808868
324.743835
324.988525
325.122498
325.026703
324.866760
325.124146
324.844574
324.937775
325.145966
324.666321
324.899414
324.335236
324.287903
324.130402
324.230408
323.970154
324.469391
323.546417
323.998230
323.492737
323.290253
323.029755
323.231354
323.451355
323.063568
322.696350
322.668854
322.463989
321.965088
322.644928
322.234802
322.187164
322.095276
322.029053
322.178406
321.997375
321.437744
321.522644
322.317444
322.137909
322.056488
322.215942
321.993591
322.117371
322.644409
322.707825
322.858887
323.068451
323.143188
323.537476
323.797791
324.097107
324.150818
324.462769
324.549377
324.986237
325.399628
325.888306
326.539215
326.722656
327.195374
327.646637
328.092041
327.980377
328.618317
328.829742
329.645111
329.808258
329.922272
330.630768
330.761414
330.952576
331.117218
331.644073
332.323181
331.996338
332.794250
332.687653
333.345154
333.458832
333.626953
333.835724
334.240875
334.133881
334.720123
334.646088
335.062134
334.286774
334.733276
334.986267
334.895416
335.474304
334.447723
335.203278
334.856964
334.335968
335.048157
334.537628
334.648346
334.181915
333.731140
334.025665
334.134094
334.139343
333.839111
333.777130
333.338562
333.179108
333.216492
333.087860
332.347565
332.639374
332.566101
332.512268
332.184143
332.269379
332.000610
331.706268
331.788422
331.257965
331.556305
331.698883
331.244781
331.608368
331.418152
331.606110
331.615631
331.732819
331.519287
331.909271
331.542053
332.008545
332.301636
332.416168
332.239899
332.726135
333.120575
333.222504
333.603760
333.756165
334.262970
334.380310
335.375732
335.295044
335.600128
335.780609
336.503052
336.757721
336.851440
337.499542
337.872681
338.706909
338.363556
339.231476
339.369171
339.846313
340.141174
340.626831
340.780518
341.524048
342.034058
342.496277
342.502106
342.913818
343.104797
343.848145
344.145447
344.196747
344.573822
344.923431
344.811523
344.596222
345.580627
345.204224
345.614502
345.463623
345.635681
345.821991
345.848206
345.971893
345.739777
345.773834
345.554413
345.051544
345.495911
345.110016
345.573883
344.850769
344.783813
344.406281
344.053711
343.846863
344.444641
343.538513
343.783020
343.428833
342.996704
342.564636
342.356659
342.638641
342.097626
342.376099
341.828705
341.458862
341.191040
340.957336
340.915771
340.746521
340.455688
340.566193
340.543274
340.044434
340.171112
339.922424
340.004181
339.463226
339.577240
339.614441
339.433075
339.989441
339.931183
339.682800
339.980286
339.979065
339.999207
340.516296
340.751709
340.572083
340.976898
341.046936
341.260529
341.553070
341.773071
341.670410
342.651978
342.938812
342.735291
343.239044
343.910522
344.011932
344.271515
344.208191
345.108429
345.186462
345.920074
345.385834
346.275177
346.817383
346.719269
346.880920
347.291504
347.695404
347.961700
347.996094
348.520264
348.616058
348.577850
348.900482
349.353302
348.802734
349.215088
349.093140
349.078766
349.483917
349.699829
349.183380
349.663177
349.469574
349.406586
349.320343
349.593323
349.389191
348.936951
348.679016
349.158386
348.798584
348.449127
348.526245
348.299713
347.879639
348.235077
347.602661
347.491791
347.350159
347.193024
346.856018
346.705322
346.633759
346.204346
346.323395
345.902039
345.606689
345.251648
345.361877
344.928558
345.020874
344.959137
345.123474
345.179321
344.363983
344.789764
344.458679
344.359497
344.306946
344.473785
344.439026
344.271881
344.425537
344.707947
344.206940
344.884399
344.663239
344.951111
345.175537
345.414459
345.571625
345.263428
346.053040
345.569214
346.052399
346.179016
346.372803
346.904663
346.978333
347.874298
347.617950
347.896088
348.142609
347.813507
348.866150
348.651031
348.723083
349.144836
349.274078
349.303833
349.436310
349.326630
349.701355
349.981628
350.307953
350.081848
350.324310
349.980133
350.363800
350.513123
350.224487
350.535065
350.165344
349.964447
350.204926
350.482574
350.151276
350.217316
349.657135
349.754578
349.710144
349.427917
349.347961
348.925232
348.767365
348.936432
348.150787
348.330414
347.859619
347.509705
347.354279
347.363525
346.898926
346.400757
346.513641
346.821075
345.641479
345.814636
345.238159
345.194031
345.264038
345.268890
344.823273
344.452271
344.454102
344.036835
343.969849
344.191956
343.850372
343.502899
343.907166
343.765381
343.774933
343.696289
343.436676
344.014587
343.583496
344.410095
343.826202
344.162659
344.240204
344.298035
344.565399
344.439087
344.996857
344.916565
344.913666
345.815979
345.539490
345.860962
345.934906
346.278137
346.508606
346.967041
346.985626
347.290405
347.576630
347.723114
347.506531
348.005280
347.909821
348.251495
348.657471
348.766235
348.611115
348.621857
348.946350
349.007111
348.489563
348.867554
348.929230
348.637146
348.960724
348.887878
348.861023
348.129944
348.543182
347.958313
348.270691
347.557190
347.541656
347.624542
347.246704
347.083313
346.619293
346.487671
346.469177
345.918457
346.142517
345.412476
345.211243
344.994476
344.399933
344.243561
343.893646
343.525665
343.350616
343.116669
343.381989
342.693237
342.625793
342.254272
342.197937
342.441650
342.242767
342.311523
342.198181
342.053802
341.849152
341.919373
342.090759
342.200745
342.361237
342.353149
342.871124
342.842316
343.103455
343.585022
344.008301
344.186096
344.682800
344.700500
345.462341
345.644653
346.340607
346.882904
347.008789
347.253174
347.971497
348.085358
348.717255
348.484253
349.295288
349.546753
349.771271
349.499207
350.093719
349.586609
349.518311
349.916412
349.518158
348.842560
348.514862
348.265808
346.833496
346.777802
346.066315
344.874146
343.278503
341.989227
341.110168
338.962708
337.728577
335.708832
333.535553
331.398956
328.578613
326.031799
323.527222
320.655121
317.265900
314.399139
310.894775
307.578400
303.987244
299.959869
295.961029
291.814789
287.916168
283.896423
279.324188
274.863281
270.637909
266.223083
261.963806
257.284119
253.195175
248.712250
243.786194
240.291763
235.514725
231.709366
227.554840
224.110779
220.120148
216.976639
213.528732
210.399261
207.254898
204.597717
202.509445
200.286148
198.343964
196.835861
195.209305
194.592865
193.754166
193.320511
193.213806

252.054947
172.574554
172.813828
173.607803
174.571243
175.455017
176.792236
178.578369
180.432755
182.481567
184.824554
187.258316
189.726776
192.673294
195.655167
198.577347
201.894302
205.276550
208.735626
212.269577
215.925034
219.872986
223.571640
226.993988
231.005539
234.980148
238.492859
242.503738
246.239151
249.460022
252.877548
256.606445
260.029022
263.397095
266.982849
269.850891
272.916107
275.708252
278.615753
280.900482
283.261444
285.911926
288.152405
290.533966
292.302460
294.137146
295.263611
297.073608
298.277802
299.731476
300.978577
302.448822
302.765320
303.420441
304.357941
304.969574
305.441376
306.030029
306.042786
305.962677
306.772736
306.870819
306.972168
306.173370
306.509369
306.206909
306.504791
305.750977
305.578156
305.579102
304.957275
305.018463
304.578278
304.141449
304.652557
304.046936
304.133118
303.687134
303.654114
303.251190
303.251556
302.608978
303.091217
302.728424
302.560455
302.424225
302.514099
302.274872
302.520782
302.500549
302.626190
302.691711
302.800690
303.118317
302.968170
303.419037
303.453827
303.864594
304.111877
304.377991
304.493286
304.982300
305.166412
305.465637
306.063232
306.519135
306.924164
306.692230
307.156219
307.364471
308.042328
307.934662
308.249481
308.880463
309.107056
308.820709
309.489929
310.084930
309.785980
310.024109
310.694214
310.499756
310.823059
311.123413
310.576630
310.892303
311.020355
311.115845
311.545654
310.923523
311.050568
310.905212
310.739258
310.704254
310.595428
310.200378
310.433289
309.817871
309.945465
309.405090
309.518799
309.187622
308.967865
308.771790
308.174316
307.931305
307.658722
307.570984
307.204437
307.048309
306.992157
306.409760
306.573853
305.887421
305.612396
305.765839
305.484467
305.361115
305.359955
304.922943
304.839569
304.460449
304.826569
304.901672
304.259033
304.628052
304.332855
304.470398
304.526947
304.790222
304.909119
304.825409
304.992188
305.403412
305.494629
305.395813
306.013702
306.194916
306.171936
306.460083
306.922668
307.147095
307.520966
307.739624
308.128265
308.880707
308.764862
309.393250
309.703827
310.189941
310.441193
310.519928
311.059753
310.989502
311.924042
312.110138
312.422821
312.398468
313.157562
313.585266
313.050354
313.723785
313.998535
314.011017
314.482178
314.423035
314.557343
314.772400
314.983063
314.461548
314.838104
314.850494
315.134796
315.180420
315.071930
315.212433
314.961487
315.116638
314.995636
314.571777
314.548828
314.074860
314.039185
314.143066
313.570801
313.627380
313.511536
313.411102
312.764069
312.732544
312.450470
312.017151
311.833649
311.830078
311.328430
311.111145
311.125214
311.098602
310.757721
310.304108
309.888855
310.195953
309.820770
309.739105
309.631348
309.035980
309.337463
309.146301
308.679413
308.813019
308.873047
308.295990
308.636688
308.977417
308.902954
308.875488
308.369415
309.030701
309.255096
309.462830
309.262665
309.731262
309.687195
309.810120
309.799469
310.197815
310.319061
310.801422
311.198578
311.399261
311.187378
311.778046
311.938721
312.581268
313.132904
312.963196
312.986603
313.622986
313.556366
314.166443
314.113983
314.964722
315.080933
315.637726
315.793549
315.359192
316.187347
316.591064
316.690216
316.775879
316.719574
317.080139
317.198151
317.349609
317.319061
317.956940
317.939087
317.746033
318.198853
317.635223
317.254333
317.400818
317.701874
317.941772
317.547668
317.508240
317.117157
317.207001
317.242371
316.844269
316.819366
317.144714
316.629761
316.284241
316.540192
315.974304
315.891541
316.155182
315.423126
315.127594
315.045288
315.149200
314.880096
314.533875
314.454742
313.953278
314.044342
313.839996
314.021240
313.630585
313.967224
313.389557
313.509796
313.204163
313.229218
313.110168
313.262390
313.001343
313.282684
313.226685
313.194580
313.367706
313.501770
313.486511
313.621002
313.780029
313.905457
314.069702
314.240601
314.049255
314.828857
314.812439
315.319702
315.625336
315.380096
315.858459
315.850708
316.676086
316.453491
316.927399
317.263855
317.431610
317.541351
317.872498
318.781097
318.820862
319.233582
319.410339
319.583710
319.454437
320.311859
319.942352
320.375671
320.794556
321.008301
321.042084
321.069855
321.639771
321.195099
321.811768
321.907715
322.141876
321.739960
322.336243
322.454254
322.097900
322.000275
321.877716
322.186462
322.092346
321.793915
321.503235
321.603912
321.445953
321.564178
321.511261
321.248352
320.815247
320.640900
320.713928
320.316284
320.098511
319.750214
320.060425
319.701935
319.279694
319.264404
318.708069
318.295959
318.625458
318.368286
317.909760
318.371033
318.245239
317.601898
317.507019
317.239410
317.425842
316.793121
316.945953
317.043243
316.628326
316.371521
316.608276
316.601715
316.777344
316.537292
316.542145
316.608826
316.818695
316.947906
316.849091
317.111328
317.635529
317.074341
317.443604
317.810883
317.486267
318.033539
318.138092
318.050903
318.925568
319.074158
319.145782
319.678986
319.949219
320.481689
320.109406
320.526733
321.274841
321.546387
321.109680
321.411987
321.939514
322.039612
322.622284
322.753510
323.260681
323.396454
323.550323
323.517273
324.195221
323.843048
324.466919
324.085419
324.835205
324.784637
324.635773
325.096863
325.093384
324.855957
324.793304
325.024017
325.138428
325.085022
324.922943
325.146271
324.871368
324.997986
325.192780
324.691040
324.934998
324.381683
324.309509
324.155701
324.286682
324.004486
324.485779
323.555298
324.053589
323.548981
323.309814
323.075378
323.263855
323.491943
323.072144
322.745270
322.712921
322.492065
322.014587
322.704742
322.273529
322.230011
322.146332
322.044861
322.216064
322.046204
321.491425
321.576080
322.363129
322.169647
322.087708
322.171875
322.023438
322.146149
322.696503
322.733093
322.898804
323.083618
323.161682
323.545746
323.860229
324.117462
324.166077
324.501556
324.572968
325.006744
325.424072
325.915802
326.551331
326.745514
327.219421
327.666962
328.096191
327.976135
328.599396
328.826141
329.621948
329.802643
329.897949
330.601318
330.752838
330.930389
331.087891
331.630920
332.291931
331.957428
332.775909
332.644165
333.298370
333.381317
333.566132
333.787292
334.192322
334.086761
334.679840
334.596344
335.026215
334.213440
334.663544
334.927765
334.804840
335.368622
334.360931
335.128143
334.777802
334.250824
334.945831
334.437683
334.567719
334.079132
333.628448
333.938232
334.033661
334.042267
333.739502
333.677063
333.248047
333.071045
333.091064
332.974792
332.247131
332.535156
332.460968
332.405212
332.073578
332.182983
331.926239
331.641174
331.677246
331.156219
331.450378
331.622162
331.174744
331.515228
331.336823
331.541840
331.533569
331.685303
331.457764
331.869690
331.499237
331.956421
332.271759
332.367126
332.204987
332.670685
333.097321
333.188751
333.563141
333.722137
334.254974
334.383575
335.358826
335.304657
335.603271
335.802917
336.515198
336.784393
336.910889
337.557098
337.927124
338.757233
338.390900
339.292725
339.434509
339.896759
340.217285
340.713989
340.858582
341.626801
342.132446
342.601807
342.620392
343.028839
343.218018
343.973297
344.288116
344.380005
344.736084
345.033264
344.987122
344.755646
345.740082
345.414978
345.807098
345.663483
345.834229
346.061371
346.044922
346.209412
345.956451
345.994110
345.787872
345.280914
345.730499
345.368530
345.796783
345.086182
345.016052
344.688446
344.339539
344.099579
344.710602
343.815033
344.060791
343.703522
343.253326
342.843506
342.651886
342.960846
342.417999
342.677338
342.121979
341.724365
341.483093
341.241119
341.212982
341.036652
340.759827
340.859772
340.912567
340.353882
340.478699
340.229767
340.334747
339.742188
339.872375
339.911133
339.743408
340.337952
340.214081
339.992065
340.287903
340.317078
340.291626
340.809113
341.023224
340.885529
341.274292
341.342590
341.589233
341.819794
342.087189
341.953430
342.948883
343.271942
343.011658
343.532959
344.212341
344.321289
344.578583
344.513458
345.380646
345.440399
346.240173
345.664276
346.551361
347.097229
347.008820
347.176636
347.573181
347.997925
348.207336
348.275787
348.810608
348.880646
348.817047
349.141632
349.628723
349.088654
349.461670
349.339874
349.325775
349.708069
349.916748
349.434418
349.888397
349.695129
349.632172
349.566681
349.847382
349.591675
349.155090
348.904816
349.390900
349.021423
348.628052
348.734497
348.555145
348.083496
348.467285
347.766083
347.701843
347.556213
347.397797
347.043152
346.903015
346.811371
346.385284
346.464386
346.067383
345.787354
345.449005
345.553284
345.119476
345.182220
345.123474
345.284851
345.336670
344.524994
344.956268
344.609833
344.526337
344.418549
344.595032
344.607788
344.423035
344.553497
344.828278
344.340179
345.020569
344.786041
345.074066
345.276093
345.528717
345.682312
345.341766
346.180695
345.672150
346.165588
346.279938
346.460846
346.988190
347.027832
347.939178
347.692871
347.957367
348.198059
347.889801
348.924042
348.717041
348.787842
349.180389
349.320007
349.332886
349.491638
349.340576
349.729065
350.033691
350.328522
350.108154
350.341766
350.021027
350.379456
350.526245
350.238525
350.506592
350.160492
349.935425
350.213135
350.491180
350.104767
350.195221
349.659729
349.737274
349.664001
349.413605
349.299255
348.873230
348.732086
348.876923
348.098846
348.257538
347.804962
347.421997
347.281494
347.299896
346.799683
346.332733
346.449066
346.708496
345.572723
345.712616
345.138580
345.085327
345.151917
345.137146
344.703766
344.324005
344.320618
343.897644
343.870514
344.055511
343.711853
343.418579
343.757477
343.649567
343.628204
343.525208
343.289764
343.835571
343.426636
344.259064
343.638123
343.995178
344.069794
344.113617
344.381622
344.283356
344.815613
344.731537
344.771851
345.651031
345.371704
345.685150
345.752747
346.105072
346.314911
346.790131
346.795990
347.089722
347.385193
347.534973
347.312622
347.815674
347.718201
348.074036
348.494049
348.569244
348.439575
348.444031
348.784058
348.833344
348.316925
348.699310
348.771118
348.472565
348.777924
348.726257
348.695648
347.963837
348.383606
347.819275
348.095886
347.412842
347.405762
347.473785
347.105591
346.928406
346.476990
346.343842
346.324341
345.796265
346.017120
345.282471
345.077789
344.890564
344.308685
344.140808
343.803986
343.420227
343.267700
343.029999
343.302826
342.618683
342.547302
342.188751
342.127258
342.414001
342.225220
342.274719
342.177429
342.023834
341.858368
341.902618
342.090698
342.206635
342.384003
342.381134
342.913452
342.885071
343.143311
343.637299
344.072968
344.258270
344.746033
344.783600
345.541168
345.751038
346.448883
346.994110
347.113739
347.401459
348.125000
348.229095
348.873291
348.667145
349.494324
349.733856
349.965668
349.704712
350.324402
349.804169
349.751221
350.183655
349.775604
349.114380
348.770569
348.530762
347.115692
347.075409
346.367462
345.193207
343.597565
342.313019
341.438538
339.309937
338.076233
336.079773
333.890564
331.788513
328.973236
326.420929
323.905182
321.059540
317.676331
314.800690
311.332703
308.039032
304.444092
300.405029
296.419769
292.283081
288.376007
284.366638
279.809845
275.350067
271.126068
266.716003
262.456543
257.801971
253.703018
249.234909
244.303345
240.812408
236.061813
232.242004
228.093704
224.636368
220.659058
217.519028
214.079651
210.924774
207.809372
205.179840
203.060013
200.850861
198.905823
197.413345
195.785522
195.165955
194.320312
193.866791
193.936447

196.472275
185.551788
185.624847
186.594101
187.558167
188.984116
190.231476
191.822372
193.807495
196.200836
198.602646
201.293869
204.027802
206.805725
210.417984
213.695984
217.219543
221.020844
224.589127
228.383667
232.234512
236.120270
240.248001
244.365555
248.276520
252.381500
255.999268
260.332794
264.232300
268.302460
272.142548
275.897552
279.460052
283.115997
286.341431
290.124298
293.036560
295.967285
299.020233
301.614197
304.334747
306.906891
308.894562
311.253204
313.284088
314.991577
316.833862
318.288116
320.060516
321.129456
322.697906
323.873566
324.100037
325.021881
325.736969
326.157104
326.363281
327.102509
327.381500
327.394226
327.453186
327.553955
327.454651
327.385742
326.899475
327.510193
327.070435
326.432251
326.398499
326.035309
325.668701
325.045471
324.832733
324.431244
324.323853
324.024750
323.677429
323.002686
323.167358
322.982788
322.531952
322.013947
322.034698
321.852081
321.511658
321.427734
321.949432
321.554565
321.864624
321.904602
321.796082
322.240570
321.403839
322.051849
322.140808
322.240112
322.328827
322.724640
322.794128
323.193054
323.509186
323.643524
323.926178
324.120728
324.685364
324.913361
325.335602
325.316895
325.556183
326.216003
326.354492
327.207886
327.475555
327.142639
327.567261
327.747650
328.353088
328.578918
328.388062
328.976501
329.198883
329.061432
329.169617
329.644257
329.622620
329.457611
329.773224
329.365814
329.464630
329.369507
329.317383
329.493103
328.985779
328.498535
329.083771
328.463959
328.391205
328.027985
327.921783
327.404327
326.977661
327.078033
326.612762
326.625183
326.170105
325.448181
325.493530
325.398071
324.919556
324.324066
324.204681
323.830719
323.891693
323.055878
323.268494
322.783051
322.493866
322.407104
322.109558
322.054443
321.921082
321.214874
321.643890
321.475250
321.216888
321.722717
321.025574
321.595428
321.576233
321.651520
321.363373
321.850983
321.673981
321.876801
321.903198
322.051056
322.489166
322.342834
322.775574
323.109863
323.254852
323.494843
323.295105
324.051880
324.435699
324.969299
324.868225
325.065338
325.641174
325.974335
326.080505
326.942230
326.711121
327.009186
327.457764
327.947144
327.737518
328.270966
328.540985
328.841003
329.055603
329.071991
329.101440
329.772644
329.756439
329.940643
330.132355
330.280334
330.306488
330.166809
330.187805
330.014313
329.663910
330.038635
329.866852
329.887878
330.115723
329.538025
329.489014
329.060120
328.778137
328.860474
328.681061
328.319031
327.988739
327.758362
327.444580
326.943054
327.010834
326.325775
326.474274
325.804688
325.395935
325.387451
324.966522
324.818024
324.674347
323.857941
323.953857
323.538483
323.186310
322.754456
322.657410
322.631256
322.169281
322.263336
321.578064
321.901459
321.463409
321.216278
320.980713
320.962799
321.044586
321.242889
321.176575
321.027771
320.781830
321.184937
320.995575
321.178131
321.281738
321.945648
321.505768
321.752136
321.705322
322.387421
322.309937
322.791534
322.980103
323.258301
323.129333
323.312134
323.606323
323.818207
323.966309
324.773163
324.724060
324.996155
325.231812
325.569031
325.556732
325.985443
325.992584
326.859833
326.992981
326.836731
326.863678
327.244873
327.311676
327.477539
327.286041
327.933197
327.958344
327.439484
328.122559
328.145050
328.295929
328.293091
327.804840
327.894165
328.068207
328.157135
327.971313
327.910034
327.939911
327.494354
327.517120
327.375549
326.975555
326.929321
326.850983
326.553741
326.290955
326.280884
325.838867
325.357727
325.648132
325.146057
324.833740
324.510590
324.265778
323.935516
323.712769
323.683868
323.309570
323.428558
323.342499
322.462830
322.208374
322.110779
322.248901
322.254181
322.100739
321.979156
321.833008
321.869690
321.559906
321.249664
321.733521
321.367096
321.479187
321.486298
321.736694
321.587921
321.832581
321.802307
321.960327
321.755768
322.040588
322.029480
322.392944
322.623718
322.491150
323.226532
322.869232
323.660065
323.522064
324.185608
324.634644
324.358643
325.121857
325.273346
325.567261
325.665833
325.871368
326.220581
326.595703
326.739197
327.026184
326.913879
327.522095
327.152008
327.714691
328.577515
328.447418
328.586121
328.384796
329.177704
328.526428
328.550262
329.070587
329.080200
329.197601
329.172577
329.038116
329.150757
329.507202
329.177399
329.069336
329.234406
328.866760
328.915161
328.681976
328.498016
328.340210
327.932312
327.852020
328.291809
327.655762
327.416992
327.414185
327.538971
327.265320
327.127380
326.408295
326.439850
325.875610
325.507080
325.855225
325.554810
324.930786
324.869965
324.775208
324.545349
324.294281
324.414276
324.679016
324.128937
323.864990
324.097687
323.646606
323.455597
323.309052
323.322571
323.292023
323.321320
323.283447
323.544739
323.671600
323.530914
323.391815
323.660919
323.604187
324.095184
323.919373
324.175201
324.513977
324.780029
324.368347
324.895355
325.097809
325.141602
325.196869
325.816956
325.971497
326.308167
326.743622
326.900177
327.403961
327.426575
327.686798
328.369049
328.402557
328.392609
328.870575
329.385468
329.152039
329.433258
329.646576
330.026794
330.334198
330.280426
330.533813
330.762970
330.355743
330.892242
330.734283
330.951141
331.175018
330.915039
331.260071
331.328156
331.073334
331.304443
331.262573
331.145691
330.768799
330.864868
330.834229
330.489990
330.634827
331.078888
330.574615
330.247955
330.234772
329.946838
329.905609
329.566254
329.578735
329.758606
329.285461
328.602020
328.662140
328.695740
328.540466
327.972229
327.738129
327.937195
327.724945
327.321411
327.234100
327.173645
326.983429
327.182404
326.528534
326.781311
326.551880
326.778992
326.342834
326.586578
326.673645
326.411346
327.300568
326.912903
326.817139
327.218323
327.249023
327.236389
327.149078
327.793365
327.627930
327.676544
328.005066
327.809967
328.587219
329.000092
328.952881
329.027374
329.802399
330.007294
330.316223
330.663147
330.956055
331.482330
331.418549
332.223480
332.389404
332.663177
332.988190
333.255524
333.547211
333.751801
333.756378
334.234772
334.766815
335.109772
335.050751
335.021362
335.541992
336.002319
336.284485
336.212860
336.493011
336.170105
336.496185
336.480225
336.332306
336.536133
337.500397
336.770782
336.461365
337.140869
336.838806
336.764465
336.550079
336.584229
336.372314
336.176178
336.401550
336.038116
335.888916
335.445770
335.144104
335.063385
334.746155
334.940430
334.720764
334.381622
333.858490
333.927551
333.538849
333.079529
333.089813
333.203094
332.502563
332.765625
332.100922
332.463348
331.817139
332.113220
332.020813
331.545349
331.585602
331.276215
331.321564
331.428192
331.327087
331.326965
331.019836
331.054596
331.273224
331.544708
331.643219
331.881958
331.388000
331.480621
331.822235
331.771484
332.593872
332.571716
332.724335
332.806366
333.067322
333.741333
333.520050
334.057434
334.495178
334.796478
335.023102
334.830536
335.661804
336.093018
336.477203
336.485199
337.320374
337.553772
337.662933
338.141602
338.450195
339.074219
339.268768
339.221985
339.830139
340.155334
340.030457
340.577393
340.558655
340.800262
340.975769
341.538666
341.458313
341.626831
341.488159
342.215485
342.293549
341.951477
342.172913
342.310699
342.335083
342.514374
341.924622
342.395752
341.643341
341.848083
341.674652
341.804840
341.481140
341.246674
340.982208
340.692261
340.722839
340.201263
339.907379
339.769836
339.752869
339.403229
338.946381
338.836761
338.309662
337.959656
337.647614
337.887360
337.074158
336.577026
336.473389
336.237213
335.733307
336.328247
335.980133
335.790985
335.338928
335.330597
335.166595
335.042603
334.519470
334.936127
334.731354
334.589996
334.270111
334.435089
334.059296
334.396820
334.583527
334.765198
334.728241
334.845581
334.825623
334.872040
335.169006
335.403412
335.467133
336.054108
335.660736
335.977142
335.858032
336.682251
336.912201
336.909637
337.279724
337.234711
337.737915
337.716675
338.233429
338.634491
338.662689
339.509338
339.454651
339.672089
339.606720
340.245331
340.411804
340.647461
341.116394
340.696869
341.187622
341.720245
341.653107
341.818176
341.944336
341.901581
341.656281
342.388855
341.994110
342.352203
342.136566
342.265045
342.363708
342.020020
341.836395
342.143097
341.934479
342.073975
342.038727
341.748413
341.739990
341.289307
341.092529
341.080322
340.600677
340.410583
340.195526
340.321533
339.532654
339.823639
339.505310
338.743805
338.878571
338.243103
338.141174
338.052856
337.742462
338.033997
337.186401
337.179321
337.008881
336.755249
336.842804
335.990967
336.439972
336.295563
336.296570
335.880524
336.011017
335.749969
335.980499
335.603363
335.485474
335.702362
335.840240
335.890839
336.097443
336.165955
336.085938
336.169861
335.947662
336.248047
336.664703
336.806274
336.681793
336.936340
337.426239
337.689514
337.123718
337.756256
338.488617
338.591919
338.275330
338.703522
338.997772
338.939240
339.098846
339.525635
339.892670
339.773132
339.886444
340.114319
340.084045
340.790527
340.552277
340.571960
340.643433
340.971741
340.695648
340.887421
340.451019
340.629547
340.979675
340.422791
340.734741
340.659241
340.783295
340.588837
340.685791
340.230469
339.926666
340.373779
340.128906
339.597778
339.244720
339.482483
338.947418
339.314636
338.305786
338.066956
337.945953
338.350800
337.441162
337.192474
336.902802
336.912079
336.780670
336.306671
335.926483
335.997070
336.030579
335.487091
335.220551
335.176422
334.841095
334.557678
334.289825
334.286530
334.085663
333.890686
334.123901
333.857391
333.644989
333.464539
333.521729
333.809570
333.565460
333.968750
333.482666
333.767883
333.741180
334.024841
333.737854
334.584167
334.586548
334.677216
334.402740
334.956635
335.085266
334.945801
335.643890
335.416199
335.856171
336.101379
336.163513
336.385376
336.936157
337.091248
337.157166
337.227417
337.142609
337.348267
338.131226
338.053375
337.951294
338.113953
338.078461
338.824188
338.420105
338.466003
338.079010
338.126953
338.177887
338.284363
338.223999
338.084412
338.039703
337.973694
338.038940
338.144958
337.603729
337.174591
336.873413
337.222504
336.619812
336.569397
336.230927
335.927856
335.014648
335.226868
335.164398
334.850739
334.599945
333.999115
334.098785
333.290649
333.624939
333.208832
332.375183
332.824158
332.685211
332.440399
331.692474
332.026917
331.568176
331.948181
331.341278
331.479034
331.371552
331.688354
331.844635
331.620758
331.621796
331.703278
331.511505
331.879547
331.979523
332.266327
332.295135
332.500793
333.385376
333.367828
333.827759
334.195038
334.315308
335.115143
335.227142
335.569824
336.244263
336.837830
336.809631
337.284882
337.725342
338.179718
338.136505
338.611115
338.114990
338.745544
338.583588
338.338806
338.603119
338.490875
338.031433
337.905762
337.668884
337.251129
336.193573
336.289368
334.514771
333.719269
332.592407
331.116608
330.292114
328.164032
326.674927
324.361145
322.804260
320.257446
318.145813
315.904419
312.560303
310.186707
307.294037
304.126648
300.412323
297.399841
293.804169
290.308685
286.564575
283.034393
278.846619
274.449249
270.437531
266.665955
262.028656
258.004211
253.460541
249.225967
245.029327
240.858521
236.447571
232.489914
228.412430
224.503769
220.645264
217.520584
213.435745
210.172775
207.250961
203.615799
201.192993
198.743347
196.051376
194.122635
192.512146
190.793365
189.623276
188.331360
187.734207
187.342529
187.343781

197.877731
185.685410
185.757202
186.741501
187.678909
189.116013
190.378418
191.961227
193.952194
196.341354
198.743622
201.451599
204.170975
206.968048
210.591187
213.869446
217.378265
221.186188
224.746124
228.557678
232.413712
236.298813
240.444580
244.568222
248.496414
252.599243
256.224365
260.554199
264.469452
268.526001
272.383850
276.155945
279.717468
283.383026
286.621979
290.417114
293.340912
296.247070
299.337860
301.919037
304.654572
307.216614
309.237610
311.583008
313.627533
315.328461
317.169800
318.653900
320.471008
321.474121
323.053009
324.212921
324.490417
325.399994
326.126495
326.548218
326.765198
327.493317
327.779205
327.834351
327.870453
327.950043
327.892548
327.814880
327.307709
327.953339
327.511719
326.852539
326.820862
326.462555
326.075928
325.502014
325.252319
324.804932
324.758026
324.443329
324.117523
323.385956
323.575714
323.383118
322.940308
322.414001
322.459290
322.205750
321.849762
321.811951
322.328369
321.922485
322.232178
322.224243
322.148926
322.576141
321.762817
322.336853
322.420227
322.599396
322.688232
323.039368
323.128998
323.471741
323.814575
323.910278
324.180756
324.369751
324.943817
325.149445
325.577728
325.547333
325.821075
326.396851
326.577545
327.432800
327.642029
327.328186
327.734772
327.940582
328.503723
328.786987
328.545258
329.116119
329.335541
329.225189
329.288605
329.753632
329.749329
329.546844
329.867035
329.450684
329.600922
329.470795
329.438843
329.585663
329.077332
328.571198
329.150909
328.514465
328.446594
328.097565
327.990082
327.458405
327.036377
327.130280
326.701874
326.683228
326.241638
325.466583
325.603882
325.487854
324.992004
324.402496
324.267670
323.909119
323.955353
323.132721
323.369171
322.895569
322.584503
322.528412
322.246002
322.140442
322.075195
321.337585
321.794739
321.592346
321.342560
321.870270
321.168884
321.746552
321.725372
321.798859
321.516174
322.046906
321.856934
322.062592
322.122437
322.291870
322.681213
322.559326
323.007751
323.371704
323.497070
323.750214
323.549011
324.346130
324.713348
325.264984
325.130249
325.339203
325.941345
326.286591
326.424225
327.249512
327.021729
327.343872
327.786072
328.268707
328.095276
328.604675
328.868500
329.200836
329.424713
329.455963
329.479126
330.162048
330.117584
330.313629
330.506195
330.676971
330.676941
330.542755
330.580811
330.395355
330.048615
330.451996
330.227905
330.263092
330.500336
329.905579
329.863068
329.423859
329.121185
329.208618
329.039459
328.677643
328.346100
328.116150
327.798248
327.288666
327.358978
326.646881
326.805054
326.106079
325.686462
325.710114
325.248810
325.109283
324.960358
324.126801
324.218506
323.774719
323.442810
323.008392
322.900970
322.872345
322.402740
322.523224
321.776550
322.129822
321.656616
321.394073
321.168427
321.130646
321.230377
321.382111
321.326508
321.159668
320.851379
321.297424
321.100616
321.299866
321.401031
322.041412
321.562103
321.840881
321.788849
322.453308
322.366150
322.857605
323.028259
323.314392
323.155060
323.338501
323.637360
323.855225
323.994354
324.783783
324.751373
325.014618
325.250031
325.580627
325.569092
326.011444
325.989258
326.866150
327.012207
326.844482
326.856079
327.222015
327.294495
327.472473
327.280426
327.936432
327.961426
327.439636
328.155182
328.157196
328.319977
328.294495
327.832336
327.932983
328.087982
328.169250
327.996155
327.959595
328.004486
327.562622
327.588013
327.443085
327.051971
327.002655
326.932953
326.639923
326.384277
326.379211
325.923431
325.478790
325.781738
325.308411
324.991455
324.672333
324.403412
324.096893
323.870911
323.838745
323.490936
323.611145
323.552704
322.675201
322.409546
322.294830
322.457825
322.486145
322.321136
322.208893
322.073273
322.116913
321.805328
321.503632
322.011292
321.604218
321.749390
321.772827
322.005676
321.864441
322.104980
322.093353
322.250702
322.037842
322.345490
322.293365
322.660187
322.897644
322.781982
323.500702
323.163208
323.922577
323.815430
324.444153
324.948761
324.650848
325.404480
325.547607
325.839661
325.933197
326.128662
326.491364
326.843323
326.966461
327.253235
327.154816
327.754089
327.397736
327.945435
328.818817
328.668793
328.785919
328.589630
329.369446
328.705139
328.718414
329.212219
329.212524
329.373108
329.297791
329.127686
329.255463
329.612610
329.286652
329.160522
329.326263
328.918274
328.971375
328.709930
328.556976
328.340179
327.937012
327.874573
328.278625
327.655884
327.386230
327.393890
327.500763
327.188171
327.053192
326.335236
326.366058
325.774750
325.391571
325.738098
325.448914
324.808960
324.731354
324.638702
324.393402
324.162567
324.258026
324.497833
323.943298
323.687195
323.900757
323.452850
323.279633
323.084198
323.110596
323.090271
323.106384
323.075592
323.319275
323.460785
323.314117
323.177826
323.417969
323.398926
323.874207
323.693604
323.955963
324.299469
324.569122
324.165894
324.692261
324.889984
324.941345
325.039185
325.621918
325.795654
326.114868
326.566101
326.714233
327.235229
327.276855
327.539490
328.195526
328.274750
328.262543
328.770599
329.292786
329.047333
329.376709
329.537109
329.947296
330.224396
330.203339
330.508087
330.732758
330.327454
330.864410
330.702423
330.953583
331.181213
330.936188
331.287964
331.364960
331.095398
331.369659
331.317810
331.196198
330.877655
330.980865
330.957092
330.597595
330.767365
331.242706
330.759155
330.400330
330.402954
330.166382
330.095367
329.745850
329.819092
329.991455
329.513489
328.834442
328.914062
328.960541
328.842957
328.276184
328.033997
328.224884
328.022064
327.663849
327.516418
327.489899
327.322235
327.527466
326.873962
327.141266
326.918427
327.129852
326.725922
326.942291
327.039551
326.786133
327.145447
327.309357
327.209930
327.564697
327.584381
327.608154
327.510895
328.181183
328.031647
328.046021
328.397705
328.205231
328.948639
329.366486
329.336121
329.405884
330.192200
330.347656
330.667175
331.051239
331.296967
331.776031
331.775482
332.525024
332.699219
332.994476
333.288879
333.561920
333.809082
334.061829
334.009796
334.494049
335.012299
335.356873
335.304169
335.281097
335.772888
336.228760
336.476166
336.405334
336.667480
336.340546
336.645142
336.609131
336.483917
336.655945
337.612488
336.879883
336.574738
337.202637
336.924194
336.859589
336.630859
336.645508
336.396515
336.232544
336.416382
336.070496
335.926453
335.448822
335.109070
335.055237
334.738220
334.921021
334.678741
334.309906
333.813934
333.851532
333.458069
332.969299
332.939026
333.091705
332.397919
332.653259
331.966156
332.294098
331.648895
331.953583
331.851135
331.357880
331.415955
331.065277
331.108826
331.224609
331.131104
331.098846
330.780243
330.822052
331.037994
331.284729
331.372833
331.622589
331.141632
331.223022
331.553589
331.494568
332.292969
332.311798
332.435364
332.492767
332.772186
333.455048
333.234406
333.776367
334.163483
334.459503
334.718475
334.510956
335.361755
335.766632
336.172302
336.169556
336.993835
337.226379
337.306610
337.802124
338.105011
338.723328
338.929749
338.858490
339.474915
339.794128
339.691010
340.224579
340.196289
340.454620
340.600098
341.187561
341.109436
341.258148
341.136292
341.871429
341.948425
341.612549
341.812012
341.963318
341.999573
342.160248
341.575287
342.054291
341.277313
341.523468
341.320374
341.448883
341.124725
340.882568
340.655212
340.350769
340.377350
339.884552
339.571747
339.447784
339.426453
339.083710
338.606628
338.506561
337.964539
337.632294
337.292816
337.583435
336.752411
336.243408
336.149994
335.913666
335.398346
336.001587
335.674957
335.496002
335.039246
335.027679
334.875397
334.750641
334.210449
334.650330
334.451965
334.264374
333.997162
334.152496
333.788605
334.138580
334.294647
334.501953
334.471466
334.588257
334.580872
334.651459
334.915009
335.138580
335.235626
335.825958
335.436554
335.756622
335.637573
336.462982
336.719604
336.715759
337.100952
337.036743
337.573761
337.507141
338.066681
338.475098
338.465668
339.374817
339.299286
339.513153
339.486511
340.132202
340.279144
340.480286
341.001770
340.573395
341.071991
341.607727
341.573608
341.729401
341.849731
341.836609
341.590485
342.325043
341.951782
342.277222
342.097321
342.249115
342.295044
341.914062
341.839996
342.114258
341.914001
342.078705
342.065033
341.783844
341.728790
341.246521
341.105225
341.092834
340.653656
340.470245
340.224121
340.340759
339.616302
339.866028
339.582916
338.802063
338.953796
338.366180
338.236237
338.134033
337.851318
338.121307
337.291779
337.308350
337.112762
336.877563
336.969910
336.108459
336.379822
336.405487
336.452667
335.989136
336.117828
335.907776
336.135223
335.713501
335.636139
335.841431
336.019257
336.030731
336.252594
336.334106
336.242188
336.340424
336.142334
336.427704
336.807648
336.990234
336.854553
337.120483
337.575073
337.855438
337.307495
337.934418
338.654755
338.794647
338.481171
338.881805
339.177673
339.082153
339.264496
339.704315
340.086365
339.960510
340.084778
340.304321
340.248749
340.931641
340.705383
340.757599
340.841766
341.137665
340.879242
341.062866
340.656860
340.801239
341.159485
340.602539
340.888947
340.847961
340.973633
340.760406
340.882812
340.402252
340.090820
340.560181
340.285614
339.745026
339.383850
339.620728
339.090057
339.452301
338.469452
338.238953
338.109711
338.515350
337.572327
337.366943
337.066803
337.077271
336.933716
336.462646
336.079041
336.153473
336.182892
335.634064
335.369019
335.329254
334.964386
334.699799
334.423920
334.435242
334.220581
334.056274
334.271362
334.000031
333.791870
333.602692
333.665680
333.961853
333.703339
334.131104
333.644989
333.931976
333.913086
334.187347
333.915375
334.750336
334.754700
334.823700
334.577911
335.124939
335.248260
335.121735
335.784790
335.597595
336.023712
336.267426
336.343292
336.567139
337.119507
337.245697
337.353455
337.408905
337.324921
337.529602
338.303375
338.210358
338.139282
338.286499
338.264496
338.999939
338.587585
338.658844
338.263428
338.330780
338.376099
338.490143
338.410828
338.258453
338.195709
338.148926
338.214691
338.336761
337.809326
337.358276
337.060150
337.399872
336.817200
336.763489
336.422211
336.112305
335.192963
335.402130
335.343262
335.036896
334.773865
334.181458
334.286163
333.471039
333.777344
333.400940
332.563080
333.008881
332.849701
332.601532
331.866516
332.197052
331.724854
332.100800
331.501648
331.647369
331.527100
331.851746
331.998840
331.778687
331.760345
331.840332
331.662262
332.005798
332.115753
332.417511
332.423187
332.614685
333.511658
333.470856
333.955780
334.340088
334.424805
335.229126
335.347290
335.673584
336.349152
336.920929
336.893829
337.371002
337.820190
338.237732
338.184174
338.685181
338.166260
338.810883
338.623230
338.387848
338.643219
338.536407
338.063629
337.951263
337.696625
337.268829
336.226074
336.313202
334.508362
333.732056
332.573273
331.136932
330.279663
328.146088
326.667358
324.355347
322.784668
320.231567
318.116791
315.856201
312.511810
310.123322
307.245605
304.071167
300.355835
297.321533
293.749878
290.235687
286.483795
282.943817
278.774017
274.362854
270.356903
266.580322
261.933929
257.914062
253.349625
249.121078
244.924805
240.759796
236.340454
232.388123
228.289886
224.385010
220.520035
217.386230
213.320267
210.041382
207.115326
203.503006
201.060043
198.615448
195.916336
193.992966
192.391113
190.670914
189.494644
188.203690
187.596939
187.210388
187.208984

