289.655304
174.168686
174.339706
175.043304
175.961929
177.171387
178.644638
179.945663
181.925598
183.978241
186.171143
188.799622
191.531525
194.581680
197.275269
200.521317
203.744537
207.223145
210.827347
214.046753
217.739410
221.705429
225.332947
229.098495
232.981827
236.719421
240.735840
244.474747
247.771362
251.829132
255.154510
258.994812
262.077972
265.605103
268.932953
271.771790
275.010468
277.963593
280.679474
283.064331
285.982269
287.865021
289.943695
292.317810
294.303528
295.602173
297.960938
299.178375
300.530579
302.159210
302.845947
303.682404
305.060699
305.435211
306.293427
306.655945
307.264130
307.492310
307.711700
308.409912
308.400940
308.370422
308.171143
308.441681
308.317780
308.458496
307.757294
307.669098
307.651794
307.283997
307.253265
306.686401
306.817383
306.295258
306.408417
305.745514
305.864777
305.406372
304.828644
304.577820
304.764343
304.812012
304.481384
304.400665
304.278931
303.957672
304.511230
304.155273
303.953247
304.320343
304.460419
304.563782
304.812958
304.857758
304.727448
305.111511
305.409973
305.558594
305.621002
306.113831
306.456635
306.893250
307.359924
307.744232
307.768127
308.240906
308.425873
308.643036
309.045685
309.539093
309.810913
310.146545
310.263123
310.839966
311.473480
311.290741
311.655945
311.986359
312.621704
312.422058
312.553680
312.704163
313.104553
313.131622
313.135101
313.480927
313.333618
313.228699
313.520569
313.477936
313.588715
313.394012
313.371704
312.887909
312.695465
312.662415
312.914001
313.079315
312.331879
312.057281
311.648956
311.600952
311.282593
311.479797
311.124725
310.737244
310.582581
310.319489
309.820160
310.273071
309.474457
309.292725
309.061005
308.891388
308.532288
308.815460
307.950653
307.324554
307.990875
308.017395
307.354218
307.387909
307.550201
307.409149
307.331940
307.329132
307.554993
307.434082
307.797760
308.006348
307.646851
307.773346
308.188446
308.449738
308.373383
308.269592
308.766174
308.939178
309.270752
309.278198
309.859467
310.047546
310.320160
310.590637
310.893982
311.466156
311.964355
312.325287
312.595764
313.150391
312.996063
313.503723
313.860016
314.391907
314.792664
314.507202
315.082184
315.721710
316.079834
316.066376
315.894958
316.303711
316.761322
317.257751
316.876404
317.359680
317.400299
317.365875
317.424561
317.589600
318.264008
317.816620
317.681366
317.774414
317.885498
317.715637
317.879761
317.658417
317.171112
317.222076
316.796844
317.132904
316.844574
316.718750
316.617706
316.190796
315.973663
315.324799
315.302490
315.422241
314.670898
314.551666
314.607666
313.761566
313.761139
313.901398
313.338348
313.307495
312.775452
312.913666
312.475403
312.654022
312.068420
312.208588
311.772766
311.618561
311.169312
311.306946
310.893646
311.248169
310.968353
311.084290
311.113037
311.089050
310.937592
311.362396
310.905060
311.417908
311.209106
311.626434
311.633698
311.721710
312.092834
312.309021
312.667877
312.312042
312.630707
313.120880
313.305634
313.884674
314.118469
314.338165
314.497375
314.805573
315.033264
315.584900
315.657684
315.869568
316.664490
316.909119
316.743713
316.585785
317.624176
317.817566
317.904999
318.284637
318.419281
318.510254
318.982147
319.077118
319.308929
319.600433
319.550629
320.215485
319.796844
319.972504
319.958801
319.837128
320.119446
320.006805
319.818054
320.065247
320.156372
320.017700
319.798981
320.009308
320.222076
319.614105
319.616852
319.282410
319.832428
319.362396
319.211212
318.587189
318.505432
318.446838
318.382721
317.955841
317.803833
317.601166
317.070221
316.922699
317.014282
316.702454
316.457275
316.681396
316.909149
316.303528
315.787537
316.021820
315.926544
316.145508
315.731049
315.494293
315.812836
315.242554
315.826294
315.292480
315.293579
315.291443
315.497284
316.047791
315.745911
315.835693
315.728333
315.775879
316.514618
316.457947
316.559174
316.831726
316.933899
317.123535
317.409912
317.445282
317.976562
318.227386
318.290588
318.722504
319.457001
319.423981
319.869049
320.043762
320.283936
320.762329
320.725708
320.886658
321.522369
321.502075
321.814270
321.972778
322.511688
322.952759
322.967407
322.936127
323.690826
324.202942
324.075500
323.812500
323.870483
324.062805
324.713318
324.436646
324.840271
324.669769
324.506531
324.726776
324.606964
324.915680
324.685028
324.705841
324.967621
324.232239
324.472504
324.504761
324.408691
323.986267
323.870575
323.697815
323.933075
323.710968
323.113525
323.189331
322.849396
323.100494
322.700745
322.092773
322.286926
321.999084
322.123657
321.781494
321.299316
321.126740
321.540985
320.761353
321.071594
320.609314
320.479828
320.580292
320.470703
320.534821
320.439880
320.238312
320.026428
320.025177
320.233521
320.383240
320.216980
320.367676
320.316864
320.286285
320.396027
320.312469
320.691376
320.732544
321.011658
321.191742
321.546875
321.524750
322.129242
321.948822
321.904053
322.402161
323.044281
322.888550
322.933350
323.180176
324.198364
324.111237
324.540955
324.748108
324.843231
325.126221
324.987305
326.009216
325.851257
325.842590
326.557983
326.586884
327.054199
327.280182
327.546570
327.621735
327.779266
327.813110
328.366852
328.299225
328.543945
328.564728
329.029510
328.136902
329.131989
328.947540
328.969147
329.112854
328.975311
329.174133
328.808960
328.798737
329.010559
328.729584
328.266602
328.804779
328.674103
328.569244
328.253082
328.083832
328.329987
327.309723
327.413788
327.324493
327.194824
326.852173
326.794983
326.149323
326.551697
326.714417
326.182587
325.966370
326.050720
325.646332
325.766571
325.510986
326.086029
325.630096
325.521088
325.479431
325.111847
325.436707
325.544189
325.787750
325.351349
326.086609
325.962097
325.913300
325.875671
326.033325
326.547485
326.534332
326.671570
326.583496
326.972382
327.246857
327.641846
328.193054
327.645508
328.381439
328.553528
329.166809
329.382172
329.648285
330.239502
330.476685
330.664124
331.232178
331.466858
332.028748
332.619263
332.791809
333.451477
333.609375
333.922913
334.557953
334.706604
334.757507
335.173096
335.550873
335.739166
336.003662
336.331757
337.017517
336.911682
337.472412
337.334076
337.614685
337.333313
337.674225
338.022705
338.114532
338.128235
338.039520
338.273743
338.145264
338.106018
338.040161
338.279968
338.088776
338.016113
338.250031
337.675812
337.915588
338.185242
337.131073
337.427704
337.719696
337.394043
337.083862
336.651703
336.669098
336.458801
336.528442
336.296906
335.739441
335.858246
335.490540
335.587860
335.368652
335.071564
335.355591
334.967957
334.852692
334.477600
334.749725
334.197937
334.376465
334.412079
334.555756
334.328949
334.806305
334.528564
334.597107
334.499115
334.868591
335.333282
334.677765
335.559540
335.620880
335.255249
335.800629
335.875122
336.231934
336.590210
337.042694
337.252563
337.445831
338.026276
337.744629
338.710968
339.104370
339.540924
339.573975
339.836639
340.402252
341.139923
340.933472
341.917480
342.388092
342.367371
342.851654
343.269104
343.675751
344.218536
344.728027
344.861328
344.969940
345.762756
345.809174
345.909698
346.749817
346.641083
346.842743
347.057465
347.040314
347.709808
347.883423
347.791046
348.075531
347.778992
347.439728
348.198517
348.317169
347.990295
348.192841
347.507843
347.948181
347.881470
347.676270
347.045319
347.506897
347.123138
346.413940
346.908325
346.553833
347.016449
346.332001
345.626312
345.426300
345.401825
345.011719
344.989349
344.395508
344.601959
344.286133
344.089203
343.529053
343.265198
343.349823
343.079712
342.639526
342.723083
342.844086
342.303497
341.867249
342.006775
342.049988
341.803253
341.639496
342.016998
341.910553
341.403015
341.264191
341.291595
341.812408
341.618408
341.718414
342.120850
342.058746
341.914215
342.338531
342.709625
342.723053
342.697052
343.327850
343.800629
343.197540
343.917175
344.042816
344.659760
344.453827
345.113861
345.006470
345.326935
345.921509
346.585358
346.962128
346.439850
347.136627
347.206421
347.863892
348.435181
348.438690
348.729858
348.662903
349.428070
349.215485
349.543427
349.601074
349.980133
350.252441
350.528595
350.417084
350.926025
350.603546
350.550568
351.035767
350.908051
351.270264
351.322144
350.748260
351.286194
350.900116
351.174011
350.889923
350.687378
350.776855
350.573914
350.833710
350.107300
350.436096
349.434875
349.585052
349.967529
349.629364
349.242859
348.893768
348.495026
348.440155
348.804260
347.815674
348.360779
347.611847
347.014404
347.351440
347.123871
347.213531
346.767609
347.059387
347.086548
346.409912
346.383331
346.058807
346.145599
346.119812
345.877838
345.654572
346.019135
346.193237
346.087097
345.640106
346.249237
345.770050
346.623749
346.275818
346.553925
346.418213
346.962341
346.624298
346.985321
346.957855
347.497803
347.209503
347.911224
347.936768
347.950714
348.884674
348.697021
348.858398
349.099213
349.256683
349.915588
349.510956
350.424591
350.338898
350.643402
350.464020
351.414612
351.099640
351.172211
351.874908
351.612915
352.087585
351.430969
352.012207
352.183167
352.308960
352.185608
352.722076
352.514862
352.473114
352.948029
352.744080
351.893738
352.229431
352.190277
352.269470
352.289093
351.646698
351.809937
351.440430
351.265533
351.350311
351.190674
350.850220
350.300476
350.503723
349.865326
349.809601
349.859772
349.904083
348.926697
349.001953
348.687042
348.043396
348.414032
347.964478
347.632233
347.836151
347.781219
347.091522
347.149719
346.682190
346.648682
346.374115
346.573578
346.717621
346.082153
346.268860
345.821472
346.309845
346.335846
346.318481
346.091064
345.825806
346.351868
346.737610
346.387177
346.557587
346.751373
346.894775
347.285767
347.712494
347.298157
347.557159
347.826416
348.357178
348.476288
348.875946
348.413391
349.399170
349.005737
349.622009
349.520142
350.101654
349.927826
350.482605
350.358063
351.000336
350.841736
351.110321
351.139526
351.564575
351.200928
351.436920
351.338196
351.520752
351.655731
351.566284
351.803894
351.386932
351.947754
352.002533
351.872314
351.229156
351.281738
351.378418
350.919739
351.019165
350.680267
350.025757
350.131409
349.796783
349.755096
349.488708
349.280884
348.961487
348.835175
348.205414
348.510956
347.766968
347.740326
347.456940
346.995758
347.072052
346.694550
346.521698
345.816193
345.910126
345.875580
345.626801
345.297150
345.692841
345.301147
345.502655
344.955261
345.218964
345.417969
345.278168
345.641632
345.123840
345.860382
346.024292
346.210876
346.282074
347.027100
347.201538
347.158020
347.767548
348.227814
348.551483
348.735596
349.483765
349.410522
349.866333
349.992645
351.291870
351.050385
351.961182
352.270020
352.176117
352.283630
353.205872
353.127136
353.007538
353.267822
353.704285
353.704865
352.917633
352.939545
352.838593
352.145844
351.539093
350.926056
350.280823
349.197357
348.549133
347.865295
346.191284
344.318665
342.839691
341.351746
339.236816
337.011505
334.524811
332.107574
329.694336
327.063538
323.811798
321.164703
317.928925
314.289825
310.713531
306.974182
303.487885
299.087280
294.756042
290.959320
286.674744
282.532013
277.925323
273.601227
269.189880
264.729858
260.130432
255.726944
251.154236
247.187424
242.330154
238.665192
233.977463
229.991074
226.672546
222.570831
219.209778
215.680893
212.648483
209.816376
207.005783
204.502655
202.431870
200.809677
199.059052
197.853348
196.715378
195.604904
195.807587
195.825989

284.394958
174.329697
174.506958
175.225464
176.151581
177.371170
178.843155
180.142929
182.146103
184.182892
186.389511
189.020889
191.765045
194.802658
197.543381
200.798447
204.022644
207.500168
211.134216
214.353439
218.057388
222.020630
225.671036
229.466537
233.356720
237.100250
241.139664
244.903473
248.200806
252.275391
255.622375
259.446228
262.570801
266.109711
269.435699
272.297394
275.557159
278.542938
281.273102
283.674805
286.612610
288.515717
290.581360
293.015778
295.014771
296.318298
298.700226
299.871735
301.271210
302.954498
303.646271
304.505127
305.884430
306.251740
307.128876
307.545135
308.140106
308.358826
308.585999
309.323517
309.330017
309.323303
309.106720
309.409119
309.261230
309.408508
308.745300
308.649139
308.645844
308.271088
308.254791
307.650146
307.841034
307.275452
307.404846
306.755432
306.894562
306.415039
305.805420
305.589783
305.772675
305.778534
305.485046
305.387482
305.267670
304.962219
305.452820
305.110352
304.876465
305.240845
305.392303
305.473846
305.757355
305.729462
305.604340
305.980438
306.268066
306.397247
306.433075
306.907013
307.233673
307.651276
308.105621
308.475189
308.491943
308.942902
309.074005
309.295380
309.650482
310.130096
310.392700
310.701691
310.790466
311.359955
311.978912
311.777222
312.135620
312.408661
313.024963
312.788544
312.924988
312.996613
313.424896
313.431396
313.433197
313.743103
313.576202
313.438293
313.714691
313.643921
313.720581
313.538147
313.468231
312.964447
312.755066
312.695496
312.937592
313.090424
312.343994
312.027191
311.587616
311.514038
311.184875
311.387878
310.948975
310.598297
310.412842
310.142151
309.660645
310.058960
309.257477
309.051819
308.807800
308.656006
308.211700
308.520508
307.664429
307.008453
307.665436
307.710754
307.029785
307.055145
307.227448
307.049255
306.998840
306.991150
307.206726
307.096344
307.424164
307.634369
307.273926
307.412903
307.827087
308.098755
307.997681
307.910858
308.426575
308.565582
308.913788
308.932251
309.525940
309.703552
309.994232
310.245453
310.590790
311.132019
311.627045
312.021667
312.297119
312.870300
312.731964
313.248749
313.615479
314.138702
314.530273
314.295929
314.880096
315.526550
315.866333
315.859283
315.696716
316.137482
316.586151
317.113983
316.769379
317.268250
317.301758
317.270355
317.370819
317.507233
318.214111
317.748810
317.651947
317.763214
317.877228
317.738129
317.918121
317.684113
317.234985
317.268494
316.852905
317.239990
316.958282
316.831146
316.724945
316.335449
316.155609
315.488007
315.478546
315.619781
314.878143
314.782318
314.823029
313.996216
314.012817
314.170563
313.586792
313.631897
313.063507
313.236145
312.794647
312.949402
312.434753
312.558502
312.115875
311.989105
311.531982
311.683990
311.287109
311.642456
311.388031
311.508179
311.516205
311.521088
311.401001
311.846191
311.348877
311.887085
311.676727
312.115906
312.128510
312.213593
312.606354
312.831268
313.181702
312.859039
313.159088
313.646362
313.869690
314.475037
314.715393
314.906982
315.084961
315.391998
315.653259
316.191254
316.282990
316.535156
317.300232
317.545013
317.422791
317.266876
318.320953
318.490784
318.603271
318.966125
319.149963
319.242310
319.721375
319.840973
320.062714
320.364166
320.324402
320.994629
320.603607
320.807556
320.793060
320.683105
320.991760
320.888611
320.695679
320.973480
321.012329
320.923309
320.697021
320.890472
321.136780
320.544983
320.574829
320.256531
320.795166
320.367188
320.176514
319.568604
319.498047
319.478394
319.410675
319.016571
318.861206
318.700012
318.130005
318.008453
318.081116
317.786560
317.610474
317.784241
318.036346
317.459442
316.944061
317.131073
317.074371
317.280487
316.905579
316.702087
316.972015
316.453522
317.024261
316.429932
316.548767
316.483307
316.759796
317.329193
316.975677
317.073700
316.944214
317.009094
317.756378
317.696686
317.794525
318.055695
318.187592
318.418549
318.647949
318.707733
319.190063
319.468903
319.526520
319.971741
320.674652
320.626648
321.106262
321.299896
321.469696
321.962128
321.897858
322.103729
322.742767
322.685852
322.989777
323.158234
323.697479
324.061310
324.109680
324.057617
324.792389
325.297455
325.191040
324.934143
324.953644
325.115509
325.729950
325.462189
325.904083
325.650574
325.516235
325.735748
325.551819
325.863586
325.633423
325.668365
325.886475
325.164459
325.336517
325.323669
325.218994
324.821777
324.688812
324.525665
324.722870
324.500977
323.872009
323.919220
323.576172
323.772461
323.370636
322.809753
322.923645
322.666809
322.774597
322.360321
321.875641
321.664917
322.162109
321.287262
321.587891
321.089447
320.967651
321.060608
320.856232
320.962921
320.856812
320.633209
320.414307
320.415680
320.593903
320.739471
320.509491
320.660217
320.594330
320.587891
320.665894
320.635651
320.920013
320.981934
321.195923
321.378265
321.755737
321.770508
322.342865
322.127502
322.073212
322.573334
323.222900
323.030243
323.052826
323.332092
324.361359
324.223145
324.642700
324.830597
324.936035
325.221069
325.046692
326.098053
325.898315
325.912384
326.665405
326.640198
327.106964
327.311859
327.622406
327.681396
327.821594
327.853912
328.389740
328.337860
328.563293
328.592560
329.032654
328.161163
329.152466
328.972534
329.018951
329.147278
328.980377
329.215820
328.837555
328.811462
329.031342
328.752228
328.276428
328.846375
328.729095
328.599945
328.278259
328.127045
328.351929
327.311981
327.469269
327.363586
327.248138
326.931091
326.838135
326.176056
326.625885
326.750305
326.233124
326.032410
326.120026
325.709625
325.814636
325.562347
326.118591
325.697968
325.547516
325.543823
325.174377
325.511597
325.588257
325.861389
325.420258
326.125366
325.923676
325.976440
325.936188
326.087585
326.597321
326.589874
326.710663
326.633575
327.013641
327.287415
327.668945
328.188934
327.678009
328.425903
328.584625
329.192596
329.439606
329.695831
330.259674
330.509735
330.684357
331.238220
331.479950
332.057800
332.623688
332.806610
333.414246
333.594757
333.914246
334.564178
334.696381
334.739075
335.123169
335.515320
335.696838
335.941895
336.280792
336.952667
336.835236
337.415100
337.279388
337.563629
337.243805
337.621246
337.952881
338.029816
338.036407
337.966705
338.188354
338.038483
337.998291
337.947327
338.161407
337.987518
337.906067
338.118286
337.579865
337.772766
338.067017
336.992889
337.295715
337.592682
337.270782
336.982086
336.535217
336.556305
336.334229
336.379333
336.142609
335.622375
335.695282
335.373840
335.452911
335.249268
334.937042
335.222290
334.810974
334.720764
334.342499
334.608307
334.092407
334.257050
334.254944
334.438782
334.204620
334.667053
334.425323
334.482544
334.366272
334.752777
335.194916
334.586823
335.446167
335.518555
335.120880
335.715363
335.772858
336.136963
336.494659
336.986847
337.143738
337.378296
337.978180
337.701691
338.659088
339.054016
339.502167
339.521362
339.800323
340.396759
341.138641
340.914612
341.929749
342.389984
342.383545
342.840149
343.278748
343.684601
344.223175
344.763977
344.930573
345.036346
345.845337
345.841736
345.988861
346.815643
346.733307
346.895203
347.123474
347.113525
347.792847
347.981598
347.845001
348.231079
347.914642
347.570953
348.317383
348.436279
348.124512
348.360229
347.693573
348.109375
348.028534
347.839020
347.183289
347.670013
347.294342
346.542297
347.076782
346.743469
347.199646
346.514587
345.798828
345.673279
345.574341
345.238586
345.221313
344.621246
344.814117
344.474060
344.270599
343.705688
343.470123
343.545624
343.288116
342.839020
342.939270
343.059174
342.497467
342.110260
342.227386
342.256561
342.060913
341.858612
342.267578
342.168854
341.675415
341.515411
341.553436
342.065674
341.883453
341.950500
342.342926
342.311859
342.094147
342.572784
342.959442
342.955505
342.975342
343.562500
344.028687
343.471008
344.119568
344.288452
344.942993
344.697601
345.363068
345.258179
345.619293
346.149536
346.858521
347.194366
346.679230
347.364349
347.396149
348.089203
348.664948
348.671051
348.961304
348.888000
349.629944
349.458008
349.772095
349.845581
350.183014
350.486603
350.754608
350.626831
351.127136
350.843719
350.817902
351.280273
351.125244
351.493103
351.510773
350.988251
351.505951
351.122833
351.389465
351.113647
350.881958
350.975922
350.789581
351.037689
350.337463
350.682159
349.675995
349.822144
350.184998
349.842590
349.462769
349.108032
348.693237
348.665924
348.989532
348.044281
348.527985
347.752747
347.204346
347.531311
347.336609
347.406555
347.018066
347.271362
347.270721
346.622681
346.535980
346.239105
346.299561
346.294434
346.052490
345.839905
346.190979
346.377960
346.273743
345.788940
346.409637
345.954437
346.802948
346.424255
346.712494
346.573792
347.116516
346.762848
347.102173
347.113525
347.620941
347.346619
348.093079
348.055969
348.102478
349.024841
348.822784
348.955658
349.205566
349.348511
350.029755
349.613800
350.528473
350.436584
350.722626
350.554535
351.498962
351.182434
351.252625
351.920593
351.719757
352.160126
351.496674
352.056519
352.252930
352.342590
352.248718
352.789948
352.589752
352.535675
353.006104
352.791321
351.960510
352.258209
352.215515
352.288330
352.299347
351.662994
351.845978
351.456268
351.293427
351.338928
351.196625
350.824707
350.267242
350.494232
349.844757
349.780426
349.807587
349.845795
348.877930
348.963684
348.645599
347.981812
348.379303
347.933136
347.587311
347.758240
347.725616
347.019531
347.083099
346.613159
346.567078
346.284088
346.498383
346.628876
345.996704
346.176422
345.710724
346.193085
346.226471
346.219635
345.979889
345.716583
346.246887
346.592072
346.252014
346.419281
346.639648
346.752747
347.159851
347.579651
347.144592
347.417999
347.671936
348.223450
348.361664
348.744080
348.268768
349.247772
348.876221
349.497162
349.386505
349.942505
349.763184
350.320129
350.213593
350.844574
350.686432
350.950470
351.009796
351.400665
351.030701
351.278046
351.180664
351.403076
351.483795
351.445190
351.681274
351.227722
351.812805
351.865997
351.727692
351.067383
351.142883
351.249817
350.788849
350.883301
350.569580
349.894592
349.993866
349.676483
349.629578
349.409363
349.172119
348.866486
348.747131
348.121094
348.403992
347.680634
347.651611
347.391663
346.937195
347.032990
346.653381
346.467926
345.789185
345.857635
345.864929
345.593903
345.279816
345.667419
345.305145
345.509094
344.960693
345.240356
345.427368
345.290466
345.694794
345.187195
345.936005
346.087097
346.288849
346.352966
347.063171
347.293915
347.264252
347.873322
348.338989
348.661957
348.865662
349.594910
349.567108
350.024109
350.157684
351.460083
351.240936
352.145630
352.464539
352.403687
352.481659
353.422150
353.366394
353.236725
353.527435
353.956299
353.962982
353.188049
353.224091
353.107819
352.451874
351.862091
351.261353
350.615143
349.558228
348.867737
348.229584
346.557861
344.682526
343.200592
341.730652
339.631470
337.415253
334.961151
332.502502
330.116638
327.498260
324.222504
321.584351
318.385559
314.737671
311.194641
307.437378
303.966888
299.572357
295.264557
291.442841
287.171722
283.050171
278.442108
274.121796
269.722687
265.259155
260.648499
256.289154
251.740051
247.740784
242.858536
239.224731
234.542053
230.545990
227.246017
223.132660
219.779282
216.270096
213.240540
210.384933
207.602386
205.068787
203.038040
201.409210
199.645798
198.440140
197.307220
196.188782
196.376999
196.628922

217.589569
184.690308
185.263504
186.041473
186.651886
188.154831
189.779205
191.251755
193.087997
195.379562
197.986465
200.348572
203.715668
206.394470
209.750275
213.088364
216.211197
220.156677
223.974731
227.703186
231.387878
235.379501
239.501389
243.592041
247.811142
251.716324
255.493408
259.383972
263.357788
267.515106
271.600555
274.798584
278.175720
282.464508
285.609528
288.982635
292.190643
294.730194
297.825653
300.779358
303.270355
305.566010
307.952637
310.126678
311.903076
314.210815
315.781158
317.322784
319.002106
320.219971
321.135468
322.055145
323.348755
323.849182
324.838104
325.093384
325.621216
326.128693
326.029510
326.218872
326.184296
326.389191
326.350494
325.944824
326.207153
326.067474
325.285645
325.445435
324.977661
325.423920
324.881958
324.372437
323.760986
323.613129
323.428925
323.157043
322.967804
322.582275
322.415680
322.052307
321.548157
321.427246
321.394104
320.847260
321.111115
320.695587
320.727570
320.251617
320.267151
320.502686
320.748444
320.581635
320.996033
320.917969
320.935669
321.007294
321.410248
321.961670
321.722168
321.751526
321.984589
322.502777
322.955566
323.414520
323.791077
324.418396
324.419952
324.490082
324.845978
325.739807
325.629791
325.452484
325.732941
326.234894
326.422058
327.004181
327.359650
327.428253
327.616791
327.727844
327.678040
327.931915
328.514465
328.516479
328.474274
328.488373
328.467102
328.409363
328.421417
328.117126
328.403259
328.330109
327.847382
328.016663
327.659393
327.731750
327.456421
327.513702
327.421814
326.669861
326.518494
326.017334
325.717468
325.176636
325.417755
325.078918
324.781006
324.444916
323.550781
323.858856
323.822144
323.288361
322.371216
322.529510
322.199677
321.830261
321.659149
321.406555
321.163635
320.815887
320.920593
320.875793
320.665771
320.797516
320.634460
320.181335
320.443878
320.273529
320.806458
320.611633
320.701752
320.801910
320.947235
321.015869
321.016022
321.679413
321.160553
321.776398
321.969727
321.895935
322.542236
322.876068
322.941528
323.504242
323.483398
323.764587
323.943756
324.536652
324.668182
325.334412
325.353363
325.539856
326.049927
326.661713
326.718994
327.096100
327.706299
327.678711
327.845795
328.198761
328.324799
328.319183
328.820251
328.988586
328.830658
329.184082
329.178314
329.377075
329.451050
329.281891
329.486877
329.368774
329.329224
329.397247
328.784546
329.609467
328.996063
328.816895
329.134003
328.816315
328.585663
328.376770
327.962036
327.623749
327.514832
327.490967
327.268982
326.431000
326.314423
326.195862
325.789886
325.123077
324.663879
324.776764
324.070404
324.099670
323.916718
323.671844
323.295990
322.992920
322.528717
322.141693
322.388763
322.105743
321.541107
321.870056
321.665558
321.428619
321.561798
321.061584
321.168274
321.436798
321.073792
320.933350
320.959625
321.033264
321.185272
320.792267
321.193939
321.142029
320.869965
321.539581
321.805389
321.502625
321.819977
322.052979
322.592896
322.561584
322.891296
323.051727
323.309357
323.638092
323.595642
323.720062
324.336639
324.922241
325.283844
325.233582
325.503662
325.576508
326.127563
325.838562
326.113770
326.499664
327.078766
327.080261
327.121887
327.815430
327.686401
328.145874
328.139771
328.241821
328.689545
328.197754
328.633331
328.666656
328.692535
328.610748
328.712708
328.605469
328.312958
328.336578
328.570160
328.387451
328.257324
328.218994
328.349487
328.145599
327.619873
327.815521
327.634735
327.305176
327.050140
326.664307
326.599548
326.290344
326.376465
326.084930
325.665649
325.292175
325.417114
324.911926
324.692413
324.360748
324.281921
324.249329
323.742371
323.604431
323.858185
323.674194
323.301117
323.192474
322.827148
323.015717
323.172485
323.017517
322.908752
322.510620
322.715363
322.331757
323.076202
322.497498
322.641815
323.029236
322.878143
323.297302
322.938354
323.060699
323.467682
323.244720
323.887421
323.957886
324.341187
324.725525
324.488953
325.186279
325.212585
325.667603
325.978363
326.255066
326.321350
326.225555
326.803619
327.092255
327.145111
327.482117
328.025818
328.218140
328.403534
328.817078
328.801422
329.029022
329.042206
329.305206
329.858337
329.975830
330.629425
330.260590
330.295532
330.529205
330.511597
330.635498
330.495636
331.154999
330.630554
330.831818
330.267975
330.894257
330.462830
330.396179
330.526520
330.695618
330.614502
329.669434
329.997528
329.511536
329.704315
329.447937
329.260925
328.961212
328.832458
328.416962
328.312958
328.013306
328.170776
327.443939
327.548492
327.189362
326.883636
326.577423
326.696747
326.164124
326.373230
326.265747
325.767639
325.748779
325.527466
325.281281
325.014465
325.077545
325.351715
325.246216
324.960815
324.497375
324.903107
325.257111
324.943726
324.344635
324.969757
325.011444
324.815277
324.946686
325.300537
325.222076
325.259399
325.625000
325.357452
325.443878
325.982147
326.775360
326.620789
326.566498
326.959351
326.914429
327.286896
327.713257
327.686249
327.954529
328.257446
328.531525
328.991302
329.073151
329.215820
329.506866
329.986908
330.068146
330.196350
330.569366
330.622284
331.529846
331.376190
331.516052
331.822662
331.542572
331.647766
332.073029
332.117310
332.308014
332.238892
332.143646
332.323273
332.127930
331.996399
332.266205
331.905243
332.083740
332.166107
331.969635
331.934052
331.618256
331.269348
331.381104
331.094421
330.992645
330.503876
330.539154
330.581390
330.481903
330.517365
329.545441
329.659576
329.386475
329.624451
328.884308
328.884399
328.645355
328.745880
328.350464
328.162170
327.486969
327.731415
327.613922
327.625549
327.337250
327.340302
327.212189
327.178528
326.786682
327.049438
327.446167
327.281372
327.250275
328.104004
327.160828
327.496094
326.622925
327.212402
327.648071
328.000488
327.782135
328.228607
328.772369
328.513000
328.653717
329.133484
329.561035
329.677124
329.585449
330.083313
330.132141
330.711273
330.862030
331.564301
331.538757
331.877167
332.249329
332.634033
332.683350
332.742584
333.391388
333.591858
334.120453
334.321381
334.171844
335.336945
335.125427
335.375580
335.608521
335.791412
335.611359
336.034332
336.122101
336.400024
336.547913
336.812073
336.129883
337.103546
337.056702
336.357086
336.438477
337.184387
336.892426
336.728607
336.374237
336.891266
336.627045
336.475739
336.421844
336.168732
336.085968
336.066589
335.573669
335.710510
335.175476
334.609131
334.085022
334.298248
333.989227
333.707062
333.297699
333.670929
333.132141
333.049591
332.862976
332.634247
332.354645
332.324402
331.991760
332.162598
331.384460
331.425964
330.990356
330.755157
331.306793
331.496063
331.042480
330.868744
330.309845
330.658112
330.647125
330.707886
331.172180
331.033386
330.979797
330.803406
331.076294
331.121765
331.533875
331.698456
332.089935
332.417877
332.240692
332.413727
333.013458
332.877075
333.358826
333.542633
334.349396
334.880066
334.754242
335.137360
335.439819
335.763580
336.235626
336.502563
337.280243
337.334747
337.600769
337.819641
337.702026
338.164337
338.745361
339.107300
339.185089
339.194550
339.741760
339.939178
339.823914
340.300537
340.712311
340.150940
341.022919
340.692963
341.100555
341.540222
341.007843
341.369965
341.022949
340.964325
340.860901
341.218658
340.939819
341.160492
340.329987
340.502777
341.177704
340.156891
340.562256
339.608795
339.841064
339.478333
338.922607
339.054169
338.272217
337.961639
337.895294
337.980896
337.050995
337.057007
336.620148
336.416718
335.995850
335.582306
335.559998
335.408295
334.769440
334.762726
334.691895
334.236115
333.946960
333.777863
333.449707
333.412231
333.316254
332.799652
333.211700
332.507690
332.997620
332.900208
332.483765
332.662048
332.160187
332.560638
332.625824
332.779907
332.909973
332.797546
333.312592
333.408661
333.239410
332.778900
333.644531
333.767090
334.229797
334.322083
334.307251
334.492249
335.344299
335.303833
335.536743
335.524414
335.714203
336.046692
336.568634
336.725281
336.785187
336.945465
337.307037
337.698425
338.282715
337.900818
338.230713
338.202667
339.018463
338.824463
339.162140
339.283203
339.329742
339.560333
339.751953
339.844879
339.741974
339.823303
340.341095
340.004486
339.225922
339.807373
339.791565
339.477539
339.915405
339.497253
339.358154
339.917175
339.240906
338.912659
339.127197
338.621826
338.593414
338.036133
337.998810
337.737000
337.685181
337.145111
337.490662
336.921417
336.837799
336.521301
335.952087
335.651978
335.608704
335.622040
335.614838
335.147125
334.862549
334.545349
334.622070
334.056061
334.091003
334.015289
333.936584
333.494446
333.617096
333.547119
333.335022
333.604034
333.399261
333.337708
333.723877
333.508850
333.350098
333.721527
333.844971
333.587860
334.416595
334.297119
333.807129
334.714111
334.860657
334.532135
334.986877
334.679840
335.539093
334.922546
335.630646
335.568756
335.720062
336.231720
336.273651
336.677582
337.090546
336.517700
337.278625
337.624054
337.542938
337.788940
337.949432
338.192657
338.790283
338.596985
338.660950
338.727386
338.515320
338.577911
338.630066
338.800079
338.970337
339.388947
338.456268
338.766846
339.006287
338.989563
338.743896
338.813995
338.356689
338.327576
338.192230
338.144470
337.664978
337.672333
337.464966
337.138214
337.226715
336.978851
336.915924
336.361450
336.296631
336.173553
335.687408
335.421082
335.158081
335.103912
334.861572
334.686279
333.998566
334.222839
334.060455
333.354584
333.496643
333.271118
333.138153
333.060120
332.987427
332.535309
332.637848
332.764923
332.575317
332.355927
332.443054
332.653717
332.538574
332.702545
332.405670
332.458984
332.628937
333.193665
332.943176
333.248047
333.263000
333.204071
333.574432
333.689545
334.071686
333.917358
334.220093
334.452789
334.429047
334.538391
335.445282
335.303070
335.808777
335.532471
335.877960
336.114899
336.143311
336.474792
336.715576
336.935822
336.753967
337.070984
337.276337
337.220123
337.295258
337.131378
337.639618
337.417175
337.374786
337.044556
337.865356
336.989960
337.460876
337.797028
337.086029
337.157928
336.790619
336.777435
336.552612
336.488739
336.268005
336.299042
336.314423
335.344513
335.082245
334.912445
334.628052
334.319214
333.970551
333.746643
333.658600
333.377106
332.960938
332.994873
332.497375
332.215637
332.342407
331.567139
331.774658
331.414948
331.892334
331.165344
330.884277
330.967712
330.672241
330.815063
331.034760
330.999634
331.512451
330.798676
331.323730
330.743378
331.577209
331.677094
331.664429
332.422943
332.320435
332.497223
333.093079
333.263306
334.367310
333.981750
334.446167
334.679688
334.581360
335.497559
336.018188
335.929596
336.581451
337.183594
336.869995
337.432617
337.414093
337.822784
338.239746
338.115234
337.940796
337.962860
338.152954
338.098419
337.363342
336.635132
336.449036
335.559998
335.207733
334.429657
333.075104
332.140259
331.201324
329.507416
327.954224
326.222565
324.214447
322.572327
319.992737
317.679749
315.021423
312.554291
309.498566
307.013885
303.646515
300.475525
297.045044
293.357361
289.348602
286.188416
282.295654
278.435730
274.078979
269.960358
265.945404
261.505280
257.360229
253.008774
248.624817
244.358948
240.367905
236.359818
232.035828
227.993912
223.891663
220.176346
216.669754
212.821335
209.507965
206.489563
203.290970
200.477234
198.229507
195.759949
193.834641
191.770050
190.355072
188.981323
187.892105
187.472473
186.971146
186.864212

219.968414
185.125641
185.678787
186.480026
187.079300
188.589066
190.233170
191.696777
193.552490
195.837143
198.436920
200.802505
204.194672
206.870377
210.229248
213.581284
216.706390
220.683044
224.498352
228.239349
231.919922
235.951370
240.072815
244.149734
248.374557
252.296768
256.095856
259.991394
264.005493
268.143646
272.257599
275.479065
278.847717
283.156128
286.309875
289.682648
292.896606
295.446991
298.622314
301.547424
304.065613
306.334961
308.775421
310.930939
312.773071
315.031067
316.672089
318.219452
319.904327
321.133514
322.062988
322.979156
324.310547
324.821808
325.829956
326.074402
326.632263
327.158203
327.064331
327.231384
327.247894
327.456421
327.440430
326.970337
327.292114
327.191559
326.391846
326.556610
326.116913
326.537537
326.003113
325.482666
324.900757
324.784058
324.612000
324.321381
324.155243
323.755615
323.572449
323.303497
322.732269
322.623444
322.578033
322.039551
322.273224
321.855286
321.938995
321.442993
321.449188
321.709015
321.896210
321.726593
322.196747
322.120880
322.123016
322.227234
322.595306
323.145691
322.889160
322.954407
323.161957
323.603149
324.094788
324.561279
324.925507
325.574066
325.521515
325.612549
325.927307
326.833435
326.667603
326.548035
326.802216
327.313782
327.470703
328.040619
328.362274
328.436707
328.628296
328.744751
328.650940
328.940399
329.448792
329.476501
329.436310
329.425446
329.379181
329.331696
329.308746
329.023956
329.294861
329.206909
328.733093
328.897827
328.485046
328.563202
328.295380
328.335083
328.233154
327.496033
327.314209
326.800110
326.489166
325.980133
326.203644
325.833344
325.527344
325.180389
324.289459
324.525818
324.530334
324.030579
323.080078
323.237793
322.862183
322.523041
322.328217
322.053986
321.821350
321.465942
321.561920
321.497681
321.283508
321.441406
321.249542
320.808044
321.035553
320.861633
321.399475
321.182953
321.306885
321.426392
321.495911
321.564941
321.555695
322.213623
321.699219
322.339813
322.523315
322.420685
323.067535
323.403534
323.431946
324.055054
324.008850
324.287842
324.441254
325.007904
325.134338
325.821075
325.818237
325.992889
326.517609
327.105377
327.152008
327.535645
328.146667
328.123322
328.301117
328.616272
328.741211
328.741241
329.229553
329.384186
329.228302
329.567841
329.523346
329.746063
329.824463
329.639404
329.823853
329.713348
329.671722
329.741486
329.116608
329.936401
329.307831
329.104431
329.416077
329.108246
328.837463
328.623535
328.210022
327.875641
327.755035
327.718079
327.512177
326.624847
326.528107
326.417236
325.997528
325.285950
324.819183
324.966095
324.242706
324.229370
324.042114
323.802704
323.423737
323.110352
322.620728
322.263702
322.486572
322.197998
321.634125
321.983978
321.742523
321.494843
321.632355
321.106140
321.199066
321.497375
321.111115
320.958740
320.988983
321.081848
321.142151
320.784119
321.199799
321.164734
320.869385
321.551666
321.817932
321.507782
321.835388
322.060211
322.606201
322.578003
322.902893
323.072418
323.329834
323.666931
323.638947
323.747162
324.361816
324.970581
325.324219
325.278412
325.555023
325.615784
326.180634
325.905884
326.188812
326.596527
327.167297
327.167358
327.227051
327.943787
327.803772
328.274719
328.279205
328.401520
328.865540
328.364685
328.820801
328.846588
328.895264
328.824768
328.914459
328.825714
328.567596
328.597809
328.870087
328.682312
328.549561
328.545532
328.699982
328.493042
327.988983
328.206909
328.041443
327.695312
327.469116
327.113861
327.054535
326.772369
326.849243
326.586395
326.197479
325.792786
325.959351
325.478394
325.238342
324.926758
324.844849
324.837921
324.328369
324.228546
324.468933
324.306122
323.947876
323.836456
323.489441
323.679688
323.860413
323.692871
323.615204
323.236969
323.448303
323.062439
323.801575
323.221649
323.377991
323.766327
323.634888
324.069916
323.716492
323.823761
324.229309
324.020294
324.635040
324.733002
325.104492
325.478058
325.245483
325.932953
325.960968
326.403473
326.745117
327.020508
327.045074
326.971649
327.525909
327.817261
327.850128
328.146088
328.698578
328.887726
329.061920
329.476593
329.414520
329.636505
329.618164
329.893402
330.466431
330.536804
331.164459
330.806305
330.819214
331.023346
330.995728
331.103943
330.967072
331.600128
331.040863
331.216309
330.643372
331.250580
330.800110
330.727905
330.819153
330.962097
330.881073
329.899841
330.223358
329.714996
329.901245
329.619904
329.400970
329.064270
328.945435
328.509399
328.383240
328.032288
328.198792
327.428070
327.513062
327.135254
326.833344
326.495300
326.592102
326.021790
326.218506
326.121124
325.575867
325.537140
325.304871
325.041412
324.756714
324.804596
325.068817
324.954163
324.638092
324.155151
324.536987
324.900330
324.580109
323.950745
324.580170
324.595825
324.417511
324.515564
324.836517
324.787354
324.789856
325.164124
324.865723
324.948700
325.464539
326.268311
326.117920
326.045898
326.417664
326.395782
326.755005
327.153961
327.138306
327.402527
327.725250
327.992889
328.431305
328.507385
328.665741
328.966095
329.436188
329.523590
329.667908
330.026581
330.109650
331.022949
330.824677
331.003571
331.286682
331.020447
331.160309
331.551300
331.626251
331.815460
331.760376
331.683655
331.829254
331.667450
331.536957
331.843536
331.474640
331.669159
331.768768
331.566406
331.540253
331.233704
330.880951
331.005035
330.718384
330.649017
330.187744
330.203033
330.289276
330.172241
330.200104
329.306915
329.416718
329.124451
329.392700
328.651672
328.630615
328.435883
328.495422
328.170044
327.985840
327.300293
327.603729
327.494995
327.478790
327.189606
327.183594
327.075073
327.053925
326.655792
326.950317
327.372650
327.188995
327.179077
327.538300
327.106812
327.439087
326.581879
327.183807
327.592926
327.925354
327.808868
328.206970
328.743988
328.506256
328.668396
329.137299
329.592285
329.687744
329.584900
330.131439
330.177429
330.723846
330.876953
331.592346
331.544983
331.904907
332.284607
332.641785
332.710663
332.772675
333.430115
333.604156
334.133698
334.295441
334.190430
335.354309
335.119232
335.372559
335.636169
335.770020
335.612885
336.014679
336.082611
336.370636
336.528259
336.782745
336.075928
337.058105
337.032410
336.295685
336.403259
337.129181
336.817230
336.661407
336.308838
336.821259
336.525238
336.386993
336.319000
336.069916
335.939728
335.958679
335.449066
335.563080
335.026581
334.448395
333.925476
334.159302
333.831024
333.535187
333.121307
333.477875
332.920319
332.821625
332.638214
332.394409
332.124420
332.089142
331.724854
331.915405
331.120331
331.161011
330.742218
330.464142
331.020264
331.215027
330.726990
330.583252
329.997253
330.323090
330.298828
330.375610
330.805573
330.694000
330.619232
330.416199
330.689972
330.739807
331.150726
331.277252
331.680450
332.011536
331.787598
331.981110
332.541412
332.430481
332.910004
333.089844
333.886627
334.401978
334.282684
334.639343
334.947998
335.248260
335.733276
335.982513
336.740356
336.802979
337.062286
337.275513
337.161346
337.596924
338.183502
338.552032
338.605408
338.617828
339.136200
339.362000
339.242645
339.709106
340.130585
339.566132
340.424103
340.083649
340.469482
340.908722
340.385040
340.736908
340.369598
340.333496
340.193726
340.559265
340.276611
340.507050
339.682587
339.825623
340.496674
339.461456
339.895477
338.932983
339.157074
338.815155
338.245789
338.360382
337.587402
337.276062
337.187653
337.282196
336.337921
336.352570
335.933411
335.685242
335.305084
334.884766
334.838928
334.688080
334.080902
334.053345
333.993896
333.550507
333.243408
333.066162
332.749695
332.693848
332.610046
332.082611
332.524139
331.813110
332.302582
332.212494
331.795166
331.986298
331.473450
331.882721
331.997467
332.118561
332.243042
332.169617
332.641449
332.798126
332.597168
332.141510
332.985962
333.154510
333.640900
333.700623
333.696106
333.893005
334.724976
334.700317
335.010437
334.955170
335.151947
335.462463
336.038025
336.209595
336.260071
336.434296
336.842285
337.151184
337.797302
337.398224
337.776367
337.752838
338.552551
338.377289
338.718018
338.835175
338.926758
339.160126
339.341583
339.482971
339.361084
339.457642
339.994232
339.662415
338.911865
339.487244
339.505737
339.176361
339.653992
339.228851
339.142731
339.689301
339.055389
338.701721
338.924591
338.408936
338.394928
337.870605
337.854828
337.611572
337.581421
337.016449
337.370422
336.847870
336.764404
336.420135
335.862640
335.626740
335.551483
335.598572
335.586945
335.092590
334.855713
334.547729
334.649780
334.089447
334.113464
333.847565
334.008148
333.527069
333.658600
333.590454
333.388489
333.692780
333.470917
333.445465
333.813446
333.640900
333.469727
333.863129
333.990540
333.767365
334.569672
334.473175
333.950623
334.902557
335.026886
334.675171
335.154297
334.878845
335.730804
335.117523
335.830414
335.765198
335.952179
336.440369
336.499634
336.877014
337.308746
336.736725
337.499603
337.871552
337.789276
338.018951
338.171387
338.427429
339.033417
338.853119
338.886566
338.950409
338.767578
338.831421
338.876892
339.024994
339.216125
339.610535
338.705353
339.000793
339.242950
339.208801
338.950897
339.040771
338.583923
338.531494
338.427246
338.385101
337.875427
337.886627
337.652588
337.340912
337.430603
337.197479
337.116333
336.555023
336.486511
336.368439
335.874115
335.611023
335.332245
335.291046
335.008698
334.855316
334.180298
334.396088
334.215546
333.525635
333.654358
333.429474
333.279266
333.190918
333.112549
332.655334
332.783478
332.884949
332.718811
332.474823
332.590240
332.780334
332.660889
332.834503
332.516754
332.570801
332.721130
333.302246
333.039764
333.327728
333.337158
333.292603
333.669739
333.787384
334.144226
333.978516
334.267883
334.549042
334.490662
334.587677
335.508301
335.354614
335.867279
335.572083
335.933289
336.180756
336.189697
336.514038
336.745422
336.969177
336.806915
337.100128
337.304565
337.250183
337.329559
337.170746
337.661926
337.457031
337.418121
337.037506
337.870667
337.003479
337.495758
337.825012
337.093048
337.166870
336.794586
336.787018
336.569855
336.502075
336.286224
336.316162
336.334015
335.342316
335.093658
334.893127
334.633514
334.313721
333.974121
333.750244
333.672058
333.364960
332.932068
332.957062
332.476990
332.202271
332.351807
331.573395
331.766754
331.409912
331.880280
331.140717
330.862274
330.946533
330.675781
330.795013
331.050537
330.964447
331.501495
330.760040
331.289032
330.724335
331.561005
331.656464
331.654449
332.400055
332.299011
332.474609
333.058319
333.253937
334.323578
333.961578
334.425690
334.652802
334.541992
335.501099
335.987549
335.914062
336.559448
337.173431
336.839417
337.417175
337.393036
337.830322
338.202667
338.112213
337.944946
337.922241
338.114197
338.103149
337.325287
336.606628
336.405731
335.519745
335.180450
334.391693
333.065094
332.121613
331.160187
329.518158
327.925873
326.186523
324.175201
322.561707
319.976135
317.668915
315.003906
312.530609
309.454559
306.991699
303.627289
300.453369
297.013611
293.325287
289.340393
286.158966
282.280701
278.390808
274.063080
269.948242
265.929260
261.484192
257.333923
252.995834
248.625763
244.327271
240.342514
236.330734
232.011841
227.971054
223.865173
220.158035
216.645187
212.823288
209.472610
206.461899
203.276276
200.450546
198.203690
195.736053
193.810562
191.762558
190.325836
188.967575
187.862198
187.447464
186.951309
186.844681

