287.597382
174.809311
175.122406
175.521118
176.686356
177.735565
178.798737
180.673019
182.469482
184.647415
186.813278
189.386307
192.124878
194.893845
197.786301
201.203186
204.227631
207.696930
211.501389
215.042435
218.475388
222.080032
226.094971
230.166504
233.662430
237.358231
241.189316
245.038956
248.714218
252.621826
255.892288
259.287811
263.194824
266.540558
269.798615
272.702576
275.834412
278.642639
281.463928
284.233154
286.399506
288.810486
291.222656
293.173920
295.416229
296.873199
298.627289
300.024078
301.556702
302.600525
304.297852
304.763245
305.814178
306.601410
307.354767
308.149445
308.371429
308.771576
309.223145
309.196136
309.403839
309.455536
309.141907
308.998077
309.255676
308.960083
309.254700
309.068115
308.722412
308.495819
308.373383
307.615509
307.545898
307.058990
306.849030
307.101532
306.526093
306.455841
305.892639
305.823273
305.838257
305.378815
305.386505
305.235992
305.302063
305.146271
304.759979
304.969391
305.169464
305.190430
304.802917
305.551544
305.319153
306.121429
305.781891
306.129120
305.975494
306.401398
306.624420
307.297119
306.880005
307.566284
308.031769
308.601776
308.587555
308.871185
309.648376
309.492859
310.538727
310.361237
311.300262
311.220642
311.634888
311.746094
312.317810
312.402222
312.646790
312.951355
313.318512
313.544891
313.391907
313.658142
313.777130
314.437653
314.329773
314.463531
314.667816
314.156097
314.606049
314.481750
314.390137
314.330750
314.190491
313.932037
314.221130
314.015320
313.449280
313.346008
313.480194
313.168488
313.048431
312.419952
312.474091
312.352905
311.819061
311.795166
311.530304
310.866150
310.825439
310.985657
310.387817
310.232758
309.769501
309.619110
309.489655
309.396942
309.385956
309.102081
308.921051
308.931396
308.987915
308.729584
308.660828
308.792816
308.604645
308.116119
308.499420
308.088409
308.235016
308.489807
308.520905
308.952637
308.664062
309.299957
309.254425
309.371399
309.357971
310.391571
310.320953
310.277435
311.023224
311.373627
311.711853
311.369965
312.071167
312.372833
312.888519
313.371063
313.676086
314.011017
314.140411
314.779602
314.824219
315.472687
315.419952
315.753326
316.027344
316.039246
316.410919
316.696472
317.403107
317.326691
317.862061
318.072601
318.269257
318.566406
318.098724
318.227020
318.650574
318.516907
318.897888
318.755676
318.929260
318.952515
318.731171
319.027435
318.772858
318.518188
318.670746
318.273346
318.370789
318.061768
317.629211
317.562958
317.164398
317.415619
317.097076
316.879791
316.254700
316.458344
315.841125
315.917023
315.631653
315.012512
314.770325
314.608490
314.181122
314.395599
314.062927
313.908569
313.485077
313.361389
313.167358
313.042297
312.780731
313.076508
312.501190
312.443573
312.362122
312.232971
312.150635
312.164551
311.950073
312.162476
312.404083
312.286407
312.228546
312.328735
312.422180
312.589996
312.783630
312.877075
313.072357
313.194092
313.710175
313.920563
314.110504
313.884949
314.565613
314.833954
315.000885
315.673462
315.286469
316.002045
316.112823
316.658936
316.481537
316.734253
317.455261
317.393707
318.084961
318.032227
318.694275
319.119781
318.987823
319.459900
319.196533
319.573090
320.305847
320.325439
320.509369
320.629791
320.840729
320.675537
320.745880
321.479279
320.971436
320.968353
321.367126
321.111816
320.753082
321.086975
320.973938
321.092773
321.094971
321.063965
320.671082
320.753906
320.540558
320.491760
320.260986
320.006653
320.169220
319.596069
319.694763
319.444153
319.291626
318.759766
318.724976
318.520416
318.339996
318.192566
318.450409
317.835785
317.633911
317.612427
317.203644
317.243896
316.946045
317.118347
316.903625
316.028137
316.521545
316.440979
316.523132
316.541443
316.437744
316.565552
316.239288
316.558960
316.240631
316.706085
316.498138
316.725250
316.767517
316.967316
316.580200
317.398499
317.552032
317.686401
317.622772
318.305359
318.456360
318.856537
318.508636
319.080109
319.349304
319.838562
319.904938
319.894836
320.577545
320.575256
321.150482
321.567810
321.777222
321.792938
322.166565
322.454315
322.784668
322.911224
323.390503
323.589447
324.039215
324.330627
324.216553
324.452637
324.488831
324.764099
325.538208
325.316956
325.029907
325.247467
325.582764
325.764282
325.568359
325.673187
325.714813
325.466644
325.325500
325.712708
325.127228
325.234436
325.306519
325.097382
324.859680
324.691315
324.888428
324.513733
324.831329
324.535553
324.272766
323.698425
323.840698
323.821686
323.401459
323.110382
322.822388
322.787323
322.648529
322.403503
322.175629
322.122925
322.021423
321.771667
322.225952
321.619141
320.673523
321.339355
321.042664
320.800049
320.897095
320.853149
320.915558
320.844849
320.994781
320.844543
321.022644
321.098785
321.218842
320.931549
321.181122
320.989288
321.051666
321.375458
321.708496
321.812012
321.922516
322.180695
322.497467
322.834320
322.897614
322.893219
323.801727
323.607086
324.013947
324.154480
324.561584
324.768707
325.260529
325.369446
325.672821
325.966797
326.528381
326.516632
326.662140
327.217865
327.506897
327.798126
328.296295
327.822083
328.422058
328.499268
328.544006
328.889618
329.061310
329.086121
329.102081
329.216644
329.480804
329.603027
329.643433
329.407898
329.534515
329.968933
329.962097
329.676483
329.725342
329.893066
329.419556
329.483917
329.723389
329.572784
329.231628
329.153717
329.150696
328.557770
328.362305
328.718903
328.283875
328.590485
328.622620
328.090759
327.949707
327.835205
327.665466
327.102051
327.587524
327.349060
327.121033
326.793579
327.016174
326.667694
326.305481
326.380066
326.292084
326.658752
326.367218
326.377747
326.409760
326.496765
326.621002
326.586365
326.412811
326.812378
326.849030
326.888214
327.166626
327.479156
327.800629
327.824066
328.048676
328.462006
328.580811
328.772430
329.206451
329.398163
329.612518
329.790405
330.158295
330.958313
330.829376
331.040314
331.631866
331.993378
332.597565
332.833130
333.228760
333.826141
333.906403
334.460266
335.041626
334.859558
335.443420
335.875610
336.452301
336.389435
336.681793
337.195312
337.392059
337.446411
337.746826
338.121002
338.215149
338.287231
338.713562
338.913666
338.985535
338.818878
338.875427
338.830322
339.310913
338.959808
338.875305
339.147583
339.006775
338.754456
338.605072
338.900574
338.800049
338.957336
338.914856
338.388092
338.118713
338.316406
337.963684
337.575165
337.457275
337.281128
337.471222
337.281647
337.055817
336.738190
336.710052
336.972137
336.574127
336.074799
336.388306
336.378510
335.885773
335.647430
335.528412
335.242004
335.138672
334.971375
335.430878
335.533630
335.193481
335.451233
335.351685
335.409393
335.687622
335.391998
335.721313
336.103119
336.658722
336.356232
336.710724
336.785645
337.023041
337.377899
337.461090
337.355042
338.297821
338.535858
338.597778
339.309448
339.628265
340.056366
340.035126
341.149292
341.027100
341.692230
341.851349
342.537323
342.534943
342.953217
343.664398
343.750946
344.255341
344.784729
345.039703
345.330292
346.218750
346.120026
346.419067
346.336700
346.876312
347.152679
348.026154
347.597046
348.151184
348.559113
348.057983
348.522278
348.369354
348.668396
349.100098
348.949310
348.371613
348.517975
348.870514
348.673492
348.888062
348.944977
348.692841
348.360626
348.381775
348.211975
347.742523
347.786194
347.897797
347.285278
347.059296
347.260864
346.883423
346.017792
346.050140
345.576752
345.289825
345.127289
345.429779
344.977875
344.681213
344.514679
344.069031
344.160919
343.687317
343.723969
343.341919
342.908264
342.867950
342.755402
342.685394
342.788361
342.421875
342.620758
342.618500
342.107483
341.918549
342.360077
342.152039
342.314819
341.974548
342.127167
342.436218
342.707581
342.581573
342.868164
343.054504
343.262634
343.059784
343.257294
343.626526
344.411255
344.370728
344.565765
345.123169
345.385254
345.429108
346.215057
345.974213
346.508087
347.029694
347.233093
347.677155
347.768250
347.848846
348.352936
348.452667
348.574158
349.333984
349.495422
349.588165
349.995331
350.309387
350.276733
350.684753
350.877045
351.006134
351.395966
351.252563
351.531708
351.616455
351.496460
351.480835
351.577148
351.452911
351.383881
351.759033
351.842926
351.705872
351.546295
351.342194
351.112000
351.329102
350.587067
350.823334
350.804871
350.664276
349.985291
350.158508
349.504272
349.747467
349.324371
349.250244
349.064362
348.818176
348.741669
348.799255
348.173187
347.935944
348.182495
346.949371
347.464722
347.479309
347.027618
347.047821
347.419495
347.404053
346.976562
346.917084
346.940704
346.500763
346.806305
346.860443
346.490265
346.437500
346.716553
346.532715
346.469391
346.868317
347.006866
347.082703
346.960541
347.727142
347.781342
347.738098
347.648010
348.170685
348.198456
348.794067
348.577667
349.091217
349.338287
349.418182
349.778717
349.885956
350.493256
350.447540
350.773926
350.891754
351.078156
351.705597
351.618103
352.004272
351.606659
352.005310
352.220459
352.581268
352.451172
352.789185
352.870270
353.070282
353.164551
353.156128
353.347260
353.055054
353.262726
353.289001
353.445679
353.148041
353.048065
353.194458
352.832916
352.348938
352.560028
352.614960
351.953186
352.412781
351.648712
352.008911
351.586151
351.025848
350.952698
351.227081
350.584442
350.713806
350.149445
349.870483
349.753235
349.641571
349.407288
349.485535
349.389679
348.835052
348.489441
348.238861
347.719879
348.177551
347.401611
347.564392
347.652618
347.335052
347.706238
347.517914
347.561066
347.313385
347.241821
347.233002
347.114990
347.359924
347.383453
347.843109
347.506531
347.526154
348.032501
347.656616
348.385986
348.350555
348.269470
348.298492
348.668976
348.890228
349.132111
349.264404
349.482483
349.984222
350.354004
350.261292
350.439514
350.921814
351.225586
350.978394
351.456146
351.679138
351.546051
352.079437
351.604248
352.479370
352.455475
352.253021
352.756989
353.095856
352.808228
353.015320
353.420258
353.068298
352.941620
353.234589
353.269318
352.882050
352.868744
352.681946
352.172272
352.286835
351.916229
351.803253
352.186493
351.568115
350.999023
351.273132
350.703033
350.698242
349.933746
350.175964
349.909180
349.463531
349.158295
349.395844
348.811005
348.192902
348.387329
347.876343
347.862305
347.488007
347.359467
347.021423
347.182526
346.884125
346.650543
346.666748
346.479156
346.662201
346.423187
346.349091
346.129578
346.783478
346.840942
347.544006
347.053741
347.239166
348.031891
347.890656
347.982513
348.478973
349.217865
349.308350
349.774841
350.143707
350.658112
350.593567
351.734467
351.999054
352.358185
352.372375
352.897705
353.213928
353.760620
353.742462
354.304565
354.086731
354.631470
354.849609
355.082062
354.795746
354.242981
354.551758
353.876709
353.058563
353.489166
352.717072
351.888763
350.467621
349.819031
348.639313
347.572113
345.846436
344.033722
342.702118
340.644501
338.808197
336.184540
333.488068
331.128235
328.411102
325.383148
322.467743
318.740082
315.668884
311.876343
308.414642
304.651764
300.318878
296.573212
292.085815
287.866455
283.443939
279.086456
274.710022
270.380524
265.859406
261.206177
257.041901
252.635422
247.808060
243.635529
239.442505
235.265717
231.439011
227.539062
223.574326
220.003708
216.724655
213.523819
210.597733
208.060913
205.685455
203.576187
201.556305
200.135330
198.397278
197.445175
196.592209
196.231567
196.225220

282.427979
175.242783
175.561447
175.929276
177.125168
178.170639
179.233154
181.117401
182.925781
185.095856
187.262421
189.849625
192.588425
195.378311
198.270096
201.676971
204.717422
208.221664
212.044037
215.573334
219.009308
222.604996
226.647659
230.760178
234.209045
237.960541
241.782822
245.659912
249.376312
253.264008
256.558746
259.930450
263.884216
267.227142
270.526672
273.444855
276.555450
279.425659
282.205536
284.992584
287.186127
289.612000
292.055969
293.996857
296.237000
297.722076
299.486908
300.903442
302.432159
303.528076
305.197174
305.673920
306.749420
307.524231
308.342896
309.098389
309.357880
309.772705
310.213959
310.208527
310.400360
310.477203
310.144867
310.011627
310.296783
309.968262
310.298920
310.091522
309.737915
309.560242
309.422180
308.663025
308.571014
308.111908
307.899261
308.122650
307.539917
307.480438
306.914978
306.838715
306.828918
306.367188
306.360168
306.210663
306.273376
306.127014
305.702423
305.905548
306.105438
306.107422
305.723907
306.422485
306.191040
306.992004
306.623535
306.948395
306.760620
307.179443
307.393707
308.017609
307.588226
308.267303
308.717560
309.266602
309.260040
309.504333
310.283966
310.079468
311.110443
310.891022
311.840515
311.753357
312.121887
312.211334
312.762482
312.818817
313.060150
313.327515
313.675781
313.860229
313.701416
313.958313
314.068115
314.677338
314.528473
314.698822
314.878143
314.315186
314.741455
314.615173
314.506775
314.432617
314.267975
313.973785
314.272308
314.034088
313.435516
313.321198
313.441803
313.129852
313.001923
312.341644
312.349304
312.246246
311.712860
311.670074
311.383698
310.697784
310.641663
310.790894
310.222412
310.027710
309.544647
309.400635
309.287323
309.154907
309.146240
308.863251
308.668427
308.699768
308.736206
308.480957
308.398254
308.545502
308.366425
307.863739
308.250580
307.857300
307.970612
308.233643
308.292908
308.730438
308.439697
309.074280
309.031860
309.154785
309.147217
310.186829
310.147736
310.110779
310.843536
311.233063
311.574799
311.231354
311.935150
312.264832
312.787231
313.306580
313.594574
313.928772
314.099915
314.764801
314.803467
315.469482
315.407654
315.801453
316.039337
316.082184
316.473114
316.780884
317.501984
317.430542
318.000977
318.219788
318.458801
318.740204
318.275085
318.452057
318.856812
318.746918
319.152130
319.024780
319.223663
319.225372
319.011658
319.359344
319.110931
318.850647
319.028351
318.647034
318.770294
318.472351
318.065247
318.025085
317.587219
317.869446
317.586639
317.361115
316.724915
316.919189
316.348999
316.457214
316.193329
315.567963
315.345367
315.179749
314.774597
314.977112
314.663971
314.481598
314.109772
313.991882
313.782654
313.681976
313.404907
313.706970
313.143066
313.096954
313.027588
312.891266
312.793427
312.838593
312.643066
312.855927
313.127594
313.025452
312.987671
313.018982
313.126892
313.324066
313.519684
313.605804
313.823578
313.929382
314.436249
314.646759
314.855377
314.589691
315.287445
315.624695
315.724487
316.421570
316.032898
316.730164
316.830078
317.452148
317.262451
317.489075
318.183289
318.129608
318.845062
318.792938
319.453522
319.858826
319.745667
320.214020
319.963776
320.343140
321.056519
321.125610
321.278229
321.348663
321.605469
321.406403
321.512787
322.301300
321.776611
321.742432
322.102692
321.901550
321.512299
321.851868
321.741730
321.874847
321.911713
321.825836
321.452026
321.579834
321.288452
321.305054
321.062286
320.810394
321.001068
320.413269
320.502014
320.261597
320.087494
319.551483
319.537842
319.340851
319.124542
318.983185
319.306732
318.694458
318.488586
318.458191
318.055023
318.039856
317.759460
317.909454
317.703827
316.814514
317.323090
317.261871
317.344086
317.401031
317.245758
317.365265
317.092957
317.381561
317.088440
317.567932
317.346558
317.585815
317.605652
317.770142
317.419922
318.210083
318.344055
318.503937
318.422424
319.169006
319.231171
319.660309
319.368805
319.859528
320.138184
320.637268
320.663300
320.620605
321.357697
321.329132
321.856171
322.371643
322.545044
322.541931
322.879944
323.180725
323.481476
323.651978
324.150482
324.313477
324.733856
324.980835
324.841034
325.103210
325.137573
325.363007
326.169769
325.926239
325.649597
325.827484
326.165527
326.297516
326.141693
326.244812
326.233215
326.012817
325.854675
326.223846
325.575043
325.721588
325.752136
325.544769
325.348694
325.109222
325.315857
324.926819
325.193329
324.924408
324.663513
324.080048
324.200989
324.132599
323.729187
323.439728
323.068115
323.068970
322.943512
322.706177
322.416351
322.376862
322.283569
321.941284
322.442566
321.852051
320.837524
321.521362
321.213226
320.947235
321.052765
321.007629
321.055206
320.961243
321.153687
320.951324
321.115570
321.214508
321.324219
321.012329
321.284088
321.043091
321.079285
321.464661
321.771454
321.878204
321.957977
322.218628
322.546417
322.900391
322.933472
322.927368
323.825714
323.646698
324.016602
324.167267
324.594604
324.796387
325.290314
325.384918
325.688263
325.978149
326.530426
326.555725
326.691162
327.250000
327.513580
327.822601
328.348206
327.890686
328.457245
328.542725
328.574341
328.935699
329.104279
329.142487
329.137848
329.266083
329.522949
329.670868
329.710602
329.497711
329.619965
330.025391
330.040863
329.723755
329.803864
329.988342
329.488953
329.562073
329.792847
329.669281
329.329193
329.235291
329.246796
328.647186
328.501099
328.808594
328.385498
328.709167
328.736816
328.205994
328.055664
327.991669
327.782928
327.247650
327.696198
327.478333
327.258698
326.923584
327.131378
326.764801
326.421448
326.512207
326.428711
326.798187
326.491425
326.518829
326.516724
326.608063
326.719147
326.714355
326.492462
326.925476
326.977173
326.989838
327.268097
327.594330
327.908997
327.957947
328.106720
328.552521
328.666077
328.868591
329.295685
329.472717
329.701416
329.857727
330.231384
331.018127
330.880737
331.068359
331.684570
332.018036
332.614502
332.855377
333.241882
333.824554
333.886383
334.431152
334.993225
334.820587
335.393677
335.832825
336.374481
336.325409
336.592102
337.118286
337.298096
337.316589
337.619446
338.008881
338.105713
338.168793
338.593201
338.759003
338.859802
338.667480
338.694305
338.657013
339.128601
338.767822
338.696747
338.969482
338.814636
338.559143
338.389984
338.665222
338.592743
338.720428
338.697174
338.161774
337.888153
338.065735
337.748993
337.323334
337.217407
337.024384
337.212799
337.011169
336.794342
336.479675
336.424164
336.687500
336.317810
335.793243
336.131775
336.068329
335.601440
335.355072
335.239075
334.950073
334.871704
334.689362
335.149658
335.269745
334.921967
335.197723
335.076508
335.145721
335.437195
335.136505
335.472900
335.846680
336.418976
336.084412
336.468353
336.556671
336.780823
337.146210
337.263275
337.144287
338.103912
338.339569
338.398041
339.134033
339.454529
339.870514
339.840271
340.994934
340.887146
341.540039
341.726196
342.421967
342.398254
342.825317
343.547119
343.632843
344.161774
344.687958
344.974854
345.256348
346.158508
346.074188
346.387634
346.305725
346.866943
347.140686
348.032745
347.606079
348.181976
348.568329
348.086426
348.577118
348.448883
348.736786
349.172333
349.038757
348.473694
348.631378
348.988068
348.816864
349.014038
349.120789
348.828491
348.481995
348.537109
348.363068
347.931793
347.990723
348.086945
347.476410
347.290588
347.498779
347.083649
346.257599
346.316772
345.844513
345.526306
345.386200
345.652863
345.263824
344.900513
344.737335
344.328369
344.407379
343.972015
344.043762
343.688049
343.207550
343.171112
343.057709
342.988892
343.123932
342.755127
342.948578
342.975098
342.425171
342.265625
342.722473
342.502594
342.646454
342.303619
342.530945
342.780884
343.093292
342.939240
343.259521
343.407257
343.635986
343.466949
343.605591
344.031677
344.762024
344.747528
344.934937
345.490356
345.784058
345.825531
346.571899
346.365387
346.897461
347.415649
347.628235
348.035278
348.186401
348.181976
348.729462
348.852051
348.965637
349.698151
349.878510
349.947021
350.358429
350.657867
350.655029
351.010895
351.224945
351.379761
351.757294
351.590332
351.867401
351.967346
351.841675
351.808533
351.887817
351.803192
351.737122
352.094391
352.183624
352.046112
351.835358
351.705383
351.444489
351.630798
350.904144
351.153961
351.098358
350.958923
350.306671
350.441437
349.815552
350.024231
349.596771
349.514435
349.358215
349.061584
349.019501
349.038727
348.401611
348.185394
348.430420
347.180359
347.720947
347.715759
347.246002
347.269470
347.653687
347.645874
347.215851
347.150330
347.150726
346.727448
347.021210
347.080231
346.656036
346.670807
346.868042
346.720367
346.635193
347.035095
347.184052
347.262268
347.121735
347.889587
347.957855
347.860291
347.779236
348.299835
348.300720
348.918274
348.703705
349.201874
349.423401
349.531158
349.853302
350.000824
350.584015
350.533997
350.875702
350.966644
351.137817
351.779968
351.673248
352.071228
351.654266
352.051453
352.283997
352.633057
352.471863
352.818207
352.889557
353.089935
353.189331
353.184296
353.342865
353.057037
353.225800
353.300873
353.422882
353.145569
353.022003
353.146515
352.821259
352.349548
352.519470
352.591705
351.897491
352.350128
351.609406
351.967010
351.529846
350.958832
350.898682
351.165863
350.512909
350.642487
350.047150
349.791870
349.685944
349.551941
349.341003
349.415100
349.297882
348.746735
348.382721
348.190643
347.603149
348.057129
347.277466
347.456512
347.534027
347.204529
347.607086
347.407898
347.417053
347.174805
347.085846
347.074982
346.983429
347.212585
347.276062
347.729828
347.370270
347.393890
347.878693
347.494354
348.246582
348.208466
348.140442
348.124939
348.510437
348.747986
348.973145
349.094116
349.335693
349.842743
350.198730
350.085510
350.269440
350.767090
351.036499
350.816132
351.319336
351.511597
351.358521
351.929840
351.426575
352.344635
352.281250
352.103363
352.587982
352.974060
352.654510
352.865997
353.249481
352.927032
352.781860
353.072296
353.126434
352.690002
352.696350
352.545868
352.000916
352.131134
351.767029
351.653259
352.010529
351.432343
350.879456
351.156281
350.570160
350.559296
349.796936
350.036316
349.753174
349.312683
349.042847
349.240234
348.679993
348.070374
348.251495
347.738739
347.725616
347.403076
347.249603
346.899933
347.049866
346.776337
346.552124
346.560028
346.383850
346.561310
346.334137
346.251862
346.049408
346.683289
346.778809
347.466125
346.962372
347.161469
347.951752
347.818634
347.899078
348.385681
349.140961
349.238556
349.708435
350.087677
350.594086
350.562897
351.666931
351.954468
352.334564
352.338013
352.868866
353.169312
353.730225
353.708954
354.304565
354.091217
354.587372
354.826996
355.068146
354.784912
354.232849
354.552765
353.888031
353.079346
353.493835
352.750580
351.900543
350.465271
349.843933
348.654633
347.616119
345.872650
344.069275
342.745819
340.691437
338.839508
336.232849
333.546021
331.168427
328.478241
325.446503
322.535553
318.800720
315.747101
311.986908
308.459747
304.697815
300.393585
296.646545
292.143005
287.963013
283.519470
279.163361
274.774689
270.483917
265.978851
261.290619
257.136322
252.750732
247.914825
243.740433
239.567383
235.352188
231.536530
227.668518
223.698898
220.130371
216.835220
213.635620
210.711227
208.183746
205.826736
203.705795
201.675903
200.263123
198.519623
197.567047
196.722214
196.369232
196.409195

216.107834
185.078918
185.513687
186.127701
186.981689
188.160431
190.078323
191.697723
193.437363
195.964325
198.363602
201.066788
203.725830
206.687256
209.823059
213.154724
216.569046
220.363663
224.153931
227.974426
231.901199
235.897858
239.761383
243.835831
247.983398
252.220551
256.147827
259.738251
263.862183
267.962433
271.360931
275.525116
279.173279
282.385925
286.267761
289.550781
292.920898
295.525055
298.717407
300.806793
303.737640
306.130707
308.954926
311.128998
312.748932
314.652832
316.434479
317.807556
319.368622
320.751678
322.153503
322.876068
323.983093
324.959442
325.198761
325.898285
326.892487
326.620300
327.210052
327.423889
327.209045
326.909271
327.536896
327.085571
327.068207
326.885101
326.562012
326.508240
326.292389
325.585358
325.556976
324.864166
325.350281
324.490570
324.101776
324.378967
323.578705
323.498657
323.271240
322.862274
322.363190
321.944153
321.778503
322.230652
321.795776
321.447998
321.291077
321.483429
321.069916
321.449982
321.230286
321.813171
322.082123
321.812897
322.015137
322.122345
322.058228
322.290131
322.778442
323.294647
323.106079
323.754089
323.848022
324.399170
324.060608
325.012726
325.444519
325.749878
326.217896
326.501404
326.904388
326.855347
326.948120
327.319092
327.142944
327.913269
328.225677
328.398895
328.866211
329.451233
329.025208
329.204010
328.803558
329.245392
329.864136
329.882294
330.092010
329.599487
329.987823
329.416565
329.953613
329.331268
328.947754
329.143646
328.847015
328.796112
328.435944
328.329224
327.965607
328.008636
327.791962
327.024536
327.157623
327.119965
326.399750
326.145477
326.028870
325.551941
325.031525
324.690186
324.635223
324.730865
323.924377
323.804718
323.427979
323.267303
322.834991
323.076904
322.385406
322.861847
322.835541
322.386322
321.824493
321.904388
321.651581
321.591309
321.200623
321.954346
322.035614
321.868469
321.647186
321.704346
322.042999
321.950745
322.140106
322.152527
322.848328
322.826782
323.419647
323.891754
323.920959
324.503784
324.713470
324.523987
324.845886
325.075653
325.540314
325.558350
325.957489
326.140930
326.824829
327.285675
327.103271
327.569489
327.916809
328.358551
328.686554
328.561676
328.824860
329.778931
329.663177
329.559662
330.106934
330.639008
330.140930
330.661224
330.986420
330.669525
330.779144
330.845032
330.478851
330.600922
330.646973
330.322571
330.317383
330.590851
329.836243
330.008087
329.870941
330.002777
329.662628
329.539612
329.350555
328.849091
328.766479
328.554504
328.083252
327.632507
327.357147
327.050232
327.233185
327.013184
326.339752
326.066010
325.753601
325.484283
325.135712
324.627869
324.557281
324.058960
324.050903
323.990784
323.839905
323.017395
323.031647
323.077698
322.916595
322.559814
322.234497
322.235779
322.240540
322.071075
322.255890
322.239471
322.269135
322.098206
322.238373
322.485809
322.518646
322.616364
322.703156
322.631714
322.622437
322.752380
322.943542
323.109955
322.921844
323.535370
323.271271
323.958557
324.096893
324.931824
325.271210
324.927185
325.903351
325.651978
326.139954
326.735107
326.708710
326.886993
327.316162
327.434723
327.501007
328.213928
328.240570
328.393036
328.332367
328.542480
329.220856
328.885712
329.076355
329.172485
329.493744
329.520477
330.047028
329.725220
329.020874
329.626099
329.618317
330.048248
329.593079
329.660431
329.553131
329.565186
329.408417
329.182526
329.080048
329.327820
328.970734
328.479767
328.858582
328.198059
327.979034
327.837158
327.421753
327.303558
327.002930
326.480255
326.777832
326.509308
326.568878
325.690552
325.704407
325.417572
325.275452
324.800140
324.735138
324.498108
324.297882
324.370972
324.058167
324.621490
324.000854
323.909912
324.044891
323.727142
323.492798
323.521027
323.160797
323.687500
323.598297
323.463745
323.641937
324.025238
324.122986
323.918976
324.149689
324.029327
324.321136
324.608643
324.863617
324.618225
325.282562
325.094635
325.612274
325.686981
326.090637
326.397247
326.444580
327.266907
327.160248
327.678528
327.930511
328.132111
328.571381
328.663544
328.736969
328.925232
329.091248
329.547607
329.694702
330.077240
330.361755
330.938843
330.378693
330.739929
331.289337
331.169586
331.049561
331.466705
331.559448
331.481323
331.780365
331.985138
331.819214
331.769775
331.971283
331.543762
331.890167
331.654083
331.555634
331.493164
331.439575
330.949921
331.090637
330.964172
330.710480
330.328369
329.861023
330.068176
329.359650
329.621735
329.597321
329.310699
329.065247
328.964874
328.567627
328.654480
328.040070
327.721497
327.928131
327.100250
327.045288
326.816223
326.871368
326.290588
326.369263
326.330902
326.088745
326.303558
326.062683
326.059784
326.008820
325.766113
325.743958
325.847656
326.317535
325.806671
325.525970
325.723145
325.894165
325.964172
325.630676
326.153778
326.484772
325.934418
326.798004
326.799927
326.563293
326.782806
327.416809
327.496490
327.979340
327.845123
328.576508
328.905731
328.494415
329.289520
329.401428
329.801880
329.849396
329.982849
330.604523
330.737091
330.712067
331.496094
331.572296
331.442749
331.612335
331.983704
331.915161
332.711670
332.385864
332.622406
332.460724
332.502350
332.703278
333.000183
333.112366
332.939087
332.833862
333.286469
333.333710
333.108704
332.857819
332.856171
332.621216
332.860016
332.890411
332.674133
332.744995
331.869415
332.118835
332.065887
331.868195
331.367950
331.402771
331.338898
330.490479
330.501221
330.461121
330.680084
330.387695
329.617126
329.650391
329.870239
329.609131
329.511780
329.108276
328.972198
328.889954
328.502319
328.444794
328.505402
328.340302
328.072205
327.915161
328.002228
328.061279
327.579498
327.754059
328.368652
329.030212
327.701263
328.242035
328.393707
328.612244
328.165802
328.258972
328.771606
328.729706
329.044342
329.356415
329.427673
330.163055
330.119293
330.209442
330.474579
330.728210
330.956329
331.392639
331.545044
332.220612
332.223175
333.386932
332.885986
333.228912
333.699249
333.730499
334.232056
334.393066
334.496368
334.748993
335.090424
335.635223
335.818268
335.747040
336.087524
336.287750
336.858154
337.041840
337.013916
336.930450
337.317078
337.783905
337.652466
337.535706
337.365723
337.601685
337.637543
337.795105
337.752411
337.778961
337.447510
337.055634
337.210968
337.166290
337.011169
336.695831
336.762115
336.557770
336.381805
335.826172
335.852173
335.625305
335.307068
334.993744
334.965515
334.407745
333.968048
334.173279
333.839142
333.295135
333.319061
332.725891
332.822083
333.051605
332.659576
332.340515
332.017090
332.153625
331.900635
331.537415
331.706879
331.554840
331.808350
331.153839
331.299347
331.656311
331.838135
332.028442
331.753479
331.221313
331.572601
332.102051
331.769531
332.184113
332.481293
332.462280
332.337067
332.935181
333.211304
333.229279
333.673767
333.636475
334.090332
334.674133
334.676483
335.117554
335.032471
335.613739
335.956085
336.594635
336.603699
336.916290
337.717865
337.832794
338.254761
338.655121
338.233124
339.141052
339.492767
339.614380
339.767151
339.806366
340.046722
340.626526
340.523132
341.122986
341.114105
341.247711
341.499023
341.468445
341.710999
341.705933
341.462494
341.317200
341.557709
341.366119
341.642212
341.315216
341.587555
341.456970
341.557465
341.493561
340.930023
340.927887
340.512451
340.169464
340.290436
339.488495
339.412262
339.243408
339.115936
339.224609
338.393433
338.290009
337.731049
337.353699
336.971985
336.828400
336.371429
336.176544
335.889740
335.640594
334.941772
335.543030
334.703125
334.912140
334.546509
334.595001
333.785522
333.743042
334.043671
333.810547
333.583954
333.545197
333.276001
333.084076
332.781311
332.989594
333.091370
333.341858
333.143311
333.187531
333.332642
333.362762
333.464966
333.290039
334.167816
334.089813
334.236450
334.088409
334.619354
334.957947
335.130951
335.063690
334.835907
336.147278
335.858521
335.785828
336.622406
336.402924
336.691528
336.952393
337.548889
337.583466
337.750671
337.955109
338.354858
338.049957
338.460449
338.639130
339.397949
339.072571
339.976013
339.593353
339.639282
339.805023
340.120117
340.462128
340.771545
340.008484
340.553192
340.539612
340.615448
340.263458
340.478882
340.174683
340.019104
339.807343
340.120728
339.667999
339.819336
339.373108
339.261871
339.165588
338.733368
338.567169
338.295349
338.003754
338.201508
337.614197
337.697571
337.509827
337.010590
336.860016
336.759491
336.835663
336.168396
336.027252
335.575684
335.722076
335.494415
335.128174
334.935669
335.316589
334.442719
334.502197
334.200958
334.487213
334.149292
334.080627
333.505646
334.478577
333.668121
333.629883
333.895599
333.781952
334.167297
334.006378
334.300171
334.762268
334.376465
334.366028
334.735046
335.059692
335.025818
335.070038
335.527496
335.428986
335.517090
335.788788
335.846252
336.108337
336.488037
336.850861
336.631805
337.141876
337.288391
337.415710
337.600403
337.589478
337.458862
338.134033
338.108765
338.570435
339.025116
338.398529
338.925659
338.819031
338.539795
339.215149
339.136383
339.227631
339.536499
339.666687
339.197235
339.464447
339.086761
339.206665
339.202454
338.790619
338.653046
338.608795
338.254272
338.579193
338.446228
337.931458
338.029175
338.455200
337.845032
337.277283
337.041870
337.197266
336.691498
336.483734
336.186432
336.292755
335.747131
335.643738
334.941498
335.060638
335.003723
334.701508
334.265503
334.505981
333.953278
333.641418
333.513916
333.543793
333.487671
333.233459
333.232635
332.776062
333.229767
332.256805
333.111267
333.073914
332.789673
333.015991
333.083588
332.744629
333.629913
333.263458
333.118744
333.599854
333.155334
333.591553
334.013672
333.975098
334.008270
334.419403
334.584900
335.047211
334.621307
335.189575
335.109192
335.523804
335.846985
335.817719
336.289062
336.408295
336.813660
336.434937
336.916199
336.970703
337.155334
337.939362
337.721893
337.834991
337.915283
338.101807
337.818390
337.700592
338.251923
338.324463
338.650970
338.113586
337.966217
337.729401
337.823761
338.002716
337.870544
337.483124
337.013092
337.090515
336.731567
336.709503
336.349365
336.577881
335.952118
335.730927
335.378693
334.968323
334.726654
334.433258
334.549988
334.227600
334.188660
333.766327
333.550629
333.033600
333.007324
332.821625
332.509155
332.098389
331.953003
331.829987
331.705139
331.917145
331.344177
331.628418
331.244293
331.304718
331.690918
331.717651
331.920532
332.012695
332.514435
332.589722
332.944763
333.104645
333.656342
334.001373
334.319122
334.768616
334.620575
335.065155
335.886139
335.391022
336.047943
336.522430
336.866241
337.236145
337.847748
338.061798
338.266663
338.376678
338.770203
338.985596
338.875122
338.574249
339.177399
339.136658
339.151459
338.844971
338.509186
338.418884
337.631256
337.290741
336.284088
335.317535
334.412628
332.759918
331.906006
330.682526
328.546570
327.214050
325.024933
322.925293
320.625305
318.803284
316.260101
313.348206
310.680420
307.773285
304.849792
301.554962
297.930634
294.133209
291.034424
287.061829
283.594757
279.291504
275.154602
271.186340
267.053833
262.714813
258.460754
254.029221
249.584579
245.195938
241.209686
237.063583
232.975616
228.689423
225.025040
220.900696
217.272385
213.855515
210.348328
207.151871
204.391327
201.448441
198.942841
196.528717
194.487778
192.596573
191.112823
189.702240
188.876053
187.991089
187.575027
187.355438

219.338440
185.397919
185.847977
186.499283
187.321335
188.496902
190.399155
192.028534
193.765793
196.315704
198.700577
201.432968
204.082199
207.054657
210.195679
213.516052
216.973984
220.768723
224.538788
228.366928
232.298904
236.317932
240.195694
244.245148
248.403305
252.658142
256.598602
260.196472
264.315216
268.428619
271.822784
275.995850
279.626221
282.907074
286.764038
290.053314
293.452667
296.082550
299.261108
301.339996
304.306183
306.717407
309.522797
311.724670
313.348358
315.248840
317.062286
318.424774
319.994141
321.367493
322.818756
323.501923
324.675720
325.625122
325.853149
326.594269
327.583160
327.271881
327.910522
328.085510
327.869415
327.629578
328.259186
327.833771
327.867493
327.614044
327.338867
327.233856
327.025940
326.337982
326.283966
325.626465
326.009186
325.217377
324.785675
325.092072
324.282745
324.229523
324.036224
323.606140
323.084320
322.694244
322.476562
322.930573
322.494141
322.134735
321.967896
322.159546
321.723846
322.136017
321.896881
322.460022
322.758087
322.491455
322.654480
322.765320
322.686432
322.944611
323.401093
323.894592
323.704102
324.359741
324.439972
325.031555
324.571259
325.597656
325.989197
326.286346
326.778137
327.050720
327.438812
327.378784
327.483765
327.759796
327.590179
328.389374
328.675354
328.825134
329.323151
329.841003
329.428284
329.644287
329.205719
329.639587
330.236938
330.255585
330.433655
329.952667
330.341125
329.740234
330.316071
329.658325
329.224426
329.473328
329.137115
329.099640
328.720093
328.615173
328.275299
328.233002
328.077728
327.244507
327.431488
327.365601
326.639557
326.353394
326.268585
325.762939
325.279938
324.919556
324.879120
324.944641
324.170258
324.044464
323.618896
323.478119
323.045685
323.307678
322.622131
323.100403
323.060852
322.603760
322.048920
322.101440
321.873901
321.795715
321.451416
322.196472
322.259247
322.102722
321.850037
321.914673
322.234711
322.156769
322.376282
322.373535
323.072906
323.069061
323.664337
324.051605
324.151123
324.730774
324.961151
324.743530
325.099609
325.318237
325.782349
325.820953
326.183594
326.393738
327.065979
327.546661
327.345276
327.803345
328.185242
328.584290
328.951477
328.832672
329.065796
330.027435
329.902649
329.806793
330.365112
330.838776
330.407532
330.881195
331.231171
330.898621
330.998596
331.090942
330.699982
330.853088
330.864563
330.569855
330.557098
330.819244
330.040375
330.229095
330.079590
330.204895
329.865356
329.718506
329.583862
329.018494
328.943726
328.734955
328.266296
327.782959
327.518799
327.200500
327.397552
327.157104
326.462646
326.219360
325.880463
325.622925
325.249390
324.740723
324.664886
324.159210
324.123749
324.066101
323.916687
323.110382
323.112457
323.149933
322.979767
322.621582
322.284393
322.284607
322.278564
322.087646
322.280884
322.252411
322.276428
322.114929
322.207489
322.485901
322.519470
322.602631
322.698151
322.615784
322.593048
322.718231
322.925995
323.072784
322.870636
323.503174
323.243683
323.931274
324.062012
324.883789
325.232788
324.898041
325.851959
325.628815
326.102814
326.692230
326.673615
326.882324
327.293213
327.418396
327.480896
328.209259
328.255676
328.372803
328.339722
328.546387
329.203369
328.902069
329.111115
329.202271
329.526611
329.555176
330.092743
329.785889
329.098175
329.679718
329.664337
330.151398
329.703461
329.793457
329.655121
329.706879
329.517731
329.323669
329.240631
329.514313
329.167114
328.646210
329.053772
328.392395
328.224792
328.055206
327.670624
327.583618
327.276001
326.748322
327.076447
326.796844
326.877686
325.988739
326.066650
325.735718
325.608398
325.175446
325.094727
324.907806
324.687927
324.765564
324.455292
325.039032
324.442688
324.336792
324.466980
324.179962
323.975677
323.970673
323.645081
324.157135
324.096924
323.954407
324.139191
324.496857
324.647583
324.455658
324.682281
324.568237
324.846069
325.128235
325.380219
325.158112
325.825836
325.629272
326.161163
326.205353
326.621490
326.974976
326.968262
327.776459
327.694000
328.207642
328.441986
328.677246
329.065308
329.185150
329.242157
329.431976
329.578949
330.004730
330.136780
330.544159
330.808441
331.370636
330.825378
331.167053
331.714661
331.616089
331.478607
331.881409
331.981049
331.872711
332.130676
332.338593
332.119202
332.096191
332.264648
331.858795
332.172028
331.927216
331.788269
331.789825
331.692657
331.178528
331.272369
331.177734
330.900482
330.475311
330.030640
330.181244
329.490265
329.731171
329.725281
329.415375
329.154938
329.046234
328.634186
328.707733
328.054443
327.744965
327.922577
327.094330
327.011078
326.786621
326.838287
326.238403
326.329071
326.260834
326.021118
326.206146
325.977325
325.956665
325.887817
325.664734
325.638611
325.704620
326.172974
325.659119
325.381500
325.545166
325.728058
325.802338
325.458527
325.982727
326.315369
325.751709
326.621490
326.609955
326.364594
326.593109
327.221222
327.316498
327.793762
327.650024
328.384338
328.715149
328.288116
329.100586
329.237183
329.631439
329.667084
329.809662
330.457825
330.566467
330.544739
331.337952
331.440247
331.304352
331.483093
331.869446
331.791748
332.629639
332.266724
332.521484
332.382019
332.430023
332.646179
332.932098
333.054321
332.895325
332.773071
333.257996
333.313019
333.119537
332.847870
332.866821
332.655701
332.884247
332.941559
332.699829
332.831940
331.937164
332.226776
332.186523
331.984344
331.474762
331.554321
331.497589
330.669769
330.651825
330.653320
330.841187
330.580658
329.814911
329.858276
330.085327
329.836975
329.753082
329.329102
329.248047
329.126251
328.769470
328.737183
328.801270
328.586273
328.386169
328.199341
328.311462
328.407837
327.914032
328.042816
328.707733
328.961548
328.030792
328.631897
328.701050
328.937256
328.496552
328.603333
329.136200
329.087097
329.422699
329.731384
329.795441
330.543945
330.483459
330.578186
330.851929
331.070251
331.325043
331.766724
331.909332
332.558044
332.612152
333.759918
333.221466
333.607056
334.024933
334.087219
334.572662
334.726807
334.825653
335.088928
335.405548
335.970459
336.144348
336.055847
336.363739
336.571167
337.143890
337.330170
337.280670
337.188812
337.551239
338.026520
337.900543
337.771118
337.624908
337.840515
337.871552
338.000244
337.973663
337.981995
337.624023
337.253906
337.354370
337.338196
337.189026
336.875671
336.922058
336.687805
336.512421
335.959839
335.968933
335.755280
335.425812
335.121124
335.043213
334.467926
334.027435
334.248932
333.884216
333.346252
333.347870
332.777924
332.845215
333.086609
332.673462
332.345856
332.006653
332.132721
331.888336
331.515533
331.637604
331.513550
331.751038
331.091705
331.229279
331.582703
331.747284
331.933655
331.641418
331.125458
331.472992
331.989197
331.650818
332.084961
332.362976
332.333832
332.208405
332.769745
333.053986
333.075317
333.538696
333.457520
333.894379
334.469696
334.505829
334.933105
334.828735
335.418549
335.764191
336.383667
336.399414
336.678772
337.488617
337.589966
337.995300
338.416687
337.971405
338.866943
339.236237
339.351562
339.494934
339.553680
339.764160
340.346375
340.253296
340.849182
340.836487
340.953827
341.184326
341.171967
341.420044
341.395935
341.146362
341.009338
341.251434
341.037292
341.313690
340.972626
341.257538
341.151703
341.203552
341.132507
340.584656
340.584625
340.155518
339.797394
339.938019
339.121918
339.024841
338.906830
338.747833
338.839630
338.036072
337.910767
337.373169
336.957855
336.588898
336.472870
335.998749
335.795349
335.493378
335.258270
334.547119
335.159515
334.293457
334.545197
334.149139
334.230438
333.414734
333.354370
333.637848
333.422974
333.190491
333.137543
332.925812
332.676849
332.378479
332.602631
332.705963
332.992462
332.742279
332.790192
332.922333
332.970673
333.070648
332.937622
333.829987
333.735107
333.854034
333.681122
334.245544
334.598022
334.763092
334.693878
334.458252
335.803284
335.513336
335.469025
336.298126
336.075562
336.380798
336.646362
337.233063
337.316254
337.437073
337.649658
338.075562
337.748871
338.180450
338.354401
339.135773
338.822357
339.723633
339.316467
339.367889
339.536377
339.859253
340.199982
340.558502
339.783386
340.347260
340.309021
340.383636
340.054626
340.312744
339.975311
339.842834
339.630188
339.953674
339.512360
339.657562
339.235687
339.117889
339.014465
338.607147
338.451447
338.194550
337.910553
338.113098
337.520752
337.595215
337.427917
336.968872
336.778320
336.721558
336.796906
336.137390
335.969208
335.558563
335.678772
335.498810
335.108398
334.892792
335.293762
334.396393
334.341797
334.189484
334.491364
334.163208
334.134186
333.524994
334.463348
333.741699
333.657990
333.915802
333.855774
334.219208
334.054474
334.380371
334.838593
334.429443
334.406311
334.834656
335.131683
335.118195
335.170746
335.654999
335.537140
335.649780
335.860870
335.942139
336.205261
336.607697
336.940460
336.735352
337.267029
337.407257
337.514557
337.708771
337.729980
337.559937
338.235901
338.223694
338.687866
339.150604
338.526550
339.018768
338.930206
338.670380
339.334656
339.253418
339.333679
339.645935
339.776947
339.292450
339.572174
339.216309
339.328156
339.306671
338.913208
338.770569
338.725494
338.361664
338.669006
338.596832
338.049072
338.137329
338.555542
337.945557
337.376190
337.140503
337.308929
336.772125
336.593781
336.275360
336.405182
335.832886
335.733124
335.071777
335.162628
335.103668
334.807037
334.367340
334.596375
334.041382
333.731506
333.609314
333.646515
333.586426
333.347748
333.341980
332.867157
333.326111
332.359070
333.188141
333.147888
332.905273
333.114929
333.175720
332.847870
333.742157
333.382812
333.230927
333.698853
333.240051
333.682343
334.117706
334.060883
334.093781
334.529755
334.683777
335.125366
334.725586
335.277496
335.204285
335.627167
335.936920
335.919586
336.387360
336.481476
336.921783
336.555847
337.031647
337.092682
337.252869
338.040009
337.830719
337.955109
338.032867
338.193085
337.925720
337.835876
338.373688
338.431061
338.741425
338.221161
338.094055
337.847076
337.959442
338.134277
337.974518
337.592834
337.139771
337.219238
336.845428
336.841125
336.463074
336.671875
336.079193
335.837769
335.482666
335.084961
334.839600
334.527252
334.655426
334.369537
334.282166
333.874298
333.661987
333.134766
333.131256
332.917297
332.597656
332.220215
332.057861
331.916931
331.823181
331.994537
331.448975
331.726501
331.351410
331.392487
331.788483
331.801880
331.993744
332.079468
332.577759
332.671722
333.002472
333.166382
333.734924
334.063171
334.364716
334.804260
334.672089
335.101074
335.941315
335.450623
336.104156
336.583710
336.913971
337.274048
337.876068
338.066833
338.301636
338.397980
338.789917
339.010895
338.887939
338.577515
339.148438
339.153992
339.143250
338.838928
338.469269
338.405121
337.578522
337.277954
336.263580
335.289795
334.373016
332.724274
331.863464
330.639984
328.503418
327.152222
324.962616
322.843781
320.550232
318.733765
316.194000
313.266235
310.609619
307.706787
304.774323
301.483856
297.838531
294.039429
290.933136
286.946716
283.494934
279.195923
275.037903
271.065613
266.965485
262.603149
258.315674
253.894409
249.449844
245.066528
241.079819
236.937912
232.848755
228.549927
224.895584
220.758957
217.138519
213.711594
210.220612
207.000671
204.260986
201.311646
198.802841
196.383133
194.333694
192.461151
190.955414
189.553726
188.721252
187.845413
187.432816
187.199142

