288.668243
173.259888
173.769669
174.359146
175.063065
176.418182
177.702133
179.348434
181.170532
183.007919
185.438980
187.931351
190.661316
193.563339
196.417450
199.437927
202.920624
206.426880
209.620880
213.169128
216.631729
220.661026
224.210617
228.312698
231.686066
235.924637
239.547699
243.201248
246.667923
250.551605
253.863098
257.770172
260.768250
264.468140
267.170410
270.741302
273.757294
276.366089
278.763000
281.644562
284.322052
286.175842
288.522949
290.987793
292.378632
294.664856
295.775208
297.602417
299.141663
300.373505
301.172424
302.452698
303.392395
304.188232
304.780243
305.685425
305.646515
306.270996
306.323792
306.597076
306.688232
306.994263
306.845856
306.655090
306.504120
306.416534
305.801666
306.542542
306.004395
305.940094
305.726227
305.516113
305.142395
304.815704
304.719727
304.305389
303.909637
304.076172
303.406647
303.682556
303.004700
302.613525
303.133240
302.702881
302.486267
302.721741
303.054932
302.753815
302.606262
302.756409
302.922913
303.249634
303.131866
303.649445
303.276764
303.340546
304.049164
304.082886
304.575043
304.884399
304.929260
305.284729
305.188660
305.722565
306.428772
306.781128
306.893555
307.451111
307.867340
308.088623
308.100403
308.804504
309.364227
309.483582
309.447357
309.839539
310.488617
310.351349
311.050964
310.835968
311.389160
311.592010
311.592804
311.733185
312.187653
311.863983
312.466644
312.237457
312.433197
311.957245
312.250580
311.800659
311.639862
311.532104
311.782471
311.266174
311.186401
311.351257
311.102905
310.952545
310.685608
310.372620
310.409119
310.179138
309.829590
309.255798
309.227997
309.126282
308.639679
308.137878
308.319305
308.096710
308.421814
307.629974
307.643494
307.010895
307.596344
306.871002
306.607269
306.561157
306.377197
306.252747
306.516998
306.243469
306.112854
306.196869
306.085876
306.394409
306.621857
306.244080
306.318665
306.830536
306.902985
307.043365
307.549622
307.624847
308.021973
307.966797
307.954315
308.576965
308.839203
309.157593
309.472137
310.032349
309.635376
309.966980
310.673859
310.706970
311.320312
311.701843
312.166718
311.968842
312.866180
313.175751
313.538696
313.719696
314.009521
314.333557
314.390259
314.998535
315.323059
315.747345
315.415466
315.883667
316.037506
316.275543
316.423828
316.441772
316.422424
316.750610
316.785065
316.616272
316.846436
316.998169
316.499451
316.867950
316.645966
316.916321
316.690369
315.941986
316.263855
315.924866
315.846313
315.418427
315.477692
315.704041
315.111786
314.704651
314.539978
314.262817
313.853149
313.910217
313.510101
313.379639
312.668823
312.906708
312.898621
312.608307
311.935242
312.065033
311.982269
311.420868
311.658966
311.362396
310.341614
310.805389
310.506165
310.739075
310.154663
310.303192
310.517792
310.485016
310.419708
310.057983
310.413208
310.450470
310.566803
310.963501
310.850830
310.526367
311.142639
311.001556
311.592407
311.835876
311.648224
311.522339
311.988831
312.228699
312.747437
313.117859
313.486298
313.934570
314.017944
313.894592
314.410156
314.776031
315.401947
315.703918
315.522766
315.895721
316.355042
316.356567
316.797211
317.372314
317.481903
318.009094
317.901154
318.346497
318.692566
318.567505
318.501434
318.904205
319.011810
319.169769
319.361237
319.760132
320.045471
320.309875
319.895721
320.009460
320.172943
319.682281
319.695038
319.623901
319.535797
319.761566
319.650757
319.566162
319.382233
319.474213
319.335846
319.141174
318.981628
318.256622
318.627106
318.340454
318.320068
317.752350
317.142090
317.435028
317.440247
317.218597
317.210144
317.353516
316.827820
316.370300
316.209595
315.892731
316.184814
316.009918
316.079163
315.877228
315.605347
315.586823
315.760284
315.227936
315.861786
315.297058
315.336334
314.884918
315.749115
315.912201
315.827667
316.106750
316.412323
316.694580
316.403442
316.446106
316.795013
316.844238
317.063263
317.214874
317.652313
318.091797
318.149445
318.475861
318.752899
319.066040
319.199890
319.675995
319.947601
319.940765
320.697601
320.494629
320.941284
321.902344
321.485046
322.061462
322.652252
322.558838
322.978058
322.801514
323.344757
324.148193
323.913086
323.867279
323.994202
324.529724
324.774231
324.734192
325.117676
325.359039
325.159515
325.033234
325.037140
325.180115
325.327972
325.109558
325.324677
325.249908
325.312531
325.229675
325.086914
325.165588
324.529633
324.634552
324.817017
324.740845
324.319977
323.993683
324.284821
323.880310
323.645233
323.233093
323.698456
323.154022
323.010590
322.460449
322.465149
322.572968
321.848633
322.174042
321.926819
321.743439
321.481384
321.313995
321.245056
321.380493
321.455811
321.163330
320.996948
321.341339
321.144714
321.079376
321.052643
320.567352
320.861603
321.075989
321.190887
321.408142
321.445984
321.450226
321.460663
321.822815
321.975739
322.433289
322.805145
322.352966
322.420135
323.295135
323.122192
323.211395
323.789856
324.443634
324.359894
324.872192
324.937317
324.914368
325.233856
325.561829
325.940643
326.076294
326.323303
326.564850
327.137512
327.347321
327.687927
328.160461
328.269470
328.653839
328.286041
328.689362
329.111572
329.136871
329.403595
329.685638
329.918915
329.801239
329.902557
329.728088
329.682343
330.082703
330.002716
330.422241
330.406464
330.533508
330.010651
330.038422
330.046417
330.027954
329.890930
330.011780
330.041443
329.491547
329.205566
329.490326
329.131622
328.977386
328.832123
328.535309
328.643707
328.444824
328.339355
328.256470
327.680054
327.546997
327.425262
327.636658
327.229858
327.302887
326.654358
326.558136
326.655029
326.759613
326.889648
326.989685
326.442200
326.844025
326.856384
327.180878
326.742340
326.641052
327.056763
326.986542
327.063721
327.024139
327.682220
327.974274
327.848419
328.396973
328.321442
328.550751
329.026978
328.631592
329.179291
329.855255
329.861816
330.246979
330.665009
330.711060
331.226257
331.544281
331.813293
332.317596
332.747009
332.810822
333.020538
334.364685
333.827454
334.485138
334.942261
335.050354
335.947632
336.111450
335.961243
336.286591
337.104950
337.174103
337.512238
337.562927
337.755707
337.891907
338.042328
338.507477
338.466675
338.591431
338.733551
338.755737
338.864563
338.760101
339.433044
338.962341
338.935547
339.466339
338.911011
339.079498
338.933411
338.600220
338.696960
338.456207
338.762939
338.274200
338.144684
338.191162
338.057495
337.576782
337.825348
337.476410
337.522614
337.148651
336.668304
336.359558
336.323273
336.165466
336.083466
336.257172
336.034760
335.461578
335.441101
335.474091
335.278320
335.193970
335.551758
334.850128
335.277985
335.091858
334.840576
334.963043
334.758026
335.276672
335.613312
335.022003
335.134613
335.778900
335.899780
335.642792
336.088989
336.468048
336.408417
337.080444
337.038025
337.679504
337.911835
337.907532
338.029938
338.896576
339.033478
339.284363
339.325378
340.050201
340.634277
340.714722
341.116486
341.446991
342.246185
342.692902
343.407745
343.403473
343.769135
343.891174
344.656860
344.613007
344.965973
345.466309
345.619019
346.103455
346.233521
346.258972
346.919312
347.076691
346.818542
347.777527
347.526215
347.801514
347.383209
348.083923
348.056000
347.967133
347.582245
347.874573
348.122559
348.172363
348.094421
347.846039
347.654083
347.682220
347.750610
347.308289
347.440277
346.812775
346.717468
346.348938
346.486176
346.000214
345.762573
345.456940
344.737122
344.899109
344.705109
344.440247
344.171326
343.528381
343.503113
343.401825
343.166138
343.184021
342.720917
342.388184
342.519257
341.981781
342.016663
341.905579
342.197662
341.388397
341.031189
341.325684
341.177338
341.281067
341.458496
340.971313
341.097839
340.958893
340.983337
340.844086
341.003052
341.375000
341.728577
341.809143
342.114655
341.843903
341.975952
342.556335
342.603271
343.252319
343.239105
343.464661
343.791718
343.761658
344.039978
344.778168
344.792786
344.764587
345.504852
345.718384
346.226105
346.409485
346.203308
347.240448
347.205139
347.631073
348.189728
348.017578
347.946350
348.475586
348.838074
348.575287
349.020508
349.261047
349.358887
349.233246
349.572052
350.006897
349.702820
349.976776
349.955719
349.986450
349.938324
349.648712
350.021545
349.458771
350.023682
349.628113
349.852264
349.205139
349.429016
348.821838
349.196869
348.842316
348.420074
348.623077
348.464996
348.276978
348.005859
347.574707
347.197052
347.223053
347.151123
346.662140
346.672363
346.491516
345.678619
345.623749
345.459503
345.848785
345.564819
345.141510
345.295197
345.327759
345.034576
344.892517
344.661224
344.629883
344.626190
344.359070
344.856262
344.393433
344.488647
344.670410
344.065216
344.706726
344.979401
344.586945
344.974152
344.962250
345.066406
345.458435
345.270416
345.495483
345.301727
345.952606
345.643677
346.043701
346.247223
346.559052
346.688934
347.206848
347.351776
347.406158
348.017761
348.200165
348.402924
348.717743
348.673309
349.101532
349.080750
349.145660
349.376160
349.809784
349.795776
349.889465
349.948395
349.996368
350.607422
350.517944
350.588196
350.940979
350.260925
350.335266
350.266235
350.690552
350.624725
350.349731
350.309174
349.731140
350.269501
349.668152
349.384033
349.561859
349.111725
349.675232
349.040375
348.843170
348.948608
348.554993
348.282562
347.564270
347.672394
347.547577
347.087860
347.139740
346.945587
346.239990
346.361053
345.877228
345.811462
345.497864
345.339111
345.502716
345.037323
345.273804
344.742523
344.715118
344.393982
344.510315
344.280884
344.249298
344.351837
344.231689
344.455414
344.628876
344.000153
344.352173
344.494171
344.425934
344.639221
344.787231
344.631653
344.931122
344.822968
344.909973
345.299011
345.542450
345.770081
346.047577
346.122711
346.432953
346.813019
347.226471
347.423828
347.509918
347.864807
347.796234
347.680420
348.472626
348.436096
348.484039
348.635468
349.158508
349.367432
349.672333
349.088470
349.613678
349.833923
350.086731
350.022339
350.249573
350.136658
350.223969
349.756592
349.930939
349.827484
349.995239
349.736816
349.579895
349.390503
349.339478
349.008881
349.152618
348.612610
348.073853
348.055115
347.788788
347.956421
347.058258
347.057495
346.828308
346.440399
346.090057
345.887024
345.562744
345.212067
345.689758
345.000336
345.068207
344.323029
344.456940
344.446198
344.246216
344.002258
343.891022
343.624054
343.863312
343.817474
343.884979
343.625977
343.910583
344.176727
344.246124
344.466614
344.503906
344.419586
344.772064
344.913696
345.356323
345.686035
346.106415
346.642853
347.169037
347.674805
348.047363
348.629517
348.815979
349.273285
349.519531
349.892120
350.666779
350.548218
350.755615
351.369476
351.561737
351.606415
352.356232
351.837006
351.942993
351.724792
351.718719
352.104340
351.546844
350.873199
350.882507
349.936493
349.385040
348.464600
347.537537
346.478851
344.919037
343.736664
341.845367
340.415558
338.680176
336.472687
333.822876
331.677460
328.667755
325.949829
323.110992
320.121521
316.808411
313.534515
310.247711
306.230652
302.401886
298.162933
294.549469
290.752380
286.181915
282.061401
277.679199
273.170929
268.895905
264.275574
259.950928
255.248184
251.161957
246.597809
242.071396
237.972519
233.971710
229.713470
226.135101
222.382462
219.114471
215.390320
212.315155
209.364212
206.701950
204.389114
202.448730
200.409256
198.655182
197.592377
196.501343
195.640381
194.959030
195.234039

286.869019
173.189987
173.699188
174.297287
175.006699
176.365875
177.651382
179.299561
181.135330
182.993759
185.421951
187.921005
190.690750
193.580765
196.452042
199.477585
203.003876
206.511337
209.756348
213.313339
216.794205
220.815109
224.427841
228.522980
231.919418
236.176590
239.836517
243.508667
247.017853
250.923904
254.292007
258.204529
261.250397
264.977234
267.684113
271.316925
274.325348
276.987061
279.410156
282.360901
285.048950
286.925781
289.309174
291.788635
293.238007
295.564484
296.664917
298.527679
300.144897
301.370667
302.236511
303.486816
304.471130
305.299255
305.933624
306.861908
306.869110
307.500641
307.603119
307.915527
308.005981
308.352966
308.209686
308.050812
307.935913
307.863861
307.248718
308.053680
307.541321
307.464539
307.249023
307.102264
306.706116
306.389801
306.345337
305.944275
305.590912
305.780304
305.096588
305.336487
304.688812
304.331573
304.860382
304.408020
304.197510
304.431854
304.766968
304.473267
304.319519
304.483673
304.613953
304.968414
304.852722
305.357941
304.977112
305.055542
305.744995
305.723663
306.218750
306.513794
306.597992
306.933380
306.802307
307.339355
308.015625
308.344147
308.461639
308.996155
309.340942
309.565643
309.586548
310.235138
310.790466
310.880310
310.815002
311.157959
311.799042
311.684875
312.368866
312.089172
312.612335
312.788422
312.734131
312.844757
313.286682
312.948120
313.525940
313.249969
313.409485
312.901520
313.186768
312.712982
312.501953
312.376862
312.608063
312.033966
311.921326
312.067230
311.797546
311.592896
311.289917
310.968994
310.961792
310.704376
310.336090
309.734528
309.682739
309.545288
309.031128
308.498627
308.648163
308.395050
308.690735
307.886505
307.870667
307.234375
307.782501
307.020538
306.726318
306.652161
306.457581
306.324219
306.555817
306.279999
306.110901
306.185333
306.061890
306.345093
306.548096
306.160034
306.219879
306.707611
306.773926
306.889984
307.384735
307.468018
307.840607
307.775970
307.753967
308.344910
308.622803
308.909698
309.233185
309.773590
309.381439
309.709259
310.392212
310.442200
311.036102
311.411102
311.872528
311.664001
312.563782
312.886505
313.243103
313.434967
313.727081
314.043091
314.093933
314.733246
315.051483
315.489838
315.148926
315.624969
315.765381
316.010254
316.187958
316.230560
316.195831
316.541687
316.604523
316.451477
316.678436
316.856445
316.326477
316.703400
316.487457
316.791321
316.586456
315.825500
316.183929
315.830414
315.787781
315.355804
315.462860
315.664062
315.075928
314.752502
314.557556
314.276337
313.891541
313.999664
313.617004
313.471436
312.780487
313.017426
313.052948
312.770447
312.110260
312.281647
312.205780
311.670044
311.926849
311.655060
310.657379
311.131165
310.848846
311.083649
310.552094
310.715302
310.935120
310.933502
310.916199
310.567932
310.907959
310.983765
311.181000
311.581970
311.471344
311.157623
311.794006
311.661926
312.290527
312.562561
312.380066
312.295746
312.765198
313.010773
313.584015
313.961426
314.391937
314.797089
314.967377
314.838409
315.383209
315.783325
316.416443
316.770752
316.612579
317.032990
317.460205
317.479797
317.976257
318.597992
318.724457
319.306488
319.192230
319.651550
320.041718
319.941650
319.902435
320.305878
320.432648
320.604156
320.852997
321.279266
321.615326
321.896027
321.428162
321.550903
321.781189
321.317017
321.386139
321.292603
321.210052
321.477386
321.432251
321.356232
321.199066
321.307739
321.157349
321.033264
320.841949
320.173279
320.560638
320.345520
320.264618
319.745392
319.150330
319.458557
319.485596
319.262054
319.271637
319.422485
318.958069
318.500488
318.328430
318.022522
318.333710
318.231842
318.252625
318.084259
317.814270
317.841125
317.974976
317.514771
318.102386
317.557800
317.589935
317.169281
318.057068
318.186462
318.127228
318.408905
318.675629
318.964020
318.704407
318.728241
319.122284
319.184448
319.345703
319.532440
319.934143
320.309998
320.436859
320.736725
321.016479
321.282013
321.391876
321.881866
322.142059
322.094421
322.860840
322.696838
323.093933
324.053833
323.672211
324.177155
324.800110
324.614471
325.082184
324.850983
325.405396
326.173492
325.872650
325.799622
325.940033
326.382294
326.691040
326.610809
327.002991
327.199066
326.970428
326.812988
326.789093
326.866974
327.039581
326.767151
326.971802
326.831390
326.906586
326.724335
326.639801
326.673981
326.000793
326.118225
326.239105
326.056213
325.661499
325.333557
325.569061
325.177673
324.885345
324.456329
324.929352
324.299347
324.094971
323.534912
323.521851
323.560883
322.807098
323.113525
322.820526
322.692383
322.326813
322.182892
322.076660
322.134918
322.191498
321.863647
321.720703
322.018860
321.786987
321.680389
321.648193
321.085968
321.380768
321.638367
321.680359
321.886932
321.931091
321.865295
321.832947
322.184906
322.317169
322.739349
323.118134
322.629547
322.675598
323.519196
323.348419
323.459686
323.997650
324.589294
324.545471
325.008453
325.047668
325.100769
325.370850
325.618774
326.023682
326.152710
326.391479
326.588501
327.165344
327.344391
327.708435
328.150879
328.273560
328.598724
328.246399
328.665527
329.072968
329.091370
329.352570
329.656006
329.847931
329.741272
329.816803
329.620575
329.586456
329.991333
329.893707
330.313354
330.320404
330.443787
329.929260
329.924011
329.937286
329.924347
329.780487
329.912109
329.952637
329.369171
329.096130
329.408875
329.035278
328.856323
328.746124
328.456177
328.528687
328.332855
328.246216
328.155579
327.579559
327.467255
327.348969
327.545990
327.145813
327.226501
326.564972
326.479584
326.560852
326.691986
326.806610
326.891205
326.357697
326.757141
326.792725
327.101898
326.654633
326.586090
326.993713
326.918335
326.999390
326.947906
327.584808
327.900970
327.778137
328.316284
328.251282
328.475494
328.972839
328.573334
329.094391
329.780701
329.789307
330.144653
330.576019
330.622681
331.147125
331.415375
331.721436
332.222992
332.648926
332.725983
332.907288
334.251617
333.695984
334.369629
334.821411
334.922821
335.820984
335.947906
335.820251
336.123138
336.958099
337.002625
337.345398
337.393585
337.566833
337.707916
337.827362
338.319519
338.275879
338.374664
338.506165
338.550201
338.631134
338.545349
339.205444
338.726471
338.678436
339.213654
338.661377
338.802826
338.655914
338.331238
338.423859
338.174591
338.473969
337.964569
337.830963
337.881531
337.740356
337.241577
337.513947
337.143524
337.161957
336.803467
336.300293
336.003021
335.953339
335.814819
335.709534
335.884094
335.670135
335.057922
335.082123
335.068176
334.909241
334.816681
335.154297
334.459595
334.896057
334.678955
334.445038
334.552338
334.344635
334.854065
335.215363
334.619934
334.718506
335.365082
335.476807
335.218750
335.694183
336.061890
335.989594
336.678680
336.632721
337.263306
337.494263
337.487335
337.654236
338.468872
338.652466
338.876770
338.948090
339.647339
340.227814
340.321320
340.719116
341.037506
341.859131
342.310303
343.046600
343.001923
343.391571
343.515167
344.288269
344.259033
344.609283
345.073486
345.273224
345.748932
345.886627
345.922028
346.560699
346.739807
346.495544
347.457062
347.229309
347.491852
347.078217
347.768707
347.756531
347.707153
347.320587
347.587219
347.839996
347.899323
347.805115
347.593079
347.383484
347.430023
347.509308
347.059875
347.182159
346.612183
346.494904
346.147583
346.246063
345.781281
345.532562
345.239929
344.555237
344.716797
344.543030
344.274170
343.966736
343.382782
343.290985
343.222839
342.986298
343.021637
342.559692
342.218781
342.369049
341.834595
341.856293
341.808502
342.069946
341.259583
340.903015
341.210480
341.065521
341.198334
341.346008
340.869476
340.997955
340.873566
340.885590
340.770142
340.929535
341.311493
341.659485
341.776276
342.028229
341.733551
341.923157
342.480316
342.562286
343.221375
343.174561
343.445251
343.791901
343.725433
343.971436
344.731384
344.772919
344.731537
345.473145
345.659698
346.195496
346.391846
346.160980
347.182739
347.193939
347.600494
348.169739
347.981659
347.937653
348.441284
348.826233
348.554169
349.000671
349.213989
349.333893
349.220337
349.556976
349.980530
349.669525
349.998230
349.944794
349.978455
349.941772
349.673035
349.984253
349.436432
350.034851
349.624207
349.844421
349.194946
349.426636
348.812592
349.211792
348.845825
348.421356
348.627625
348.472015
348.257843
348.017212
347.599640
347.178741
347.224487
347.154388
346.652039
346.682434
346.526367
345.703003
345.622162
345.463074
345.845734
345.593018
345.121002
345.277588
345.316284
345.069000
344.880280
344.680054
344.631470
344.604309
344.371094
344.828186
344.422913
344.477234
344.655731
344.038574
344.701691
344.961060
344.570160
344.974670
344.946442
345.082794
345.452148
345.261108
345.431519
345.271973
345.938721
345.618652
346.049866
346.248230
346.559570
346.675995
347.180023
347.317566
347.380493
348.004944
348.181885
348.359680
348.694855
348.643250
349.093658
349.023285
349.112885
349.335358
349.782074
349.757385
349.865112
349.907684
349.981110
350.565155
350.500031
350.552124
350.907196
350.197662
350.289276
350.222412
350.629883
350.581360
350.291046
350.245117
349.671417
350.222656
349.622101
349.346893
349.518005
349.053741
349.614014
348.988770
348.778748
348.879395
348.497101
348.225433
347.477905
347.604004
347.482788
347.049133
347.080475
346.884216
346.184967
346.300995
345.787903
345.747070
345.449066
345.272766
345.431152
344.951508
345.198425
344.691803
344.653900
344.340637
344.428314
344.216461
344.191345
344.299957
344.145477
344.378906
344.576691
343.947144
344.294067
344.406799
344.360199
344.570740
344.721863
344.560333
344.893677
344.807495
344.852142
345.258636
345.525940
345.702026
346.008057
346.077667
346.391174
346.799683
347.166504
347.375214
347.433411
347.820831
347.755585
347.641144
348.418610
348.417267
348.437256
348.573120
349.128052
349.346924
349.630035
349.084961
349.606506
349.797729
350.057159
349.954834
350.231995
350.119141
350.170166
349.717651
349.905701
349.814697
349.972595
349.710175
349.584137
349.379700
349.324219
349.007751
349.130157
348.590057
348.049774
348.023071
347.759094
347.937225
347.044739
347.063904
346.803070
346.448730
346.105560
345.871094
345.555542
345.224579
345.693420
345.030884
345.069183
344.342987
344.482025
344.430664
344.283875
344.015869
343.939697
343.652863
343.887207
343.850311
343.895660
343.638245
343.903198
344.205414
344.266388
344.523865
344.538910
344.490784
344.826752
344.951782
345.385986
345.743866
346.140533
346.690948
347.224274
347.711761
348.125488
348.668335
348.868683
349.319763
349.586761
349.964905
350.739441
350.621033
350.835663
351.441559
351.626434
351.679443
352.424591
351.897797
352.005066
351.800903
351.786682
352.170837
351.636536
350.955627
350.964417
350.043060
349.464508
348.573120
347.637085
346.588806
345.010681
343.818878
341.932800
340.502594
338.793762
336.598846
333.905731
331.801056
328.772797
326.058533
323.211212
320.243073
316.921753
313.639893
310.359070
306.339722
302.490692
298.291412
294.661743
290.855011
286.308044
282.167694
277.827576
273.291504
269.007629
264.406494
260.059174
255.366104
251.299072
246.726151
242.200714
238.116653
234.102463
229.846741
226.285370
222.529144
219.229126
215.511215
212.445847
209.486816
206.836105
204.524002
202.579285
200.544647
198.776871
197.726181
196.640915
195.765167
195.079819
195.428940

216.251282
183.949677
184.613968
185.194763
186.150406
187.431244
188.864120
190.703735
192.541901
194.780945
197.115829
199.795425
202.846344
205.632782
208.847122
212.119797
215.491547
219.425415
223.107910
226.938370
230.344604
234.504379
238.694702
242.638947
246.664673
250.360428
254.837540
259.017120
262.696411
266.345581
270.287140
273.956818
277.757202
281.246063
284.725250
287.845642
291.051361
293.887909
297.081512
299.463715
302.649231
304.332733
306.924286
309.334290
311.056061
313.143646
314.979950
316.506866
317.534790
318.868713
319.965912
320.871979
321.871826
322.579071
323.194763
323.944122
324.418579
324.673401
325.092285
325.202515
325.482666
325.254059
325.518524
325.334198
325.262360
325.285065
324.742340
324.933655
323.885559
323.364777
323.469971
323.115051
322.654419
322.214600
322.001495
321.836090
321.383667
321.069122
321.080719
320.357727
320.151428
319.941864
319.626923
319.452179
319.764343
319.627930
319.315887
318.946259
319.419586
319.711212
319.535858
319.649292
319.908661
319.571167
320.278839
320.429382
320.123260
320.302887
320.614380
320.932037
321.473328
321.150208
321.319550
321.920197
322.710449
322.684448
323.199219
322.981354
323.845032
324.032074
324.110779
325.012817
325.203247
324.926880
325.538116
325.693207
325.941711
326.641174
326.239166
326.468842
327.002441
326.934113
326.817505
326.750885
327.074707
327.159882
326.966492
327.363007
327.099243
326.643646
326.964081
327.102142
326.700378
326.537231
326.235016
326.245667
326.326141
326.352844
325.715546
325.656769
325.441162
325.008026
324.139832
324.293976
323.816772
323.419556
322.874695
322.788544
322.296143
322.506348
321.735382
321.805389
321.397034
320.869659
320.861633
320.453186
320.336517
320.119934
320.005554
319.632812
319.957611
319.468719
319.596344
319.639648
318.924072
319.173187
318.858002
319.315521
318.742218
318.786957
319.202972
319.309113
319.037323
319.329651
319.510345
319.907623
320.242798
320.095184
320.370514
320.634583
321.010620
321.315430
321.246124
321.696472
322.110931
322.545898
322.382294
323.621399
323.212219
323.792938
324.328064
324.165710
324.652222
325.152649
325.105865
325.470642
326.043762
326.103149
326.241364
326.474731
326.660950
327.449036
327.012909
327.426544
327.442810
327.716339
327.743073
327.653473
327.661865
328.020752
327.772888
327.964233
327.778931
327.767120
327.654938
327.898712
327.359161
327.643097
327.367676
326.988831
327.067169
326.777283
326.097961
326.046936
325.868286
325.552338
325.588287
324.767761
324.943939
324.543915
324.259186
324.011719
323.725220
323.634613
323.197174
322.681000
322.075134
322.239410
321.918945
321.664673
320.918152
320.995758
320.596191
320.663116
320.403870
320.283752
319.816101
319.816284
319.857086
319.666687
319.444427
319.245636
319.358429
319.467957
319.188385
319.137207
319.617920
319.481384
319.502686
319.522278
319.695190
319.878326
319.983948
319.726288
320.271423
320.569885
320.830109
321.193481
321.299652
321.601471
321.884247
322.116333
322.161041
322.581970
322.618896
322.946991
323.578369
323.677551
323.342010
323.900848
323.915741
324.719574
324.709351
325.329132
325.505890
325.734833
325.746979
326.138550
326.316528
326.419647
326.458130
327.045166
326.856873
327.062256
327.020355
327.018646
327.129700
327.059692
327.303009
327.087585
327.163971
327.069183
326.665253
327.131989
326.956757
327.005768
326.681427
326.035461
326.284241
325.941437
325.891846
325.967285
325.161255
325.269836
325.203979
324.947205
324.268097
324.338348
324.408539
323.721680
323.439056
323.417053
322.747223
322.889862
322.613159
322.591888
322.300842
322.365662
322.298706
322.016449
321.455078
321.312927
321.183380
321.667725
321.338013
321.410980
321.475189
321.194153
321.139282
321.497894
321.364319
321.518555
320.997711
321.316498
321.417664
321.550018
321.676331
321.895020
321.770142
321.820038
322.245575
322.739380
322.660156
322.744141
323.069641
323.505219
323.401520
323.982422
324.257812
324.693085
324.751251
324.938232
325.185944
325.731232
326.245544
325.956665
326.551239
326.909729
327.402954
327.575806
327.591064
327.747009
328.205078
328.194733
328.695984
328.660248
328.657837
328.919312
328.917603
329.054932
329.273224
329.708984
329.684082
329.452820
329.422638
329.065735
329.705963
329.350128
329.499481
329.489105
329.634613
329.082489
329.501556
329.276154
329.230408
328.927246
328.437073
328.477386
328.072906
328.073700
327.941742
327.532593
327.124817
327.002930
327.053162
326.460968
326.375275
326.294098
325.922485
325.784119
325.217987
324.880402
325.205444
324.948364
325.141632
325.142365
324.509857
324.782501
324.331940
324.218140
324.481689
323.917511
323.932678
323.676605
324.213104
323.877625
323.912292
324.029053
323.977936
324.247345
324.059692
324.409210
324.072357
324.466156
324.669189
324.451355
324.901489
325.112671
325.014740
325.751862
325.491455
326.045715
326.146027
326.500061
326.615387
327.081940
327.649200
327.695892
327.731079
327.916046
328.285858
328.615692
328.688751
329.165253
329.773621
329.641754
329.841919
330.411316
330.495544
330.495880
330.337463
330.856628
331.078278
331.111023
332.323334
331.736115
331.856445
331.720520
331.792145
331.774445
331.875854
331.675049
332.224792
332.084564
332.147675
332.065063
331.776245
331.851318
331.567047
332.024841
331.724823
331.126373
331.278137
330.693329
331.121033
330.953339
330.650970
330.472687
330.180176
330.230255
329.580566
329.687561
329.674500
329.617828
329.025574
328.678101
328.794159
328.613098
328.684204
328.119537
327.949890
328.259888
327.992523
327.683899
327.852753
327.714020
327.737885
327.198120
327.704376
327.456512
327.747894
328.033173
328.312103
327.815704
328.016327
328.458740
328.196320
328.082123
328.164642
328.659637
328.798096
328.909882
329.245972
329.104706
329.482208
329.893219
330.155334
330.351440
330.205383
331.106659
331.280151
331.800354
332.245972
332.534149
332.839996
333.231506
333.195312
333.443756
333.915314
334.330261
334.757935
335.257660
334.895813
335.602905
335.590302
335.969757
336.392242
336.536530
336.576996
336.675262
337.238281
337.055389
337.870697
337.760834
337.810364
337.686188
337.911377
338.046295
338.482513
338.006470
337.828949
338.242554
337.871765
337.931427
337.873993
337.404877
337.434479
337.328857
337.228088
336.777985
336.803894
336.870728
336.475403
336.857452
335.925446
335.796539
335.702332
335.754242
335.030090
334.772522
335.035248
334.618256
334.319824
334.273590
333.875946
333.860016
333.575378
333.288727
333.072357
333.117737
332.596771
332.784241
332.592560
332.339935
331.980194
332.246033
332.580231
332.415222
332.020142
332.184998
331.954590
332.073883
332.298309
332.452911
332.444611
333.017853
332.797150
332.791687
333.375427
332.944702
333.860596
334.103607
334.265686
334.412231
334.968109
335.325195
335.157959
335.794952
335.472748
336.611420
336.251251
337.173492
337.489410
337.519501
337.921326
338.331482
338.847839
338.807129
339.442596
339.649109
340.022064
340.251404
340.937683
340.909485
341.115631
341.283356
341.693390
341.880188
342.103973
342.188385
342.328644
342.375519
342.752930
342.423828
342.576355
342.718414
342.826691
343.188721
343.050964
343.217010
342.695190
342.250824
342.560791
342.668152
342.142792
342.359283
342.085754
341.509125
341.429382
340.776611
340.770447
340.602905
339.845764
340.298553
339.631409
339.131622
339.298828
338.657379
338.392151
338.275208
337.600159
337.446808
337.175232
337.017517
337.476440
336.778748
336.651031
335.838470
335.511108
335.250397
335.563934
335.070831
334.742767
334.892151
334.695435
334.275360
334.487946
334.170990
333.638000
333.870056
333.755676
333.354431
333.876526
333.547638
333.944275
333.926544
333.971161
334.314331
334.435822
334.699890
334.540558
334.977570
334.959839
334.890137
335.327545
335.554291
335.686829
336.025146
336.179108
336.404114
336.988251
337.126160
336.998138
337.122406
337.112274
337.577087
337.670776
337.995911
338.383545
338.798401
338.773407
339.034271
339.105743
339.394531
339.668579
339.860138
339.969147
340.002289
339.938629
340.618164
340.401978
340.773132
340.701294
340.514404
340.721893
340.226562
340.322937
340.040039
340.149017
339.305023
340.256256
339.916901
339.360596
338.912598
338.785309
338.734344
338.323090
338.642975
338.566345
338.238617
338.065369
338.477234
337.567902
337.540680
337.309448
337.050903
336.670929
336.628967
335.998901
335.823792
335.730164
335.470062
334.978363
334.923645
334.535889
334.327942
334.090332
333.686554
333.518829
333.585815
333.263031
333.667633
333.193878
333.286011
333.436035
333.326904
333.038635
333.368317
333.063385
333.644806
333.019440
333.260651
333.272919
333.577240
333.466156
333.986023
334.084778
334.046417
333.704803
333.902588
334.032196
333.956604
334.539795
335.250397
335.077972
335.371246
335.093475
335.542877
335.928558
336.062134
336.279755
336.416626
336.506989
336.476471
337.094513
337.025574
337.235382
336.892487
337.578491
337.659454
337.742767
337.568634
337.056763
337.820435
337.159210
337.533630
337.469055
337.688904
336.950653
337.441681
336.993561
337.512268
337.081055
337.000275
336.771027
337.228363
336.333405
336.217255
336.302887
335.801086
335.586578
335.278839
335.374634
334.804413
334.539062
334.537567
333.935760
333.803375
333.310211
333.356689
333.095245
332.667023
332.773956
332.210541
332.212738
331.898987
331.783936
331.290222
331.234192
331.296906
331.024292
331.690552
330.796265
331.089050
330.755157
330.629333
330.191650
330.546509
330.206787
330.363770
330.695618
330.209564
330.081390
330.329376
330.237518
330.833679
330.299072
330.752502
330.804077
331.171661
330.895203
331.203033
331.503571
331.591156
331.783112
332.150085
332.398712
332.598785
332.775055
333.327209
333.382080
333.615112
333.394714
333.950714
334.046570
334.403503
334.641968
334.589630
334.196747
334.816833
334.439178
334.225311
335.085358
334.915161
335.071869
334.885742
335.099609
334.917877
334.756927
334.869415
334.819122
334.753448
334.819092
334.168457
333.779327
334.304260
334.218109
333.717224
333.190918
333.219299
332.967804
332.751404
332.477844
332.258789
331.650696
331.486389
331.346954
331.037537
330.535034
330.222504
330.081696
329.731506
329.245514
329.533508
329.244873
328.727295
328.662170
328.726227
328.268860
328.428314
328.078583
328.181702
328.377655
328.591370
328.221924
328.420532
328.525452
328.918732
328.624542
328.884186
328.794281
329.031525
329.804108
329.943237
330.352142
330.371399
330.407684
331.032410
331.217133
331.334869
331.942871
332.565857
332.814209
333.458466
333.230194
334.249237
334.374084
334.561310
334.893463
335.173157
335.285156
335.448181
335.685089
335.817932
335.360321
335.754364
335.449402
334.711884
334.653564
334.859497
333.104553
332.762939
331.692780
331.188263
329.670197
328.843109
327.330078
325.625885
323.692352
322.142426
319.910217
317.973969
315.362854
312.925995
310.361542
307.509766
304.676971
301.697601
298.770111
295.064697
291.393402
288.100189
284.463379
280.347290
276.546661
272.570282
268.715790
264.338470
259.866699
255.913895
251.345795
247.671585
243.400620
238.910797
235.034378
230.513397
226.959625
222.700302
219.397110
215.347031
211.838013
208.351532
205.628098
202.423950
199.696411
197.192688
194.872070
192.933563
190.952179
189.351196
188.253342
187.207123
186.413300
185.901306
185.978043

217.753052
184.062210
184.721451
185.295898
186.280319
187.542679
188.990860
190.828964
192.658142
194.924225
197.242218
199.931030
202.980316
205.758987
208.995880
212.258759
215.647125
219.583313
223.271393
227.099289
230.526138
234.665283
238.886993
242.837906
246.837875
250.586380
255.055603
259.232758
262.922821
266.559814
270.511932
274.225311
278.018707
281.515656
285.027008
288.132080
291.337402
294.181976
297.389343
299.787048
302.981781
304.652252
307.270935
309.659149
311.413788
313.481079
315.344238
316.887390
317.941437
319.236938
320.349365
321.268066
322.264404
322.977264
323.620544
324.375641
324.815063
325.091766
325.566528
325.619019
325.891998
325.693146
325.986511
325.804474
325.729736
325.749023
325.220703
325.393799
324.376892
323.866455
323.938049
323.589142
323.132965
322.694580
322.488281
322.314209
321.855347
321.564819
321.559448
320.870300
320.645813
320.439331
320.079956
319.915375
320.256592
320.054443
319.772583
319.410431
319.905914
320.160980
319.982300
320.114532
320.362518
319.991791
320.678711
320.852539
320.545013
320.705078
321.069763
321.339325
321.848114
321.517212
321.702209
322.269196
323.096832
323.065094
323.569977
323.302856
324.196289
324.337372
324.406830
325.322388
325.507843
325.256348
325.804474
325.957092
326.226776
326.913177
326.506989
326.756958
327.267639
327.207336
327.123535
327.029510
327.280640
327.423523
327.214691
327.598053
327.324371
326.862183
327.167480
327.299530
326.920380
326.752350
326.445984
326.474579
326.541199
326.534912
325.930359
325.864288
325.675140
325.192688
324.348511
324.483246
324.051605
323.596985
323.098602
323.001831
322.495728
322.719635
321.939850
322.026978
321.625793
321.105743
321.119049
320.695038
320.577209
320.347778
320.234375
319.906921
320.248871
319.769104
319.863525
319.919250
319.242279
319.456238
319.130035
319.593262
319.048340
319.098328
319.548218
319.668091
319.386261
319.689209
319.877869
320.270538
320.618195
320.458771
320.765350
321.016052
321.393341
321.753235
321.655731
322.099152
322.531158
322.983337
322.828278
324.069580
323.664032
324.237976
324.776276
324.628723
325.108826
325.629059
325.591095
325.983917
326.557007
326.581238
326.731506
326.980560
327.173981
327.973694
327.496307
327.921753
327.963104
328.261078
328.285004
328.161896
328.165009
328.550018
328.303894
328.499634
328.275452
328.305634
328.185455
328.401428
327.879608
328.172546
327.900726
327.485199
327.585571
327.256744
326.629639
326.558868
326.339691
326.047150
326.068329
325.255280
325.407959
324.994263
324.713013
324.457581
324.197601
324.069000
323.632385
323.096649
322.495392
322.641296
322.304657
322.052643
321.301636
321.388794
320.973297
321.026611
320.772675
320.642151
320.182007
320.152954
320.173828
319.998291
319.758636
319.563354
319.638947
319.738831
319.477142
319.413330
319.771851
319.737335
319.736786
319.773010
319.921204
320.097107
320.187897
319.905029
320.453644
320.757874
321.014099
321.368591
321.466614
321.764587
322.050079
322.279510
322.313507
322.708160
322.764099
323.087219
323.686676
323.815369
323.462585
324.023621
324.016388
324.825226
324.803558
325.444000
325.612915
325.854156
325.831238
326.236359
326.408081
326.494293
326.549927
327.152405
326.966217
327.160553
327.109344
327.100433
327.223816
327.170746
327.417084
327.183044
327.269073
327.193695
326.787964
327.264465
327.066803
327.148529
326.811554
326.163513
326.429535
326.080994
326.038025
326.129669
325.332916
325.434540
325.352600
325.113007
324.459442
324.508850
324.593231
323.899231
323.626190
323.600128
322.985748
323.110107
322.815674
322.840271
322.539612
322.605011
322.559540
322.269135
321.692780
321.547058
321.435028
321.919464
321.599487
321.691925
321.745117
321.484833
321.406433
321.763916
321.652710
321.823730
321.271271
321.623657
321.741089
321.852783
321.991882
322.195068
322.055786
322.131195
322.537079
323.054077
322.989380
323.044159
323.352081
323.790985
323.707520
324.274841
324.515564
324.990662
325.014069
325.178802
325.464966
325.999298
326.496948
326.219391
326.823425
327.165771
327.626648
327.799133
327.787842
327.943634
328.417023
328.389099
328.905945
328.818848
328.833710
329.088776
329.067810
329.192047
329.387421
329.817108
329.812653
329.550903
329.502533
329.139679
329.752625
329.398132
329.540039
329.530090
329.647858
329.117188
329.510071
329.282257
329.218597
328.912445
328.406281
328.436707
328.029053
327.992676
327.872498
327.456573
327.006348
326.892120
326.945496
326.318512
326.243530
326.129913
325.765198
325.603455
325.049408
324.686920
325.019623
324.746155
324.926575
324.939728
324.286255
324.569977
324.083282
323.986969
324.241608
323.669861
323.660675
323.409576
323.959229
323.617920
323.633087
323.739044
323.715179
323.991638
323.772522
324.102753
323.819916
324.181519
324.361572
324.139893
324.608582
324.818604
324.728546
325.490967
325.223816
325.771973
325.861359
326.225830
326.381989
326.840302
327.403290
327.456329
327.506897
327.701233
328.078674
328.408386
328.479614
328.958771
329.608795
329.452759
329.675293
330.241302
330.348541
330.346771
330.192780
330.730743
330.977844
330.983643
332.220398
331.620605
331.758148
331.629486
331.710907
331.729736
331.797577
331.616241
332.218140
332.065308
332.141937
332.079407
331.808105
331.907104
331.623444
332.055908
331.814240
331.191437
331.371735
330.809448
331.229950
331.061371
330.794769
330.624176
330.321930
330.410217
329.726898
329.885742
329.843933
329.835663
329.214600
328.880890
328.997955
328.848480
328.945099
328.333801
328.158264
328.479340
328.273315
327.973694
328.157074
327.982056
328.013489
327.471191
328.034851
327.747986
328.048309
328.303955
327.991638
328.101746
328.327759
328.730072
328.501068
328.418091
328.489288
328.947357
329.079773
329.197266
329.537689
329.435760
329.756836
330.169617
330.444763
330.620300
330.447052
331.362366
331.538055
332.084595
332.513702
332.780823
333.060364
333.483704
333.403107
333.693329
334.115173
334.527313
334.980499
335.400116
335.091949
335.810333
335.780426
336.140045
336.552399
336.682129
336.727783
336.804749
337.348938
337.173981
337.979553
337.842346
337.916534
337.783051
337.963013
338.091095
338.509979
338.052979
337.848297
338.237274
337.861084
337.929871
337.864441
337.376434
337.398743
337.274872
337.158783
336.697021
336.720612
336.752167
336.379730
336.746582
335.799866
335.684631
335.533020
335.600342
334.857117
334.593140
334.868774
334.421875
334.121399
334.066620
333.651947
333.648804
333.349762
333.037354
332.841034
332.842926
332.298920
332.525574
332.309204
332.057281
331.647369
331.966827
332.290588
332.092651
331.698029
331.870392
331.608429
331.722473
331.954803
332.098694
332.103027
332.637024
332.440155
332.405670
332.982147
332.551849
333.490601
333.716492
333.853851
334.042053
334.557312
334.912415
334.735474
335.387024
335.069397
336.210236
335.817627
336.728943
337.047180
337.095795
337.483459
337.908356
338.431274
338.345886
339.000031
339.234436
339.592285
339.808228
340.505249
340.470093
340.673706
340.835571
341.222168
341.454132
341.650696
341.759277
341.883545
341.942688
342.302368
341.972992
342.145630
342.279572
342.373383
342.730957
342.619568
342.786407
342.279541
341.787354
342.113281
342.238770
341.700562
341.946381
341.647247
341.105377
340.996429
340.359161
340.335358
340.179626
339.471497
339.904572
339.190704
338.723419
338.919159
338.256195
338.019897
337.864349
337.206940
337.053345
336.752258
336.634277
337.121399
336.402313
336.292267
335.460449
335.158752
334.869476
335.201447
334.742584
334.412354
334.541687
334.398865
333.950653
334.143402
333.874908
333.387054
333.569153
333.438354
333.065399
333.583710
333.283020
333.668945
333.683899
333.694153
334.057007
334.173492
334.471375
334.317383
334.712830
334.747131
334.726746
335.115356
335.360352
335.462219
335.833221
336.008057
336.228210
336.831177
336.936157
336.835785
336.945038
336.981537
337.443237
337.542084
337.883179
338.241241
338.698425
338.726440
338.950775
339.023895
339.322357
339.578064
339.816772
339.930237
339.949036
339.912537
340.585510
340.379944
340.754547
340.694214
340.497650
340.783295
340.230103
340.373627
340.081848
340.176361
339.353394
340.288025
339.931427
339.434784
339.000885
338.880035
338.822662
338.456604
338.757355
338.699768
338.353363
338.221710
338.654449
337.712799
337.691040
337.461823
337.249115
336.852661
336.802002
336.170227
336.044922
335.911011
335.672241
335.182465
335.161743
334.764038
334.544220
334.350037
333.920929
333.558624
333.831848
333.556427
333.926331
333.470245
333.551666
333.711090
333.606049
333.305359
333.636414
333.341309
333.971619
333.282288
333.543182
333.568481
333.925385
333.750519
334.325745
334.390167
334.336456
334.043488
334.198578
334.344604
334.250397
334.873383
335.549255
335.382843
335.677216
335.399384
335.865570
336.247833
336.363708
336.613495
336.741211
336.782684
336.814545
337.402557
337.355316
337.537689
337.216400
337.877960
337.966797
338.053162
337.894592
337.349487
338.101776
337.482788
337.854095
337.745544
337.987366
337.267670
337.750397
337.303680
337.814209
337.372009
337.324829
337.049042
337.536255
336.622711
336.512024
336.594971
336.108917
335.887115
335.568207
335.679108
335.068268
334.812286
334.811829
334.213257
334.067596
333.582520
333.620453
333.363251
332.936890
333.052185
332.463470
332.502258
332.155060
332.036530
331.535248
331.492432
331.548798
331.289673
331.930481
331.045563
331.358978
330.989166
330.879883
330.427216
330.807922
330.449097
330.605957
330.946320
330.457794
330.319000
330.577881
330.478577
331.073669
330.543671
331.003876
331.042328
331.405212
331.126434
331.442627
331.746094
331.825623
332.013245
332.370117
332.631989
332.848633
333.011780
333.568481
333.627594
333.855652
333.624329
334.209320
334.266785
334.651031
334.877808
334.816254
334.432953
335.044403
334.675812
334.469086
335.314972
335.129211
335.280609
335.136841
335.340698
335.153778
334.989258
335.089935
335.037842
335.010986
335.031036
334.400146
334.037292
334.544678
334.463409
333.943787
333.444672
333.456604
333.176086
332.975891
332.675629
332.499756
331.874146
331.673218
331.575562
331.258057
330.777893
330.443024
330.314514
329.940765
329.483856
329.731079
329.468262
328.947815
328.872101
328.958984
328.461945
328.638000
328.292145
328.385010
328.583984
328.806274
328.426758
328.594208
328.714569
329.088196
328.808655
329.068665
328.964966
329.219299
329.967621
330.143921
330.546753
330.543671
330.577118
331.201996
331.400055
331.507019
332.113861
332.723206
332.964294
333.602936
333.369995
334.410431
334.490204
334.705658
335.034882
335.290344
335.394470
335.556976
335.795654
335.960724
335.469696
335.880188
335.549896
334.779816
334.761230
334.959839
333.169922
332.849762
331.756409
331.260895
329.755188
328.910156
327.380829
325.692230
323.776154
322.216339
319.948334
318.040741
315.424561
312.947327
310.384491
307.560181
304.715088
301.753174
298.776184
295.092468
291.416534
288.120361
284.475555
280.358795
276.558594
272.580627
268.732880
264.339722
259.864807
255.920074
251.346436
247.661438
243.396713
238.896225
235.029739
230.504517
226.957657
222.689453
219.369781
215.323181
211.820374
208.324646
205.607864
202.385818
199.670273
197.162659
194.850418
192.915344
190.927414
189.334045
188.229431
187.179962
186.389038
185.876801
185.938522

