269.142883
172.885681
173.483780
174.066193
175.193527
176.310028
177.717712
179.207123
180.825150
182.984222
185.188751
187.977127
190.314560
193.112885
196.300903
199.772141
202.552505
206.149536
209.565521
213.310623
216.714798
220.545670
224.318222
227.783432
231.874359
235.628983
239.423630
243.270645
246.946701
250.363724
254.379059
257.471893
260.962982
264.439972
267.784729
270.753052
273.592377
276.611450
279.131927
281.619965
284.266357
286.785461
288.928528
290.999725
292.899475
294.600677
296.023010
297.774414
299.290070
300.594788
301.841156
302.395203
303.696045
304.841797
304.952698
305.946350
306.203522
306.707703
306.652588
306.868958
307.320831
307.603363
307.533356
307.581696
307.202362
307.336914
307.140533
306.908478
306.328400
306.351379
305.765076
306.147491
305.461060
305.241394
304.777649
305.233246
304.255890
304.422760
304.306580
304.099060
304.008453
303.618896
303.507538
303.117767
303.053192
303.120422
303.256775
303.224609
303.451233
303.093262
303.094574
303.468719
303.115601
304.173035
304.294922
304.350250
304.678558
304.763153
304.856964
305.180786
305.756073
305.869019
306.380188
306.638458
307.172302
307.230011
307.362000
308.066528
308.269348
308.920135
309.029053
309.517792
309.662933
310.400055
310.362549
311.193665
311.002075
311.270966
311.845642
311.420319
311.945343
312.029297
312.277252
312.458374
312.289734
312.548279
312.669922
313.338135
313.004639
312.852905
313.264954
312.037231
312.967621
312.637695
312.588989
312.449097
312.243317
311.941803
311.877411
311.920471
311.555481
311.480194
311.195557
310.850586
310.534332
310.418427
310.103485
309.884125
309.510559
309.242523
309.224823
308.653809
308.915985
308.318329
308.255890
308.199829
307.984985
307.517700
307.541016
307.504730
307.380188
307.204193
306.747894
307.297760
306.965088
306.847748
307.151154
307.034546
307.025269
307.407471
307.390991
307.460449
307.586792
308.016876
307.900696
308.349121
308.434998
309.071503
308.882111
309.271942
309.937592
309.494537
309.960358
310.307007
310.843323
311.277863
311.625458
311.877411
312.266907
312.889679
312.700928
313.202423
313.564087
313.786072
314.378448
314.602203
314.958588
315.398224
315.590088
315.779755
315.762787
316.500885
316.525757
316.873108
316.865448
317.032654
317.205811
317.393677
317.686157
317.447357
317.313599
317.901398
317.364868
317.689117
317.400909
317.291107
317.529541
317.652069
317.166107
316.822540
316.857910
316.615356
316.288269
316.415497
316.197632
316.154907
315.429535
315.736908
315.193176
314.805023
314.574158
314.301300
313.851288
313.791107
313.368927
313.415070
312.794830
312.916199
312.553864
312.468872
312.230347
311.849884
312.058258
312.118561
311.585632
311.198029
311.459808
311.194031
311.115112
311.116547
310.905304
310.602295
310.791168
310.767242
310.734222
310.985260
311.115112
310.592773
310.801605
311.087097
311.113434
311.537415
311.759857
311.569763
312.084656
312.168335
312.108185
312.298584
312.786713
312.996368
313.535248
313.007812
314.079163
314.250977
314.473236
314.949188
315.085815
315.342621
315.720093
315.761536
316.055328
316.588074
316.689117
317.695404
317.428223
317.741669
317.569458
318.368195
318.280182
318.332672
318.624939
318.855713
319.075409
319.027832
318.916748
319.182953
319.335754
319.537262
319.530609
319.482544
319.576843
319.366791
319.251190
319.303741
319.488983
319.029785
318.911591
318.939362
318.447968
318.160583
318.489655
318.128876
317.993835
317.920410
317.333374
317.279205
317.256195
316.844788
317.182648
316.498596
316.313538
316.331360
316.109161
315.688416
315.445282
315.365448
315.099518
315.156342
314.608276
314.832886
314.822052
314.833527
314.686737
314.728973
313.901215
314.453918
314.454865
314.232208
314.369690
314.388519
314.203156
314.105438
314.341614
314.381897
314.384521
314.806915
314.690704
315.340851
315.303528
315.345764
315.390564
316.073395
315.833252
316.236145
316.340912
316.957458
317.210114
317.540863
317.264374
317.755981
317.911072
318.276093
318.708954
319.123474
319.123199
319.379059
319.996460
320.279999
320.257507
320.364044
320.654449
321.381165
321.596039
321.416016
321.628021
322.216309
321.888977
321.780121
322.651215
322.490540
322.554047
322.661865
323.008911
322.578156
322.998566
322.717407
322.806122
323.170197
322.835663
323.157684
322.664459
322.238464
322.399384
322.245300
322.064484
322.461365
321.998444
321.928650
321.919464
321.239655
321.388672
321.307037
321.102997
320.549591
320.489746
320.133514
319.479614
320.058044
319.334961
319.576416
319.520508
319.233490
319.143066
318.758392
318.673096
318.156433
318.387238
317.824036
318.167419
318.223236
317.924744
317.758514
317.574158
318.240112
317.777893
317.743591
318.326294
317.906036
317.978729
317.839355
317.932831
317.710297
318.075409
318.503021
318.554718
318.828827
319.017487
319.180389
319.167664
319.710480
319.480835
319.859558
320.373657
320.208527
320.502014
321.184784
321.400757
321.465454
321.508545
322.006256
322.322418
322.567383
323.605286
323.301971
323.501129
323.994568
324.052734
324.243713
324.266541
324.907593
324.857025
324.887939
325.127808
325.172150
325.628967
325.882874
326.049438
326.019806
325.861877
326.275055
326.084625
326.065918
326.233185
326.180511
326.049255
326.483734
325.998596
326.146454
325.596619
326.119324
326.086823
325.851501
325.587280
325.570190
325.560059
325.320190
324.977325
324.880646
325.083740
324.827026
324.462677
324.016479
324.422913
324.163330
324.103180
324.182404
323.653198
323.953583
323.685730
323.653137
323.267395
323.371521
322.937714
323.058563
322.786682
322.834290
322.986115
322.764587
323.163330
323.000519
323.076294
323.108521
323.213318
323.393799
323.407379
323.352997
323.482422
323.236328
324.374542
323.872864
323.934784
325.195312
325.216675
325.342072
325.199310
326.238892
326.089966
326.714752
326.583771
327.389740
327.369568
327.886322
328.201904
328.643463
329.348389
329.023499
329.575958
330.175476
330.384308
331.227570
330.979797
331.341492
331.385925
331.998077
332.794098
332.733795
332.898132
333.318848
333.573273
333.474121
333.872223
334.734772
334.766693
334.856567
334.453522
335.141968
335.148743
335.299988
335.677917
335.540588
335.395050
335.562012
335.918060
335.844086
335.575073
335.885345
335.247528
335.547882
335.121796
334.858856
335.166748
335.162872
335.047394
334.693420
334.766632
334.141785
334.603912
334.244446
334.231964
334.194733
333.125061
333.643677
333.126770
333.385162
333.080139
332.708527
332.738464
332.179352
332.608215
332.302826
332.179474
331.986176
331.944763
332.243378
332.385040
332.056946
332.264435
332.254028
332.032043
332.309662
332.262939
332.291656
332.585754
332.707977
332.852631
333.020538
333.316803
333.191620
333.806641
333.774384
334.708557
334.657104
334.909119
334.795166
335.792572
336.075684
336.150391
336.619080
337.133362
337.559143
337.913696
338.421509
338.942932
339.237732
339.154480
340.206360
340.176544
340.792999
341.327728
341.706696
341.608459
342.115906
342.918091
342.916199
343.430023
343.392639
343.987274
343.959137
344.461090
344.834351
344.873810
345.066589
345.465668
345.627686
345.890442
345.834167
346.070862
345.874634
345.889282
345.740601
346.175568
345.728363
346.177582
345.707031
345.659515
345.424469
345.231842
345.293640
345.094666
344.797241
344.675537
344.189972
343.889313
344.358643
343.531281
343.472534
343.438354
342.687195
342.846069
342.653198
342.190674
341.735443
342.106049
341.425415
341.230743
341.018158
341.009644
340.926483
340.357300
340.362030
340.149536
340.104767
340.064819
340.039215
339.872833
339.653961
339.763489
339.435028
339.628662
339.741699
339.737885
339.611938
339.804047
340.430023
339.944214
340.257385
340.366150
340.675201
340.412628
340.867798
340.953461
341.588959
341.184326
341.327362
342.359344
342.310944
342.488464
342.707672
343.544922
343.698395
344.077179
344.753113
344.451263
345.207428
345.168640
345.571991
345.486786
345.843231
346.597168
346.703705
347.071381
346.901672
347.691132
347.578430
347.944031
348.195801
348.007690
348.619202
348.966217
349.357697
348.987671
348.941467
348.869843
349.601135
349.646851
349.320404
349.241180
349.690002
349.286163
349.456635
349.148560
349.283478
349.086426
348.786346
349.040833
348.983521
348.964478
348.312103
348.160339
348.141205
348.364288
347.966583
347.567261
347.762024
347.550934
347.200195
347.476624
346.763702
346.647644
346.357391
346.345612
346.142059
345.489807
345.438568
345.292816
345.524536
345.163300
345.571869
345.405640
344.978119
345.430176
344.997345
344.583435
345.097412
344.655518
345.200623
345.221283
345.057220
345.099976
345.160065
345.125977
345.453613
345.312592
345.336426
345.576538
345.794708
346.395264
346.505798
346.246735
346.537598
346.922363
347.127502
347.382996
347.063263
347.349182
348.175354
348.332733
348.528870
348.738525
349.399902
348.883942
349.501221
349.465759
350.042419
350.429230
350.154297
350.283020
350.440643
351.129944
351.181366
351.182495
351.461456
351.119843
351.735718
351.550598
351.521667
351.742676
352.026154
351.163727
351.446777
351.661652
351.597870
351.656006
351.772675
351.036957
351.034698
351.367126
350.940308
350.399017
351.074097
350.316650
350.449982
349.929840
350.126678
349.720337
349.484222
349.189178
349.298523
348.702271
348.329926
348.346252
347.824158
347.368622
347.401825
347.231323
347.037079
347.157227
346.601532
346.427338
346.701263
346.268982
346.276978
346.153168
345.888763
346.115967
345.741608
345.628143
345.746979
345.751617
345.547668
345.453644
345.523651
346.076050
346.273926
346.314453
346.092255
346.231812
346.816925
346.307831
346.688782
347.149261
347.050781
346.876221
347.455994
347.882690
348.649506
348.364899
348.630157
348.792297
348.501740
349.203247
349.129181
349.923065
349.540558
349.890625
350.240234
350.120117
350.537964
350.965515
350.833435
351.055023
351.210938
351.303406
351.094543
351.574249
351.568298
351.490143
351.524658
351.661438
351.632172
350.974396
351.178223
351.124268
351.083191
350.593994
350.719849
350.094269
350.647430
350.147156
349.686646
349.160828
349.156036
349.074768
348.841797
348.684082
347.891083
348.059998
347.389984
347.125519
346.912170
347.330505
346.885895
346.280701
346.131134
345.652374
345.821686
345.398987
344.905792
345.108215
344.993561
344.703857
344.886810
344.776306
344.796112
344.940979
345.124084
345.021790
345.015045
345.078369
345.932922
345.868713
346.028900
346.057648
346.329865
347.342072
347.082520
347.772278
347.776459
348.418152
348.575867
349.434937
349.795654
349.846985
350.672394
350.720520
351.373444
351.384949
352.107727
352.206482
352.387146
352.715363
352.752472
353.192261
352.820496
352.721100
352.916138
352.861755
352.112427
351.996307
351.403748
350.681793
349.984436
348.796936
347.852600
346.727570
345.390900
343.552063
342.146423
340.878601
338.513062
336.625946
334.094055
332.039612
328.944763
326.341766
323.705750
320.286713
317.115265
313.951660
310.197083
306.589569
302.974945
298.728119
294.650208
290.430145
286.181244
282.137451
277.586334
273.274200
268.746429
264.214691
259.974579
255.201126
250.778748
246.605896
242.372543
237.852112
233.897461
229.942261
226.021500
222.196121
218.672348
215.315521
212.266479
209.228210
206.627457
204.395828
202.106308
199.919388
198.445099
197.170929
196.119690
195.546967
195.038483
195.043335

265.369904
173.105652
173.692535
174.262482
175.429245
176.519485
177.953278
179.452087
181.072083
183.243027
185.431061
188.235413
190.580734
193.410629
196.609909
200.073288
202.883209
206.463806
209.907318
213.671371
217.068939
220.909821
224.708603
228.165680
232.307297
236.070038
239.885757
243.739075
247.440735
250.887054
254.871567
257.993347
261.506348
265.004242
268.375458
271.372559
274.216614
277.270294
279.800049
282.303223
284.962097
287.503052
289.651154
291.752228
293.685211
295.392456
296.843567
298.575470
300.136047
301.434296
302.661346
303.265442
304.599548
305.741516
305.882965
306.880798
307.156342
307.691315
307.613800
307.834717
308.322754
308.618713
308.557831
308.581390
308.255463
308.410767
308.185120
307.971344
307.375916
307.438019
306.865021
307.272278
306.549500
306.356171
305.870575
306.316040
305.369080
305.523468
305.408447
305.209564
305.095215
304.716370
304.577209
304.208466
304.161346
304.162628
304.299438
304.265106
304.509033
304.158875
304.119659
304.471954
304.140503
305.206360
305.287964
305.353851
305.656006
305.714752
305.770905
306.112061
306.664062
306.744141
307.230621
307.504608
307.975403
308.049103
308.145477
308.867310
308.984222
309.638092
309.773254
310.221527
310.322876
311.080719
310.976685
311.818207
311.624237
311.827026
312.380615
311.939148
312.458191
312.477936
312.699768
312.872803
312.698151
312.948151
313.031830
313.667480
313.323273
313.135468
313.541016
312.293427
313.222076
312.861542
312.776489
312.612610
312.374146
312.059509
311.987244
312.013184
311.612213
311.517456
311.247406
310.879089
310.550110
310.403412
310.071198
309.846771
309.465088
309.185272
309.147461
308.540039
308.791504
308.193481
308.136658
308.039856
307.832184
307.341278
307.387756
307.315125
307.190765
307.032166
306.574463
307.109528
306.756805
306.636444
306.901611
306.827118
306.782745
307.207581
307.154785
307.245300
307.343933
307.786407
307.687988
308.132202
308.202484
308.844666
308.650879
309.055664
309.701233
309.302338
309.769562
310.146545
310.662537
311.101288
311.462219
311.728760
312.075500
312.750031
312.574738
313.079346
313.448486
313.707947
314.302673
314.530823
314.882202
315.324829
315.508240
315.752472
315.754730
316.490692
316.503937
316.848328
316.892731
317.039215
317.211304
317.442444
317.746155
317.530273
317.413239
317.970825
317.478912
317.804657
317.507904
317.447144
317.684875
317.799591
317.358948
317.030365
317.043671
316.830200
316.517120
316.670776
316.452881
316.372711
315.719177
316.018311
315.497498
315.095490
314.894165
314.616760
314.195679
314.115387
313.731628
313.777069
313.150299
313.299561
312.918457
312.867096
312.620789
312.270264
312.446136
312.541229
312.045380
311.631500
311.919067
311.648743
311.574677
311.596558
311.382874
311.067841
311.324707
311.284454
311.246582
311.485474
311.655334
311.106445
311.302216
311.650360
311.661530
312.076630
312.334015
312.165771
312.685089
312.724335
312.702393
312.883057
313.361816
313.595062
314.156952
313.640686
314.710663
314.867584
315.134674
315.576447
315.709351
315.973541
316.361725
316.387878
316.688232
317.295807
317.382477
318.354858
318.093567
318.460876
318.292328
319.077179
319.011475
319.074188
319.376831
319.605865
319.849823
319.736420
319.687195
319.933960
320.123047
320.332336
320.355164
320.315063
320.366425
320.189636
320.084564
320.131195
320.334320
319.880768
319.776093
319.775665
319.336517
319.081390
319.391479
319.015930
318.888214
318.865448
318.257019
318.215149
318.200195
317.848663
318.118256
317.445770
317.303223
317.278503
317.101532
316.672974
316.466675
316.404114
316.128082
316.153717
315.641388
315.906158
315.855804
315.905731
315.750977
315.807892
315.008453
315.496674
315.587738
315.349487
315.484741
315.436707
315.310883
315.220245
315.452148
315.480957
315.492523
315.881805
315.803925
316.425751
316.405396
316.485687
316.545074
317.187927
316.946350
317.405670
317.493744
318.083954
318.349091
318.698181
318.395721
318.901917
319.029205
319.366638
319.848419
320.214050
320.257629
320.451263
321.016876
321.384644
321.315125
321.447693
321.721832
322.402039
322.619415
322.483734
322.712646
323.241760
322.928864
322.812073
323.659912
323.459137
323.558807
323.597321
323.936066
323.455139
323.919586
323.662384
323.709564
324.050598
323.677673
324.032684
323.529266
323.116577
323.261658
323.072052
322.846588
323.198944
322.746399
322.683228
322.684540
322.000885
322.085510
322.009735
321.803162
321.187653
321.142029
320.740906
320.093048
320.644836
319.923553
320.145813
320.087067
319.752960
319.710541
319.300110
319.184540
318.659882
318.858093
318.334137
318.620911
318.627869
318.337433
318.154297
317.999603
318.639282
318.113647
318.161469
318.722687
318.267578
318.329498
318.116852
318.248962
318.036652
318.338043
318.744995
318.837006
319.081238
319.306396
319.424225
319.371216
319.918854
319.680176
320.068604
320.576935
320.385529
320.652527
321.366913
321.579956
321.620026
321.654053
322.140808
322.451385
322.681030
323.722626
323.432007
323.633331
324.132355
324.163574
324.381287
324.372375
325.008820
324.990173
324.983765
325.199188
325.300232
325.728241
325.968018
326.161407
326.124329
325.949493
326.382538
326.151337
326.136780
326.331757
326.258453
326.137573
326.563171
326.105591
326.176880
325.689209
326.195282
326.163147
325.916809
325.674408
325.653107
325.635437
325.372589
325.062988
324.959930
325.177216
324.891724
324.524475
324.089722
324.507751
324.265228
324.173523
324.239319
323.706329
324.032288
323.734344
323.704285
323.339386
323.397888
323.000580
323.147064
322.862213
322.883881
323.029602
322.832611
323.215240
323.047577
323.106232
323.176575
323.194366
323.440216
323.404022
323.380188
323.525055
323.268921
324.384949
323.903900
323.953827
325.208466
325.213226
325.326935
325.190277
326.214966
326.066711
326.684509
326.545471
327.325623
327.330536
327.846466
328.139496
328.559326
329.284454
328.943817
329.508514
330.091339
330.296844
331.129303
330.886353
331.240784
331.272430
331.884766
332.646149
332.596313
332.761353
333.139709
333.407471
333.319733
333.688660
334.561218
334.578217
334.652252
334.277863
334.918152
334.946594
335.091797
335.449646
335.324890
335.177521
335.325989
335.702545
335.605713
335.321960
335.624969
335.003357
335.286804
334.855255
334.582062
334.890259
334.861725
334.778564
334.403046
334.510834
333.836304
334.323578
333.970703
333.935669
333.911499
332.833588
333.347626
332.845581
333.088776
332.794586
332.427399
332.442780
331.904999
332.323975
332.018707
331.861664
331.681244
331.646637
331.977631
332.080048
331.798401
331.975067
331.978973
331.754364
332.020569
331.980927
332.027985
332.332062
332.444916
332.611816
332.777100
333.067474
332.959717
333.595490
333.564301
334.490936
334.426788
334.679840
334.620331
335.591248
335.892426
336.005493
336.454712
336.973663
337.401062
337.777771
338.261108
338.799408
339.100128
339.044037
340.089478
340.087677
340.680023
341.213470
341.597321
341.566742
342.053711
342.874725
342.844513
343.384399
343.359589
343.937836
343.924561
344.475525
344.822083
344.889740
345.088104
345.510223
345.652618
345.978882
345.932983
346.151306
345.925354
346.001740
345.856964
346.290070
345.869934
346.326843
345.832367
345.782837
345.575592
345.410004
345.479340
345.233490
344.962891
344.876343
344.376648
344.127319
344.577057
343.743286
343.693939
343.667542
342.924194
343.075714
342.924713
342.437225
342.007263
342.383636
341.676666
341.495148
341.314758
341.310638
341.200562
340.666168
340.674591
340.456085
340.435913
340.369904
340.353790
340.161072
339.990570
340.100494
339.771027
339.965790
340.081879
340.074310
339.948303
340.148346
340.784515
340.346680
340.572601
340.723358
341.004303
340.769714
341.218567
341.330566
341.964569
341.526001
341.705231
342.741364
342.685150
342.851227
343.023254
343.912323
344.058533
344.461090
345.106262
344.812378
345.545044
345.521667
345.946198
345.878143
346.209869
346.993256
347.047668
347.390259
347.242798
348.020538
347.948578
348.258728
348.539124
348.341156
348.966156
349.293365
349.697357
349.329224
349.269501
349.161407
349.890717
349.969818
349.611023
349.554565
350.008240
349.614410
349.783173
349.469421
349.578369
349.364777
349.072296
349.338348
349.245941
349.288025
348.583008
348.452393
348.408173
348.623413
348.232391
347.839539
348.009247
347.779877
347.433441
347.709076
346.996399
346.893402
346.588501
346.601074
346.379700
345.714630
345.668488
345.502411
345.723419
345.393677
345.795532
345.622314
345.159515
345.642578
345.177795
344.799011
345.250977
344.834778
345.388641
345.359436
345.218658
345.248688
345.341797
345.298340
345.585999
345.444122
345.458160
345.709503
345.912781
346.517700
346.602264
346.330963
346.603302
347.009674
347.195251
347.473236
347.140442
347.426544
348.236420
348.412781
348.614166
348.776855
349.443420
348.933807
349.531891
349.503632
350.067352
350.463715
350.151001
350.279236
350.425842
351.120972
351.157532
351.170319
351.460083
351.094299
351.716949
351.541748
351.475311
351.698120
351.970551
351.099915
351.413391
351.606140
351.528412
351.581421
351.662445
350.934814
350.949707
351.269836
350.846588
350.308502
350.975555
350.193726
350.334808
349.800415
350.033051
349.590637
349.318848
349.075012
349.159760
348.575470
348.177948
348.193604
347.654724
347.212555
347.231049
347.066711
346.860504
346.996033
346.414062
346.223267
346.493774
346.107727
346.063965
345.955017
345.693604
345.910797
345.530457
345.415985
345.535645
345.552246
345.295502
345.249237
345.273987
345.833801
346.070343
346.077637
345.866119
346.002563
346.587616
346.091797
346.477478
346.918427
346.771118
346.628479
347.198792
347.653839
348.433807
348.108826
348.402496
348.534943
348.255524
348.934509
348.904602
349.667694
349.297455
349.641541
349.990845
349.887512
350.337189
350.720703
350.611511
350.798767
350.968964
351.085327
350.858521
351.359009
351.343231
351.281372
351.327087
351.454163
351.446075
350.777008
350.968079
350.893677
350.852112
350.399719
350.513062
349.917877
350.451569
349.963562
349.489960
348.993774
348.973022
348.895691
348.673920
348.505066
347.716705
347.873474
347.213440
346.953125
346.742126
347.172668
346.742645
346.125977
345.984711
345.536682
345.687622
345.270477
344.774994
344.999420
344.920563
344.602539
344.767303
344.683685
344.718933
344.842590
345.057861
344.971863
344.944641
345.022003
345.905365
345.802307
345.969604
346.033539
346.317657
347.298309
347.063141
347.781189
347.787079
348.433075
348.628387
349.450989
349.845367
349.893219
350.729614
350.750244
351.385925
351.443115
352.187103
352.266083
352.451385
352.806488
352.842621
353.287384
352.894226
352.813171
353.015442
352.973083
352.247375
352.141510
351.554016
350.830597
350.145691
348.963562
348.019531
346.898010
345.542297
343.709259
342.352966
341.082123
338.740997
336.810699
334.280029
332.268585
329.157715
326.562012
323.932648
320.500305
317.355652
314.194824
310.446106
306.858063
303.237091
298.997650
294.917542
290.698914
286.456268
282.446228
277.893280
273.575226
269.063354
264.538879
260.280273
255.533295
251.099411
246.944672
242.707535
238.188187
234.239410
230.282379
226.364487
222.555786
219.026321
215.646332
212.616516
209.592773
206.963974
204.727722
202.457352
200.278320
198.816360
197.514069
196.486496
195.909546
195.393021
195.525208

219.102036
185.114441
185.580643
186.178482
187.319366
188.451523
190.084473
191.904007
193.715805
195.853638
198.365494
200.876816
204.030350
206.842255
209.951477
213.449417
216.793594
220.595154
224.288193
227.821320
232.257614
236.087234
240.161545
244.399033
248.148376
252.284134
256.122345
260.122986
264.460388
268.014160
271.907959
275.808960
279.585297
282.720032
286.541107
289.640686
293.008972
295.995422
299.192871
301.817261
304.358002
307.241272
309.126892
311.598602
313.177094
314.858337
316.585602
318.112000
319.982910
320.888519
322.133057
323.620514
324.391510
325.204559
325.867981
326.196259
327.103577
326.976379
327.325378
327.379028
327.684448
327.978333
327.475403
327.488770
327.513794
327.012482
326.641632
326.605072
326.081696
326.019745
326.260345
325.440887
325.109924
325.036346
324.547821
324.345490
323.907806
323.519318
324.027771
323.275269
322.870850
322.258026
322.583588
322.280243
322.162872
322.201508
321.928680
322.281586
321.467682
321.584320
321.819794
321.533142
322.416016
322.209656
322.486755
322.450562
322.491241
323.280823
323.184052
323.568512
324.101593
324.344574
324.653381
324.909149
324.845215
325.512177
325.498505
326.008698
326.770142
326.868195
327.001678
327.057678
327.586700
327.381714
327.910065
328.031403
328.447510
329.150269
328.896759
329.341705
329.012787
329.305786
329.822174
329.424286
330.005859
329.925049
330.422577
330.404510
329.912476
330.011505
329.771881
329.822601
329.492554
329.138519
328.962555
329.152649
328.914703
328.804718
328.589020
328.042877
327.750763
327.504364
327.469543
327.092102
326.851196
325.932922
326.174835
325.696564
325.068939
325.430023
324.354248
324.666290
324.076752
323.851166
323.976318
323.569946
322.953369
323.056824
322.527252
322.919250
322.183929
322.525635
322.113129
321.770172
322.002167
321.831543
321.864349
322.144623
322.271362
322.481293
322.039215
322.101471
322.492065
322.376282
322.485474
323.016388
322.611664
323.263428
323.064911
323.683807
324.079010
324.039185
324.457520
324.763367
325.166595
325.819031
325.542053
326.004272
326.595551
326.772705
326.632446
327.057312
327.535339
327.986389
327.720581
328.175171
328.409607
328.918976
328.957581
329.924805
329.744202
329.758331
330.348083
330.677826
330.353699
330.252228
330.621552
330.649384
330.606049
330.805298
331.100616
330.488342
330.741882
330.608093
329.937866
330.282166
330.129456
330.108704
329.995483
329.736298
329.955139
329.346649
328.998077
328.573151
328.635284
328.206757
328.170868
327.543152
327.499725
326.853668
326.288757
326.594391
326.726227
325.588562
325.553009
325.065826
324.884247
324.521484
324.128784
324.104218
323.801392
323.248444
323.271484
323.007263
322.900513
322.948212
322.884186
322.449036
322.476807
321.625183
321.703552
322.079559
321.804840
321.944885
321.574615
322.280975
321.875610
321.985199
322.003418
322.022797
321.965973
322.876160
322.126343
322.497284
322.946045
323.148621
322.949158
323.280060
323.962982
323.610382
324.066956
324.140656
324.138489
324.935455
325.032104
325.380798
325.542694
326.200256
326.086914
326.614197
326.748535
326.958313
327.400787
327.362396
327.807556
327.723236
327.812744
328.317139
328.632904
328.333282
328.566681
328.929626
329.048615
329.103119
329.062866
328.723419
329.271515
329.058838
329.372253
329.131592
329.471924
328.974762
328.870667
328.773895
328.900543
328.615509
328.380890
328.590698
328.215485
328.130432
327.871124
327.622101
327.347717
326.818817
326.817200
326.780518
326.495789
326.188843
325.926025
325.768707
325.422638
325.359192
324.985352
324.948212
324.964264
324.649170
324.404755
324.202728
324.065826
323.890778
324.041107
323.863647
323.654724
323.413452
322.995789
322.679718
322.826721
322.940308
323.586548
322.912964
322.722443
322.752411
322.628387
322.556702
322.960938
323.377594
323.189178
323.434143
323.615143
323.930023
323.665497
323.984375
324.368866
324.166382
324.716003
325.056274
325.309814
325.465240
325.561218
326.013336
326.326721
326.486633
326.598450
327.129913
327.436646
327.766632
328.023346
328.064026
328.282257
328.057617
328.884705
328.883240
329.435486
329.079407
329.594818
330.056793
330.117676
330.051453
330.314850
330.357269
330.484558
330.829346
330.646790
330.919739
330.884338
330.871674
330.750336
330.412415
330.297668
330.726379
330.814026
330.278839
330.503265
329.864410
330.456177
329.623627
329.888336
329.207031
329.267426
328.980652
328.929047
328.847992
328.180450
328.315216
327.987091
327.653656
327.599609
327.231079
326.810669
326.896027
326.715942
326.075775
325.880157
326.031158
325.612427
325.739136
325.555603
325.244720
325.041473
325.174408
324.818542
324.645782
324.569366
324.286896
324.725342
324.753815
324.604706
324.866699
324.401581
324.644073
324.830292
325.325806
325.399872
324.809143
324.739929
325.406830
325.549377
325.626221
326.019653
325.875610
326.552216
326.785400
326.889893
327.356903
327.747620
327.297028
327.590576
327.983704
328.135315
328.208282
328.773315
329.049957
329.314178
329.625092
329.904633
330.666321
330.719543
330.486359
330.338989
330.337158
330.977997
331.138641
331.132263
331.597809
331.755280
331.704285
332.180542
331.736877
331.747894
331.979340
331.998840
332.177277
332.009979
332.211548
331.881317
332.461884
332.008118
331.601898
332.123718
331.598083
331.387665
331.196320
331.104156
331.505646
330.834259
330.723938
330.388519
329.828339
329.922516
329.967133
330.341553
329.553680
329.045074
328.996460
328.827179
328.668945
328.610535
328.465820
328.165741
327.863586
327.668427
327.323395
327.564636
327.053833
327.541138
327.608063
327.287018
326.754059
326.626953
327.102539
327.272705
327.053040
327.824921
326.971039
327.109131
327.373962
327.456055
327.642426
327.227051
328.151733
327.648315
328.166779
328.600891
328.506927
328.901367
329.584442
329.565979
329.786865
329.633911
330.183167
330.509857
331.036774
331.522400
331.452484
332.109558
332.042114
332.438782
332.945892
333.078369
333.313751
333.825958
333.888214
334.474243
334.625946
334.856201
335.192780
335.391693
335.869446
335.757263
335.832733
336.203491
336.415314
336.579224
336.427277
336.484863
336.616791
336.966919
337.148712
336.348053
336.822571
336.546417
336.846680
336.456360
336.706482
336.602722
336.728058
336.774323
336.344666
336.009369
335.630798
335.809662
335.343994
335.123779
334.764801
334.910370
334.669067
334.015839
334.300995
333.973511
333.631958
333.379974
333.313751
333.027130
332.364960
332.348328
332.220856
331.745544
331.847992
331.729401
331.430328
331.110168
331.581421
331.161163
331.097137
330.647369
330.970428
330.565430
330.729187
330.717377
330.517731
331.220947
330.694550
330.991119
331.101898
331.082611
330.644287
331.188934
331.319092
331.718781
331.808777
332.383850
332.505859
332.344879
332.726013
333.393951
333.218384
333.508881
333.523376
334.166962
334.741669
335.128845
335.353973
335.673126
336.050201
336.384918
336.745117
337.245819
337.666962
337.372314
338.219696
338.120148
338.084656
338.760803
339.263428
338.947510
339.561493
340.044189
339.739960
340.176117
340.086456
340.368469
340.832794
340.652954
341.388397
340.741608
341.148163
340.630341
341.170776
340.701111
340.618927
341.122101
340.729889
340.938416
340.354889
340.146545
340.167969
339.944916
339.991486
339.196930
339.027100
338.856720
339.056580
338.598724
338.303375
337.908691
338.200195
337.098297
337.208923
337.001129
336.687531
336.183960
335.675903
335.440125
335.490265
335.129822
335.187592
334.667084
334.702179
334.501526
334.072662
333.663940
333.175842
333.816193
333.315948
333.001251
332.952972
332.976471
332.328339
332.668365
332.836761
332.776489
332.686676
332.526001
332.888672
333.102356
332.907776
332.902832
333.077271
333.231079
333.531647
334.250519
333.724762
333.795105
334.287018
334.208405
334.272858
334.493408
334.978943
335.173462
335.686371
335.867584
335.897278
336.365662
336.772278
336.893646
337.117523
337.749268
337.327332
337.985321
338.219849
338.428436
338.566345
338.654358
338.643707
339.427307
339.354095
339.899872
339.622772
339.647522
339.920654
340.364502
340.583374
340.052734
340.112915
339.777924
340.403931
340.049530
340.310913
339.633148
340.148315
340.069427
339.743164
339.699158
339.666901
339.502838
339.230865
339.466736
338.741516
338.583710
338.982086
338.756165
338.429047
337.674866
337.578613
337.368439
336.875519
336.600708
337.007355
336.055359
336.175629
335.805939
335.952698
335.474274
335.182220
335.332458
335.106171
335.002533
334.768066
334.583832
335.037201
334.742767
334.296478
334.439209
333.823029
334.495056
334.152802
334.098969
334.138702
333.917603
334.403595
334.357666
334.297211
334.717285
334.018127
334.574554
334.481903
334.686890
335.027985
335.307190
335.708344
335.432098
336.108032
335.752106
336.184082
336.573761
336.626678
336.983459
336.421478
337.408508
337.502991
337.610352
338.340576
337.792999
338.408997
338.005890
338.481354
338.713531
338.891083
339.033264
339.100159
339.537781
339.554169
339.257477
339.672546
339.307556
339.722717
339.458496
339.439972
339.276184
339.490814
339.499817
339.322784
339.226532
339.175995
338.942749
338.586151
339.268066
338.759033
338.625916
338.306030
338.152954
338.080536
337.833954
337.746033
337.224792
337.147339
335.934387
336.569305
336.324188
336.157898
335.633850
335.404663
335.400604
335.016998
334.708588
334.470123
334.237610
334.863892
334.350037
334.169464
333.665100
334.023529
333.477478
333.498840
333.449646
333.314178
333.188080
333.320221
333.164642
333.428864
333.226318
333.103851
333.371185
333.062775
333.557465
333.526031
333.680847
334.038818
333.567169
334.143585
334.515961
334.841217
334.516388
335.321503
335.183502
335.134094
335.615479
335.807800
336.373047
336.282867
336.327911
336.540680
336.443787
337.392792
337.474121
337.573425
337.666992
337.903107
338.287689
337.844910
338.308075
338.285980
338.200317
338.291351
337.842773
338.565826
338.124969
338.519836
338.578644
338.719421
338.754791
338.042847
337.999084
337.922607
337.676605
336.974670
337.672211
336.827972
337.370331
336.729706
336.722504
336.025513
335.931793
335.927246
335.215759
335.134064
334.964355
334.726990
334.600739
334.364990
334.143158
334.103577
332.994293
333.331024
332.539490
332.469421
332.853516
332.415588
332.188660
332.153412
332.087616
332.182556
331.747406
332.161926
331.957581
332.304779
332.032867
332.341278
332.510040
332.338745
333.235626
332.671722
333.718750
333.533142
334.108002
334.076141
334.520905
335.116699
335.192841
335.761871
335.827850
336.195953
336.505737
337.011017
337.453186
337.610382
338.185974
338.232941
338.229156
338.758453
338.949249
339.029999
339.242767
339.598633
339.343872
339.335571
338.919769
338.759216
338.016724
337.787476
336.837860
336.164612
335.624176
334.490082
333.213440
332.223846
330.316833
328.946259
327.249268
325.764252
323.200378
321.459961
319.198395
316.323944
313.870178
310.937042
307.988281
305.008453
301.766998
297.911011
294.628876
291.116608
287.308350
283.305389
279.438904
275.462860
271.293091
266.744568
262.850281
258.368530
254.144775
249.955017
245.540283
241.285294
236.729141
232.745300
228.773239
224.966003
220.970245
217.349731
213.804733
210.333771
207.188370
204.082687
201.378342
198.542572
196.692902
194.295868
192.933167
191.257721
189.875732
188.570557
187.932541
187.651138
187.341187

222.358292
185.453430
185.912338
186.495636
187.661713
188.775436
190.420532
192.237778
194.049927
196.202744
198.717606
201.216614
204.373886
207.184677
210.312531
213.823410
217.162689
220.963745
224.681213
228.199539
232.653610
236.482101
240.594604
244.789093
248.572876
252.705765
256.533234
260.550598
264.924408
268.475647
272.376587
276.286133
280.068329
283.212097
287.034210
290.165192
293.525238
296.532379
299.735718
302.355286
304.908020
307.793793
309.679138
312.165436
313.741486
315.452637
317.175323
318.744751
320.618469
321.497620
322.754364
324.299957
325.059509
325.878571
326.542572
326.875519
327.780243
327.668945
328.030121
328.053711
328.392670
328.688538
328.187134
328.228180
328.223907
327.727905
327.342377
327.368622
326.808807
326.770264
327.007904
326.171631
325.816010
325.797028
325.286774
325.129303
324.618774
324.204254
324.753906
323.985229
323.555908
322.948120
323.296753
322.968750
322.876434
322.923431
322.646179
323.003479
322.189911
322.302826
322.514893
322.260406
323.091339
322.875977
323.152588
323.150116
323.165497
323.900330
323.790710
324.120453
324.688477
324.886169
325.278381
325.453033
325.470825
326.117432
326.026489
326.572449
327.307312
327.360321
327.493500
327.559235
328.101410
327.947510
328.370575
328.508087
328.889984
329.569336
329.317383
329.745636
329.435638
329.715179
330.198395
329.817017
330.381470
330.317444
330.825867
330.770264
330.249664
330.385254
330.117676
330.106140
329.813538
329.461151
329.280579
329.467133
329.186401
329.070587
328.880371
328.313843
328.016022
327.763336
327.759705
327.332184
327.110046
326.161041
326.408356
325.956024
325.298767
325.628784
324.617432
324.884216
324.299683
324.089325
324.230408
323.777374
323.161407
323.280914
322.739044
323.105927
322.425568
322.717560
322.321472
321.961365
322.186951
322.024506
322.036774
322.327576
322.486572
322.698395
322.262024
322.261749
322.708038
322.582275
322.696381
323.204254
322.813416
323.465302
323.235504
323.891510
324.276001
324.228058
324.662598
324.993652
325.356964
326.042175
325.769714
326.248383
326.777985
327.008057
326.848450
327.275543
327.750031
328.204132
327.937378
328.377106
328.655243
329.168365
329.171448
330.166901
329.975830
329.995789
330.587524
330.890045
330.563232
330.482452
330.840363
330.869293
330.816132
331.032196
331.290680
330.695496
330.971497
330.807404
330.150543
330.511505
330.292236
330.275543
330.175171
329.947113
330.118011
329.533234
329.183502
328.721344
328.789429
328.372955
328.319916
327.694397
327.641998
326.999115
326.414185
326.727356
326.858368
325.708801
325.649719
325.160950
324.962372
324.607208
324.215027
324.145477
323.872833
323.311188
323.344635
323.062164
322.926208
322.981049
322.897034
322.487732
322.490051
321.658051
321.700165
322.067657
321.798096
321.929779
321.561584
322.272980
321.831482
321.955200
321.980499
322.000702
321.938141
322.854004
322.092163
322.443451
322.907959
323.103546
322.921936
323.239258
323.898956
323.565460
324.029846
324.094818
324.091675
324.893250
324.992828
325.350800
325.478088
326.151031
326.040771
326.553772
326.714050
326.926819
327.356293
327.315857
327.792542
327.725250
327.796692
328.303284
328.617188
328.365906
328.584625
328.931366
329.058746
329.148071
329.119476
328.786346
329.321930
329.118835
329.455139
329.218262
329.549835
329.090668
328.981842
328.920746
329.009064
328.798676
328.530518
328.748291
328.428925
328.314178
328.083954
327.864716
327.570587
327.028442
327.036194
327.016754
326.775726
326.458405
326.234406
326.061188
325.746429
325.676636
325.332367
325.262421
325.364746
325.003479
324.788422
324.597565
324.472473
324.322296
324.459473
324.294647
324.114258
323.846771
323.459137
323.128571
323.291779
323.456909
324.080719
323.402313
323.235199
323.264130
323.152771
323.099701
323.471039
323.915375
323.757782
323.994904
324.151367
324.483368
324.220673
324.524139
324.921051
324.731567
325.258118
325.632721
325.848602
326.003174
326.104401
326.548798
326.874847
327.012207
327.179352
327.683899
327.951294
328.284454
328.546448
328.610199
328.823517
328.545868
329.366241
329.334717
329.922028
329.553711
330.059326
330.495636
330.559021
330.507294
330.732239
330.765381
330.902496
331.218109
331.039886
331.276031
331.214600
331.222595
331.102997
330.744415
330.569672
331.018341
331.144073
330.557953
330.779144
330.119293
330.674530
329.829224
330.095703
329.407654
329.439331
329.131622
329.058746
329.000580
328.302948
328.448608
328.082520
327.756500
327.671692
327.315094
326.831787
326.951355
326.745270
326.085541
325.885956
326.007538
325.565155
325.730682
325.528748
325.183105
325.003326
325.122406
324.748688
324.552887
324.507050
324.176514
324.598938
324.639008
324.472961
324.745789
324.234131
324.513550
324.684631
325.164612
325.221863
324.643127
324.559906
325.228638
325.364014
325.457001
325.845917
325.712067
326.354858
326.592682
326.693054
327.182922
327.558533
327.119843
327.400879
327.789368
327.960419
328.022430
328.612854
328.889893
329.174438
329.475098
329.742218
330.519989
330.558105
330.351624
330.192230
330.219086
330.892883
331.026001
331.052917
331.502502
331.659424
331.624329
332.109772
331.692719
331.685394
331.939636
331.972443
332.155426
331.994171
332.203949
331.881012
332.455811
331.997772
331.636047
332.191986
331.659760
331.449249
331.280518
331.181061
331.594482
330.934845
330.853546
330.524658
329.947174
330.069885
330.139526
330.490814
329.711731
329.244843
329.189545
329.050964
328.901703
328.855225
328.708008
328.428101
328.116089
327.935394
327.628021
327.845795
327.352081
327.820526
327.901489
327.583160
327.040009
326.924255
327.381287
327.579834
327.389008
327.718292
327.310913
327.455505
327.725647
327.774109
328.016266
327.601501
328.522217
328.022186
328.529877
328.972809
328.862946
329.247467
329.935852
329.889740
330.178986
330.018036
330.569733
330.846863
331.426056
331.893616
331.802521
332.482178
332.365143
332.767303
333.260223
333.402069
333.658508
334.158966
334.226593
334.813538
334.920837
335.184753
335.504364
335.687439
336.177155
336.050110
336.103882
336.443573
336.692108
336.840424
336.659576
336.761505
336.884247
337.209595
337.381378
336.562592
337.017242
336.741852
337.052307
336.650238
336.901062
336.770416
336.893036
336.970490
336.545868
336.172058
335.770355
335.937744
335.469666
335.220886
334.886169
335.044434
334.756012
334.127625
334.383179
334.037018
333.716492
333.429504
333.361481
333.078003
332.420685
332.382782
332.231537
331.758636
331.863342
331.734131
331.450592
331.106018
331.550690
331.117157
331.055695
330.628021
330.912872
330.500122
330.677795
330.648682
330.441620
331.148773
330.592010
330.909882
330.994141
330.983337
330.549500
331.077271
331.192383
331.586761
331.687347
332.244934
332.366699
332.191467
332.588562
333.224640
333.060730
333.351349
333.343048
333.976959
334.550537
334.929993
335.155670
335.499237
335.845459
336.177948
336.543060
337.033783
337.436035
337.165894
337.999390
337.895905
337.863190
338.538239
339.025696
338.703522
339.314514
339.785828
339.493103
339.901489
339.835907
340.098938
340.590088
340.386200
341.117371
340.457733
340.827515
340.339630
340.879395
340.412476
340.319092
340.797699
340.431946
340.629578
340.052368
339.830505
339.849426
339.647034
339.680573
338.866119
338.714691
338.530121
338.729980
338.286224
337.970642
337.601044
337.893127
336.774139
336.880371
336.676849
336.350830
335.827667
335.333618
335.110443
335.139313
334.787872
334.851898
334.323792
334.358582
334.143738
333.711517
333.313141
332.850433
333.466217
332.979614
332.656464
332.606415
332.611786
331.960693
332.321808
332.461578
332.429749
332.325562
332.184906
332.519867
332.756805
332.556458
332.570953
332.691071
332.892609
333.194611
333.885284
333.401825
333.474976
333.944489
333.871948
333.967499
334.178619
334.673096
334.873749
335.379883
335.547638
335.601990
336.035126
336.464172
336.603760
336.818909
337.460388
337.056030
337.756897
337.917816
338.170471
338.320129
338.352997
338.366486
339.151306
339.056122
339.652222
339.363617
339.423889
339.678741
340.135193
340.368378
339.836731
339.894104
339.579163
340.203125
339.872650
340.079834
339.457184
339.976746
339.914368
339.561920
339.530945
339.531189
339.366638
339.075409
339.316498
338.608307
338.478699
338.876770
338.653839
338.299133
337.600433
337.509827
337.277435
336.778198
336.522400
336.948669
335.984253
336.113342
335.763885
335.938599
335.414490
335.181061
335.302856
335.050751
334.990875
334.725861
334.438812
335.023895
334.770844
334.254669
334.398010
333.856049
334.492249
334.153900
334.093384
334.188354
333.926910
334.427460
334.400848
334.344147
334.729034
334.076721
334.613953
334.551788
334.709442
335.086395
335.378265
335.790680
335.509888
336.186981
335.808411
336.251556
336.628296
336.709717
337.074524
336.490448
337.493835
337.597137
337.712921
338.444305
337.869843
338.530396
338.099487
338.610138
338.786621
338.961273
339.103607
339.169434
339.603973
339.639282
339.342957
339.764374
339.416138
339.826508
339.552887
339.521912
339.367157
339.600342
339.581848
339.416412
339.334595
339.276154
339.029358
338.676514
339.357300
338.850067
338.696136
338.393768
338.235565
338.178955
337.916107
337.826843
337.321991
337.232452
336.008728
336.664703
336.406250
336.249451
335.747833
335.468628
335.507080
335.098877
334.808838
334.537354
334.322937
334.960510
334.450562
334.235107
333.780487
334.118011
333.548492
333.573517
333.532013
333.409210
333.261871
333.410553
333.238861
333.510406
333.316803
333.204498
333.462769
333.145081
333.658905
333.648468
333.789215
334.133331
333.670959
334.257904
334.630310
334.928833
334.617767
335.406708
335.274261
335.224792
335.703857
335.887085
336.477539
336.400787
336.432190
336.626587
336.551331
337.507629
337.562836
337.664337
337.784790
338.002380
338.394318
337.924957
338.417023
338.397858
338.306000
338.405182
337.961273
338.658875
338.237244
338.625488
338.711456
338.804321
338.878174
338.147919
338.119690
338.027191
337.802765
337.086731
337.777679
336.949005
337.469116
336.852173
336.822052
336.127777
336.038116
336.037292
335.319061
335.255402
335.072784
334.845978
334.708435
334.448608
334.236023
334.195953
333.105957
333.423676
332.645660
332.555206
332.927612
332.509460
332.272095
332.240112
332.162476
332.303711
331.851990
332.253082
332.043762
332.410034
332.127838
332.422699
332.597778
332.395447
333.312164
332.753082
333.772858
333.585083
334.165680
334.123138
334.563690
335.157166
335.244537
335.792877
335.838989
336.243378
336.536713
337.040466
337.474426
337.604828
338.194946
338.248077
338.237823
338.759186
338.950195
339.028778
339.226990
339.559540
339.331329
339.304535
338.888275
338.718750
337.982483
337.759766
336.812378
336.166229
335.592743
334.451477
333.192383
332.163818
330.257782
328.921112
327.202637
325.702362
323.123230
321.383972
319.115295
316.267303
313.780304
310.855591
307.913788
304.906647
301.664856
297.823273
294.518616
290.990509
287.219116
283.197693
279.327606
275.359253
271.184326
266.642212
262.758209
258.257599
254.019104
249.817322
245.425812
241.143814
236.600220
232.624374
228.650940
224.840927
220.847244
217.223160
213.681488
210.194214
207.036179
203.951401
201.236404
198.406036
196.531326
194.158493
192.783737
191.106827
189.722641
188.424286
187.793945
187.520721
187.206848

