301.397888
172.104401
172.310593
172.716690
173.617722
174.948547
176.309006
178.078339
179.867386
181.785156
184.021866
186.430038
189.247040
191.820770
195.041138
198.177216
201.502701
204.336838
208.027832
211.740051
215.358810
219.062607
223.036591
226.688934
230.199432
233.866837
237.611404
241.284119
245.160370
248.894379
252.311569
255.712509
259.199982
262.690033
265.526794
268.467072
271.832184
274.831604
277.471710
280.318848
282.661377
284.668823
287.058868
288.815308
290.589172
292.903503
294.001190
296.175995
296.904327
298.456299
299.049133
300.738281
301.527740
302.427521
302.646301
303.481293
304.277405
304.629181
304.696198
304.549744
304.889954
305.039764
305.112762
305.136292
305.196014
305.251129
304.956268
304.706055
304.559692
304.021393
304.298859
303.987488
303.558014
303.719116
303.367828
302.607819
302.851257
302.642700
302.208069
301.980560
301.515015
301.633514
301.688629
301.435547
301.536560
301.140991
301.322937
301.487671
301.396484
301.498810
301.755280
301.542908
302.244720
302.079010
302.047241
302.651245
302.611176
302.659821
303.510071
303.547668
304.051514
304.062134
304.358582
304.568695
305.332214
305.319092
305.534973
306.553040
306.778473
307.172150
307.190430
307.805664
307.832703
308.327362
308.516052
308.927582
309.184509
309.653931
309.913452
309.739136
310.438538
310.542603
311.011261
310.645020
310.717346
311.071014
311.088257
311.476288
310.923553
311.459290
311.235535
310.926453
311.252411
310.849762
310.869019
310.828217
310.786041
310.166748
310.063660
310.103394
309.946747
309.876221
309.629730
309.317413
309.076996
309.156738
308.876984
308.340759
308.188232
307.558990
308.032257
307.744965
306.734192
307.048126
306.975555
306.494720
306.439087
306.016602
306.467712
306.068329
305.898773
305.895782
306.067017
305.974884
305.514221
305.920166
305.869507
306.018982
305.925629
305.870178
305.907501
306.413361
306.400513
306.463562
306.938934
306.891541
307.157990
307.805389
307.887177
308.053253
308.627991
308.930237
308.836517
309.621094
309.310516
309.994202
310.615234
310.779907
311.201111
311.493622
311.908020
312.245178
312.448944
312.863373
313.320129
313.444031
313.768219
314.260437
314.736450
314.487793
315.250580
315.091980
315.432404
315.648285
315.916473
316.412567
316.066010
316.608856
316.439331
316.332184
316.554779
316.724060
316.648438
316.513977
316.645203
316.518768
316.513184
316.673096
316.252502
316.196503
315.869141
315.926208
315.750458
315.525787
315.698700
315.253723
315.146027
314.822021
314.546478
313.872040
314.076569
313.488037
313.416351
313.068329
313.316193
312.878967
312.492218
312.280334
312.189575
312.198181
311.867371
311.421265
311.455414
311.312042
310.909790
311.149597
310.571320
310.531647
310.432098
310.012970
310.301880
310.216919
310.683441
310.555237
310.424683
310.795502
310.325378
310.766602
310.390076
311.115570
310.841003
311.493896
311.181000
311.843536
311.742462
311.647980
311.972992
312.674561
312.870544
312.563995
313.168365
313.463013
313.982635
314.063995
314.453522
314.735016
315.538879
315.076935
315.919128
315.912140
315.927094
316.298279
316.930939
317.044556
317.436432
317.744080
317.878021
318.065552
318.104004
318.666534
318.557434
318.819550
318.496277
319.274017
319.101898
319.415466
319.181671
319.359436
319.117249
319.193817
319.215973
319.376038
319.044159
319.075012
318.943939
318.767700
318.751892
318.543793
318.727356
318.838898
318.514740
318.263550
318.198914
317.872223
317.589813
317.332550
316.933624
317.101044
316.829407
316.718628
316.729950
316.656311
315.790680
315.876190
316.161041
315.541046
315.419067
315.126282
315.076538
314.790924
315.022858
314.512421
315.043091
314.076111
314.751526
314.238800
314.343933
314.441803
314.011749
314.605194
314.177704
314.521210
314.614929
313.983459
314.586182
314.755188
315.126709
315.183624
315.230225
315.756744
315.559052
316.257080
315.879272
316.294525
316.569824
316.796417
316.972717
317.422302
317.647919
317.612671
318.113403
318.687775
318.801727
319.140106
319.557739
319.680328
319.723877
320.057770
320.877106
320.990051
320.643433
321.193390
321.643158
321.819672
321.658813
321.834137
322.222473
322.332581
322.716461
322.774292
322.767120
322.654297
323.013855
323.428497
323.099609
323.435944
322.989197
322.915070
323.259766
323.178711
322.932129
322.530426
322.720764
322.734741
322.254944
322.192261
321.956207
321.918121
321.687225
321.629913
321.060760
321.188660
321.070862
321.027252
320.468597
320.450928
320.025299
320.157318
320.158875
319.710724
318.871613
319.343018
319.111572
319.127014
318.513062
318.740723
318.771515
318.319458
317.970520
318.316254
318.453125
318.203979
318.095673
317.764343
318.048676
317.638367
317.927826
317.844147
318.340668
318.184631
318.076965
318.335724
318.716400
318.216400
318.870148
318.710205
319.318665
318.877045
319.064056
319.876007
320.030518
320.253723
320.389282
320.663116
320.605682
321.028778
321.550049
321.348053
321.812592
322.050873
322.603821
322.069977
322.751923
323.106293
323.424530
323.790192
324.110107
324.369934
324.076019
324.762756
324.503967
324.943054
325.716003
325.345276
325.514404
325.393951
325.535889
326.270996
325.726868
326.066986
325.832245
325.990692
325.883423
325.918365
325.947754
325.846588
326.141357
326.117554
325.735046
325.972748
325.855133
325.685455
325.904358
325.580414
325.186493
324.943329
325.022552
324.892212
324.597076
324.851715
324.427887
324.118378
324.235840
323.753204
323.618164
324.010651
323.260376
323.240295
322.820648
323.004883
322.920685
322.568939
322.837463
322.514099
322.535736
322.470612
322.473053
322.153046
322.498138
322.385956
322.320923
322.430481
322.626282
322.656738
322.920197
322.732849
323.563995
323.092621
323.476715
323.901215
323.564392
324.326477
324.562744
324.611877
325.255951
325.213013
325.476715
326.159271
325.934601
326.127747
327.044739
327.160553
327.625122
327.840363
328.189270
328.742432
329.278412
329.768951
330.232422
329.925568
330.021637
331.304474
330.904266
331.292664
331.615509
331.993713
332.011841
332.577942
333.408783
332.931854
333.615479
333.726105
333.959106
333.827057
333.947723
334.176208
334.164856
334.348846
334.297455
334.183228
334.287903
335.055389
334.894897
334.825073
334.949371
334.328857
334.494446
334.312988
334.091797
334.270874
334.027527
333.833740
333.415955
333.376923
333.502533
333.205933
332.683594
332.902222
332.737061
332.626678
331.976379
332.531372
331.871002
331.943481
331.608582
331.080811
331.263885
330.942780
330.730469
330.759735
330.614227
330.312225
330.592133
330.983704
330.720612
330.738037
330.264008
330.863861
330.556793
331.042023
330.712555
331.013153
331.504333
331.105682
331.101929
331.874390
331.878601
332.348846
331.934540
332.667114
332.899933
333.037964
333.598663
333.880829
334.098022
334.546173
334.800171
334.991699
335.720642
335.547974
336.412292
336.674744
336.887115
337.279419
337.856506
338.102142
338.736755
338.974152
339.314789
340.174103
339.829254
340.600220
340.757690
340.924622
341.352234
341.712646
342.073853
342.740997
342.301605
342.901794
343.025604
342.835968
343.133606
343.918579
343.595184
343.841400
343.730194
343.778870
343.786346
344.050415
343.691376
343.604218
343.508209
343.573669
343.232391
343.509735
343.030182
342.917725
343.110504
342.565491
342.604706
342.077332
342.325348
342.041992
341.541687
341.616364
341.079376
341.297791
340.190979
340.542664
339.734802
339.792938
339.589691
339.788452
338.940308
338.829468
339.036285
338.661987
338.418304
337.898193
338.098511
337.413971
337.654236
337.796387
337.527649
337.668518
337.646942
337.445923
337.248871
337.448395
337.025055
337.334198
337.360413
337.749329
337.865784
337.465515
338.395935
338.145172
338.326599
338.561401
338.818573
339.107849
338.959045
339.110352
340.259308
340.478546
340.467896
340.346252
340.658112
341.006165
341.276367
341.688049
341.569183
342.185364
342.183594
342.861420
342.950775
343.605774
343.420166
343.707184
344.408752
344.623566
344.645142
344.567749
345.168610
345.319641
345.718689
345.855286
346.572784
346.212128
346.440704
346.629730
346.090210
346.812714
346.731628
346.591125
346.639709
346.796600
346.810272
346.863525
346.772461
346.694397
346.164001
346.062653
346.215790
346.065491
345.872406
346.066559
345.710693
345.598297
344.828522
344.896759
345.391418
344.904755
344.606049
344.183990
344.408203
344.069916
344.056305
343.405396
343.095428
343.149750
343.125000
343.009857
342.870850
342.901550
342.706970
342.868683
342.811676
342.077850
342.566589
342.476624
341.998840
341.947113
341.845337
341.661285
342.148193
342.417175
341.780518
342.483063
342.185577
342.193817
342.099030
342.449799
342.846466
343.005676
342.872162
343.637421
343.053436
343.506317
343.925354
344.224060
344.551758
344.880890
344.945312
345.086975
345.324249
345.425629
345.957733
346.364197
346.352203
346.765869
346.943665
347.067291
347.438263
347.292664
347.219421
347.858307
348.299347
348.221191
348.260132
348.577362
348.422119
348.447144
348.876007
348.778931
348.734375
349.230804
349.342255
348.646515
348.952209
348.841736
348.896942
348.727234
348.609344
348.370575
348.229218
347.951538
347.836060
347.890198
347.666473
347.451752
347.121094
346.803833
346.862732
346.339447
346.044403
346.097015
345.875702
345.682098
345.266174
345.265198
344.622864
344.957947
344.486786
344.829529
344.215820
344.184204
343.718597
343.413361
343.574768
343.348236
343.500061
343.676056
343.316650
343.010406
343.452179
343.259674
342.777252
343.492706
342.611084
343.390015
343.431091
343.308746
343.631317
343.179199
343.770721
343.721313
343.805420
344.230011
344.418793
344.401550
344.566223
345.352386
345.693054
345.839905
345.808014
346.203217
346.780060
346.715240
346.882416
347.351685
347.372772
347.961670
347.966705
347.953522
348.631805
348.778198
348.434113
348.465271
348.814484
349.171112
349.507996
349.359680
349.354279
349.225922
349.270630
349.638153
349.506775
349.471954
349.376495
348.980194
348.899628
349.008331
348.491577
348.740448
348.131592
348.471313
348.100372
347.582916
347.373566
347.545715
347.096252
347.154053
346.642822
346.328308
346.184662
345.626343
345.715851
344.797028
344.545166
344.549713
344.380432
344.276398
344.007416
343.802979
343.730743
343.771759
343.396637
343.702606
343.535309
343.245972
343.066559
342.975922
342.868958
343.290039
343.817841
343.810699
343.667969
344.272644
343.802765
344.680511
344.968903
345.059357
345.417694
346.265656
345.929993
346.601776
346.769653
347.348846
347.870728
348.669067
348.687836
349.119720
349.371094
349.693970
350.001617
350.779022
351.001709
350.860199
351.505127
351.142334
351.400513
351.779053
351.553467
351.527527
351.474030
351.090942
350.546997
350.318329
349.149872
348.435669
348.434326
346.905212
345.614990
344.656982
342.991058
341.373474
339.654572
337.612976
335.315979
333.430511
331.121857
328.094849
325.539368
322.944366
319.777527
316.235321
313.241058
309.075714
305.956116
301.904724
297.805054
294.059357
290.006897
285.645630
281.565918
277.082458
272.361664
268.257355
263.641022
259.150452
254.736816
250.265976
246.243912
241.636185
237.482391
233.408463
229.194580
225.608856
221.692612
218.533615
215.025345
211.870804
208.887405
206.234299
203.679413
201.735443
199.757507
198.075165
196.762985
195.748383
195.140289
194.346481
195.112930

296.524475
172.432419
172.616989
173.036102
173.928726
175.283936
176.638992
178.399399
180.203491
182.132065
184.385086
186.805206
189.605743
192.188934
195.403580
198.548386
201.891937
204.742157
208.429871
212.195816
215.776901
219.505051
223.491226
227.151215
230.676804
234.367950
238.128601
241.810822
245.714539
249.439438
252.877090
256.291809
259.826996
263.318787
266.165588
269.101135
272.480927
275.532715
278.159271
281.053131
283.404114
285.408936
287.830414
289.589966
291.380005
293.728241
294.835327
297.003693
297.750092
299.302277
299.904877
301.609283
302.456360
303.321472
303.586945
304.421692
305.235443
305.569000
305.688873
305.509888
305.876495
306.037628
306.126129
306.142975
306.212311
306.251770
306.010468
305.741821
305.635956
305.059570
305.350891
305.053284
304.598755
304.790497
304.452209
303.703339
303.878174
303.691559
303.220886
303.045013
302.543854
302.620972
302.695648
302.484680
302.503845
302.141418
302.300995
302.493774
302.352356
302.448120
302.711426
302.463562
303.174408
302.982880
302.976257
303.537231
303.504242
303.520416
304.347656
304.363037
304.868103
304.830200
305.108765
305.306976
306.071838
306.050720
306.212830
307.202637
307.407257
307.818146
307.796112
308.422760
308.407318
308.883118
309.033325
309.436798
309.654846
310.117432
310.355438
310.124512
310.845337
310.904144
311.379303
310.966919
310.991180
311.339081
311.349731
311.706757
311.151337
311.633667
311.407654
311.091583
311.388855
310.949890
310.955292
310.900970
310.839722
310.222900
310.102234
310.111389
309.940735
309.856018
309.582184
309.238007
308.996552
309.050537
308.775696
308.206787
308.066010
307.412079
307.873260
307.587799
306.568878
306.886688
306.780182
306.290558
306.248413
305.805206
306.248413
305.827179
305.647858
305.686981
305.847961
305.747772
305.290588
305.688629
305.652679
305.776703
305.694366
305.617554
305.684265
306.179413
306.176453
306.221008
306.699310
306.666168
306.939423
307.581940
307.665741
307.881165
308.445221
308.744171
308.659576
309.459595
309.130768
309.852875
310.467651
310.636566
311.043335
311.378937
311.800140
312.156036
312.350006
312.796173
313.251923
313.409088
313.733643
314.243622
314.698273
314.505676
315.268188
315.148773
315.482849
315.688690
315.995239
316.524567
316.176971
316.741730
316.611450
316.475372
316.722198
316.920166
316.816254
316.729462
316.846252
316.745880
316.743866
316.897095
316.522125
316.462555
316.155762
316.231964
316.022400
315.867371
316.051453
315.615021
315.494904
315.150879
314.919952
314.246063
314.455170
313.905121
313.849457
313.488068
313.735992
313.356628
312.919006
312.740417
312.680573
312.690552
312.360870
311.922394
311.983704
311.829651
311.397003
311.699524
311.075684
311.073730
310.988708
310.537506
310.852295
310.776367
311.255402
311.112976
311.038513
311.377167
310.927521
311.354706
310.994568
311.711945
311.467102
312.098267
311.784637
312.447418
312.343506
312.257660
312.605133
313.333893
313.490509
313.214722
313.784576
314.098267
314.640930
314.698456
315.112610
315.360229
316.223328
315.731384
316.590576
316.588409
316.613342
316.963928
317.586487
317.733002
318.115021
318.409180
318.594360
318.768890
318.816528
319.361633
319.249420
319.542511
319.232605
320.030426
319.835083
320.139221
319.899689
320.111969
319.882233
319.926666
319.983246
320.126801
319.828979
319.836212
319.718567
319.556213
319.529205
319.334137
319.504456
319.589478
319.335754
319.099792
318.990448
318.730255
318.414246
318.124481
317.743866
317.955292
317.687897
317.558105
317.552643
317.522766
316.632416
316.754272
316.975433
316.425201
316.310547
315.995209
315.959198
315.666595
315.911346
315.395599
315.982635
315.016266
315.694092
315.179962
315.276581
315.361511
314.925629
315.510590
315.125580
315.399109
315.526642
314.890991
315.491180
315.667053
316.056274
316.098480
316.163116
316.695557
316.463715
317.143311
316.793274
317.215210
317.456848
317.686035
317.889069
318.318420
318.601715
318.518829
318.952301
319.635040
319.671021
320.000641
320.403900
320.549530
320.636078
320.922607
321.746765
321.812225
321.513702
322.053864
322.485779
322.641693
322.522308
322.567596
323.024170
323.109741
323.502838
323.523865
323.500580
323.416901
323.739136
324.098267
323.788391
324.071533
323.650665
323.542480
323.983429
323.793610
323.552734
323.160645
323.354065
323.330963
322.856689
322.747162
322.494110
322.472321
322.256897
322.133301
321.562256
321.703247
321.563019
321.513947
320.908234
320.913666
320.447174
320.560974
320.560791
320.104034
319.313141
319.727386
319.448273
319.482361
318.882294
319.096100
319.042511
318.590698
318.247162
318.576019
318.726166
318.463135
318.357513
318.009827
318.255646
317.857605
318.161041
318.055054
318.544037
318.377716
318.253693
318.476471
318.829773
318.357483
318.989014
318.821564
319.434082
318.979797
319.170563
319.979736
320.132721
320.365143
320.463562
320.750122
320.707367
321.100250
321.591370
321.436768
321.887634
322.121826
322.656281
322.141327
322.829712
323.174438
323.475281
323.828278
324.154266
324.397095
324.109131
324.812805
324.567200
324.989319
325.747498
325.400421
325.571259
325.436127
325.581848
326.336151
325.772583
326.098999
325.882385
326.031128
325.938293
325.996368
326.013611
325.920959
326.196960
326.171417
325.802063
326.038269
325.917389
325.756622
325.956299
325.619110
325.242950
325.008148
325.094299
324.957916
324.653809
324.916779
324.487091
324.176422
324.315399
323.807983
323.680389
324.077423
323.326080
323.277771
322.880585
323.051910
323.004913
322.655579
322.894073
322.575836
322.605530
322.552155
322.543945
322.217834
322.544525
322.434052
322.394318
322.449005
322.631378
322.716217
322.965881
322.761688
323.574097
323.135193
323.521118
323.894928
323.598633
324.340546
324.588043
324.608978
325.269135
325.199188
325.467987
326.157318
325.932037
326.103729
327.023468
327.149536
327.581543
327.789459
328.130432
328.683228
329.200562
329.678650
330.158356
329.851532
329.935699
331.194214
330.796661
331.173248
331.503784
331.857971
331.860901
332.449768
333.260468
332.775482
333.446136
333.560822
333.750122
333.641541
333.741669
333.959167
333.952484
334.138000
334.092010
333.956635
334.056671
334.800110
334.642426
334.565216
334.680450
334.041779
334.230896
334.045776
333.813232
333.965729
333.745270
333.549408
333.125854
333.057617
333.190094
332.918365
332.376526
332.611786
332.398712
332.319641
331.648621
332.223663
331.542389
331.626007
331.286835
330.751953
330.939148
330.598877
330.395081
330.432739
330.281311
329.988190
330.247711
330.640747
330.406250
330.423309
329.944458
330.549103
330.266693
330.733276
330.386414
330.698730
331.181824
330.826294
330.795410
331.566010
331.583466
332.074860
331.664490
332.399048
332.647644
332.786591
333.344940
333.634766
333.859833
334.301666
334.572815
334.776123
335.526611
335.361084
336.216980
336.478638
336.718292
337.096619
337.668152
337.951630
338.600586
338.834229
339.176361
340.048767
339.697113
340.512146
340.670471
340.844086
341.278870
341.644806
342.021027
342.689148
342.267517
342.853790
342.990051
342.852997
343.121399
343.936707
343.591888
343.872498
343.748016
343.804443
343.839325
344.082916
343.731354
343.716217
343.551544
343.648621
343.299133
343.621277
343.134918
343.028290
343.247131
342.713165
342.740021
342.210724
342.449615
342.199951
341.732910
341.806305
341.240906
341.491699
340.412750
340.718903
339.969666
340.025696
339.811005
340.016449
339.182373
339.095978
339.280609
338.896240
338.681885
338.159302
338.399017
337.673523
337.957947
338.060272
337.792023
337.957977
337.922943
337.755096
337.494385
337.751068
337.330231
337.608551
337.660614
338.079956
338.173401
337.777069
338.697357
338.473450
338.624542
338.866394
339.161285
339.447388
339.284424
339.453491
340.584534
340.826935
340.806610
340.677490
340.994263
341.333954
341.600006
342.005554
341.894135
342.545715
342.527954
343.200836
343.273621
343.948029
343.759644
344.027100
344.726196
344.918091
344.979919
344.865784
345.493011
345.649719
346.041901
346.193726
346.910492
346.511047
346.770691
346.924805
346.393250
347.110199
347.056488
346.901245
346.916901
347.109161
347.107086
347.155701
347.060822
346.989014
346.438507
346.307587
346.501251
346.331512
346.156860
346.316895
345.991394
345.841583
345.065704
345.179047
345.651917
345.111115
344.824371
344.413086
344.649933
344.320587
344.293945
343.625214
343.295715
343.401428
343.330719
343.235443
343.078094
343.100006
342.914642
343.098877
343.008881
342.289551
342.759521
342.658691
342.192413
342.120667
342.021759
341.821228
342.306824
342.584656
341.956879
342.660095
342.333588
342.324707
342.259979
342.582611
342.966766
343.122498
342.985016
343.766632
343.168701
343.617004
344.008148
344.327942
344.625122
344.943848
345.015961
345.173462
345.368073
345.481964
346.005493
346.422363
346.402252
346.819946
346.978638
347.103973
347.473907
347.301147
347.247589
347.887726
348.298584
348.224274
348.231750
348.564667
348.415283
348.441284
348.846008
348.772308
348.736206
349.195129
349.303589
348.601654
348.919495
348.816193
348.841064
348.709534
348.555023
348.279449
348.152832
347.882660
347.756409
347.802887
347.574890
347.377533
346.986694
346.688599
346.773010
346.260193
345.917786
345.986298
345.759949
345.552948
345.160278
345.142365
344.470215
344.837921
344.357239
344.699585
344.068665
344.020660
343.567596
343.274567
343.446106
343.218506
343.337250
343.507721
343.153900
342.826141
343.288940
343.099731
342.626038
343.322693
342.425629
343.219482
343.251465
343.118469
343.425690
342.990814
343.593567
343.533234
343.594940
344.021851
344.206787
344.185486
344.383484
345.115356
345.488953
345.619934
345.604919
345.988403
346.549500
346.492920
346.670990
347.149475
347.173035
347.754639
347.761627
347.738464
348.418732
348.565308
348.218658
348.272644
348.608429
348.961395
349.284454
349.132812
349.128693
349.019897
349.067596
349.448517
349.303619
349.257751
349.152283
348.790924
348.708984
348.798767
348.309540
348.520294
347.966278
348.266571
347.914948
347.418335
347.202148
347.362671
346.897339
346.983826
346.446930
346.175842
346.022827
345.469666
345.538727
344.634460
344.389679
344.407776
344.191925
344.135956
343.830200
343.635010
343.560455
343.640167
343.265472
343.559479
343.404266
343.133789
342.947327
342.854034
342.755402
343.179260
343.713959
343.706543
343.563904
344.169525
343.730103
344.588409
344.878326
344.987549
345.361664
346.191040
345.874359
346.546570
346.717560
347.310638
347.841309
348.634796
348.687622
349.113678
349.360596
349.673859
349.982086
350.797089
350.999847
350.877686
351.521729
351.155823
351.418060
351.783417
351.592712
351.587830
351.553864
351.151276
350.597137
350.389526
349.210938
348.530884
348.547394
347.000336
345.711609
344.772217
343.079529
341.488556
339.755219
337.744843
335.442871
333.591492
331.245880
328.229309
325.664215
323.088501
319.920685
316.390137
313.418701
309.252472
306.147247
302.078918
297.975922
294.238068
290.181335
285.811554
281.744110
277.264740
272.567749
268.469513
263.837128
259.362823
254.940811
250.490082
246.472305
241.840805
237.725037
233.647461
229.413132
225.840790
221.900436
218.765076
215.283386
212.107971
209.146194
206.458298
203.917755
201.954895
200.008789
198.326736
197.004745
196.002182
195.383255
194.590637
195.460022

220.942627
184.675323
184.860153
185.959854
186.585526
188.148697
189.599655
191.461258
193.425552
195.601868
197.820877
200.545578
203.338287
206.327438
209.473618
212.793411
216.194931
219.605026
223.651093
227.311661
231.366745
235.123932
239.238449
243.587448
247.589691
251.200104
255.551926
259.671478
263.556732
267.322418
270.679962
274.936523
278.591034
282.265472
285.514893
289.200623
292.106171
295.476685
297.910767
300.760803
303.479401
305.783295
307.970398
310.484833
312.228088
313.896454
315.561249
317.355743
318.958954
320.347717
321.171753
322.242920
323.040833
323.881287
324.792328
324.971039
325.620697
325.853363
326.241089
326.880981
326.694153
326.486145
326.827637
326.358063
326.414368
325.949066
325.707642
325.611237
325.131134
324.898224
324.797668
324.166565
324.023499
323.706635
323.381836
322.936249
322.885925
322.700867
322.576996
322.118591
321.774353
321.541992
321.434052
320.941437
321.231598
320.977844
320.704803
320.805115
321.040375
321.315063
321.231354
320.721497
321.459991
321.292999
320.968872
321.554810
321.936951
321.703278
322.056335
322.417206
322.750214
323.470673
323.286865
323.503662
324.217834
324.125488
324.792725
324.825348
325.211884
325.503571
325.808472
325.746613
326.310394
326.472260
326.967194
327.457001
327.731995
327.347412
328.107727
328.430878
328.153992
328.244110
328.377808
328.738831
328.654999
328.841583
328.890564
328.794342
328.891724
328.709259
328.292816
329.073090
328.601410
328.589935
328.595612
328.237030
328.029449
328.139160
328.191284
327.491425
326.895355
326.729584
326.479218
326.194763
325.861450
325.526550
324.618500
325.074738
324.526093
324.693115
324.132599
323.645538
323.524384
323.146240
322.594360
322.713959
322.182617
322.234100
321.685516
321.852814
321.782898
322.059204
321.858154
321.188904
320.882416
321.258240
321.080109
321.282227
321.537689
320.946167
321.307861
321.597015
321.382507
321.777069
321.878082
321.846405
322.050690
322.576965
322.983490
323.200775
323.686310
324.059296
324.599091
325.006348
324.773865
325.148346
325.382477
325.892914
326.333527
326.689178
326.640472
327.136719
327.258392
327.162933
327.820221
327.635437
328.308563
328.898651
328.999451
329.415070
329.505432
329.983582
330.258636
330.162018
330.532227
331.177460
330.765472
330.714996
330.862579
331.112244
330.780487
330.748138
330.815704
330.885864
330.878693
330.615204
330.468170
329.899628
330.469727
329.960602
330.015289
329.396606
329.374756
328.688995
328.910034
328.764099
328.589111
328.382843
327.581299
327.422333
326.776764
326.785675
326.429840
326.053223
325.499847
325.800110
325.427124
324.844574
324.527710
324.800598
324.357483
323.884064
324.056183
322.993469
323.438995
323.354706
322.946503
323.076965
322.911774
322.403595
322.284424
322.868896
322.613342
322.647278
322.289795
322.745819
322.415588
322.350281
322.412140
322.888550
322.616608
323.105042
322.626801
323.197357
322.809418
323.340057
323.321350
324.023468
324.196198
325.018890
325.019989
324.917450
325.429535
325.285461
326.034332
326.271057
326.513611
326.642456
326.604279
326.745697
327.640961
327.444275
328.060913
328.219818
328.274231
328.652435
328.595734
328.725220
329.032532
329.884399
329.663422
329.722260
329.867645
329.767822
329.773773
330.141083
329.903656
329.431274
330.256622
330.117523
329.850037
330.260651
330.027863
329.945557
330.002441
330.045624
329.566895
329.790436
329.383423
329.070251
328.804749
328.397064
328.664978
328.184998
327.903381
327.930145
327.256531
327.633545
326.929108
326.898712
326.770691
326.237640
326.673340
326.141815
325.677155
325.762360
325.741669
325.068573
325.199280
325.142639
325.095795
324.238739
324.391571
324.155457
324.663147
323.796234
323.883789
323.970886
323.733582
323.949005
324.200562
324.108490
324.167023
324.331024
323.974030
324.228546
324.623932
324.539734
324.779480
325.288635
325.142181
325.399811
325.325256
325.878448
325.643066
326.367126
326.735474
326.719238
326.908386
327.215210
327.493958
328.257996
328.185547
328.417358
328.319702
328.481964
328.790222
329.422699
329.935913
329.698730
329.921875
330.004547
330.108368
330.459991
330.840973
331.593842
331.382690
331.782990
332.014313
331.394470
331.696472
331.583252
332.003662
332.307037
332.170837
332.327301
332.164917
332.382721
332.716614
332.376953
331.926422
332.016479
331.777863
332.053955
331.412933
331.458374
330.831573
330.711487
330.262817
329.862915
330.400635
329.747986
329.656769
329.578217
329.092010
328.939148
328.751678
328.611267
328.537537
327.985077
327.792023
327.837830
327.615021
327.374207
327.263641
327.440369
326.899200
326.750580
326.315216
326.232635
326.163605
326.312775
325.970856
326.402100
325.860382
326.158356
325.889893
326.068604
326.062469
325.925812
326.226135
325.739716
326.281525
326.152466
326.317902
326.522614
326.955078
327.149170
327.221283
327.414764
327.816010
328.078766
328.323181
328.583130
328.969604
329.098328
329.211151
329.410706
329.563995
330.076263
330.204071
330.879974
330.988556
330.973206
331.216064
331.425262
331.657776
332.407959
332.429504
332.462921
332.645538
332.960815
332.837769
333.376892
333.279144
333.111572
333.425385
333.477264
333.356964
332.992035
333.351532
333.574188
333.720856
333.694336
333.400970
333.760590
333.663391
333.536682
333.160370
333.095703
332.952850
332.757507
332.751434
332.693665
332.692841
332.402039
332.190125
331.591431
331.247009
331.241364
331.135010
331.166870
330.615784
330.923767
330.558044
330.367676
330.373596
330.525604
329.747498
329.831970
329.109192
329.186890
328.983795
329.096497
328.598969
329.151184
328.802673
328.625153
328.704773
328.800537
328.826935
328.978271
329.893036
328.634705
328.682495
328.622681
329.240997
328.744019
328.897888
329.290161
329.838226
329.717377
329.472351
329.792297
330.788300
331.176025
331.947662
331.547638
331.493744
332.152893
332.331726
332.794769
332.996826
333.183868
333.473358
334.177948
333.827850
334.199402
335.009766
335.125305
335.749725
335.618866
336.065216
336.271210
336.854706
336.857819
337.153412
337.417236
337.638550
337.638489
337.739655
338.045654
338.240479
338.174500
338.423340
338.560120
338.608551
338.674835
338.643768
338.514557
338.667755
338.621979
338.881592
338.702972
338.385590
338.956635
338.498749
338.140564
337.565704
337.944763
337.658844
337.001953
337.012451
336.941040
336.693024
336.658478
336.181976
336.087921
335.877563
335.278412
335.661041
335.332031
335.327698
334.833313
334.760223
333.637451
333.920837
333.397491
333.273773
333.075470
332.912323
333.318573
332.824158
332.506683
332.771362
332.738586
332.627258
332.265625
332.091553
332.500916
332.676483
332.208679
332.362671
332.215759
332.793457
332.862671
332.992035
333.127441
333.927826
333.372528
333.866516
334.003296
334.674286
334.965088
334.972870
334.962646
335.773590
335.798157
336.085907
336.516479
336.809387
337.082397
337.396759
337.454376
338.072845
338.404266
339.152588
339.329529
339.474457
339.553589
340.257538
340.037598
340.654449
341.056519
341.343811
340.873505
341.714142
341.452148
341.654022
341.881897
342.064301
342.607239
342.807068
342.710266
342.855896
342.744293
342.584686
342.589111
342.681580
343.006714
342.334930
342.578003
342.518707
342.114899
342.129211
342.200134
341.986145
341.062225
341.137939
341.300201
340.749146
340.863281
340.410339
340.208771
339.920746
339.732788
339.021362
338.876373
338.529785
337.958649
337.733002
337.568878
337.107574
337.277893
336.997070
336.483337
336.457367
335.534729
335.041016
335.316284
334.940247
334.928802
334.808777
334.565308
334.447998
334.040894
333.881195
333.552246
333.825745
333.748840
334.000671
333.456818
333.380890
333.662598
333.646118
333.882385
333.864746
333.712280
334.213715
334.799530
334.705444
334.157806
335.111542
334.776886
334.919495
335.112915
335.479584
336.096069
336.321503
336.541687
336.910645
336.895294
336.955017
337.310669
337.756256
337.444061
337.993713
338.167358
338.704559
338.801453
338.821411
339.274902
339.194794
339.534088
339.433472
339.798157
339.563873
339.765900
339.832092
340.355682
340.057922
340.811127
340.511627
340.151062
340.303650
340.623688
340.286102
340.693268
340.237701
340.668243
340.081696
340.173035
339.715485
339.443665
339.112579
339.107361
339.017700
338.857880
338.869537
338.031708
338.268951
338.203125
337.710571
336.912659
336.890045
336.612122
336.558167
336.489502
336.703094
335.946716
335.569489
335.699860
335.313202
334.763184
334.878723
334.869080
334.249054
334.312958
334.131042
333.334869
333.309174
333.325562
333.177277
332.929626
333.129456
332.847473
333.283020
333.038757
333.207123
333.411652
333.205688
333.049133
333.445496
333.440521
333.582397
333.784882
333.364075
333.801025
333.988037
334.528351
334.344086
334.469666
334.701538
334.505829
335.174866
335.502411
335.308807
335.600922
335.939667
335.923004
335.880402
336.395630
336.626740
336.518158
336.863159
337.067963
337.132538
337.334961
337.619934
337.775024
337.919647
337.381744
337.869415
337.835541
337.751465
337.729828
337.830658
338.391479
338.410126
337.812561
337.546661
337.422302
337.990265
337.882111
337.401855
337.209778
337.207825
336.728363
336.415558
336.511292
336.219269
336.305054
335.550446
335.536743
335.376404
335.189545
334.803955
334.706207
334.420471
334.172485
333.977661
333.965668
333.621277
333.253448
333.248840
332.729462
332.319794
332.403809
332.428955
332.027740
331.947571
331.633148
331.979370
331.881958
331.341858
331.770966
331.363495
331.861053
331.739532
331.321045
331.515656
331.414154
331.468842
331.879608
331.827728
331.812256
331.607025
332.495575
332.358063
332.201599
332.793915
332.674408
333.274750
333.121613
333.527985
333.898651
334.254089
334.574402
334.592316
334.947021
334.779205
335.218964
334.524750
335.772339
335.704987
336.192627
336.500916
336.133972
336.768707
336.608704
336.901245
336.909363
336.979065
337.388153
337.037903
336.766449
337.034271
337.055908
337.260193
337.202484
337.382446
337.031372
337.170197
337.219788
336.538635
336.257111
336.392975
336.485657
336.055664
335.919067
335.661682
335.397430
334.934784
334.259186
333.974487
333.812439
334.090027
333.951965
333.250427
333.869232
332.866333
332.913269
332.432526
332.381805
332.106171
331.433441
331.236450
331.820251
331.848755
332.019836
331.620575
331.043335
331.430695
331.039459
331.240051
331.495056
331.484741
331.532715
331.692810
331.969513
332.228516
331.925232
332.728394
333.475006
333.547272
333.638733
334.069763
334.498596
334.967590
335.045380
335.761505
336.243591
336.689972
337.054718
336.976807
337.724152
337.905365
338.172546
338.187195
339.042480
339.127197
339.019318
339.407166
339.147003
339.286560
339.090607
338.692383
338.468658
338.092529
337.932831
337.070831
336.482452
335.958862
334.457092
333.777832
331.944672
330.783264
329.251892
327.735046
325.720215
323.850586
321.941589
319.465057
316.527252
313.908508
310.954437
308.281677
305.031647
301.544281
298.110260
294.914246
291.013916
287.915314
283.651581
279.871826
275.619476
271.663025
267.396240
263.278595
259.108276
254.401886
250.196899
245.967667
241.631927
237.557861
233.216934
229.560471
225.119858
221.240463
217.524323
214.242203
210.895096
207.694443
204.833801
201.875778
199.306458
196.878845
195.112717
193.469711
191.453217
190.099045
189.179916
188.558975
188.095123
187.862061

222.465012
184.816696
185.010559
186.102386
186.730896
188.278458
189.757324
191.612930
193.575989
195.743423
197.964249
200.700455
203.491409
206.507385
209.642365
212.958649
216.362396
219.793716
223.847305
227.514374
231.576843
235.339325
239.444427
243.816940
247.809906
251.431885
255.783295
259.950287
263.809998
267.593353
270.961304
275.213135
278.894592
282.550110
285.827271
289.518646
292.403137
295.813690
298.249664
301.085419
303.824341
306.165771
308.332977
310.845520
312.628479
314.297638
315.961548
317.774109
319.375397
320.770721
321.605835
322.684387
323.471069
324.343079
325.232391
325.437592
326.116852
326.351379
326.731812
327.332031
327.204346
327.003113
327.296448
326.828491
326.920288
326.465149
326.228851
326.098297
325.632935
325.410828
325.292053
324.667969
324.533997
324.244904
323.888611
323.459778
323.432251
323.208038
323.109253
322.635834
322.278900
322.074554
321.924011
321.458221
321.738708
321.517090
321.173767
321.314178
321.513428
321.810883
321.692932
321.248749
321.932953
321.763702
321.438812
322.022827
322.364136
322.149933
322.514313
322.862274
323.180634
323.876740
323.689728
323.942505
324.637939
324.513184
325.193176
325.212158
325.595795
325.866760
326.208099
326.163177
326.652985
326.824677
327.359589
327.823242
328.096405
327.637329
328.429657
328.724945
328.489075
328.588501
328.704651
329.053314
328.968109
329.120422
329.160553
329.102142
329.191833
329.020203
328.561005
329.334015
328.880707
328.885223
328.870270
328.522430
328.323975
328.405945
328.466125
327.806061
327.139893
327.006958
326.751312
326.463745
326.104279
325.794769
324.904480
325.357971
324.810272
324.977875
324.429718
323.901550
323.846283
323.429565
322.871277
323.041351
322.507294
322.494843
322.030090
322.177429
322.110504
322.403534
322.185150
321.558868
321.276489
321.602356
321.450500
321.657349
321.910217
321.344238
321.707733
321.979309
321.797882
322.193329
322.282257
322.268372
322.490936
323.026703
323.442078
323.631104
324.138733
324.522766
325.069824
325.486969
325.260925
325.661865
325.890259
326.421753
326.830200
327.199951
327.182648
327.648590
327.809845
327.688477
328.351990
328.171204
328.888000
329.469360
329.555664
329.987091
330.077881
330.545929
330.838287
330.778961
331.112915
331.754578
331.344177
331.271851
331.441223
331.704468
331.345184
331.364136
331.408295
331.493561
331.442261
331.207886
331.071198
330.482117
331.042786
330.536499
330.572388
329.977600
329.966949
329.240814
329.447754
329.297638
329.140289
328.882019
328.116516
327.938629
327.281158
327.325623
326.941528
326.557037
326.010315
326.276215
325.898071
325.288879
324.987976
325.239532
324.805176
324.297516
324.487762
323.438171
323.871246
323.761871
323.356995
323.481354
323.288208
322.774963
322.623962
323.218811
322.928345
322.982330
322.603333
323.071136
322.592499
322.640961
322.687805
323.167450
322.854248
323.355408
322.873962
323.431335
323.031403
323.552673
323.530212
324.257141
324.401093
325.202942
325.199371
325.097870
325.592010
325.470886
326.187439
326.426422
326.677643
326.775970
326.753448
326.904480
327.779724
327.567230
328.184448
328.345428
328.391388
328.768188
328.707062
328.840363
329.172333
329.990387
329.781586
329.821014
329.988190
329.866760
329.880524
330.262299
330.011627
329.549194
330.364990
330.242279
329.964935
330.371918
330.153748
330.095856
330.124359
330.188019
329.714417
329.929932
329.537415
329.246216
328.941162
328.546967
328.819763
328.354736
328.057434
328.080322
327.415344
327.813843
327.117798
327.100830
326.978912
326.435608
326.902557
326.347412
325.875641
325.970459
325.953033
325.305847
325.435730
325.349182
325.323334
324.468689
324.638763
324.385040
324.915588
324.057281
324.146240
324.229156
323.994751
324.220825
324.453217
324.357025
324.426636
324.600464
324.269318
324.481750
324.884369
324.828613
325.044037
325.565460
325.409637
325.671570
325.574066
326.131378
325.893097
326.619507
326.953247
326.955566
327.138123
327.472870
327.723022
328.492157
328.403290
328.632690
328.568390
328.682831
329.005676
329.598450
330.125885
329.856720
330.099823
330.146118
330.257843
330.604401
331.000885
331.728210
331.493378
331.875702
332.125732
331.468384
331.772797
331.636108
332.062744
332.339294
332.210480
332.359283
332.153534
332.393463
332.716980
332.356628
331.904175
331.974548
331.731506
331.981934
331.345032
331.369507
330.720154
330.584686
330.131836
329.718811
330.258728
329.621216
329.481964
329.402191
328.903198
328.729614
328.555664
328.411316
328.332214
327.789307
327.537323
327.586700
327.362976
327.120056
326.995911
327.143738
326.574280
326.464355
325.992554
325.908966
325.850098
325.995758
325.640350
326.054504
325.513489
325.817322
325.554260
325.733643
325.711060
325.562958
325.867157
325.409119
325.913544
325.778442
325.967407
326.197693
326.602203
326.809875
326.877533
327.058594
327.476776
327.737885
328.012360
328.246796
328.653015
328.754303
328.876770
329.097870
329.271240
329.749237
329.933258
330.607086
330.686401
330.707855
330.953705
331.156189
331.414398
332.169067
332.228973
332.248932
332.404907
332.772522
332.665253
333.200592
333.103149
332.955078
333.274200
333.358734
333.253876
332.865356
333.197052
333.508118
333.648560
333.615021
333.355713
333.673431
333.647461
333.484650
333.173584
333.111176
332.950134
332.784698
332.778473
332.747437
332.742279
332.467804
332.218109
331.682312
331.299866
331.338257
331.230652
331.300964
330.721710
331.056549
330.736145
330.497711
330.511322
330.669983
329.924591
330.005035
329.315399
329.392822
329.187439
329.316437
328.770172
329.358978
329.033142
328.824493
328.914215
329.032562
329.062195
329.238831
329.458588
328.850403
328.914612
328.878876
329.471130
328.968781
329.131989
329.539795
330.062469
329.959442
329.709717
330.027985
331.015747
331.388885
332.193024
331.759735
331.734161
332.368378
332.558533
333.013672
333.216248
333.329498
333.629425
334.401154
334.002777
334.375397
335.188202
335.248810
335.952515
335.752625
336.196350
336.422577
336.982819
337.000336
337.279388
337.509155
337.752502
337.669312
337.816010
338.075439
338.315186
338.186890
338.445801
338.556641
338.629425
338.666595
338.611877
338.484985
338.601898
338.599365
338.843445
338.626801
338.307648
338.856934
338.394165
338.011566
337.425873
337.831970
337.511169
336.860779
336.839111
336.756622
336.507202
336.456726
335.946411
335.858795
335.644470
335.016693
335.423370
335.070892
335.068756
334.555237
334.467072
333.345398
333.606628
333.106049
332.959656
332.745361
332.576965
332.961609
332.453857
332.136566
332.394287
332.368622
332.245361
331.862610
331.681274
332.121246
332.263123
331.790253
331.913574
331.800476
332.356293
332.402008
332.556580
332.695953
333.470062
332.933319
333.387299
333.545013
334.225250
334.471313
334.485107
334.465668
335.269257
335.317291
335.561005
336.052124
336.296783
336.577271
336.902130
336.946014
337.551422
337.907593
338.635345
338.796783
338.962463
339.052521
339.736511
339.534088
340.122772
340.510925
340.797455
340.350220
341.162292
340.934387
341.126129
341.339996
341.549164
342.089661
342.275818
342.176758
342.325317
342.227661
342.022186
342.057526
342.146729
342.444122
341.834564
342.046600
341.995880
341.590546
341.620850
341.674408
341.457703
340.537048
340.617462
340.798615
340.242279
340.350464
339.905212
339.695343
339.411285
339.221680
338.523315
338.398682
338.062103
337.462433
337.260040
337.077911
336.670868
336.811737
336.543396
336.018219
335.999756
335.089813
334.604736
334.854645
334.508362
334.530396
334.384583
334.172333
334.052582
333.640228
333.498505
333.184296
333.437164
333.349518
333.620544
333.074432
332.973999
333.308899
333.293671
333.543823
333.536530
333.400879
333.915588
334.499878
334.422363
333.875977
334.850769
334.497864
334.656677
334.834503
335.221863
335.856934
336.080505
336.312592
336.703339
336.695923
336.765808
337.110046
337.562744
337.297729
337.803345
338.011841
338.563751
338.663940
338.663513
339.118896
339.104309
339.427124
339.329376
339.703217
339.483795
339.698364
339.757812
340.375885
340.025635
340.828827
340.500061
340.156891
340.323181
340.631653
340.311127
340.777191
340.302704
340.737976
340.107666
340.252808
339.847900
339.554535
339.217773
339.236847
339.108856
338.966187
339.028931
338.173767
338.413940
338.399414
337.885071
337.109436
337.054474
336.860718
336.785889
336.737518
336.936127
336.188721
335.813751
335.936005
335.588745
335.026062
335.140259
335.165985
334.533295
334.587555
334.177460
333.604736
333.600983
333.640930
333.467499
333.241272
333.450317
333.165863
333.607483
333.342621
333.558502
333.760345
333.552094
333.395355
333.773804
333.774109
333.965149
334.120789
333.747101
334.165283
334.353119
334.909943
334.724304
334.820038
335.072998
334.884216
335.567688
335.872711
335.700623
335.967987
336.307617
336.276611
336.268890
336.763702
337.009491
336.904816
337.236938
337.443573
337.502838
337.705536
338.017792
338.123657
338.299347
337.759796
338.275574
338.203156
338.102692
338.106628
338.200226
338.781067
338.759094
338.179047
337.910736
337.792450
338.334106
338.245758
337.761414
337.545471
337.531464
337.070740
336.761444
336.839386
336.549744
336.652100
335.884308
335.859039
335.699493
335.491669
335.110962
334.995697
334.722168
334.481598
334.282776
334.281982
333.918793
333.576996
333.554565
333.020508
332.576080
332.692352
332.709229
332.337219
332.223450
331.937042
332.266632
332.161896
331.610962
332.043304
331.639160
332.139709
332.028961
331.609589
331.801483
331.679993
331.739258
332.150513
332.096100
332.058838
331.878784
332.755798
332.598724
332.455994
333.057465
332.936218
333.567505
333.388367
333.791016
334.157318
334.526581
334.843964
334.861267
335.215240
335.046265
335.469849
334.798370
336.027283
335.964722
336.441467
336.732971
336.414978
337.030945
336.875519
337.192352
337.160095
337.238708
337.618713
337.281464
337.021240
337.268921
337.312012
337.527985
337.446106
337.655334
337.263641
337.394318
337.444092
336.756805
336.515656
336.656372
336.744720
336.300568
336.166473
335.912262
335.669952
335.176086
334.498657
334.204865
334.087097
334.355438
334.205475
333.513397
334.087036
333.133759
333.142792
332.685272
332.626068
332.332397
331.660431
331.492371
332.068329
332.090027
332.266571
331.850189
331.290405
331.677887
331.287537
331.492279
331.752258
331.696136
331.763947
331.911743
332.189697
332.448456
332.140198
332.937256
333.668427
333.774506
333.851440
334.244293
334.703491
335.151642
335.242981
335.942963
336.430817
336.884644
337.216064
337.143494
337.918182
338.065613
338.344208
338.370758
339.218567
339.310455
339.216309
339.573395
339.296997
339.460571
339.261749
338.848572
338.642273
338.222900
338.082275
337.214233
336.603210
336.089172
334.581360
333.912354
332.057404
330.910583
329.374481
327.853119
325.832092
323.952698
322.039490
319.550018
316.625305
314.004395
311.039307
308.370392
305.138153
301.642487
298.222717
295.008179
291.082397
287.965149
283.719513
279.937073
275.682678
271.719055
267.463013
263.347687
259.172699
254.440781
250.253922
246.022583
241.671509
237.594589
233.255600
229.597137
225.159637
221.279617
217.561218
214.279053
210.924698
207.727051
204.852280
201.913132
199.332199
196.919067
195.147995
193.507828
191.469009
190.127090
189.208023
188.596619
188.124146
187.879227

