274.576263
173.188004
173.772400
174.377914
175.041138
176.523453
177.860626
179.556595
181.383652
183.317184
185.359787
188.157349
190.363205
193.528564
196.551956
199.382294
202.958923
206.152023
209.437057
213.452606
217.187592
220.676727
224.346420
228.280991
232.244553
236.018311
239.712860
243.335770
247.062164
251.009567
254.325317
258.139557
261.467316
264.351471
267.926270
271.259033
274.270386
276.903381
279.437378
282.310089
284.860779
287.157379
289.508545
291.500397
293.526581
295.169220
296.723511
298.293701
299.832214
301.021973
302.048340
303.199066
304.096100
304.926056
304.863068
305.967743
306.901642
306.895233
307.214172
307.371521
307.499146
307.683319
307.735992
307.487396
307.871918
307.490417
307.344482
307.178955
306.747955
306.781128
306.374329
306.219208
305.888275
305.968475
305.836914
305.204712
304.744690
304.799316
305.009949
304.484955
304.127869
304.130005
304.003693
303.932220
303.734406
303.877136
303.804352
303.614044
303.636444
303.991119
303.797119
303.738373
304.103333
304.399536
304.614258
304.834869
305.004730
305.436523
305.802490
305.772522
305.945709
306.559814
306.962402
307.333038
307.446960
308.029053
308.092163
308.654694
308.865631
309.528381
309.535980
310.254395
310.615906
310.549896
310.813599
311.196411
311.550232
311.834961
312.251862
312.329681
312.616089
312.730103
312.678528
313.210297
313.626862
313.459808
313.326996
313.333282
313.031494
313.397705
312.961578
312.942047
313.451721
313.166534
313.014954
313.087158
313.159515
312.414001
312.515442
312.387573
312.062012
311.443634
311.298615
311.095428
311.169312
310.458588
310.424377
310.137939
309.872803
309.748535
309.476837
309.192780
309.127960
308.919128
308.602325
308.493134
308.652588
308.391113
307.684875
307.922791
307.786652
307.680237
307.929718
307.410614
307.314240
307.034515
307.435394
307.575012
307.160797
308.004730
307.623474
308.045227
308.096283
308.343719
308.400269
308.644073
308.950928
308.930603
309.031586
309.362122
310.482178
310.431641
310.200439
310.797607
311.473602
311.288361
311.540588
311.998230
312.610718
312.890839
312.863403
313.788696
313.945648
314.349274
314.610565
315.071625
315.343506
314.730713
315.728516
316.093658
316.548096
316.442230
316.630005
316.788300
316.942566
317.616425
317.494843
317.520020
317.496307
317.515167
317.940125
317.791046
317.794281
317.423157
317.969421
317.435944
317.551605
317.437134
317.351105
317.404480
317.293335
317.120087
316.896912
316.432343
316.485596
315.792999
315.876892
315.578674
315.639679
314.954285
315.142731
314.222015
314.510315
313.969177
313.512360
313.531677
313.464691
313.104218
312.702454
312.729187
312.687134
312.178070
311.952087
311.919342
311.730072
311.353790
311.418915
311.695892
311.090149
311.120422
311.187866
310.962006
310.524078
311.007599
311.336578
311.141235
311.371918
311.120056
310.955627
311.388794
311.484924
311.731964
311.846527
311.778412
312.345062
312.605988
312.567902
313.106079
313.205994
313.243713
313.566895
314.028320
314.217468
314.740631
315.139832
315.081848
315.623657
315.683990
316.338745
316.342346
316.502625
316.985504
317.270172
317.670990
317.878143
317.990112
318.154510
318.563995
318.727997
318.726318
318.829346
319.361816
319.503662
319.634186
319.804535
319.695343
319.924133
320.096100
319.990509
319.702332
319.870453
319.875488
319.778259
319.861176
319.757782
319.302216
319.887665
319.031158
319.382141
318.815979
319.000275
318.715118
318.592926
318.815613
318.153992
317.752258
317.903625
317.799255
317.411469
317.555634
317.554413
316.993011
316.881927
316.688904
316.564301
316.707916
316.267456
316.095062
315.759308
315.368164
315.773285
315.288849
315.325928
315.227081
315.418243
314.927551
314.943970
315.076569
315.323822
314.719025
314.586060
315.232239
315.364471
315.444519
315.894043
315.527618
315.701996
316.059052
316.349640
316.538971
316.489441
316.488892
317.300995
317.098663
317.299469
317.931641
318.287994
318.729523
318.186981
318.653717
319.280670
319.263123
319.513885
320.069641
320.430267
321.017426
321.077301
321.463135
321.341095
321.829315
322.154968
322.310242
322.439056
322.982208
323.002258
323.087006
323.295135
323.292450
323.694122
323.619843
323.358337
323.814819
323.980743
323.929108
324.032501
324.338348
324.139069
324.206177
324.207733
324.058228
324.127533
324.214935
323.680054
323.460938
323.489563
323.593414
323.563477
323.025665
322.758881
323.371490
322.440948
322.401337
322.020264
322.130920
321.690613
321.395752
321.805328
321.088470
321.096558
320.916168
320.619232
320.457306
320.449707
320.148804
319.867279
320.134277
319.939636
319.762604
319.901245
319.716827
319.488831
319.068085
319.461975
319.017792
319.557159
319.319183
319.507019
319.459869
319.609711
319.748810
319.820038
319.719482
319.451538
319.909912
319.918365
320.208557
320.598297
320.667999
320.952667
321.046539
321.425659
321.460693
322.020966
322.520752
322.160339
322.467194
322.876556
323.225372
323.380646
323.509644
324.189331
324.306122
324.360474
324.705994
325.331451
325.247528
325.446991
325.740814
326.332764
326.192108
326.269714
326.836548
326.457123
326.693542
326.757935
326.992859
327.447784
327.738190
327.681702
327.437683
327.522461
327.809631
327.860199
327.604187
327.963928
327.612427
327.709045
327.741974
327.638519
327.716766
327.329803
327.096741
327.010193
327.127594
326.826691
327.058167
326.509308
326.596649
326.691132
325.604462
325.819885
325.814819
325.562531
325.531372
325.243927
325.016785
324.971161
324.636780
324.606934
324.516876
324.481293
324.385529
324.075500
324.359192
324.243988
324.111725
323.747833
324.198517
324.245819
323.753906
324.052490
324.015961
324.338684
324.213043
324.595245
324.306854
324.305908
324.883270
324.841034
325.134155
325.466431
325.402222
325.976288
326.203979
326.110413
326.560455
326.820465
327.080750
327.315399
328.140564
328.512360
328.587341
329.173950
329.498871
329.883881
330.052948
330.442932
330.745697
331.054474
331.473724
331.818756
332.397797
332.673401
332.808441
333.094086
333.496338
333.890594
334.109344
334.127136
334.520142
334.643585
334.448975
334.373505
335.126343
335.507690
335.651367
335.788910
335.841156
335.802673
335.876495
336.323395
335.925690
336.206512
335.602722
335.566925
335.960052
335.577820
335.638428
335.789948
335.443756
335.673767
335.284637
334.578857
334.967987
334.720032
334.890625
334.406525
334.493134
333.861603
333.501312
333.812469
333.080902
333.113861
332.788330
333.186157
332.530029
332.654785
332.405518
332.533783
332.244110
331.835022
332.322906
331.731598
332.193268
332.340820
332.186859
332.005951
331.778503
331.868500
332.075256
331.943756
332.322083
332.526978
332.309753
332.876831
333.005005
333.254669
333.279724
333.341766
333.917633
333.983521
334.508453
335.013275
335.320465
335.132324
335.815521
335.783875
336.398315
337.135651
337.139069
337.282867
338.168915
338.086426
338.841125
339.517914
339.409241
340.161072
340.348419
340.990601
341.008240
341.459869
341.856506
342.101501
342.679779
342.900055
343.412415
343.790070
343.902496
344.077545
344.598145
344.171082
344.733917
344.733185
344.981415
345.590942
345.168762
345.463135
345.284485
345.471863
345.264099
345.293121
345.444550
345.386383
345.730133
345.085144
345.388306
345.132019
345.114288
344.642792
344.978424
344.347717
344.258850
344.062500
343.732056
343.690491
343.253418
343.120361
342.634796
342.646576
341.842133
342.321472
341.966125
341.444702
341.668091
341.225830
340.574829
340.522949
340.488464
340.224121
340.155457
340.120544
339.741486
339.852264
339.677277
339.020996
339.585022
339.736755
339.084656
339.389984
339.588776
339.138794
339.369904
339.396667
339.973938
339.588928
339.337769
340.457245
339.961151
340.662018
340.324188
340.895935
340.809784
341.317200
341.404327
341.825104
342.024872
342.088379
342.741730
342.961945
343.389801
343.415649
343.932587
344.338135
344.573578
344.919525
345.700562
345.727325
345.445740
346.181030
346.378113
346.756165
346.871582
346.706146
347.563232
347.556274
347.780762
348.104858
348.716522
348.675873
348.463470
348.454041
348.884735
348.878601
348.962219
349.324524
349.198059
349.147186
349.873322
349.296112
348.953278
348.866394
348.804932
348.554810
348.748901
349.034729
348.914337
348.319672
348.243927
348.320953
348.278290
347.587616
347.815491
347.160706
347.081360
346.862701
346.780609
346.857788
346.537231
345.987457
345.978699
345.864288
345.648682
345.432465
345.219757
345.282593
345.089478
344.637939
345.212341
344.999786
344.824677
344.735718
344.860229
344.904510
344.054504
344.559509
344.473999
344.631470
344.236572
344.190704
344.083282
344.587830
344.655609
344.523865
344.648438
344.860260
345.448364
345.191467
345.541504
345.923462
346.221802
345.838562
346.117188
346.347321
347.056824
347.116333
347.118561
347.891937
347.973450
348.134918
348.509674
348.609741
348.667694
348.843689
349.563232
349.410431
349.507202
349.974640
350.135132
350.666931
350.623138
350.503693
350.729767
350.681366
350.682678
351.222900
351.495667
351.264740
351.053619
351.143341
351.032745
351.208160
351.018738
350.630280
350.735077
350.929840
350.289581
350.600647
350.199890
350.336456
349.718628
349.788513
349.850189
348.850372
349.013947
348.592377
348.893616
348.464966
348.403687
347.846649
347.642639
348.170563
347.550507
347.402832
346.976074
346.507721
347.181244
346.498962
346.722961
345.947998
345.714539
345.874908
345.481049
345.625458
344.983185
344.920807
344.881378
345.071503
345.070953
345.061798
345.037628
345.263947
345.481506
345.250427
345.509735
345.692291
345.678833
345.927887
346.235107
346.166748
346.404633
346.634033
346.950073
347.164368
347.062500
347.548553
347.693237
347.970367
348.315979
348.567535
348.574005
348.974213
349.417908
349.425995
349.416260
350.062286
349.736908
350.659088
350.570831
350.943634
350.919525
350.989349
351.181152
350.898682
351.027283
351.148041
351.437225
351.482544
351.480164
351.075500
351.184387
351.123535
351.032227
350.900787
350.978546
350.365356
350.464630
350.514862
350.121460
349.722015
350.001221
349.309357
349.368622
348.592468
348.651459
348.210754
347.991516
348.227295
347.748749
347.149109
347.235748
347.022369
346.320801
346.579987
345.977356
345.557465
345.496979
345.538666
345.551422
345.071228
345.268555
345.198059
345.283264
345.162872
345.008698
345.185944
345.195099
345.136932
345.751068
345.853210
345.786835
346.051208
346.271454
346.658234
346.766724
347.189880
347.132538
347.675110
348.530182
348.537262
348.886200
349.446198
350.016510
350.551758
350.940857
351.337128
351.299377
351.988708
352.312195
352.245483
353.193054
352.881378
353.282867
353.306396
353.557343
353.212982
353.177917
352.863831
352.557526
351.726135
351.379181
350.805420
349.984497
349.561523
348.100739
346.670898
345.807434
344.037231
343.115295
340.882660
338.705383
337.072235
334.513245
332.108276
329.392670
326.976624
324.239014
320.775208
317.625671
313.913757
310.615540
307.147583
303.243256
299.087677
295.172272
290.886627
286.417633
282.216614
278.217316
273.789276
269.297760
264.383606
259.966400
255.777954
251.078934
246.978821
242.371918
238.281235
234.093033
230.043228
226.254837
222.575089
219.275162
215.578064
212.654099
209.573883
206.841644
204.347458
202.289886
200.357056
198.740494
197.276077
196.284348
195.531509
195.173996
195.312164

267.569946
173.240814
173.853149
174.458313
175.128937
176.606781
177.961563
179.652939
181.465302
183.385300
185.447174
188.276260
190.464279
193.660797
196.678375
199.527435
203.092514
206.324966
209.597473
213.609543
217.369324
220.883957
224.547745
228.507248
232.478485
236.282486
239.986450
243.584274
247.356445
251.310501
254.640717
258.472687
261.852325
264.730988
268.306854
271.652008
274.661011
277.376678
279.856750
282.767700
285.330597
287.668121
290.034363
292.043854
294.079346
295.732330
297.300140
298.886810
300.457642
301.623108
302.652740
303.829773
304.702271
305.569702
305.540558
306.620850
307.574951
307.602631
307.931549
308.107544
308.202393
308.426239
308.485046
308.230377
308.603607
308.236603
308.111115
307.938477
307.508209
307.564270
307.170227
306.987762
306.694977
306.751434
306.616669
305.993469
305.501648
305.563049
305.781586
305.242035
304.869781
304.889069
304.743042
304.660919
304.444336
304.592834
304.505951
304.316498
304.322113
304.645172
304.469177
304.357300
304.716522
305.004822
305.175903
305.385406
305.526978
305.974304
306.321198
306.250641
306.448486
307.033539
307.412750
307.732483
307.854370
308.386810
308.452911
308.976013
309.166809
309.807922
309.805573
310.496521
310.831787
310.727875
310.984711
311.339661
311.633850
311.928467
312.303864
312.403076
312.634277
312.740631
312.625977
313.169525
313.558350
313.343689
313.214111
313.183014
312.861725
313.191650
312.744629
312.692535
313.178375
312.858490
312.690735
312.727661
312.775085
312.029694
312.135986
311.947357
311.636475
310.979279
310.819916
310.605652
310.654846
309.932953
309.862274
309.568085
309.314117
309.163574
308.877441
308.591583
308.504944
308.288544
307.955170
307.868256
307.962128
307.696533
307.016479
307.225067
307.105255
306.980255
307.228851
306.733887
306.613525
306.315765
306.710266
306.847076
306.447784
307.295227
306.915985
307.327515
307.367828
307.617462
307.692505
307.908661
308.250061
308.239929
308.338043
308.624298
309.806244
309.748230
309.530701
310.158081
310.831573
310.642426
310.938904
311.375916
312.046753
312.303467
312.309723
313.253937
313.372894
313.777496
314.048279
314.561676
314.867249
314.282196
315.262756
315.645935
316.096466
316.029907
316.218109
316.396698
316.571259
317.250946
317.159790
317.210297
317.170471
317.205597
317.619995
317.567749
317.533112
317.178192
317.757782
317.233673
317.363403
317.262604
317.206268
317.244965
317.201874
317.006775
316.793610
316.375580
316.457794
315.754974
315.883453
315.604218
315.643585
314.957855
315.193817
314.273285
314.555786
314.044403
313.609253
313.640625
313.638428
313.241089
312.845734
312.906189
312.869324
312.325562
312.156921
312.128784
311.966675
311.581482
311.685425
311.956604
311.369751
311.409515
311.510559
311.268097
310.832825
311.317291
311.683960
311.510712
311.735992
311.485962
311.325134
311.805267
311.895569
312.171509
312.299072
312.215790
312.759552
313.094391
313.049652
313.570496
313.707184
313.753387
314.056946
314.521393
314.752136
315.278320
315.676575
315.668793
316.221313
316.284729
316.928162
316.959473
317.089386
317.598175
317.912231
318.295380
318.505615
318.629547
318.822388
319.223236
319.409363
319.425018
319.560730
320.076752
320.232574
320.369690
320.575409
320.445679
320.702209
320.880615
320.777100
320.521271
320.695251
320.698700
320.605743
320.731201
320.613007
320.181519
320.752472
319.919342
320.299591
319.710449
319.933075
319.656189
319.561005
319.786163
319.115265
318.749878
318.908478
318.808899
318.457825
318.552795
318.608917
318.010895
317.927185
317.801239
317.602081
317.788757
317.338745
317.160065
316.860413
316.510742
316.908813
316.372467
316.425812
316.353241
316.557098
316.075226
316.055817
316.215881
316.499542
315.921570
315.791260
316.391144
316.570190
316.602325
317.052063
316.729523
316.870483
317.240326
317.552155
317.763855
317.703064
317.661407
318.468292
318.283447
318.500183
319.127899
319.474854
319.879425
319.366241
319.792664
320.446747
320.407898
320.704132
321.238190
321.571075
322.171875
322.184967
322.582367
322.430725
322.965881
323.233063
323.374634
323.478790
324.000763
324.089111
324.154541
324.338257
324.332336
324.734558
324.647095
324.316589
324.796295
324.984711
324.844604
324.994263
325.241821
325.046539
325.093323
325.068726
324.931641
324.944275
325.047394
324.460815
324.228088
324.265717
324.342102
324.292999
323.745575
323.453552
324.057343
323.105316
323.025238
322.671082
322.760681
322.276733
321.976562
322.344940
321.628601
321.585358
321.424744
321.114166
320.944336
320.892517
320.603241
320.265747
320.531769
320.353760
320.115753
320.278229
320.028564
319.735535
319.382446
319.710876
319.287750
319.781464
319.545654
319.744659
319.698303
319.783112
319.939728
319.981903
319.865540
319.590027
319.992462
320.001221
320.316833
320.694519
320.695221
321.058289
321.149536
321.470001
321.450714
322.062317
322.517578
322.207001
322.468567
322.869415
323.217316
323.333221
323.447113
324.132690
324.259430
324.307159
324.608093
325.290649
325.166748
325.388428
325.636841
326.236053
326.105530
326.178772
326.747040
326.340485
326.605957
326.664032
326.908386
327.357849
327.625183
327.582458
327.396942
327.424500
327.686218
327.756622
327.519684
327.863464
327.514740
327.588440
327.619507
327.532928
327.593872
327.259308
327.023010
326.930817
327.050629
326.739441
326.989807
326.446991
326.520142
326.643036
325.534668
325.759857
325.754181
325.500366
325.486816
325.178253
325.009033
324.935364
324.611053
324.560303
324.519348
324.414978
324.371796
324.035461
324.334503
324.230377
324.122406
323.722290
324.183868
324.239655
323.763672
324.049744
324.060181
324.241211
324.213257
324.624725
324.327454
324.329010
324.920959
324.857758
325.157410
325.490936
325.431122
326.032104
326.244995
326.178131
326.589111
326.860168
327.128510
327.378510
328.165771
328.542175
328.623413
329.224884
329.553040
329.931519
330.096680
330.500610
330.805969
331.110596
331.509247
331.883728
332.454285
332.734222
332.880219
333.156647
333.544220
333.923950
334.149384
334.165039
334.560455
334.659912
334.488159
334.408264
335.153076
335.557831
335.709808
335.842957
335.869415
335.852356
335.918213
336.358948
335.969086
336.240082
335.618317
335.601990
335.982330
335.610565
335.658936
335.808197
335.467957
335.704407
335.300446
334.617462
335.007050
334.740875
334.909882
334.423828
334.496796
333.884399
333.529053
333.835938
333.104370
333.143036
332.804077
333.210541
332.560333
332.685059
332.428375
332.566620
332.273376
331.874969
332.347839
331.783173
332.228455
332.385559
332.221680
332.047180
331.786591
331.896332
332.104126
331.974091
332.372894
332.584015
332.371094
332.932495
333.044098
333.303192
333.331635
333.396942
333.949982
334.023621
334.585999
335.059662
335.398529
335.221863
335.906586
335.853241
336.500549
337.212616
337.225372
337.376221
338.297882
338.225525
338.942230
339.644318
339.531219
340.277496
340.441864
341.063873
341.113342
341.533417
341.988159
342.189728
342.781708
343.041687
343.529419
343.924469
344.034241
344.226562
344.706299
344.333191
344.902588
344.899231
345.111542
345.716003
345.313538
345.621277
345.410675
345.571014
345.444153
345.434509
345.588684
345.548309
345.836823
345.250397
345.535706
345.318115
345.289093
344.805878
345.131042
344.490021
344.400879
344.230621
343.883881
343.844482
343.405487
343.299438
342.793182
342.810150
342.014038
342.489777
342.137360
341.595215
341.812988
341.359100
340.754059
340.670837
340.641235
340.408020
340.274231
340.250885
339.914948
339.979980
339.851013
339.166412
339.718170
339.875641
339.216736
339.562439
339.749268
339.263855
339.522217
339.530182
340.077148
339.691864
339.474243
340.613892
340.103455
340.779144
340.458893
341.047607
340.928040
341.413330
341.493164
341.963287
342.153473
342.237640
342.855408
343.064240
343.493347
343.541260
344.022430
344.437531
344.640045
344.996735
345.790558
345.824280
345.528595
346.278107
346.455872
346.836456
346.909058
346.799896
347.659424
347.702271
347.859955
348.207184
348.785828
348.766144
348.548096
348.518890
348.937195
348.936279
349.045410
349.411285
349.304993
349.203339
349.914612
349.383240
349.039612
348.916046
348.895294
348.647064
348.850311
349.137177
348.977997
348.408478
348.326599
348.414948
348.377472
347.697174
347.892273
347.252808
347.178223
346.957153
346.884338
346.957855
346.645966
346.108368
346.045654
345.973877
345.724213
345.530212
345.345428
345.390778
345.214081
344.737671
345.376862
345.081451
344.940613
344.850708
344.967804
344.943054
344.183258
344.642181
344.587494
344.767639
344.333527
344.285614
344.177795
344.682373
344.767639
344.637939
344.742920
344.972687
345.569427
345.316895
345.657043
346.040985
346.361298
345.955841
346.243744
346.456146
347.183319
347.218201
347.221741
348.010101
348.084991
348.294891
348.589691
348.737885
348.757446
348.957855
349.690582
349.497375
349.590088
350.056305
350.244446
350.773468
350.753387
350.605865
350.838165
350.762970
350.789032
351.323181
351.578796
351.353699
351.156769
351.235565
351.090332
351.270752
351.105865
350.717499
350.794739
350.991302
350.345947
350.686859
350.259827
350.396210
349.785004
349.867950
349.903320
348.910553
349.064545
348.641327
348.937958
348.483490
348.437012
347.861603
347.677094
348.219299
347.553284
347.452026
346.992401
346.537537
347.177429
346.499207
346.723053
345.951660
345.712189
345.865051
345.465393
345.606812
344.963898
344.898773
344.829498
345.037018
345.026978
345.001343
344.986389
345.224915
345.408630
345.232086
345.447296
345.645935
345.630096
345.882324
346.184113
346.092010
346.352173
346.594604
346.867676
347.095245
347.010712
347.471008
347.626312
347.880249
348.234192
348.483704
348.484344
348.894501
349.323303
349.339905
349.309143
349.962585
349.620300
350.558441
350.465881
350.824860
350.813019
350.885529
351.078644
350.822021
350.956665
351.043640
351.322418
351.396942
351.365906
350.979614
351.071503
351.034729
350.938873
350.798096
350.884796
350.254150
350.389404
350.442322
350.026886
349.645935
349.920288
349.246765
349.296051
348.543243
348.590973
348.158234
347.922699
348.164215
347.695740
347.102386
347.205719
346.996185
346.281555
346.554901
345.951904
345.551086
345.497589
345.520630
345.558167
345.096588
345.310913
345.232269
345.338165
345.203888
345.048370
345.250214
345.273132
345.222412
345.842560
345.955933
345.873108
346.153839
346.369354
346.788208
346.924408
347.335693
347.285065
347.833130
348.680145
348.705109
349.087463
349.652100
350.220184
350.751221
351.169800
351.568878
351.524658
352.250671
352.571075
352.462036
353.526062
353.158936
353.563080
353.628632
353.862183
353.531250
353.538422
353.191772
352.909363
352.092926
351.787628
351.193848
350.403992
349.981079
348.514282
347.126160
346.260651
344.490601
343.592957
341.349884
339.166412
337.552795
335.023773
332.607544
329.910645
327.466461
324.791840
321.330017
318.145599
314.493256
311.241547
307.732452
303.847748
299.668304
295.758942
291.499207
287.043915
282.857269
278.849518
274.427795
269.948608
265.031036
260.631958
256.459747
251.730225
247.627975
243.057800
238.933197
234.773804
230.720566
226.951828
223.269653
219.964142
216.295273
213.360382
210.278854
207.570740
205.055283
203.014252
201.088593
199.473587
197.985626
197.020020
196.254547
195.899902
196.271744

218.247696
183.529083
183.870255
184.599045
185.661072
186.889740
188.454407
190.305557
192.154449
194.454056
196.652939
199.153244
202.151337
205.077911
208.262314
211.681534
215.130539
218.811676
222.435440
226.147385
229.956940
234.041168
237.786255
242.435684
246.080124
250.227615
254.133652
258.048767
261.791077
266.109375
269.654816
273.286804
277.000793
280.565155
284.160004
287.243286
290.494629
293.774841
296.555176
299.171936
301.853210
304.315704
306.917480
308.603821
310.658020
312.644073
314.103485
315.748383
316.941315
318.233032
320.063965
320.695831
321.815277
322.544250
323.012726
323.887512
324.502686
324.177673
324.660004
324.830353
325.263397
325.407471
324.956543
325.190582
324.690979
324.290649
324.190460
324.335358
323.658752
323.576965
323.424774
323.148499
322.699921
322.607361
322.270538
321.748993
321.568176
320.988556
321.064728
320.814484
320.479431
320.373047
320.159821
319.742310
319.492828
319.280701
319.812164
319.605621
319.572479
319.465454
319.776184
319.705048
320.238281
320.027283
319.909546
320.258789
320.569244
320.652618
320.939819
320.837524
321.452209
322.408966
322.020233
322.273743
322.916748
323.382965
323.647125
323.547394
323.833862
324.521362
324.702606
324.895905
325.015198
324.998138
325.685822
325.806213
326.061249
326.507416
326.487183
327.022125
327.156158
327.231079
327.387604
327.450836
327.626007
327.687012
327.716888
327.808044
328.048553
327.396515
327.446259
327.635803
327.338013
327.340454
326.787415
326.408142
326.280609
326.387054
326.160248
325.821838
325.617340
325.316620
325.316132
324.759094
324.456970
324.200714
324.203278
323.726227
323.425568
322.905334
322.828857
323.108826
321.916138
321.659882
321.701782
321.296783
321.502350
321.064056
320.519073
320.522064
320.499115
320.431091
319.790253
320.058868
319.712250
319.892487
320.092194
320.259491
320.109314
320.027466
320.491638
319.900238
320.692719
320.200989
321.026093
320.547791
321.208801
321.298706
321.279358
321.787842
321.725952
322.267822
322.472778
322.740906
323.199921
323.372772
323.920227
324.043060
324.511078
324.685150
325.065918
325.674683
325.885010
325.883850
326.429504
326.818420
326.798279
327.305084
327.632477
327.426025
328.309113
328.045837
328.237579
328.311035
328.836823
328.518982
328.978149
329.379730
329.156128
328.691711
329.114655
329.105896
329.115173
328.737152
328.717682
329.022247
328.448853
328.558472
328.475403
327.944122
328.294678
327.879211
328.202484
327.765625
327.112274
326.885284
326.310211
326.818817
326.222168
325.601349
325.567902
325.229767
325.088226
324.362457
324.215057
324.184448
323.490295
323.501312
323.292999
322.690826
322.352356
322.412781
322.143951
321.944702
321.510406
321.463928
321.304047
321.178650
321.197540
320.834778
320.497559
320.607635
320.653687
320.574951
320.562866
320.493439
320.331085
320.746613
320.570312
320.686829
320.728210
320.759644
321.259247
321.231873
321.540619
321.834320
321.641724
322.458740
322.271271
322.430542
322.714783
323.030365
323.416809
323.563171
323.718994
324.031769
324.094513
324.551300
324.789062
325.514557
325.477722
325.355347
325.968018
326.188263
326.558289
326.363068
326.522064
327.146759
326.842987
327.482147
327.603333
328.078857
327.904602
327.786194
327.799774
327.709137
328.059814
328.035065
328.128693
327.928406
327.885529
327.831024
327.627380
327.886749
327.697784
327.434967
327.790527
326.864899
326.773193
327.247620
326.912811
326.893860
326.420563
326.051544
326.127533
325.335754
325.333984
325.341217
324.698364
324.527710
324.543304
324.352936
323.722656
323.482025
323.253052
323.065613
322.827728
322.955383
322.123016
322.104645
322.124054
322.189148
321.837433
321.789612
321.720337
321.594238
321.923676
321.504974
321.610138
321.630676
321.463593
321.247681
321.660309
322.058899
321.697296
321.795197
322.048737
321.871613
322.440796
322.599518
322.354980
322.822876
323.345245
323.230408
323.234253
323.605988
324.022339
324.301544
324.598663
324.747162
324.609253
325.110992
325.555878
326.267487
326.054138
326.490936
326.993042
326.926117
327.332092
327.453583
327.433380
327.778748
328.227173
328.396759
328.504730
328.197174
328.799072
328.945038
328.765320
329.243835
329.267639
329.357635
329.018463
329.441193
329.172272
329.165222
329.045593
329.275177
328.827637
329.052490
328.645233
328.876862
328.940125
328.723358
328.619354
328.764313
328.243896
327.897614
327.556976
327.348877
327.439697
327.094971
326.437988
327.012115
326.229889
326.461517
326.300171
325.935455
325.717224
325.561859
324.859314
324.803314
324.899017
324.618164
324.815796
324.317078
324.053162
324.027191
323.489532
324.025085
323.365997
323.724335
323.296631
323.492554
323.411499
323.289520
323.131134
323.148224
323.098816
323.202148
323.526031
323.409088
323.525574
323.989014
323.674225
323.605042
324.283691
323.962952
324.386719
324.765594
324.868683
324.665497
325.361115
325.555145
325.596771
326.307007
325.746033
326.724304
326.829681
326.819977
327.375183
327.640747
328.067749
327.850311
327.854553
328.456940
328.198792
329.477478
329.186310
329.422516
329.741791
329.756256
329.806488
330.581390
330.180359
329.990509
330.524780
330.442566
330.261292
330.525574
330.439026
330.992493
330.524139
330.129822
330.653229
330.544586
330.191132
330.070984
330.282318
329.588318
329.430023
329.214813
329.726959
329.390228
329.226013
328.847076
328.723267
328.515411
328.527130
328.265533
328.118073
328.134552
327.691681
327.511993
327.441742
327.121948
327.039642
326.764618
326.408875
326.481781
326.230255
325.973236
325.491089
325.832520
325.591461
325.440369
325.357910
325.393402
325.227631
325.450165
325.508728
325.080505
326.501953
325.665070
325.872375
325.523499
325.886383
325.823730
326.314392
326.041504
326.423950
326.445007
326.322601
326.943634
327.060242
327.541382
327.813507
327.960388
328.253754
328.815765
328.516602
329.212860
329.824036
329.930054
330.069000
330.292084
330.542511
331.025909
331.459229
331.752838
332.221771
332.338715
332.602142
332.551483
333.471283
333.308075
333.464600
333.917908
333.732788
334.231415
334.069244
334.059204
334.511536
334.332611
334.984009
335.075409
335.000061
334.818481
334.957367
335.072754
335.403687
335.190521
335.372162
334.817505
334.512207
334.973511
334.643707
334.738647
334.439240
334.574524
333.799255
333.750427
333.650238
333.414124
333.138794
332.883667
332.771484
332.269958
332.028595
331.899872
331.478058
331.652740
331.050110
331.653412
330.875275
330.503967
330.224731
330.595673
330.047333
329.826141
329.574738
329.711670
329.196045
329.093597
329.392120
329.153381
329.118958
329.954712
329.011444
329.007446
329.350494
329.697632
329.124054
328.883179
329.612701
329.476929
329.746246
330.076691
330.190857
329.976868
330.185486
330.975403
330.809204
331.682526
331.121613
331.585327
331.742249
332.398102
332.733551
333.248047
333.259155
333.650299
334.244629
334.379303
334.692719
335.110016
335.756683
336.032410
335.751404
336.350006
337.212891
337.252533
337.448578
337.713379
337.829620
338.313660
338.708740
338.451447
339.206146
339.302032
339.281555
339.437164
339.483948
339.471161
339.847198
339.835114
339.675598
339.590881
339.217957
339.304230
339.587280
339.112000
339.316498
339.477722
339.068115
339.396881
339.016754
338.914032
338.533112
337.740265
338.010132
337.779358
337.669464
337.082123
336.918427
336.723877
335.988068
336.056732
335.401245
334.978882
334.802551
334.846436
334.139557
334.093445
334.042572
333.459778
333.347626
333.043579
333.181915
332.639771
332.849213
332.447418
331.975220
332.024628
331.804535
331.750183
331.571594
331.697968
331.689178
331.235138
331.349640
331.540497
331.272675
331.683136
331.265472
331.287415
331.758148
331.429413
331.720978
332.055939
332.425659
332.450409
332.499298
332.694489
332.945496
333.193054
333.283722
333.722076
333.907776
334.197998
334.830566
334.609497
334.905151
335.052185
335.213776
335.811523
336.143860
336.297760
336.297546
336.854309
336.586548
337.338806
337.613220
337.689484
337.856140
338.072449
337.781921
337.896362
338.613007
338.743500
338.350006
338.790558
338.599854
338.718903
338.585663
338.872711
338.465637
338.659149
338.672211
338.732056
338.599060
338.150574
338.471954
338.237305
337.940704
337.494171
336.885284
337.082428
336.784668
337.125275
336.501190
336.490753
336.259125
336.138855
335.962952
336.290497
335.482513
335.127655
335.108917
334.715057
334.253326
334.080231
334.101227
334.248199
333.452271
333.563995
333.199432
333.061035
332.999603
332.996216
332.735046
332.319489
332.738861
332.402466
332.627777
332.661804
332.538666
332.910980
332.638031
332.929138
332.651886
332.213348
333.266266
332.964752
333.191437
332.968384
333.064514
333.589508
333.329987
334.028534
333.529358
334.397278
334.307159
334.699188
334.784546
335.205811
334.794373
335.748749
335.471558
335.652802
336.133026
336.324280
336.717865
336.559570
336.839203
337.321899
337.524414
337.412109
337.979340
337.584045
337.546295
337.752808
337.620728
338.091675
337.860992
337.683533
337.719238
337.972076
337.900970
337.990967
337.657837
337.659821
337.758759
337.225372
337.455872
337.367188
337.278625
337.289154
336.716217
337.026917
336.134613
336.221252
335.700897
335.489807
335.364502
334.874786
335.192719
334.736115
334.569000
334.225739
333.893097
334.229492
333.769562
333.103668
332.611023
332.417542
332.918243
332.464417
332.147064
332.314087
331.972870
332.003937
331.966614
331.886932
331.493866
330.924042
331.436859
331.402924
331.642334
331.265167
331.531128
331.282471
331.176636
331.780365
331.817627
331.755463
331.763702
332.311279
332.422913
332.097473
332.125122
332.325806
332.989471
333.001862
332.913269
333.509827
333.691681
333.556549
334.189545
334.217041
334.448059
334.960876
335.269043
335.591370
335.554413
335.701202
335.449432
336.115173
336.081757
336.565399
336.314148
336.471069
336.660950
336.203674
336.571991
336.591248
336.498077
336.221008
336.463806
336.902344
336.623901
336.094696
336.305267
336.064301
335.970490
335.837402
335.919342
335.589691
335.281647
334.968964
334.529266
334.701752
333.971039
333.981232
333.309967
333.564270
332.574280
333.119080
332.495728
332.281799
332.207397
332.206299
331.716949
331.323975
331.122955
330.899658
330.717896
330.639221
330.372833
330.120087
329.918457
330.336853
330.099152
330.293396
330.090942
329.997009
330.376862
330.519806
330.732880
330.661896
331.115112
331.366364
331.567993
332.142517
332.065857
332.496918
332.554504
333.025787
333.082062
333.681000
334.177002
334.912781
334.832397
334.861267
335.944733
335.986877
336.125366
336.759430
336.640747
337.047028
337.650757
337.562500
337.716095
337.953552
337.442291
337.145447
336.962494
337.054443
336.498749
335.808014
335.043610
334.619904
333.585724
332.920258
331.937439
330.827240
329.730560
327.228882
325.428986
323.835938
321.930023
319.692535
317.807404
314.847809
312.284241
309.520233
306.568207
303.363190
300.079651
296.857178
292.881073
289.805023
285.600800
282.014496
278.099609
273.723602
269.687317
265.793579
261.322327
257.297394
253.108734
248.686157
244.369110
240.264023
236.007996
231.920944
227.700272
223.947281
219.900467
216.221741
212.779297
209.433838
206.306747
203.512085
200.541412
197.934006
195.769775
193.798233
191.891479
190.254257
189.108566
187.795532
187.310471
186.662949
186.767502

220.604752
183.636749
183.987122
184.694550
185.775299
186.989624
188.583099
190.415009
192.259888
194.562698
196.772232
199.289703
202.285904
205.225403
208.408127
211.819763
215.279480
218.946320
222.587341
226.307693
230.125305
234.233078
237.981522
242.635254
246.288727
250.430939
254.332626
258.260071
262.011780
266.326202
269.868195
273.527283
277.260559
280.815033
284.403748
287.536530
290.764801
294.027100
296.852783
299.462708
302.134888
304.626892
307.220642
308.938599
310.977814
312.959351
314.444336
316.109406
317.291290
318.586304
320.407104
321.049408
322.158630
322.933289
323.366333
324.267426
324.866302
324.558838
325.085236
325.185577
325.652771
325.809906
325.386444
325.613983
325.091431
324.698914
324.597504
324.697144
324.048035
323.984436
323.864197
323.568939
323.084839
323.026947
322.656799
322.170837
321.999329
321.392700
321.427124
321.209320
320.817963
320.751526
320.543671
320.113892
319.840546
319.657776
320.179993
319.982819
319.898926
319.844971
320.120697
320.011688
320.586060
320.370911
320.192719
320.572632
320.848022
320.931702
321.210815
321.128204
321.710846
322.652649
322.287811
322.550323
323.161682
323.574371
323.882294
323.753021
324.033691
324.732788
324.879150
325.064087
325.218781
325.160645
325.806030
325.992645
326.201721
326.657257
326.579803
327.146698
327.263458
327.317413
327.553040
327.563843
327.725220
327.777191
327.810242
327.935944
328.118683
327.484924
327.521942
327.712219
327.362823
327.352997
326.813080
326.449249
326.285431
326.447235
326.229675
325.881378
325.675781
325.348450
325.358643
324.820587
324.550140
324.234985
324.245300
323.788116
323.435455
322.944519
322.892181
323.150787
321.947174
321.688812
321.781921
321.401917
321.537933
321.142731
320.563843
320.587891
320.564728
320.521576
319.879883
320.134155
319.843658
319.992004
320.188538
320.367401
320.254059
320.153229
320.624237
320.053192
320.818848
320.369751
321.194366
320.744568
321.400482
321.469757
321.499695
321.999237
321.968140
322.525543
322.730896
322.966980
323.432159
323.614807
324.194550
324.279388
324.767181
324.962341
325.350708
325.941681
326.196533
326.166779
326.722778
327.126617
327.112457
327.636719
327.953522
327.727509
328.663452
328.402649
328.576569
328.643707
329.166779
328.883820
329.341034
329.742432
329.521790
329.042816
329.472260
329.465698
329.475983
329.081818
329.097717
329.362671
328.797760
328.930878
328.794830
328.285065
328.616455
328.249512
328.548920
328.114166
327.439209
327.215332
326.626343
327.155212
326.535095
325.912231
325.880524
325.540253
325.389709
324.669586
324.498413
324.460114
323.747192
323.765564
323.535858
322.934570
322.622253
322.643707
322.352875
322.156982
321.722534
321.667572
321.501373
321.386169
321.390442
321.010773
320.662048
320.772217
320.824402
320.704529
320.717560
320.619019
320.398682
320.863342
320.661591
320.776978
320.824371
320.851654
321.347565
321.304810
321.603119
321.896088
321.688599
322.519684
322.328094
322.451233
322.763794
323.068970
323.433014
323.606018
323.731995
324.044037
324.098694
324.552887
324.796783
325.513275
325.458252
325.357330
325.965271
326.185608
326.554077
326.334991
326.520416
327.135162
326.833740
327.501770
327.599152
328.088226
327.916504
327.804413
327.793610
327.699066
328.091949
328.046936
328.130981
327.944763
327.908875
327.883331
327.659149
327.934265
327.723480
327.496521
327.838928
326.926727
326.855469
327.314667
326.976074
326.991241
326.533203
326.153168
326.242767
325.443115
325.457825
325.464050
324.808960
324.667328
324.684448
324.496429
323.861298
323.668488
323.395844
323.245270
323.032654
323.148163
322.347046
322.295746
322.327423
322.399658
322.093445
322.002472
321.970764
321.812561
322.173370
321.766296
321.875610
321.890717
321.727142
321.512756
321.940063
322.338593
321.974030
322.083466
322.354431
322.153015
322.742249
322.882690
322.653992
323.146271
323.634735
323.524933
323.517029
323.896393
324.301025
324.592560
324.901794
325.028870
324.883087
325.387817
325.831848
326.541046
326.310760
326.782043
327.230316
327.186127
327.570251
327.679352
327.672638
328.039886
328.475647
328.583832
328.713776
328.394470
329.028595
329.126099
328.932892
329.426025
329.427032
329.497131
329.151581
329.566193
329.295135
329.290558
329.183044
329.378082
328.914459
329.118835
328.705078
328.946320
328.995636
328.787567
328.651581
328.797546
328.277313
327.923889
327.541321
327.322937
327.427979
327.076233
326.374084
326.980194
326.167999
326.396393
326.220154
325.827515
325.606079
325.464844
324.740082
324.678040
324.768097
324.493713
324.645813
324.174805
323.904358
323.866302
323.321381
323.843811
323.185272
323.558685
323.106750
323.337891
323.232086
323.099152
322.955963
322.963165
322.896423
322.995056
323.339905
323.205078
323.330017
323.792511
323.468231
323.379547
324.079498
323.767487
324.190613
324.569733
324.671204
324.485321
325.200317
325.399536
325.421967
326.165833
325.583801
326.590332
326.681396
326.700745
327.267426
327.522705
327.934143
327.726227
327.776886
328.329224
328.118774
329.390686
329.108978
329.345490
329.674866
329.713165
329.792572
330.543976
330.189484
330.000458
330.532440
330.421692
330.306091
330.557587
330.484680
331.053558
330.605042
330.236176
330.715668
330.647369
330.307007
330.157745
330.438873
329.730133
329.567200
329.362488
329.889954
329.532776
329.442871
329.086792
328.959991
328.749878
328.754150
328.539154
328.359436
328.407898
327.965820
327.798676
327.707703
327.411133
327.318268
327.099426
326.723999
326.795929
326.577850
326.328522
325.833740
326.188385
325.918884
325.793579
325.765106
325.751007
325.612579
325.807251
325.869293
325.495819
326.320099
326.053070
326.277618
325.933716
326.300781
326.210541
326.681854
326.435120
326.821747
326.875366
326.718689
327.313812
327.415192
327.936279
328.164764
328.324158
328.610291
329.184052
328.871674
329.566315
330.201660
330.269012
330.414795
330.627258
330.878845
331.318085
331.783417
332.063965
332.512573
332.626343
332.877960
332.818756
333.776489
333.540863
333.710083
334.160889
333.994171
334.476776
334.277039
334.277466
334.696045
334.531403
335.167847
335.231171
335.172119
334.952148
335.117126
335.211395
335.519104
335.298798
335.473053
334.924988
334.588776
335.063293
334.718323
334.833069
334.466461
334.623993
333.836090
333.757629
333.716858
333.423920
333.131531
332.881042
332.747437
332.259369
332.004547
331.812683
331.406860
331.555786
330.963135
331.567688
330.777496
330.393463
330.091492
330.484070
329.931549
329.698639
329.438599
329.534912
329.038086
328.932556
329.215271
329.003876
328.894287
329.752472
328.791565
328.820374
329.124420
329.489868
328.919403
328.643829
329.379059
329.259003
329.500519
329.819946
329.952789
329.737122
329.930298
330.713409
330.522217
331.422974
330.864532
331.312927
331.460663
332.107605
332.433685
332.971802
332.978821
333.358734
333.943665
334.074371
334.373810
334.825623
335.452545
335.724152
335.447784
336.049408
336.908600
336.947357
337.131744
337.404175
337.534302
337.996613
338.390869
338.126678
338.877228
338.970490
338.965729
339.145416
339.157593
339.133850
339.511017
339.472137
339.325378
339.254517
338.870758
338.971222
339.251923
338.778748
339.025574
339.157715
338.717438
339.047089
338.691864
338.588806
338.206635
337.418243
337.672852
337.464508
337.349182
336.806610
336.597839
336.407806
335.673004
335.725128
335.101318
334.653046
334.531860
334.519806
333.849884
333.780060
333.731110
333.149902
333.057281
332.754456
332.881012
332.363342
332.517242
332.149475
331.687714
331.699280
331.501923
331.472839
331.285797
331.456268
331.417511
330.965240
331.075806
331.283722
331.043732
331.410339
331.025818
331.052826
331.507019
331.215210
331.493408
331.815338
332.190552
332.227295
332.289673
332.494263
332.728333
332.981659
333.097382
333.523254
333.697693
333.993500
334.636261
334.416870
334.696533
334.853912
335.068848
335.667389
335.991180
336.156708
336.133728
336.705078
336.426697
337.212646
337.486359
337.560577
337.722046
337.982239
337.682587
337.813324
338.548309
338.649872
338.276398
338.727448
338.506561
338.643036
338.546295
338.846588
338.434723
338.622467
338.692535
338.747101
338.572479
338.166016
338.460327
338.246735
337.951172
337.516205
336.921814
337.125092
336.798553
337.138489
336.529480
336.518372
336.291931
336.168945
336.030334
336.368683
335.521179
335.192596
335.240021
334.798401
334.338287
334.139923
334.197968
334.361908
333.562408
333.632263
333.296143
333.164337
332.918915
333.106171
332.861908
332.454773
332.855774
332.529022
332.767883
332.789764
332.668610
333.037903
332.763702
333.058624
332.783356
332.343842
333.380554
333.141357
333.340576
333.107178
333.198730
333.724030
333.490601
334.154785
333.694580
334.558502
334.477051
334.898041
334.954559
335.357605
334.952850
335.928680
335.636169
335.824738
336.272522
336.483368
336.916809
336.721283
336.996002
337.501221
337.698181
337.557922
338.138855
337.747375
337.677887
337.923859
337.784454
338.258453
338.001190
337.829468
337.882263
338.133240
338.062714
338.139038
337.812286
337.812805
337.887909
337.385376
337.597382
337.511536
337.394196
337.454224
336.867767
337.153229
336.291992
336.357300
335.843079
335.647919
335.483002
335.035278
335.327820
334.875610
334.714386
334.347290
334.038574
334.362518
333.906342
333.227936
332.752563
332.566406
333.082733
332.616577
332.291260
332.470551
332.102081
332.131714
332.106445
332.000061
331.642242
331.065582
331.585907
331.562714
331.782135
331.403259
331.692535
331.444336
331.306885
331.915649
331.975830
331.945496
331.924194
332.470032
332.586639
332.246124
332.260101
332.472900
333.152832
333.162018
333.046295
333.670502
333.830261
333.720673
334.352356
334.393524
334.603821
335.124359
335.420166
335.792969
335.713501
335.871094
335.600433
336.311432
336.247955
336.734558
336.473053
336.658600
336.849396
336.379761
336.766296
336.754517
336.686066
336.410309
336.646332
337.084869
336.796021
336.274078
336.462769
336.246765
336.131165
335.989563
336.117950
335.760010
335.441986
335.141632
334.731750
334.873352
334.146057
334.179413
333.456787
333.741516
332.761139
333.294769
332.658356
332.457062
332.357269
332.369781
331.903961
331.485596
331.286072
331.074249
330.877899
330.797424
330.534119
330.268616
330.067413
330.485382
330.260559
330.456757
330.246277
330.166901
330.501343
330.648285
330.848389
330.794464
331.243835
331.486053
331.680084
332.286163
332.201141
332.588165
332.668274
333.131958
333.179169
333.790466
334.267700
335.027924
334.925293
334.940613
336.021698
336.056519
336.204376
336.835205
336.726685
337.110107
337.704010
337.584259
337.751282
337.998352
337.467133
337.146149
336.977142
337.073425
336.537445
335.838684
335.063507
334.628937
333.566406
332.903320
331.914398
330.807129
329.725525
327.194153
325.376068
323.798920
321.895599
319.640564
317.757629
314.792175
312.229889
309.453400
306.513489
303.304504
300.024353
296.784790
292.802277
289.737366
285.500732
281.930023
278.008148
273.608124
269.576080
265.672943
261.229980
257.172760
252.981567
248.591171
244.259720
240.141327
235.871002
231.778412
227.585327
223.824356
219.750916
216.094437
212.642960
209.283783
206.176086
203.356720
200.397919
197.782349
195.621292
193.654633
191.746735
190.096298
188.962097
187.640427
187.158875
186.509659
186.620941

