296.818024
173.121979
173.590103
174.140732
174.831665
176.177444
177.556702
179.082748
181.130035
183.049973
185.269730
187.658188
190.204788
193.414658
196.217316
199.485855
202.608215
205.919388
209.495895
213.256073
216.822433
220.303207
224.214691
228.117050
231.840012
235.678543
239.240112
242.903976
246.887985
250.372498
254.188660
257.484070
261.092255
264.888153
267.773468
270.717346
273.651184
276.740540
279.589813
282.081879
284.421997
286.481079
289.012939
291.062469
293.169647
294.822449
296.557983
298.218353
299.464294
300.742310
301.950043
302.532013
303.263031
304.648376
305.299133
305.908447
306.237244
306.810883
306.989685
307.223572
307.214294
307.361877
307.780701
307.472412
307.347137
307.749115
307.294556
307.140533
307.093597
306.230408
306.393921
305.841217
306.013763
305.590881
305.481812
305.112946
304.918671
304.090546
304.158600
304.381927
304.162659
304.238983
303.919128
304.130310
303.711670
303.805573
303.437195
303.675934
303.634613
303.544434
303.908875
304.522430
304.027679
304.269104
304.452698
304.320435
305.027435
305.084442
305.058167
305.552551
306.196381
306.331573
306.861298
307.267853
307.775421
307.988251
308.190796
308.931458
308.813477
309.120758
309.742096
310.105927
310.635529
310.703644
310.831207
311.322479
311.729034
311.852966
312.343842
312.294617
312.673859
312.646820
313.046844
313.212585
312.922882
313.394531
313.476807
313.218781
313.341492
313.683258
313.646027
313.406952
313.315735
313.203857
313.235657
313.196625
312.913147
312.566498
312.721313
312.272003
312.116211
312.217468
311.910187
311.715668
310.966400
311.235260
311.050262
310.326050
310.119354
309.854279
309.612976
309.685852
309.527771
309.299042
309.123260
308.994324
308.645752
308.341858
308.469879
308.360840
308.532684
308.233276
307.892212
307.887360
307.938232
308.484100
307.710785
307.952454
307.973602
308.306488
308.321075
308.480164
308.510284
308.801422
309.414276
308.886566
309.390289
309.510773
309.989594
309.956329
310.530701
311.094879
311.452179
311.464478
311.554810
312.270905
312.468018
313.260101
313.523865
313.756042
313.640564
314.322266
314.516296
315.370941
315.680725
315.516479
315.662262
316.636444
316.379303
316.839569
317.137695
317.446960
317.389374
317.754028
318.168701
317.800415
318.322815
318.610474
318.632477
318.367645
318.488251
318.479767
318.523102
319.089050
318.419617
318.499329
318.496552
318.694763
318.547668
318.023193
318.327301
317.645416
317.185364
317.266571
317.596985
317.164856
316.608307
316.663239
316.726440
316.079132
316.245941
315.749084
315.503510
315.031372
314.663879
314.678406
314.254150
314.310791
313.815094
313.661621
313.499725
313.037903
312.884033
313.123779
313.069366
312.497101
312.587646
312.462738
312.172913
311.972778
312.016174
312.175812
312.260132
312.225830
312.184784
312.118713
312.198547
311.879822
311.878601
312.023285
312.669861
313.079865
312.732910
312.887054
313.070282
313.323730
313.530151
314.014954
314.100189
314.346008
314.567780
315.059357
315.589294
315.312988
316.123230
316.231323
316.642761
316.814423
316.906799
317.112915
317.672363
317.920471
318.153595
318.565460
318.557892
318.846527
319.158722
319.109161
319.550323
320.282990
320.031281
320.214752
320.247192
320.652649
320.344727
320.362549
320.558777
320.682404
320.731049
320.275940
320.584320
320.755249
320.692413
320.629089
320.354828
320.540955
320.250427
320.427734
319.883759
319.584778
319.758606
319.911346
319.137421
319.125549
319.165436
318.854004
318.681671
318.737091
318.078735
317.932556
317.905762
317.574158
317.185333
317.368805
316.917328
317.063019
316.551666
316.493256
315.996887
316.203247
316.069458
316.211792
316.249695
315.594299
315.674347
315.604980
315.307251
315.072205
315.522705
315.775208
315.678345
316.282715
315.716125
316.025299
316.264618
316.006714
316.151978
316.223297
316.724182
316.817383
316.973694
317.069977
316.960175
317.571686
317.851166
318.001099
318.265411
318.638367
318.665405
319.572052
319.300720
319.746338
319.845215
320.276489
320.318726
320.882080
321.376129
321.770172
322.038391
322.046448
322.242920
322.325958
322.689423
322.899078
323.154114
323.600006
323.337738
323.890076
323.629547
323.917114
324.131775
324.339813
324.428650
323.931396
324.265747
324.007019
324.115906
324.259949
324.283997
324.087067
324.433777
324.213257
324.113464
324.168610
323.907135
324.011627
323.432190
323.252258
323.124725
322.853882
322.684937
322.509613
322.193817
322.261139
321.735321
321.633331
321.330994
321.406006
320.799774
321.113647
320.439301
320.361725
320.277710
320.571564
319.880585
319.900757
319.654327
319.939148
319.136200
318.895691
319.273651
319.368500
319.084839
319.006165
319.028778
318.817505
319.230896
319.120544
318.948761
319.715057
318.938477
319.668457
319.198090
319.725769
319.992432
320.297363
320.153748
320.213135
320.720612
320.570862
321.420471
321.185913
321.287811
321.944366
322.017273
322.287079
322.741180
323.190369
323.119629
323.670166
323.612488
324.137695
323.700928
324.326447
324.757599
324.758759
325.019836
325.623627
325.738373
325.721283
326.053833
326.138794
326.352234
326.590912
326.772461
326.568146
326.855164
327.121582
326.892395
327.397583
327.114594
326.958130
327.410919
327.760651
327.137268
327.151306
327.433655
327.350464
327.181610
327.028290
326.897095
327.046112
327.003448
326.667999
326.249451
326.008453
326.335938
326.323914
326.018250
325.680786
325.615234
325.419983
325.692902
325.204773
325.108887
324.890930
324.575745
324.003601
324.319550
324.180756
323.991852
324.347015
324.050079
323.806732
323.764954
323.760010
323.774597
323.777130
323.620667
323.923035
324.471649
323.937775
323.955994
324.027466
324.340332
324.387848
324.749207
324.937866
325.137787
325.006958
325.479614
325.360687
326.070923
326.046356
326.527618
326.575317
327.131470
327.342010
327.771454
327.815613
328.252411
328.781097
329.224274
329.307190
329.870880
330.222626
330.453003
331.061768
331.448395
331.834717
332.274750
332.586823
332.693024
332.880615
333.523834
333.561676
333.944000
334.555786
334.391205
334.483734
335.424957
335.235138
335.407562
335.892365
335.795532
335.614807
335.968475
335.974243
335.983612
336.217621
336.035248
336.418793
336.311310
336.390839
336.299927
336.274017
336.216980
335.802521
336.044464
335.771759
335.644836
335.336639
335.614166
335.196747
334.882477
334.521790
334.775696
334.781708
334.391327
334.061859
333.914398
334.069214
333.617126
333.202209
333.331940
333.535309
333.310883
333.014801
332.810760
332.411133
332.728943
332.712646
332.320923
332.592682
332.335236
332.410645
331.932343
332.186920
332.273376
332.603088
332.443359
332.531586
332.848816
333.099823
332.959229
333.583832
333.632538
333.907410
334.063873
334.292053
334.822174
335.186401
335.771240
335.817505
336.250458
335.981140
336.886627
336.891754
337.437622
337.720764
338.153900
338.292694
338.804169
339.296692
339.854431
340.135925
340.387848
340.882294
341.153564
341.600433
342.119263
342.010376
342.640259
342.961273
343.708984
343.675049
343.917603
344.247253
344.503510
344.407135
344.732361
345.077698
345.195251
345.361176
345.719757
345.709290
345.792114
345.591309
345.855377
345.995911
345.447388
345.770020
345.860962
345.145752
345.522400
345.720673
344.971100
345.256897
345.143188
345.052521
344.722473
344.050690
343.976196
344.270264
343.661224
343.289948
342.944733
342.832520
342.859924
342.345184
342.236877
341.937622
341.547241
341.681854
341.492859
341.016205
340.665039
340.378204
340.531342
340.150726
340.065216
339.734314
339.617828
339.582733
339.920197
339.986084
339.034485
339.053040
339.588104
339.344604
339.507965
339.382843
339.818512
339.519073
340.060791
339.863342
340.456421
340.130737
340.249146
340.461456
340.404907
341.383698
341.188354
341.625793
342.126648
341.957275
342.048401
342.821991
343.231842
343.024841
343.232208
343.847717
344.219727
344.297882
345.378845
345.292236
345.433624
345.410919
346.319366
346.225983
346.841095
347.003296
347.010437
347.909882
347.876312
347.949249
348.135529
348.095154
348.263184
348.814178
348.619812
348.610931
349.203949
348.882904
348.801727
349.453186
349.258301
349.076019
349.055298
349.376282
348.804016
349.538391
348.897278
349.143341
348.942352
348.603699
348.424011
348.263611
347.936249
347.915619
348.211731
347.813507
347.540375
347.440887
347.315063
346.944916
346.611359
346.543457
346.062775
346.101898
345.798462
345.877319
345.636780
345.705658
345.386108
344.674042
344.842041
345.120758
344.970001
344.466370
344.572968
344.802765
344.868774
344.382202
344.415985
344.550812
344.943146
344.379547
344.339478
345.000793
344.843292
344.711365
345.180695
345.150604
345.380432
345.057312
345.676331
345.717926
346.306946
346.179626
346.796814
346.796814
347.169342
347.077271
347.285217
347.905243
348.097290
348.201111
348.316956
348.737579
348.984894
349.182831
349.380005
349.697662
350.365295
350.108032
350.466675
350.304871
350.226379
351.033112
351.026367
351.217804
351.287598
351.139008
351.482117
351.566681
351.441406
351.899628
351.928558
352.044800
351.768066
351.655975
351.744171
351.184479
351.430389
351.197968
351.065399
350.682129
351.394897
350.300537
350.575623
350.382874
350.229736
349.343292
349.494110
348.987457
349.297943
349.054138
348.962494
348.447662
348.170837
348.273987
347.737762
347.278717
347.082123
347.298126
347.019073
347.095764
346.899933
346.623413
346.309784
346.273834
346.259583
346.022034
345.893097
345.917267
345.996338
345.931732
345.963898
346.127319
346.489807
346.358002
346.301056
346.421509
346.390778
346.412109
346.621918
346.801575
347.010681
346.894135
347.446259
347.498596
347.921295
348.167908
348.531189
348.457336
348.522400
348.847412
348.905823
349.131683
349.710602
349.862091
349.949707
350.475830
351.000580
350.869751
350.939758
351.228088
351.512756
351.688049
351.306702
351.571045
351.345154
351.987213
352.056061
352.243652
352.160522
352.246674
351.817932
351.480286
351.957153
352.400482
351.939301
351.719086
351.442505
351.415405
351.036499
351.091309
350.402893
350.143951
350.646606
349.541534
349.674713
348.955444
348.917664
349.012543
348.431488
348.126648
347.879059
347.800995
347.799316
347.233856
346.841949
346.941071
346.630157
345.990265
346.303528
345.935089
346.161469
346.024048
345.781189
345.966583
345.600494
345.673615
345.833588
346.154266
346.142761
346.122131
346.055145
346.379272
346.531982
347.322540
346.897430
347.253540
347.551544
348.085724
348.545776
348.867279
349.103271
349.730988
350.382721
350.208313
351.101532
351.534088
352.064392
352.531616
352.538239
352.698883
353.256409
353.749634
353.384094
353.885193
353.746826
354.184662
353.706116
353.573364
353.436188
353.477966
352.935242
352.845245
351.510437
351.050018
350.003265
349.329193
348.059540
346.703491
344.947815
343.792297
341.341217
339.975006
338.111908
335.521576
332.954803
330.102844
327.356049
324.934570
321.785187
318.012909
315.342102
310.998444
307.586548
303.985046
299.767578
296.182770
291.751984
287.471100
282.994598
278.774170
274.457611
269.462494
265.268829
260.458862
256.396667
251.906876
247.562485
243.190582
238.966248
234.739517
230.743347
227.112076
223.096161
219.687225
216.178085
213.056412
210.127151
207.196228
205.174164
202.745636
200.892685
199.312698
197.922989
197.150299
196.080933
195.703690
196.401520

293.228821
173.231674
173.686707
174.261581
174.966248
176.312149
177.696487
179.200897
181.265533
183.187958
185.401138
187.811783
190.370560
193.585632
196.404907
199.680786
202.819778
206.152008
209.738602
213.501419
217.081116
220.594162
224.509064
228.423492
232.170349
236.013443
239.616638
243.302490
247.289658
250.785690
254.620667
257.956665
261.558350
265.388733
268.284576
271.278259
274.209442
277.300049
280.210785
282.703522
285.037903
287.156372
289.707214
291.778198
293.923096
295.586609
297.329498
299.007935
300.275208
301.569489
302.821564
303.412079
304.159882
305.550964
306.239227
306.835480
307.183746
307.800079
308.001648
308.251221
308.215302
308.375732
308.841888
308.524872
308.466125
308.826447
308.410583
308.263641
308.247437
307.384247
307.542511
307.001801
307.159241
306.749237
306.650696
306.305511
306.093842
305.269623
305.333038
305.573639
305.351105
305.441284
305.131866
305.287842
304.926270
305.004730
304.621155
304.862152
304.779419
304.690186
305.069946
305.671539
305.161438
305.396851
305.578064
305.441437
306.092865
306.168365
306.126984
306.619598
307.215576
307.329956
307.861603
308.277374
308.735565
308.954315
309.139587
309.880341
309.699280
309.999939
310.591644
310.951660
311.473694
311.481079
311.617035
312.096497
312.457672
312.540527
313.018158
312.947845
313.309509
313.318268
313.634796
313.770233
313.491730
313.903625
313.995575
313.680939
313.809570
314.127258
314.062561
313.784424
313.679535
313.548767
313.536804
313.467072
313.177338
312.807312
312.955475
312.468536
312.294159
312.362457
312.050262
311.828705
311.071259
311.327789
311.123535
310.372070
310.144379
309.862427
309.637939
309.689484
309.505219
309.268890
309.060486
308.914307
308.565277
308.255707
308.357697
308.248169
308.394623
308.096588
307.741364
307.708984
307.763885
308.322327
307.524323
307.754272
307.790497
308.089386
308.090515
308.259460
308.310852
308.587555
309.193054
308.669220
309.137390
309.269562
309.766449
309.728973
310.306091
310.883026
311.208893
311.226776
311.344849
312.044098
312.247925
313.039673
313.311096
313.543274
313.417542
314.116333
314.330566
315.167633
315.493561
315.331177
315.521942
316.465820
316.215088
316.686890
316.996094
317.327545
317.275116
317.607971
318.063690
317.683746
318.241455
318.517883
318.533173
318.299866
318.432129
318.424438
318.472992
319.072174
318.401459
318.477692
318.503571
318.723694
318.557281
318.084229
318.384369
317.674652
317.258026
317.326019
317.682098
317.254669
316.733551
316.780212
316.843567
316.221893
316.376434
315.895050
315.654388
315.227661
314.850220
314.874939
314.440369
314.551208
314.012665
313.908234
313.750427
313.269775
313.152802
313.386597
313.345001
312.810822
312.876801
312.743103
312.467468
312.298523
312.343079
312.505676
312.619843
312.573669
312.555634
312.487244
312.589233
312.269409
312.281128
312.437958
313.081451
313.498077
313.170746
313.318573
313.510986
313.784760
313.980774
314.499146
314.611664
314.859467
315.066315
315.601166
316.104828
315.874084
316.692963
316.811981
317.209167
317.370392
317.499908
317.723114
318.294434
318.545532
318.825195
319.230652
319.240448
319.538513
319.854218
319.824249
320.280182
321.037140
320.780151
320.958191
320.999298
321.474243
321.178406
321.166077
321.378784
321.513123
321.588898
321.179596
321.429352
321.647583
321.605377
321.554108
321.285645
321.458374
321.178040
321.408783
320.874786
320.596954
320.747528
320.908966
320.136414
320.193878
320.231659
319.931610
319.796265
319.822083
319.206543
319.087952
319.069855
318.771942
318.388275
318.596741
318.136597
318.270050
317.787018
317.779297
317.230164
317.449768
317.313751
317.481354
317.552124
316.931122
316.970367
316.963318
316.658081
316.433960
316.847931
317.141541
317.071686
317.678436
317.094482
317.409058
317.700836
317.434448
317.572266
317.655823
318.109070
318.271027
318.415009
318.526581
318.439819
319.009735
319.341278
319.443115
319.727264
320.148315
320.104767
321.039856
320.721069
321.197083
321.312103
321.714783
321.804657
322.346100
322.819672
323.121002
323.465149
323.456421
323.683533
323.643921
324.099792
324.287384
324.567993
324.950104
324.698792
325.227478
324.980377
325.273163
325.516571
325.704620
325.783508
325.225128
325.515259
325.239288
325.348328
325.510742
325.518524
325.345032
325.620636
325.374268
325.300079
325.333801
325.004730
325.174042
324.552063
324.343506
324.196991
323.937866
323.776123
323.550995
323.190369
323.277588
322.652618
322.631226
322.264221
322.333496
321.727570
321.984589
321.271637
321.250000
321.137756
321.375153
320.696259
320.652985
320.388275
320.748413
319.883026
319.610046
319.961212
320.015656
319.746887
319.723938
319.646942
319.426239
319.794708
319.727631
319.478119
320.276184
319.446350
320.177643
319.732147
320.236481
320.463776
320.775818
320.608185
320.665375
321.157440
320.970764
321.815582
321.579987
321.674896
322.320007
322.363251
322.633606
323.105164
323.489136
323.425385
323.954773
323.923340
324.409363
323.976410
324.612305
325.005188
325.013306
325.234283
325.851105
325.956390
325.920685
326.291992
326.327606
326.570221
326.787659
326.937958
326.773346
327.011505
327.261536
327.062592
327.548767
327.255524
327.094147
327.522614
327.872742
327.272949
327.275421
327.529938
327.453857
327.286377
327.117737
326.995605
327.153473
327.113037
326.754089
326.341309
326.091156
326.429199
326.435364
326.104614
325.757660
325.686432
325.482574
325.758881
325.262634
325.166473
324.941071
324.620422
324.063019
324.392914
324.214783
324.051575
324.382202
324.084900
323.812042
323.791779
323.777100
323.800659
323.810852
323.643890
323.937927
324.472473
323.932831
323.917145
324.034668
324.343079
324.364410
324.727295
324.930450
325.102966
324.992584
325.442657
325.311340
326.057312
326.006531
326.487457
326.514282
327.081146
327.264771
327.706390
327.757690
328.183441
328.699921
329.134796
329.190643
329.767914
330.114868
330.319489
330.953461
331.323395
331.703308
332.138794
332.436615
332.541046
332.709473
333.368500
333.408173
333.781891
334.360962
334.218445
334.293854
335.223328
335.061981
335.207214
335.692383
335.579926
335.403534
335.763367
335.751526
335.743225
335.996338
335.796265
336.180573
336.049805
336.156219
336.035828
336.010895
335.968567
335.546875
335.789398
335.532318
335.402069
335.084351
335.345886
334.904785
334.605377
334.265778
334.497314
334.495697
334.120972
333.787262
333.615387
333.791565
333.346893
332.939209
333.060089
333.266541
333.046356
332.766266
332.550354
332.166626
332.468658
332.464722
332.067780
332.351654
332.072327
332.181793
331.696747
331.939148
332.038849
332.398712
332.236389
332.315186
332.625549
332.888580
332.755859
333.370422
333.446686
333.741272
333.913116
334.144958
334.661835
335.020203
335.601685
335.687012
336.131104
335.865540
336.758057
336.786163
337.321472
337.615326
338.057831
338.231842
338.763672
339.224854
339.787201
340.097107
340.360626
340.873169
341.129150
341.595825
342.106262
342.032074
342.644745
342.989532
343.740540
343.729645
343.997437
344.310913
344.582642
344.490814
344.832703
345.215820
345.300873
345.500793
345.861664
345.844116
345.944000
345.737061
345.995911
346.181854
345.611237
345.972260
346.093842
345.371887
345.742523
345.924652
345.222687
345.478638
345.377167
345.282257
344.992767
344.318512
344.266388
344.531616
343.940613
343.564667
343.236115
343.130676
343.186249
342.635620
342.571869
342.250244
341.885437
342.023285
341.825592
341.344421
341.004303
340.700806
340.914703
340.502930
340.427704
340.103271
339.982208
339.959381
340.294739
340.360474
339.374054
339.433289
339.996216
339.702545
339.863739
339.793884
340.173798
339.921295
340.459045
340.249237
340.858856
340.531494
340.628510
340.836365
340.766693
341.800385
341.594482
342.001862
342.484436
342.351807
342.422699
343.222229
343.610596
343.381866
343.641083
344.206635
344.604675
344.698944
345.777435
345.667084
345.857361
345.786865
346.652374
346.598907
347.187988
347.348389
347.332001
348.257080
348.224792
348.279388
348.468353
348.456696
348.609680
349.154663
348.948914
348.941559
349.527618
349.223511
349.133972
349.752991
349.575043
349.385925
349.373993
349.687683
349.111877
349.839111
349.192291
349.428436
349.203522
348.915009
348.679413
348.551331
348.245911
348.196625
348.459137
348.060852
347.801361
347.696564
347.554474
347.203064
346.810089
346.757080
346.302063
346.306641
346.014679
346.097321
345.870331
345.914124
345.594269
344.860291
345.036316
345.313995
345.155151
344.666351
344.729523
344.931396
345.016327
344.563568
344.555908
344.685455
345.060303
344.519623
344.440704
345.130219
344.941254
344.832703
345.287750
345.258087
345.479492
345.131714
345.743347
345.794128
346.368927
346.238281
346.858673
346.853546
347.213440
347.103027
347.323181
347.917572
348.114807
348.220520
348.327820
348.727722
349.000671
349.181244
349.378296
349.659821
350.326111
350.078918
350.437195
350.264709
350.173187
350.991425
350.928314
351.131256
351.205109
351.062469
351.373444
351.484406
351.342499
351.808533
351.819763
351.917206
351.674072
351.520020
351.622131
351.055511
351.303101
351.046326
350.898407
350.522919
351.213684
350.108887
350.411499
350.200104
350.027344
349.158630
349.314514
348.809143
349.124664
348.831238
348.768005
348.244659
347.942413
348.057404
347.510468
347.054169
346.838440
347.064423
346.773834
346.852692
346.643280
346.356842
346.040649
346.035370
345.982330
345.726929
345.634827
345.634674
345.696991
345.680450
345.689240
345.845642
346.208221
346.065247
345.982941
346.108063
346.111755
346.115173
346.327637
346.485596
346.717407
346.589783
347.157928
347.201691
347.621429
347.821564
348.237701
348.151794
348.242401
348.544434
348.617157
348.811401
349.415680
349.528320
349.646667
350.154266
350.700226
350.565277
350.610596
350.947266
351.238556
351.375000
351.012238
351.283661
351.025146
351.706696
351.766815
351.954010
351.893250
351.962372
351.546661
351.218353
351.690094
352.163940
351.666595
351.456604
351.185547
351.148529
350.775940
350.866302
350.174988
349.900177
350.432312
349.316895
349.489258
348.753510
348.725067
348.825256
348.260010
347.962616
347.703125
347.652313
347.633392
347.083771
346.719330
346.780182
346.503113
345.838409
346.185303
345.832489
346.045074
345.897186
345.664368
345.855072
345.511627
345.609589
345.751068
346.095856
346.108521
346.110504
346.011627
346.350922
346.495789
347.300293
346.897919
347.235199
347.574127
348.109283
348.588135
348.930145
349.145660
349.775452
350.440796
350.317352
351.188843
351.669189
352.171478
352.639221
352.703003
352.839386
353.400421
353.908630
353.544647
354.054443
353.925201
354.390533
353.878479
353.758362
353.637115
353.712524
353.187714
353.090912
351.764771
351.318329
350.278717
349.638550
348.348358
347.020081
345.263367
344.119476
341.664764
340.304413
338.461700
335.896332
333.318756
330.479706
327.746613
325.317566
322.177094
318.403809
315.745239
311.434448
308.018066
304.410492
300.210602
296.636658
292.217987
287.920441
283.444885
279.233643
274.928009
269.950165
265.766754
260.950104
256.873352
252.409042
248.054520
243.710052
239.461334
235.251572
231.256088
227.622131
223.618042
220.218796
216.702011
213.567947
210.667389
207.725540
205.725327
203.283737
201.425217
199.847702
198.462830
197.704422
196.645248
196.251938
197.081009

219.785736
183.728012
184.168488
184.766266
185.697571
187.112610
188.575607
190.244263
192.249847
194.351059
196.858826
199.183624
202.067444
205.344711
208.495865
211.634476
215.316559
218.893738
222.606461
226.295105
230.382751
234.283005
238.078751
242.295044
246.246506
250.428787
254.611206
258.196228
262.078217
266.226898
269.655609
273.329376
277.130890
280.550415
284.149017
287.107574
291.076355
293.608185
296.621490
299.298920
301.897095
304.349976
306.718018
308.544495
310.510376
312.460999
313.920685
315.437469
317.581665
318.836456
319.741760
320.525513
321.935059
322.503998
323.347076
324.042694
324.238068
324.580444
324.780426
325.007355
325.230072
325.633392
324.791290
325.097839
325.036835
324.801361
324.423096
323.960510
324.051697
323.148682
323.040863
322.970093
323.067841
322.702911
322.110596
321.502502
321.626892
321.295227
321.064362
320.879730
320.151855
319.853333
319.828949
320.081573
319.124542
318.958221
319.275238
319.412537
319.660919
318.899689
319.704498
319.557861
319.652222
319.673523
319.991394
320.017792
320.039703
320.319031
320.738403
321.092438
321.631683
321.768463
321.865082
322.053619
322.270782
323.225342
323.115875
323.399902
323.856354
324.004608
324.761383
324.791016
325.140625
325.258331
325.225830
325.734283
326.269165
326.271027
326.718353
327.080292
326.641907
327.126923
327.278503
327.300385
327.281616
327.840302
327.250916
327.618622
327.620422
327.805389
327.474091
327.347931
327.211823
326.496674
326.923340
326.361481
326.598206
326.567169
326.241882
326.423615
325.274384
325.112213
324.692566
324.734772
324.586609
324.136139
324.179840
323.332825
323.599670
323.260864
323.236847
322.649811
321.693787
321.638794
321.666626
321.423798
321.314819
320.787292
320.559692
320.385712
320.670776
320.394928
320.059418
320.060394
320.122192
319.383301
319.218323
320.162384
319.954163
319.785889
319.854187
320.042938
319.844727
320.495361
320.564636
320.778534
320.815491
321.059113
321.674469
322.009003
322.299988
322.453888
323.282471
322.848633
322.771271
323.373383
323.566315
323.923126
323.964966
324.655914
325.016266
325.060944
325.828491
325.792511
326.469299
326.712982
326.853943
327.057312
327.796326
327.683075
327.974731
328.245026
328.564880
328.620850
328.590851
329.011444
328.871521
329.155731
329.212616
328.776245
328.869781
329.576324
329.247345
329.000397
328.471741
328.944977
328.345154
328.564209
328.247711
328.262573
327.761658
328.037170
327.880310
327.147766
327.075256
326.908569
326.153351
326.079163
325.635071
325.452606
325.360077
324.812225
325.009247
323.990570
323.921631
323.468384
323.398499
323.051697
322.601929
322.256805
322.087646
322.271515
321.940918
321.627991
321.660614
321.185699
321.248749
320.618164
320.779938
320.871490
320.573669
320.148102
320.751740
320.857208
320.563690
320.413269
320.724304
320.736237
320.405304
320.914093
321.141205
321.223907
321.080292
321.221527
321.164246
321.517426
321.865387
322.060516
322.596100
322.814911
323.384979
323.192139
323.060608
323.372345
324.275208
324.802185
324.430389
324.940277
325.059113
324.957092
325.401733
325.280853
326.181488
326.039673
326.320801
326.673676
326.962891
327.641815
327.503418
327.649811
327.926270
328.370911
328.453247
327.849976
328.396820
327.725403
328.337952
327.913666
328.461731
328.082550
327.965485
327.968903
327.974304
327.862640
327.740967
327.832703
327.528900
327.506683
327.641479
327.132965
326.892212
326.785004
326.158600
326.383423
326.211365
325.730896
325.745728
325.254181
325.203888
324.793427
324.665161
324.089264
323.948669
323.821991
323.233795
323.278778
323.282623
323.156738
323.333832
322.721558
322.741058
322.402924
322.602203
322.630585
322.127167
322.354034
321.737762
321.759247
321.817932
322.528107
321.730530
322.117432
321.783142
322.176605
322.147705
322.103333
322.267151
322.639008
323.040070
323.141937
323.364624
323.171539
323.497559
323.357910
323.940094
323.461456
324.339386
324.682098
324.594574
324.898621
325.184784
325.378601
326.080780
326.014282
326.990417
326.703827
326.929016
327.412689
327.361786
327.814606
327.826141
327.882751
328.290894
328.653717
328.439178
329.270020
329.207275
329.574860
329.605804
329.511780
329.009094
329.742462
330.025909
329.797180
330.205475
329.943085
330.314972
330.016388
330.338043
329.747681
329.989594
329.273224
329.328003
329.435059
329.152527
328.964966
328.654419
328.604034
328.517914
328.241760
328.110809
327.605682
327.283844
327.232361
327.132233
326.834991
326.593109
326.322968
326.783356
325.998352
326.081573
325.686951
325.132690
325.565399
324.966797
324.756256
324.520538
324.548248
324.326965
324.162659
323.856750
323.685974
323.815887
324.260101
324.442657
324.377228
324.163452
323.875397
324.142212
323.747101
323.910797
323.818604
323.940155
324.302856
324.098175
324.398224
324.594666
325.082703
325.113647
325.381927
325.684418
325.654724
325.735474
326.137146
326.661163
326.667633
326.813568
327.147797
327.526886
327.922607
327.890289
328.124237
328.447540
328.535736
329.151794
329.046570
329.814941
329.977997
329.756073
330.088928
329.949158
330.063782
330.691498
331.124146
330.680145
330.958954
330.794403
331.259430
331.099548
331.437195
331.124969
331.326508
331.183899
331.223267
331.586426
330.958405
331.435944
331.054962
331.042999
330.595520
330.876709
330.660889
329.968262
330.397186
329.714874
329.890533
329.393402
329.242554
329.570923
328.409912
329.191193
328.794403
329.073944
328.268951
328.233032
328.157959
327.885437
327.615723
327.437592
327.297943
326.704803
326.926727
326.352325
326.180328
326.301727
326.330872
326.391357
325.995850
326.613068
325.981262
325.630188
326.186707
327.076874
325.638092
326.183014
326.990173
326.435822
326.672791
326.934723
326.860687
326.905701
327.331909
327.279266
327.599304
328.260803
328.453339
328.623138
328.711823
329.256287
329.035583
329.773254
329.929230
330.085663
330.676208
330.898804
331.378387
331.345581
332.134491
332.260742
332.319977
332.790222
333.048828
333.385986
333.542389
333.858093
334.013397
334.659393
334.601288
334.794403
335.005829
334.968842
335.417786
335.504333
335.364319
335.617340
335.873657
335.678467
335.544800
335.781158
336.162201
335.489868
335.590912
335.382996
335.686096
335.633698
335.784760
335.641510
335.633514
335.121735
335.214233
335.018280
334.798401
334.683197
334.381470
334.073425
333.974213
333.800842
333.221741
333.006866
332.349915
332.488953
332.277283
331.652313
331.832764
331.599304
331.123383
331.410126
331.471466
330.439850
330.473053
330.437714
330.337280
329.899933
330.009979
329.625946
330.024353
329.918060
329.587402
329.696564
330.042786
329.487244
329.806213
329.991394
330.011078
329.960571
330.078644
329.770386
330.397339
331.155426
330.599396
330.667267
330.919891
331.170166
331.672028
331.910187
331.904144
332.438934
333.140045
333.007324
333.605591
334.243958
334.050385
334.599609
334.687561
335.692627
335.794189
336.069000
336.129333
336.256500
336.820068
337.108063
337.066132
337.657898
337.543182
338.155762
338.115448
338.881683
338.696167
338.432007
339.065338
339.029236
339.369324
339.366241
339.475983
339.519104
339.349792
339.590271
339.498474
339.857483
339.510498
339.143646
339.263000
339.583710
339.111969
338.779907
338.891754
338.484283
338.658020
337.944305
338.436859
337.570343
337.411804
337.040802
337.043671
336.794342
336.324066
336.390747
335.331421
335.334564
334.836426
334.482635
334.232483
333.877686
334.332794
333.638550
333.266418
333.325684
332.416565
332.360565
332.379761
332.423187
331.695557
331.559540
331.573151
331.751770
331.300446
331.793915
331.243500
331.464569
331.189087
331.293976
331.175903
330.663879
330.508118
330.775696
331.155823
331.283081
331.419250
331.401978
331.390167
331.563568
331.851929
331.777374
331.939667
332.019623
332.082703
332.398895
332.800201
333.501373
333.536377
333.710846
334.197784
334.088776
334.508942
334.893341
335.230042
335.475647
335.634399
335.701996
335.889160
336.244690
336.080139
336.262482
336.678436
336.526917
337.028473
337.398438
337.283813
337.353699
337.472504
337.797302
337.404297
337.668793
337.781067
338.107574
338.114899
337.449768
337.582092
337.590027
337.305145
337.205627
336.751587
337.245300
336.791504
336.902771
336.575989
336.208832
336.029114
336.351593
336.226685
336.024200
335.832306
335.253632
335.215393
334.552551
334.602203
334.287415
333.813934
333.515869
333.358826
332.790283
332.742096
332.864410
332.533478
332.602234
331.836060
332.291656
332.292450
332.003571
331.735748
331.437103
331.223389
330.730316
331.003876
331.122559
331.211853
330.545776
331.105865
331.064575
331.528625
331.811035
331.496246
331.507019
331.170135
331.659790
332.208099
331.927765
332.169189
332.324219
332.866669
332.653107
332.487671
332.968201
332.978912
333.356659
333.506866
333.969879
333.822021
334.248291
334.207184
334.588348
334.968109
334.721863
335.034882
335.636414
335.541718
335.158478
335.407959
336.033936
335.827240
335.832397
336.423706
336.078949
335.848206
336.282867
336.446777
336.118347
336.768005
336.657593
336.371796
335.463257
335.822906
336.104950
336.021301
335.713318
335.421875
335.727661
335.333435
335.583710
334.916321
334.800018
334.850647
334.508545
334.595367
334.023529
333.758087
333.936768
333.263214
332.931152
332.587830
332.383728
331.837677
332.405762
331.606995
331.319092
331.352661
331.365601
331.129547
331.200806
330.922577
330.638855
330.889160
330.721802
330.187012
330.294800
330.716614
330.064941
330.718201
330.462860
330.217407
330.527039
330.329132
330.055176
330.143005
330.592224
330.529114
330.769348
330.907440
330.946625
331.434082
331.988831
331.716797
331.612366
332.138092
331.884796
332.516479
332.465546
333.000977
332.970367
333.403931
333.526703
333.693848
333.849396
334.529144
334.474335
335.304810
334.788910
334.752197
335.307098
335.385162
335.548615
335.559601
335.890350
335.267303
335.928772
334.944550
335.864105
335.925262
335.761383
335.851349
336.083405
335.274048
335.810455
335.822815
335.382629
334.660614
335.146332
335.240723
334.589325
335.061310
334.345947
333.917847
333.616028
333.375977
332.865479
332.886688
332.584106
332.496826
332.020111
331.782654
331.627960
331.216095
330.646454
330.762329
330.629395
330.336731
330.076599
330.169312
330.411957
329.509888
329.938049
329.793335
329.452789
329.719238
330.158875
329.561493
330.273956
330.056580
329.893219
330.712982
330.658936
331.075989
331.328644
331.203308
332.159637
332.565094
332.381927
332.687408
333.307922
333.324982
333.950073
333.964264
334.602448
335.335388
335.355713
335.550049
335.820831
336.608093
336.553497
337.377014
337.231628
337.404602
337.225433
337.382080
336.782715
336.372345
337.302032
336.392212
336.456024
335.695587
335.182617
334.321503
334.045746
332.773987
331.313995
330.171997
329.056549
327.167297
325.597076
323.761841
321.727478
319.730896
316.935638
314.256683
311.980743
309.124725
306.314606
303.147095
300.098938
296.730804
292.700348
289.551392
285.627808
281.761780
277.870911
273.407654
269.724060
265.518402
261.561432
257.218323
252.767334
248.468246
244.255478
239.828827
235.846558
231.633759
227.772507
223.616913
219.679749
216.292206
212.511475
209.200409
206.298584
203.117859
200.526108
197.643295
195.603394
193.289017
191.649399
190.263077
188.705612
187.862061
186.990524
186.737213
186.647430

221.340546
183.889145
184.331863
184.940826
185.866394
187.276978
188.757050
190.414383
192.425018
194.537323
197.049393
199.379425
202.263870
205.546646
208.686462
211.839111
215.538956
219.134750
222.828369
226.543198
230.629913
234.535645
238.354813
242.570602
246.515137
250.697479
254.922928
258.516357
262.389221
266.541351
269.996918
273.673737
277.494415
280.887817
284.536407
287.484619
291.480835
294.022247
297.038208
299.786102
302.339722
304.795166
307.159332
309.033875
310.977325
312.946777
314.425751
315.945068
318.103363
319.345428
320.284607
321.041260
322.488159
323.085754
323.948639
324.654053
324.828156
325.192108
325.394562
325.670471
325.852081
326.251740
325.423767
325.760040
325.706085
325.434692
325.101440
324.617249
324.704102
323.839447
323.701080
323.686554
323.784698
323.399078
322.824677
322.214203
322.314789
322.003387
321.776764
321.603394
320.891449
320.577484
320.541901
320.812469
319.810028
319.694305
320.008270
320.117706
320.392426
319.623535
320.391754
320.262543
320.377716
320.389618
320.683716
320.703583
320.707123
321.001343
321.429199
321.777222
322.302765
322.446808
322.469147
322.713501
322.891693
323.860077
323.759216
323.988983
324.485291
324.599091
325.370514
325.363037
325.750946
325.882538
325.826538
326.307373
326.851166
326.802917
327.226349
327.627472
327.205780
327.638428
327.811584
327.793427
327.766327
328.365601
327.760498
328.109100
328.102386
328.274689
327.948273
327.812714
327.678986
326.952820
327.383301
326.824371
327.007965
327.005646
326.678772
326.844086
325.691132
325.557892
325.106110
325.171326
325.008148
324.586731
324.619995
323.777191
324.003052
323.651886
323.625214
323.038635
322.093140
322.046631
322.066895
321.847473
321.674255
321.205109
320.958344
320.839874
321.099792
320.807465
320.478851
320.467651
320.554596
319.806641
319.613068
320.571045
320.360046
320.217377
320.297882
320.483307
320.261658
320.941193
321.003754
321.221649
321.253265
321.493317
322.151703
322.476929
322.736725
322.915527
323.743866
323.281189
323.231812
323.862518
324.019745
324.398865
324.420319
325.123047
325.495911
325.503113
326.318054
326.253662
326.949005
327.170502
327.300385
327.540161
328.258942
328.156952
328.452362
328.688385
329.057617
329.096741
329.063599
329.483185
329.342316
329.620850
329.695679
329.240997
329.315674
330.019501
329.688599
329.436401
328.912384
329.376556
328.795258
329.005585
328.698273
328.706177
328.192413
328.437592
328.288696
327.537933
327.477722
327.274628
326.544220
326.450806
325.984680
325.822144
325.697113
325.166016
325.351654
324.315643
324.260986
323.767822
323.735199
323.371674
322.886017
322.562988
322.358063
322.530243
322.197571
321.866852
321.937103
321.433838
321.451782
320.825592
320.988434
321.073090
320.774261
320.364197
320.929810
321.036041
320.732117
320.582489
320.756958
320.866943
320.532196
321.052673
321.272430
321.352905
321.199554
321.335938
321.265900
321.596527
321.955566
322.142761
322.709534
322.898834
323.470184
323.256805
323.133759
323.436005
324.330688
324.859650
324.489685
325.003632
325.110687
325.024841
325.461517
325.332794
326.240082
326.105255
326.399170
326.738129
327.055725
327.724030
327.576172
327.703522
327.975586
328.445923
328.536560
327.939850
328.484467
327.816833
328.409973
328.028381
328.568085
328.193024
328.087189
328.100891
328.106323
327.999207
327.881287
327.967346
327.683838
327.651306
327.808563
327.306183
327.086670
326.986847
326.389648
326.590759
326.428009
325.965240
325.983429
325.517365
325.478668
325.039886
324.954529
324.363586
324.226135
324.118225
323.565247
323.598450
323.601959
323.483704
323.659210
323.051971
323.068726
322.729736
322.950165
322.965851
322.505371
322.711212
322.108490
322.149445
322.200134
322.885864
322.122375
322.496460
322.185791
322.557068
322.555023
322.493713
322.652527
323.025848
323.439697
323.527588
323.745087
323.568634
323.889130
323.724945
324.296234
323.843262
324.714050
325.060883
324.972504
325.260590
325.535980
325.751648
326.406952
326.363159
327.315887
327.017273
327.262939
327.721039
327.674103
328.098236
328.119171
328.164886
328.549316
328.913452
328.688995
329.494354
329.426697
329.782532
329.784241
329.696381
329.164337
329.909424
330.194916
329.934052
330.294708
330.062164
330.411682
330.079376
330.360046
329.802521
330.007935
329.295441
329.301849
329.409424
329.096497
328.917236
328.590698
328.529755
328.424927
328.115143
327.965057
327.472137
327.140350
327.074158
326.948486
326.668182
326.363403
326.098389
326.530365
325.738647
325.786743
325.390991
324.831573
325.262970
324.663513
324.417236
324.195251
324.201813
323.956726
323.788116
323.506592
323.280243
323.411987
323.842621
324.060272
323.975830
323.733154
323.431213
323.706726
323.303741
323.460510
323.348907
323.476501
323.854553
323.647736
323.941223
324.125671
324.600128
324.643860
324.898193
325.219025
325.173065
325.251801
325.642670
326.202911
326.174774
326.339752
326.656006
327.028320
327.469269
327.416046
327.701569
328.007538
328.105865
328.710449
328.605072
329.405426
329.543335
329.305023
329.685638
329.544891
329.661194
330.303467
330.777679
330.287720
330.567657
330.424164
330.908997
330.785950
331.067108
330.818420
331.018677
330.851532
330.939575
331.296997
330.687592
331.149200
330.773987
330.838226
330.361481
330.644592
330.441101
329.787567
330.244263
329.551666
329.712982
329.244415
329.069641
329.458344
328.263000
329.059082
328.718201
328.965668
328.207092
328.136810
328.078247
327.833954
327.615204
327.373993
327.237152
326.683624
326.915466
326.337006
326.165131
326.303101
326.330750
326.404907
326.018280
326.620880
325.975708
325.654236
326.229889
326.483643
325.650818
326.202179
326.996887
326.490387
326.699402
327.021240
326.914246
326.977661
327.417145
327.343475
327.657776
328.347626
328.500793
328.680176
328.753723
329.313263
329.082581
329.848297
329.968140
330.176086
330.717957
330.963776
331.425262
331.373047
332.176239
332.275360
332.325043
332.802307
333.075134
333.386414
333.520721
333.879425
333.997437
334.625458
334.592041
334.757935
334.959839
334.922394
335.379761
335.430389
335.271332
335.525299
335.777496
335.563324
335.437592
335.667328
336.029724
335.371033
335.459991
335.239838
335.542175
335.481720
335.607910
335.473694
335.440796
334.935333
335.006805
334.789856
334.543152
334.476013
334.137299
333.837433
333.701691
333.550385
332.919464
332.732391
332.070526
332.186310
331.942322
331.338684
331.519440
331.270111
330.771240
331.070068
331.077148
330.063782
330.067810
330.033051
329.941223
329.465729
329.591583
329.188507
329.585297
329.466248
329.130646
329.240295
329.574829
329.008423
329.308960
329.498535
329.522125
329.469635
329.575623
329.240845
329.885712
330.624359
330.044128
330.110016
330.371155
330.623352
331.096039
331.342255
331.344025
331.868439
332.566742
332.439514
333.004669
333.644623
333.450623
333.996948
334.067383
335.100555
335.178040
335.450012
335.515625
335.612305
336.189178
336.488708
336.435181
337.024475
336.862671
337.548340
337.460480
338.247437
338.031250
337.798737
338.396881
338.367279
338.690948
338.697693
338.808441
338.889557
338.701691
338.901520
338.845581
339.200226
338.834900
338.453430
338.577759
338.924042
338.410950
338.095612
338.226349
337.785645
337.987701
337.279388
337.766937
336.888641
336.768860
336.358856
336.414215
336.140594
335.643646
335.741608
334.633392
334.686951
334.161011
333.838715
333.563965
333.220642
333.695007
332.999146
332.630341
332.662048
331.737152
331.722229
331.762390
331.811584
331.081512
330.935791
330.966461
331.126953
330.705292
331.204956
330.632599
330.892487
330.623688
330.715607
330.609070
330.109436
329.929565
330.230469
330.614105
330.729950
330.903290
330.867920
330.831329
331.066864
331.356720
331.261505
331.459229
331.561127
331.589294
331.968201
332.378235
333.058441
333.095306
333.306366
333.810547
333.683624
334.127136
334.483490
334.825317
335.104645
335.280518
335.359711
335.527283
335.868561
335.752808
335.929779
336.375885
336.199219
336.776245
337.111328
337.067230
337.124390
337.243713
337.582825
337.169403
337.469208
337.595581
337.907104
337.925110
337.264282
337.437836
337.475616
337.206543
337.116180
336.662415
337.115540
336.695160
336.805481
336.522430
336.151642
335.986725
336.292999
336.150787
336.035400
335.820221
335.244537
335.226685
334.598083
334.624054
334.312805
333.886261
333.615753
333.439148
332.896851
332.827301
332.933167
332.625977
332.727997
331.949799
332.422760
332.403168
331.950348
331.922180
331.616241
331.403351
330.900909
331.172272
331.309814
331.395630
330.741455
331.347534
331.271149
331.733978
332.045471
331.768585
331.753662
331.397858
331.902100
332.457611
332.182953
332.414581
332.556458
333.092957
332.890991
332.752716
333.224915
333.234161
333.627655
333.795044
334.239838
334.086823
334.517334
334.473969
334.857178
335.237091
334.985321
335.296936
335.918060
335.827911
335.442108
335.642578
336.328186
336.108521
336.086945
336.669250
336.368713
336.124146
336.533417
336.727905
336.387695
337.031219
336.911621
336.640350
335.719757
336.089081
336.348511
336.269684
335.974731
335.675507
335.996094
335.557159
335.819489
335.148132
335.036530
335.083160
334.723541
334.820770
334.255188
333.965393
334.165802
333.454834
333.139618
332.777710
332.581390
332.029419
332.615051
331.791840
331.515015
331.542053
331.551300
331.332458
331.357758
331.089996
330.810883
331.063141
330.893433
330.333313
330.436188
330.860779
330.222626
330.860443
330.619171
330.363190
330.673859
330.478607
330.184601
330.280457
330.718048
330.663483
330.902252
331.015503
331.074158
331.563812
332.141785
331.806824
331.725159
332.251068
332.011322
332.615723
332.555298
333.095337
333.059448
333.493927
333.614197
333.789185
333.924377
334.625488
334.579437
335.383331
334.878448
334.835388
335.392242
335.461060
335.658356
335.629639
335.975067
335.356812
336.034821
335.008820
335.979156
335.985840
335.837494
335.922607
336.150208
335.344727
335.873993
335.906891
335.475311
334.757111
335.254120
335.308044
334.649536
335.139618
334.408112
333.993744
333.659821
333.450165
332.926880
332.979034
332.668304
332.585205
332.090973
331.862091
331.692474
331.287567
330.695007
330.821320
330.714386
330.408875
330.144806
330.237885
330.455597
329.570312
329.969604
329.842743
329.502869
329.770752
330.206848
329.601471
330.308563
330.103027
329.938904
330.772156
330.712982
331.127014
331.366974
331.237701
332.172668
332.583649
332.408051
332.683807
333.353546
333.349579
333.995331
334.001373
334.645264
335.366058
335.400146
335.578400
335.828156
336.652435
336.567017
337.383148
337.227997
337.411346
337.236816
337.373169
336.798370
336.400879
337.312225
336.393463
336.449829
335.688751
335.182648
334.301666
334.021698
332.758209
331.292999
330.153381
329.053619
327.167297
325.565338
323.751099
321.702850
319.728729
316.901520
314.213165
311.937347
309.075867
306.279602
303.111877
300.066406
296.701019
292.663818
289.514771
285.578094
281.728424
277.829865
273.345428
269.690460
265.477417
261.544830
257.150299
252.706970
248.433777
244.217346
239.781845
235.787079
231.588715
227.716461
223.544479
219.625580
216.236755
212.456558
209.150040
206.237396
203.059723
200.461105
197.572952
195.542587
193.219238
191.580078
190.201401
188.635315
187.809830
186.921463
186.667587
186.577164

