272.736938
173.871368
174.461548
175.039032
175.882187
177.221085
178.591888
180.190231
181.921585
183.787247
186.193680
188.764359
191.290894
194.334442
197.409958
200.432404
203.767410
206.944977
210.506134
214.066544
217.317123
221.556824
225.460007
228.894623
233.016891
236.559097
240.633987
244.110672
247.951752
251.542816
255.333450
258.827667
262.173431
265.585266
269.037109
272.165497
274.653351
277.644623
280.498718
283.408112
286.021698
288.002197
290.580261
292.533386
294.785400
296.180359
297.763153
299.282898
300.849823
301.958557
302.713898
304.219452
305.073914
306.084198
306.237610
306.746246
307.765137
307.875641
308.067780
308.614838
308.644012
308.953308
308.905640
308.356445
308.661804
308.688202
308.567902
308.187073
308.307098
307.743164
307.545044
307.396759
306.741791
306.907990
306.776184
305.886719
305.977875
305.897308
305.844635
305.155457
305.030975
305.192566
304.918488
305.002350
304.528992
304.835999
304.790894
304.428162
304.871277
304.730011
304.865326
305.102875
305.360321
305.371704
305.487854
305.799561
305.495758
306.271393
306.429077
306.936920
307.152924
307.431488
307.510345
307.601990
308.085999
308.558380
309.290131
309.598602
309.546661
310.075226
310.485291
311.132019
311.477112
311.723022
312.097961
312.189392
312.585022
312.553925
313.072113
313.042969
313.206116
314.103546
313.594421
313.741364
314.212463
314.338531
314.381317
314.157501
313.865662
314.386566
314.295868
314.411469
314.067566
314.042114
314.115784
313.473206
313.547333
313.450623
313.360962
313.162781
313.051208
312.624146
312.562714
312.649780
312.002991
311.652283
311.657715
311.393097
311.338715
310.793671
310.569519
310.087585
309.822571
309.874603
309.751251
308.971527
309.328735
308.900299
308.733032
308.803986
308.802795
308.311371
308.775696
308.522705
308.484009
308.493835
308.111420
308.749786
308.569916
308.491425
308.501862
309.316406
309.351074
308.887085
309.349213
309.522308
309.564423
310.049591
310.127319
310.479248
310.902344
311.178131
311.329468
311.752350
311.981964
312.389648
312.575134
313.095551
313.042542
313.691620
314.312439
314.610962
314.956696
315.343719
315.725189
315.756561
316.154816
316.703308
316.657257
316.993622
317.487823
317.613892
317.729736
317.758820
318.458893
318.143372
318.680573
318.748535
318.871185
318.798523
318.646179
318.719849
318.809204
318.570587
318.954376
318.634613
318.287537
318.498230
318.504913
318.509857
318.124207
318.134338
318.001068
317.607788
317.298523
316.807556
317.139069
316.596680
316.452728
316.498993
315.912201
315.739349
315.567932
315.414948
314.866089
314.695679
314.249176
314.311676
313.771149
313.205688
313.648987
313.210449
313.601501
312.715820
312.673645
312.566772
312.466431
312.415497
312.293396
312.038208
311.704773
312.053894
312.078552
312.040192
311.770630
312.001434
312.684967
312.735474
312.276337
312.682770
312.353271
312.793488
312.791046
312.931793
313.207794
313.714325
314.023071
314.150177
314.368042
314.311279
314.395294
315.519531
315.644165
315.747498
315.740967
316.307434
316.542816
317.087830
317.057678
317.787384
317.804474
317.948517
318.524780
318.908417
318.900146
319.114258
319.180634
319.565704
320.006042
320.052704
319.836670
320.399963
320.720123
320.595001
320.764801
320.841217
320.750153
320.982513
321.150543
321.141968
320.936676
321.108948
321.069855
320.677002
320.746460
320.712646
320.833405
320.830719
320.455109
320.572754
319.978729
320.271790
319.912079
319.584076
319.241699
319.209259
319.111664
318.939331
318.907471
318.526764
318.254578
317.994141
317.547638
317.754211
317.665558
316.943176
317.057343
317.340607
317.100952
317.097046
316.279907
316.208221
316.699615
316.253357
316.171204
316.544037
315.924866
316.538147
316.172302
316.315186
316.577057
316.445007
316.284485
316.744141
316.753021
316.743225
317.107666
317.093750
317.215607
317.490509
317.510498
318.144989
318.401215
318.539307
318.599701
319.072327
319.175079
319.705933
320.018738
319.936035
320.374054
320.992126
320.945679
321.420105
321.503540
322.138275
322.172363
322.930969
323.026917
322.818054
323.356049
323.780670
323.782684
324.186188
324.635956
324.619659
324.344238
324.973846
324.712402
325.216736
325.452545
325.029694
325.644653
325.455170
325.582733
325.291016
325.580872
325.360535
325.040466
325.373169
325.583954
325.235962
324.715149
325.481079
325.162354
324.565216
324.516541
324.624359
324.839661
324.205078
324.071503
323.609314
323.849213
323.353363
323.219421
322.989594
322.603455
322.757141
322.248169
322.077271
322.339600
322.001068
321.745331
321.745667
321.165436
321.367157
321.463165
320.596802
321.244751
321.308136
320.689545
320.903656
320.778473
320.816986
320.751587
320.457520
320.588226
320.768402
320.986084
320.933563
320.690125
321.060333
321.013519
321.000763
321.769867
321.319824
321.773895
322.176849
321.985687
322.575195
323.155701
322.893585
323.570129
323.592407
323.757050
324.171143
324.241180
324.589752
324.845062
325.244720
325.547180
325.283051
325.956635
325.752747
326.437225
326.298615
326.904358
327.046143
327.085663
327.438171
327.587128
328.002228
328.077637
328.517151
328.504028
328.768951
328.522827
328.993683
328.501434
329.211823
329.144012
329.188263
329.063080
329.062866
329.250122
328.874146
329.263733
329.047546
328.838531
329.113464
328.748077
328.985291
328.654785
328.370819
328.370331
328.007416
328.128754
327.793610
327.740540
327.244263
327.488342
326.902527
327.177155
326.754364
326.856567
326.308258
326.484467
326.438019
325.777924
326.519012
325.831970
325.512451
325.200928
325.857361
325.516022
325.694885
325.379669
325.658081
325.089355
325.288818
325.210846
325.936188
325.694794
325.793640
325.609589
326.057159
326.447968
326.406189
326.317505
326.591705
327.049103
327.134003
327.099640
327.484039
327.758911
328.337097
328.806610
328.861206
329.177795
328.885559
329.723785
330.350952
330.601440
330.613770
331.209198
331.397736
331.715057
332.309265
332.734222
333.000885
333.610870
334.203094
333.739624
334.390076
334.567108
334.907593
335.204468
335.605743
335.643219
336.073975
336.477600
336.370544
336.767120
336.748535
336.660339
337.100677
336.867218
337.165771
337.244324
337.365479
337.766327
337.353210
337.124146
337.316681
337.567017
337.072296
337.318604
337.065247
337.426514
336.958954
336.697632
336.500000
336.954681
336.829285
336.731171
336.127930
335.903503
335.554169
335.410248
335.563354
335.204163
334.727722
335.127319
334.865692
334.308258
334.877686
334.581635
334.071747
334.395935
333.676880
333.600006
334.044128
333.683044
333.767761
333.368866
333.785828
333.986603
333.633911
333.362946
333.620209
333.665344
333.795197
333.809326
334.130829
334.487518
334.647095
335.106781
335.322357
335.524811
335.374451
335.708832
336.121857
336.505493
336.789856
337.734863
337.482178
337.967468
338.365845
338.838287
338.919312
339.346252
340.264923
340.174957
340.730988
340.914185
341.533447
341.567291
341.972565
342.761078
343.186584
343.509430
343.707794
343.890747
344.221405
345.044006
345.223114
345.585083
345.604980
345.661560
346.093475
346.222900
346.425415
347.103790
346.973541
347.118530
346.973633
347.434387
347.406616
347.466370
347.152649
347.373871
347.050079
347.325165
347.404907
347.026672
346.640564
346.409180
346.378143
346.613617
346.251434
346.080505
345.950317
345.762848
345.619568
345.246918
345.012390
344.974792
344.742889
344.058044
344.282654
343.576843
343.303925
343.520081
343.106781
342.973175
342.734283
342.369232
341.984802
342.272491
341.517578
341.587830
341.332306
341.090820
341.451202
341.230408
340.906036
341.132965
341.125214
340.740234
340.947845
341.075500
341.101654
341.353546
341.456604
341.163086
341.628448
341.881866
341.754669
342.238251
342.116089
342.186127
342.565277
343.116425
343.249939
343.392120
344.184998
344.061188
344.470215
344.258362
345.060669
345.420746
345.729462
346.031281
346.194092
346.735168
346.721588
346.876556
347.475403
348.279114
348.370056
347.964966
348.682434
348.467255
349.201080
349.164429
349.791046
349.907990
349.833954
349.902435
349.782013
350.432465
350.420532
350.442780
350.658844
350.838867
350.836365
350.735443
350.325470
350.703003
350.706421
350.219421
349.886414
350.262604
350.328674
350.450684
349.579712
349.760101
349.776062
349.501526
349.499969
349.249023
348.844666
348.552216
348.850952
348.584320
348.208099
348.202148
347.891785
347.329376
347.507782
347.493927
346.889404
346.914886
347.149353
346.393341
346.465332
346.048645
345.966217
346.132874
346.483276
345.990387
346.008484
345.860138
345.946045
345.655945
345.748810
345.552002
345.633514
345.625763
345.743164
345.859467
346.264862
346.488525
346.211914
346.273010
346.641998
346.872681
347.301697
347.056122
347.418060
347.644073
347.577759
347.858307
348.959076
348.523804
349.024933
349.138153
349.254028
349.707916
350.417969
349.828094
350.334320
350.431274
350.289917
350.828918
351.285004
350.876892
351.407257
351.483978
352.267944
351.616394
352.244476
352.044586
352.433441
352.312958
352.433624
352.478851
352.752625
352.230133
352.768646
352.334259
352.115814
352.191040
352.300262
351.967651
351.977295
351.941498
351.554352
351.949402
350.985596
351.178192
351.013580
351.005096
350.793945
350.005524
349.701813
350.100372
349.580200
349.344635
348.701843
348.982849
348.741638
348.822693
348.231781
348.211792
348.256226
347.651001
347.579865
347.258514
347.269501
347.397766
346.905548
346.573730
346.266327
346.483398
347.012756
346.606964
346.933167
346.870361
346.938721
346.749908
346.951355
347.035919
346.829071
346.836609
347.173553
347.307861
347.655365
347.614166
348.034668
347.453094
347.797028
348.276184
348.825562
348.825012
349.140747
349.408112
349.959351
349.800720
350.110107
350.782501
350.216095
350.711975
351.642670
351.349792
351.407135
351.600952
351.889679
351.906372
352.195343
352.361053
352.396790
352.826172
352.499329
352.706909
352.541992
352.490356
352.973480
352.834503
352.606689
353.173309
352.064636
352.608917
352.019165
351.891998
351.877838
351.386749
351.201660
351.504303
351.064911
350.551666
350.452118
350.873260
349.841858
349.882324
349.667725
348.934235
348.840302
348.801331
348.139099
348.256622
347.663361
347.997955
347.401306
346.764526
346.990051
346.883728
346.502136
346.770691
346.625397
346.280396
346.065338
346.387543
346.181671
346.076782
346.604889
346.332733
346.725006
346.686768
347.183197
347.083313
347.248749
347.696716
348.445343
348.799316
348.821747
349.239563
349.261444
349.730377
350.478088
350.645172
350.972046
351.748596
351.740936
351.976166
352.970276
353.241516
353.552612
353.766571
354.212677
353.920135
354.247681
354.135529
353.985229
354.701935
354.346954
353.609619
353.782654
353.648956
353.086365
351.895294
351.253174
350.560760
349.502747
348.403412
347.036804
345.841827
344.096649
342.276062
340.399048
338.043610
335.576355
333.606110
330.813416
328.183228
324.985474
321.736633
318.429749
315.512573
311.469971
307.929749
304.226166
300.139404
296.069519
291.804840
287.605469
283.351471
278.700500
274.391052
269.772125
265.455566
261.088440
256.133087
252.149185
247.450348
243.414154
238.877365
234.927856
230.731171
226.948364
223.411697
219.837982
216.177612
213.324799
210.359924
207.662231
205.277924
202.903809
201.249023
199.426529
198.104462
196.921722
196.340927
195.850311
196.145798

267.297546
173.951385
174.564178
175.139755
175.989792
177.341431
178.692413
180.303558
182.044266
183.884949
186.322510
188.907074
191.429611
194.475296
197.570084
200.595505
203.951401
207.144043
210.708511
214.264359
217.558075
221.809830
225.689606
229.177460
233.310104
236.858032
240.913345
244.429581
248.312714
251.920181
255.681000
259.221893
262.568542
265.988464
269.459717
272.592407
275.098450
278.135040
281.003387
283.944336
286.566345
288.559753
291.151642
293.116516
295.380890
296.821045
298.400574
299.944092
301.517090
302.660095
303.400665
304.918793
305.830719
306.805084
306.970520
307.490295
308.571350
308.680511
308.867371
309.435486
309.465637
309.776917
309.760986
309.202057
309.520782
309.556305
309.412689
309.053986
309.213013
308.632416
308.410095
308.289520
307.665253
307.839325
307.690460
306.770264
306.871674
306.780548
306.752594
306.033447
305.949860
306.076904
305.787476
305.912170
305.408447
305.706299
305.633484
305.265167
305.726624
305.534821
305.688141
305.924988
306.128235
306.173645
306.247559
306.555725
306.245117
306.988892
307.162811
307.635773
307.837646
308.096497
308.147644
308.238342
308.700836
309.162872
309.849670
310.143341
310.062744
310.592865
310.991791
311.594208
311.918579
312.140259
312.491974
312.562897
312.921631
312.880554
313.401215
313.341522
313.458405
314.336212
313.794708
313.916107
314.372223
314.495850
314.506927
314.241821
313.948029
314.452881
314.317566
314.394165
314.034149
314.008087
314.053528
313.402710
313.462463
313.318817
313.222931
313.006439
312.873657
312.422333
312.353516
312.414703
311.736053
311.392822
311.387756
311.094788
311.018829
310.471954
310.242371
309.732056
309.462372
309.488403
309.351929
308.539185
308.891510
308.447449
308.291321
308.378845
308.342682
307.869171
308.303955
308.068787
308.040344
308.012207
307.648987
308.259796
308.083557
307.997925
307.990662
308.838257
308.864990
308.379120
308.869812
309.051331
309.067200
309.578094
309.660767
310.015076
310.427795
310.711914
310.847229
311.276184
311.531494
311.935303
312.117035
312.697571
312.626312
313.278473
313.903748
314.192200
314.565216
314.977478
315.349823
315.411682
315.802887
316.326721
316.325623
316.692749
317.160797
317.310913
317.469635
317.472473
318.205750
317.893616
318.389404
318.509766
318.640015
318.615173
318.465637
318.551483
318.632263
318.393890
318.832703
318.540070
318.195862
318.393707
318.409119
318.444855
318.054626
318.099091
317.954498
317.605347
317.303406
316.814636
317.158508
316.655518
316.501221
316.598236
316.002991
315.839417
315.635406
315.548615
314.947968
314.806915
314.422729
314.469513
313.927490
313.370819
313.850891
313.362457
313.830658
312.947479
312.908813
312.799103
312.709473
312.666809
312.561737
312.309082
312.011505
312.330475
312.402863
312.378326
312.085541
312.347809
313.035339
313.108307
312.648224
313.071289
312.720001
313.181366
313.196228
313.348114
313.626678
314.154572
314.430969
314.594147
314.824097
314.811646
314.900452
316.034973
316.167511
316.277191
316.271851
316.827057
317.082764
317.627411
317.676910
318.393829
318.392273
318.553497
319.169708
319.551392
319.545197
319.774780
319.858521
320.202606
320.716248
320.737183
320.564362
321.132996
321.452911
321.334534
321.535278
321.648010
321.541199
321.786194
321.932648
321.985321
321.748383
321.953949
321.954468
321.545959
321.632355
321.601135
321.737762
321.747375
321.410248
321.539551
320.927856
321.275574
320.897369
320.598907
320.270538
320.248810
320.133698
319.957764
319.946350
319.588928
319.382812
319.112244
318.656036
318.887177
318.836182
318.069672
318.184204
318.500244
318.281616
318.248260
317.441895
317.383331
317.921967
317.442383
317.350677
317.765961
317.130493
317.745575
317.410309
317.587250
317.826874
317.698853
317.607513
318.048462
317.992249
317.999664
318.393097
318.427307
318.452606
318.768585
318.815979
319.392670
319.689178
319.802094
319.868439
320.349548
320.424927
320.952301
321.280579
321.143341
321.690033
322.215149
322.203247
322.666779
322.749451
323.412109
323.456421
324.167053
324.259216
323.997559
324.567932
324.953674
324.973633
325.348877
325.753967
325.769745
325.504578
326.054779
325.831726
326.290070
326.488373
326.072327
326.636017
326.495331
326.570404
326.288879
326.544830
326.310120
326.023163
326.255768
326.454620
326.083588
325.607544
326.347412
326.027405
325.349457
325.316833
325.417267
325.612549
324.948517
324.724060
324.313629
324.537567
324.030396
323.878510
323.625031
323.173279
323.360077
322.834778
322.612640
322.829071
322.482544
322.242340
322.241943
321.573822
321.806183
321.892639
320.981873
321.578186
321.688751
321.029022
321.199158
321.088898
321.158997
321.005127
320.710938
320.796814
320.988647
321.165314
321.156830
320.839844
321.216125
321.164459
321.105103
321.929016
321.441132
321.921753
322.303131
322.018372
322.628326
323.151123
322.967316
323.574097
323.621063
323.743835
324.163208
324.259979
324.546783
324.802795
325.204468
325.505737
325.248260
325.847626
325.736603
326.313660
326.242676
326.812195
326.995819
326.997681
327.355804
327.452393
327.919342
327.994446
328.395752
328.432159
328.660461
328.409515
328.896576
328.406525
329.109863
329.032562
329.098328
328.950134
328.948547
329.115814
328.785614
329.173218
328.931366
328.747803
329.020721
328.638153
328.913818
328.622253
328.276001
328.310944
327.950989
328.058655
327.736389
327.657532
327.181763
327.395569
326.857727
327.094910
326.686279
326.784393
326.259583
326.442017
326.404297
325.768494
326.503662
325.788177
325.475220
325.167328
325.846680
325.503510
325.671082
325.356476
325.641479
325.089325
325.290039
325.235229
325.914429
325.594269
325.793335
325.625946
326.051056
326.473267
326.447510
326.319824
326.619141
327.062683
327.161224
327.113708
327.524506
327.786224
328.347839
328.841400
328.888458
329.191467
328.911011
329.767242
330.407593
330.620880
330.634094
331.252930
331.405945
331.740173
332.333435
332.722382
333.014648
333.642487
334.214966
333.782654
334.379639
334.576996
334.910034
335.241302
335.635437
335.682434
336.069794
336.456238
336.382050
336.765259
336.755920
336.701965
337.087280
336.850067
337.145966
337.235382
337.359436
337.749939
337.345245
337.110321
337.310150
337.541565
337.049530
337.296234
337.030334
337.399292
336.929810
336.634003
336.474396
336.921417
336.805511
336.668427
336.078064
335.854248
335.504364
335.360382
335.529327
335.152802
334.671814
335.051605
334.810120
334.216675
334.811432
334.513092
334.012299
334.320831
333.608551
333.553589
333.946320
333.596863
333.694366
333.293335
333.718903
333.914551
333.577301
333.317780
333.531738
333.583405
333.743134
333.725677
334.058807
334.421661
334.564453
335.039001
335.211334
335.453827
335.311432
335.634369
336.056274
336.446014
336.717682
337.682037
337.437408
337.926117
338.302551
338.788696
338.845734
339.262695
340.209076
340.098297
340.671417
340.854950
341.484161
341.525452
341.923492
342.686768
343.119141
343.484100
343.698700
343.838165
344.150757
344.993530
345.177795
345.590424
345.573608
345.626068
346.048157
346.206207
346.393982
347.048431
346.962494
347.079041
346.930023
347.423737
347.403168
347.441223
347.101135
347.334473
347.046295
347.295685
347.413727
347.051849
346.611969
346.394470
346.299347
346.576935
346.183502
346.035736
345.922272
345.705566
345.583679
345.213135
344.999420
344.922302
344.751892
344.021790
344.257385
343.555206
343.284424
343.499695
343.097412
342.957642
342.712891
342.305206
341.942017
342.191711
341.493195
341.552765
341.315918
341.043518
341.421021
341.172974
340.878357
341.040497
341.068390
340.726166
340.924286
341.024200
341.077545
341.267395
341.425995
341.148010
341.595551
341.852448
341.733490
342.217255
342.094666
342.133026
342.565826
343.054626
343.245087
343.331146
344.096924
344.006195
344.411224
344.203064
345.012787
345.423126
345.664368
345.991364
346.200043
346.690918
346.667389
346.852692
347.484558
348.263306
348.366425
347.964752
348.674530
348.422791
349.208099
349.145477
349.774872
349.822815
349.841553
349.928772
349.767059
350.440063
350.452118
350.419403
350.624359
350.849884
350.872772
350.716797
350.338470
350.695618
350.682404
350.223572
349.912750
350.289581
350.312927
350.485535
349.612488
349.827881
349.806366
349.541840
349.544128
349.293274
348.898132
348.618622
348.909698
348.653473
348.250366
348.233856
347.958923
347.368011
347.596558
347.577637
346.922363
347.002960
347.217010
346.451538
346.533783
346.165955
346.060120
346.172424
346.583466
346.067902
346.107086
345.996613
346.059906
345.776764
345.855469
345.661621
345.767700
345.756195
345.898376
345.983551
346.363922
346.624939
346.340302
346.406464
346.767273
346.988220
347.479950
347.197571
347.526611
347.777283
347.737244
348.032440
349.112183
348.667023
349.180084
349.253021
349.429352
349.863312
350.553589
349.949860
350.503143
350.581909
350.406952
350.975433
351.398804
351.023804
351.529022
351.605713
352.372345
351.756226
352.358459
352.165283
352.588531
352.468994
352.562134
352.644867
352.864319
352.357422
352.907104
352.441132
352.215668
352.294128
352.437561
352.068207
352.051117
352.050018
351.633636
352.036499
351.096252
351.238922
351.091187
351.072296
350.869598
350.083771
349.771362
350.173431
349.632385
349.393219
348.727386
349.048309
348.774689
348.890076
348.242065
348.248138
348.294403
347.659363
347.590607
347.285095
347.279907
347.376740
346.921143
346.602325
346.255371
346.479248
346.971649
346.601837
346.909454
346.833008
346.873444
346.721436
346.915619
346.988922
346.778778
346.778351
347.125366
347.238403
347.591919
347.512024
347.975067
347.403687
347.724548
348.194763
348.752502
348.740479
349.086975
349.313385
349.887238
349.708313
350.011993
350.689240
350.095062
350.592773
351.543304
351.231384
351.322968
351.489380
351.765961
351.821991
352.057129
352.257843
352.294830
352.685242
352.388153
352.626038
352.435608
352.394073
352.852417
352.757446
352.523102
353.082428
351.976685
352.511414
351.911652
351.768646
351.786499
351.304199
351.119415
351.392334
350.981506
350.479004
350.371185
350.816315
349.795013
349.850525
349.621216
348.881927
348.821289
348.745697
348.095398
348.247253
347.678436
347.989258
347.397980
346.771698
347.015442
346.908295
346.520416
346.828064
346.690918
346.333496
346.123718
346.427307
346.288605
346.166534
346.694550
346.435974
346.836151
346.822083
347.305359
347.224854
347.409393
347.818909
348.614105
349.010590
348.995300
349.451904
349.483887
349.992004
350.725098
350.910919
351.237488
352.019928
352.030060
352.277985
353.299530
353.512024
353.881256
354.095184
354.583466
354.270386
354.627502
354.534607
354.402802
355.111328
354.769745
354.033051
354.260590
354.113983
353.545044
352.358032
351.735779
351.036346
350.022858
348.904297
347.566956
346.373199
344.655640
342.829742
340.971375
338.636963
336.164001
334.233948
331.416412
328.797943
325.647552
322.367737
319.037354
316.208466
312.150238
308.621796
304.888275
300.852234
296.771423
292.538940
288.340698
284.063843
279.444733
275.148773
270.511963
266.232849
261.867767
256.906708
252.944794
248.247299
244.220016
239.709671
235.744736
231.569000
227.754639
224.210007
220.676361
216.979111
214.138443
211.210144
208.505203
206.135986
203.753662
202.123871
200.301849
198.963501
197.792618
197.177780
196.714920
197.328400

220.367126
184.163910
184.719513
185.433655
186.281555
187.433044
188.876251
190.586807
192.666916
194.840714
197.403778
200.048264
202.925415
205.782196
208.973083
212.183838
215.712845
219.212753
223.201080
226.817673
230.818024
234.865250
238.712433
242.806213
246.848083
250.984436
254.983643
259.097900
262.861023
266.694824
270.710754
274.055359
277.393951
281.502686
284.874329
288.272858
291.400635
294.463409
297.427307
299.855042
302.565796
304.945129
307.680695
309.652069
311.711182
313.448059
315.090576
316.737091
318.078613
319.547485
320.774384
321.465515
322.283173
323.256317
323.824158
324.026367
325.134949
325.145905
325.867859
325.900330
326.017609
326.257172
325.633575
325.766815
325.790436
325.420349
325.020813
325.021271
324.489105
324.268646
324.079926
323.759155
323.170197
322.970581
322.836548
322.462982
321.620880
322.026764
321.710358
321.106842
321.036652
320.688721
320.487671
320.245514
320.447693
320.446045
320.088837
320.060455
319.850189
320.145447
320.121246
320.213165
320.260376
319.999329
320.445740
320.709503
320.897797
320.881287
321.188568
321.720245
321.777832
322.056335
322.496155
322.619904
322.989258
323.672058
323.792267
324.435547
324.495850
324.200500
324.807220
325.463074
325.468658
325.448853
326.042847
326.319214
327.052216
326.631104
327.079315
327.627258
327.551056
327.797607
327.776703
327.509460
327.659637
327.263123
328.092743
328.015869
327.945435
328.222168
327.666870
327.638702
327.749512
327.851532
327.343048
326.913177
326.647736
326.452301
326.952087
326.180481
326.199738
325.907532
325.192932
325.353088
324.822144
324.461639
323.755676
323.613617
323.664490
323.168152
323.328461
322.317749
322.553528
321.987610
321.720215
321.514008
321.077698
321.600586
320.982971
320.876221
321.001495
320.416595
320.753052
320.623291
320.129852
320.433990
320.260406
320.496582
320.249084
320.227600
320.470825
320.387512
320.567810
320.579926
321.181152
320.786804
321.198700
321.559479
321.801392
321.934753
322.247467
322.446899
322.471252
323.287720
323.608246
323.556061
323.880951
324.364868
324.599640
325.199738
325.415253
325.602600
326.171112
326.055664
326.840607
327.090485
327.005859
327.498810
327.499756
328.054932
328.214111
328.136475
328.454010
328.797882
328.954254
328.728302
328.981659
329.284210
329.333984
329.168274
329.229248
329.549835
329.548523
329.643768
329.477814
328.711090
328.550446
328.690826
328.892609
328.404266
328.544525
328.069183
328.047882
327.956848
327.432526
327.495117
327.353241
327.040436
326.500153
325.973816
325.893036
325.523743
325.169922
324.622620
324.528931
324.387360
323.596375
323.545471
323.640594
323.301331
323.026550
322.593292
322.269196
322.003815
322.246643
321.812408
321.385803
321.200317
321.410248
321.206085
321.280365
320.831940
321.124878
320.442078
320.872223
320.822815
321.302307
321.170715
321.067352
321.015686
321.511780
321.442871
322.061523
321.754517
321.777283
322.415649
322.332001
322.267761
322.444183
323.177399
323.256927
323.658661
323.918884
324.127350
324.682678
324.626404
325.100006
325.339722
325.352264
325.781219
326.314667
326.412781
326.513184
326.795807
327.249451
327.540527
327.507721
327.419891
327.818237
328.248444
328.317841
328.389771
328.614380
328.408997
328.611938
328.667725
328.681793
328.867310
328.543701
328.701019
328.665710
328.771698
328.689941
328.323608
328.747192
328.531586
328.048981
328.296143
328.040070
327.665558
327.625366
327.605469
327.336700
326.943573
326.850739
326.617828
326.120117
326.129852
326.089661
325.256592
325.716431
325.092560
324.757233
324.325684
324.563599
323.962921
323.952301
323.572479
323.817596
323.532898
323.484497
323.115234
323.164246
322.922577
323.165833
322.825378
322.604248
322.675873
322.662292
322.726654
322.729187
322.802856
322.794281
322.802948
322.889862
323.034241
323.209686
323.287567
323.442291
324.077576
323.685242
323.964569
324.068024
324.222137
324.814941
324.633453
325.033020
325.270569
325.601349
325.977051
326.105560
326.893005
326.804260
327.157349
327.367767
327.583069
328.023132
328.431427
328.189514
328.931610
328.749359
328.965698
329.289429
329.183289
329.767883
329.772247
329.674561
330.502686
330.186584
330.285736
330.475037
330.552582
330.485413
330.730804
330.834656
331.112213
330.378693
330.886749
330.481628
330.449921
330.244751
330.203644
330.473816
330.098755
329.410645
329.808960
329.689087
329.282227
329.114624
328.886230
329.005707
328.533447
328.495636
328.360535
327.836029
327.587311
327.326294
326.918427
327.300385
326.804413
326.386322
325.963409
326.300018
325.829285
325.406219
325.483917
325.327301
325.319092
324.875580
325.489471
324.714905
324.733490
324.912659
324.888245
324.694977
324.537476
324.496399
324.778259
324.725433
324.862823
325.003693
324.894104
324.863190
325.085388
325.228241
325.481567
325.531769
325.216644
325.864624
325.653717
326.220947
326.576050
326.407074
327.208588
327.458405
326.983124
327.588684
328.100494
328.613373
328.127289
328.488098
328.919250
329.533783
329.148743
329.469940
329.989655
330.069763
330.776184
330.901733
330.866791
331.317261
331.169647
331.505676
331.027191
331.547302
331.497040
331.535919
331.758118
331.389191
331.721527
332.030701
331.643219
331.916931
331.723969
331.669922
331.689270
331.840240
331.709869
331.843475
331.042999
331.554596
331.114532
331.194214
331.094177
330.499847
330.206573
330.098206
329.693420
330.247406
329.492920
329.717987
329.582886
328.719971
328.396118
328.395233
328.489563
328.306976
328.151001
327.995300
327.825623
327.947510
327.795654
326.925659
327.414917
326.562378
327.181366
326.863892
327.067841
326.704559
327.283966
326.838379
327.177063
328.163330
326.879456
327.125427
327.498016
327.301636
327.609192
327.403473
327.558685
327.912689
327.676147
327.979553
328.291138
328.983398
328.653961
329.196899
329.382385
329.410522
329.986664
330.778839
331.142670
331.149689
331.229248
331.649811
332.033356
332.038452
332.777710
332.700653
333.319000
333.519409
334.141235
333.968414
334.785767
334.552979
335.528748
335.640594
335.587311
335.519745
335.530060
336.226074
336.520172
335.964874
336.245789
336.764130
336.398285
336.760468
336.571594
336.622467
336.723785
336.915100
336.500793
336.550720
336.644928
336.712433
336.628326
336.673615
335.918213
335.694733
335.622894
335.750122
335.620544
335.213562
334.866455
335.140228
334.447784
334.271271
333.898560
333.637939
333.382751
333.720886
333.569519
333.178619
332.930634
332.726532
332.342987
332.133240
331.803192
332.061798
331.463898
331.741669
331.653748
331.012817
331.012177
331.190430
330.928833
330.594025
330.671783
330.793823
330.782288
330.631531
330.994080
330.952240
330.782349
331.066528
331.290588
331.996826
331.737518
331.737701
332.117371
332.095978
332.798523
332.758423
333.073914
333.189148
333.321777
333.895264
333.926788
334.548889
335.024506
335.019165
335.556763
335.888000
336.115021
336.948730
336.857269
337.522034
337.882660
337.683197
338.317169
338.777374
338.657227
339.127411
339.442017
339.332489
339.782471
339.937225
340.221344
340.258148
340.359039
340.940125
340.939758
340.992462
341.235046
341.235138
341.218842
340.783966
341.623657
341.048553
341.386078
340.909424
340.963989
340.856201
340.657806
340.651947
340.422882
340.015747
339.999786
340.011383
339.253723
339.199890
338.926941
338.865326
338.567596
338.360687
337.971771
337.394196
337.064697
337.242554
336.808380
336.384644
336.340240
336.203003
335.650818
335.330139
335.119354
334.516998
334.142151
334.335052
333.840332
333.796631
333.343689
333.127075
333.214417
332.850555
333.197052
332.609283
332.486633
332.579376
332.830994
332.643677
332.103851
332.875092
332.424622
332.786255
333.113098
332.706116
332.686523
333.583954
332.650726
333.359467
333.462097
333.674042
334.191284
333.822876
334.464600
334.732239
334.464783
335.204987
335.156097
335.078857
335.418457
335.421234
336.448608
336.535339
336.546753
337.036438
336.875122
337.212921
338.009430
338.110840
337.898621
338.377777
338.706940
338.504608
338.696289
338.836060
338.755524
339.318146
339.364014
339.272858
339.526947
339.358734
339.279480
339.200378
339.792175
339.310242
339.296234
339.191742
339.084167
339.303253
338.758453
338.811157
338.663849
338.363983
338.386780
337.900177
338.266205
337.525970
337.611664
337.263184
336.827698
336.849762
336.842072
336.806641
336.350433
336.053650
335.682343
335.774048
335.699341
335.131836
334.893555
334.753265
334.698822
334.379608
334.486023
334.183258
333.456146
333.628174
333.227264
333.488800
333.382019
333.053131
333.236542
333.270996
333.063721
332.798920
333.415771
332.923431
332.751892
333.168396
333.353333
333.282776
333.514465
333.137268
334.138397
333.402954
333.868011
333.854431
334.198151
334.207458
334.270447
334.894318
334.853760
334.898193
335.057770
335.564209
335.872589
336.276794
336.184113
336.074127
336.917999
337.032440
337.141815
337.147186
337.341125
337.441772
337.764557
337.986908
338.185333
338.172729
338.286133
338.017090
338.363220
338.306458
338.735138
338.494202
338.574371
338.619873
338.287994
337.922394
337.979889
337.898163
337.631531
337.468658
337.727142
337.761536
336.994934
337.306000
336.794403
336.899323
336.405060
336.571075
335.920044
335.915100
335.594452
335.500427
335.139771
334.926300
335.216125
334.337219
334.398987
334.350372
333.564667
333.374359
333.599365
332.882294
333.309235
332.758453
332.793121
332.572815
332.474701
332.640900
332.275085
332.196625
331.757690
332.461609
332.034119
331.781586
332.075745
331.974518
332.201721
332.264740
332.590729
332.129333
332.079987
332.321808
332.455383
332.298737
332.635132
332.946594
333.297974
333.739410
333.617554
334.134918
334.327240
334.349976
335.046936
334.476471
335.034668
335.092957
335.429413
335.891998
335.946472
336.170715
336.331299
336.231018
336.656982
336.923706
336.504242
336.668427
336.936127
336.901184
337.354828
337.108368
337.206329
337.281982
337.566376
337.153778
337.123474
337.165527
336.696442
336.898987
337.113251
336.229401
336.039581
336.250977
336.271454
335.709229
336.197540
335.317017
335.152100
335.114044
334.724609
334.328491
334.142151
333.841339
333.527313
333.092499
332.955750
332.445068
332.606079
332.446655
331.785767
331.799072
331.272369
331.396576
331.398590
331.019287
331.030548
331.149902
330.702789
330.695068
330.962158
331.036560
330.928406
331.047150
331.335846
331.445160
331.260040
331.776215
331.781708
332.477783
332.567932
333.100739
332.929688
333.149292
333.760406
333.846924
334.514252
334.608917
335.403168
335.225403
335.800842
336.274017
336.746979
336.769592
337.364410
337.828369
337.553467
338.313782
338.233429
338.608368
338.110321
338.600464
338.037109
337.686920
337.287628
337.070465
336.749054
336.291748
335.147308
334.285706
333.159210
331.986420
330.644043
329.752136
327.886597
326.322906
324.493256
322.915436
319.862213
317.438354
315.333954
312.756500
309.848267
307.222931
303.586121
300.632996
297.033295
294.042236
290.235046
286.340607
282.354950
278.758972
274.443176
270.366974
266.010559
262.191071
257.633423
253.537979
249.062134
244.867630
240.506577
236.208557
232.539429
228.207550
224.075821
220.568604
216.796539
213.106125
209.631241
206.537582
203.689316
200.683289
198.407455
196.103439
194.283417
192.307846
190.657822
189.294403
188.045700
187.275955
187.302094
186.861542

221.597855
184.333466
184.902176
185.613220
186.462326
187.617569
189.063202
190.767380
192.850021
195.027161
197.601578
200.250946
203.125046
206.007065
209.206451
212.410919
215.945602
219.459702
223.444855
227.084518
231.086899
235.117569
238.989990
243.093933
247.146347
251.283539
255.304123
259.420807
263.202667
267.052246
271.098206
274.413971
277.763245
281.870392
285.251343
288.690216
291.809601
294.905212
297.878784
300.298492
303.045685
305.416687
308.179993
310.161713
312.223511
313.981842
315.653473
317.299072
318.686035
320.107819
321.390411
322.070984
322.876343
323.861023
324.454742
324.680298
325.750000
325.823029
326.534851
326.592133
326.708038
326.949890
326.350983
326.498413
326.497162
326.144409
325.762299
325.762146
325.237030
325.024506
324.858521
324.496643
323.938843
323.717224
323.570251
323.279022
322.450775
322.841309
322.499695
321.895111
321.865723
321.484406
321.293579
321.050446
321.256409
321.249756
320.936554
320.866943
320.646271
320.923950
320.914062
321.047821
321.043427
320.803101
321.219818
321.500183
321.673676
321.650116
321.940369
322.494354
322.521973
322.812897
323.266327
323.350281
323.714386
324.438751
324.565002
325.166443
325.178314
324.935638
325.513947
326.179657
326.164185
326.164856
326.711792
326.979889
327.744598
327.313843
327.712311
328.257324
328.191284
328.402649
328.404480
328.136810
328.288208
327.878448
328.701996
328.616394
328.569641
328.846313
328.258057
328.221161
328.358124
328.393372
327.938354
327.420532
327.233093
327.007233
327.506500
326.729645
326.732422
326.465485
325.738525
325.879730
325.355377
324.975983
324.284393
324.117218
324.211823
323.713928
323.826752
322.831604
323.081360
322.515808
322.215210
322.024017
321.544952
322.115601
321.466736
321.403564
321.490173
320.923706
321.251862
321.153809
320.631989
320.973816
320.770020
321.010132
320.736786
320.724854
320.991730
320.875946
321.053558
321.089691
321.692383
321.308319
321.717743
322.062805
322.323730
322.450836
322.778381
322.962280
323.002472
323.841858
324.131104
324.084930
324.437531
324.874115
325.126068
325.741913
325.966827
326.116425
326.703735
326.587799
327.378815
327.607025
327.524475
328.015717
328.037231
328.609528
328.751556
328.651031
328.981934
329.328339
329.484131
329.244690
329.505463
329.818481
329.832550
329.658539
329.703094
330.078278
330.029907
330.127777
329.958832
329.198090
329.014862
329.168304
329.356567
328.846313
328.995209
328.516602
328.488708
328.398010
327.855011
327.908905
327.797028
327.457336
326.891235
326.369598
326.260803
325.917542
325.529510
324.982574
324.893188
324.740387
323.938934
323.856750
323.994110
323.592102
323.338379
322.916168
322.551331
322.295288
322.493256
322.073120
321.639801
321.459717
321.657196
321.460388
321.517639
321.046417
321.326965
320.636414
321.041504
321.017273
321.376892
321.325623
321.237335
321.161652
321.665894
321.602905
322.200134
321.883148
321.885925
322.542389
322.444916
322.378265
322.558868
323.294800
323.349548
323.773224
324.032440
324.224304
324.765533
324.704071
325.188171
325.451874
325.446014
325.862366
326.415955
326.510223
326.596130
326.882935
327.335266
327.635468
327.589966
327.514984
327.920227
328.342712
328.426392
328.487396
328.713623
328.515564
328.718475
328.801483
328.828369
328.992950
328.698303
328.835358
328.792694
328.937500
328.861908
328.478821
328.933929
328.716797
328.224548
328.494995
328.260620
327.886047
327.866516
327.839935
327.574402
327.167236
327.109802
326.880035
326.388367
326.395508
326.374146
325.541870
326.022491
325.410828
325.050446
324.634705
324.892883
324.288116
324.299896
323.915894
324.185760
323.886902
323.829590
323.495209
323.553986
323.318634
323.553528
323.226410
322.997192
323.051697
323.059143
323.138855
323.152344
323.209351
323.184082
323.222076
323.317871
323.428192
323.627625
323.706909
323.861298
324.499512
324.102325
324.371307
324.471222
324.627441
325.219635
325.053162
325.432098
325.660767
325.971313
326.348694
326.462921
327.247894
327.154846
327.516327
327.700531
327.922607
328.350464
328.746765
328.477203
329.224030
329.041016
329.225006
329.569702
329.455536
330.016022
329.994080
329.888977
330.702179
330.364716
330.475769
330.628662
330.692871
330.635132
330.839111
330.900299
331.195404
330.448395
330.932129
330.522614
330.460388
330.268066
330.187622
330.439392
330.027130
329.325043
329.721100
329.591309
329.166443
329.005005
328.750854
328.827057
328.342621
328.308563
328.156036
327.611511
327.349640
327.059845
326.640533
327.021515
326.512054
326.068542
325.661163
325.930420
325.465515
325.044312
325.104736
324.918579
324.902802
324.470551
325.051270
324.261658
324.250031
324.470612
324.391907
324.216339
324.040710
324.012238
324.253448
324.215393
324.345398
324.469574
324.335907
324.315735
324.501770
324.661285
324.919525
324.945984
324.657532
325.301910
325.102325
325.649841
326.028656
325.812805
326.620026
326.883545
326.391022
327.011932
327.540253
328.071045
327.570251
327.947510
328.340790
328.970795
328.591064
328.928284
329.446136
329.532135
330.226318
330.363892
330.345306
330.820648
330.654480
330.964417
330.503845
331.044128
331.024841
331.067474
331.278778
330.930298
331.259796
331.569672
331.227173
331.492645
331.308411
331.243927
331.304779
331.454376
331.319214
331.468872
330.679565
331.201233
330.792786
330.834656
330.791016
330.194702
329.912567
329.799683
329.429718
329.936768
329.207001
329.509308
329.393127
328.504944
328.149414
328.199463
328.299713
328.081360
327.984985
327.818481
327.631348
327.774597
327.649902
326.799896
327.313782
326.399536
327.063019
326.759674
326.989197
326.611816
327.225372
326.781860
327.070312
327.404266
326.808563
327.081055
327.454773
327.225952
327.537628
327.295410
327.546417
327.874725
327.595032
327.919403
328.285065
328.973785
328.623810
329.161530
329.339203
329.380249
329.929138
330.726776
331.094757
331.099945
331.162628
331.588684
331.950470
331.993835
332.750275
332.623688
333.235199
333.449860
334.046906
333.859375
334.675476
334.436249
335.435760
335.535095
335.456451
335.381317
335.414856
336.094116
336.333344
335.822174
336.072327
336.585327
336.210571
336.543549
336.363220
336.407104
336.528534
336.677979
336.304901
336.313202
336.413086
336.446136
336.374695
336.398193
335.634796
335.410187
335.343658
335.437012
335.308655
334.913788
334.501984
334.791656
334.082428
333.902832
333.514343
333.245392
332.992126
333.338135
333.141327
332.756958
332.504669
332.294800
331.901031
331.675476
331.321106
331.583313
330.979797
331.257690
331.152679
330.518158
330.491760
330.643982
330.408051
330.063965
330.145172
330.244446
330.235901
330.065338
330.399231
330.372894
330.215485
330.492310
330.704285
331.412445
331.124603
331.114716
331.499664
331.465118
332.186218
332.137360
332.424164
332.556366
332.681610
333.242859
333.274506
333.897430
334.356628
334.328613
334.882935
335.241852
335.421539
336.242218
336.162109
336.830231
337.219513
336.961151
337.616394
338.076965
337.958527
338.431763
338.734650
338.619537
339.048004
339.208160
339.495728
339.508789
339.640289
340.222748
340.218536
340.262512
340.508575
340.510712
340.478851
340.051147
340.884644
340.308838
340.634460
340.193390
340.264587
340.126801
339.916046
339.919250
339.703278
339.277649
339.272430
339.276031
338.537048
338.485016
338.193542
338.127655
337.796722
337.624146
337.278900
336.692719
336.348450
336.504669
336.103119
335.654541
335.611755
335.481293
334.955688
334.642944
334.403442
333.833160
333.451141
333.685364
333.188110
333.148407
332.696564
332.478180
332.581604
332.213043
332.519287
331.991516
331.887299
331.974182
332.195923
332.041290
331.487732
332.283173
331.849670
332.201752
332.563782
332.097198
332.116730
333.015839
332.113861
332.832428
332.934601
333.148560
333.703278
333.310944
333.982178
334.251831
334.001282
334.736053
334.717163
334.663696
335.000763
335.038147
336.056213
336.114960
336.152588
336.654846
336.528320
336.861511
337.681915
337.757324
337.596100
338.060028
338.384521
338.237549
338.385681
338.533813
338.483887
339.034698
339.133942
339.076508
339.295624
339.171661
339.104492
339.018585
339.607269
339.214142
339.165222
339.084198
338.940155
339.211029
338.681580
338.725739
338.567352
338.291260
338.344269
337.837036
338.237701
337.508545
337.601471
337.212158
336.818390
336.873077
336.896484
336.854797
336.414764
336.113831
335.751678
335.861633
335.792877
335.194427
334.995178
334.879089
334.806915
334.535889
334.634979
334.311432
333.612152
333.565125
333.422302
333.688232
333.571930
333.256012
333.445648
333.490082
333.270325
333.058014
333.675873
333.154694
332.996094
333.434052
333.617188
333.543701
333.799988
333.421234
334.422821
333.708771
334.153381
334.138336
334.488708
334.495117
334.539581
335.191864
335.162384
335.186676
335.371063
335.855377
336.169220
336.568298
336.463379
336.380188
337.227936
337.343231
337.453674
337.441956
337.666534
337.764801
338.057587
338.310486
338.496826
338.506165
338.612640
338.337524
338.683716
338.605835
339.027496
338.793121
338.878021
338.958313
338.590057
338.222595
338.303528
338.187500
337.930511
337.750275
338.034271
338.045227
337.288879
337.590332
337.084625
337.186401
336.687195
336.834961
336.175201
336.182922
335.856110
335.736237
335.389008
335.207184
335.445587
334.586060
334.628448
334.569885
333.798462
333.608917
333.819946
333.084930
333.555817
332.991394
333.002411
332.794800
332.689209
332.842072
332.441498
332.397156
331.948120
332.662933
332.217590
331.970428
332.256927
332.159332
332.373169
332.422699
332.753387
332.272552
332.224487
332.479309
332.579742
332.448364
332.768433
333.104767
333.479034
333.858673
333.745819
334.266815
334.473083
334.494812
335.196808
334.600952
335.160828
335.208374
335.555023
336.008484
336.065460
336.274811
336.430359
336.338928
336.769562
337.060944
336.610229
336.792023
337.050903
337.002167
337.457062
337.195312
337.289490
337.400269
337.655121
337.250183
337.208282
337.262024
336.749603
336.992188
337.204498
336.322845
336.103333
336.323792
336.364410
335.804474
336.249817
335.384979
335.232880
335.175354
334.789734
334.426208
334.207245
333.897186
333.600433
333.164581
332.993469
332.494873
332.687775
332.488464
331.851410
331.873108
331.337402
331.439545
331.469879
331.073486
331.069061
331.195892
330.746246
330.730743
331.025391
331.081635
330.973053
331.087799
331.368835
331.491547
331.328064
331.816528
331.828217
332.525482
332.626892
333.143585
332.966400
333.208923
333.805115
333.885742
334.559631
334.667450
335.444275
335.259766
335.835266
336.305237
336.778564
336.828003
337.387451
337.835724
337.568298
338.337402
338.262329
338.619232
338.162018
338.626465
338.055115
337.717865
337.328339
337.085938
336.754852
336.320648
335.166077
334.302856
333.160919
332.009949
330.646271
329.722656
327.898041
326.331696
324.508026
322.938782
319.894653
317.437347
315.333496
312.756653
309.853333
307.226746
303.587738
300.645996
297.021423
294.027100
290.232697
286.343292
282.353546
278.758575
274.431946
270.373199
266.011200
262.191498
257.620453
253.534332
249.071014
244.855774
240.495728
236.211380
232.516129
228.207382
224.061401
220.558060
216.788879
213.086761
209.619492
206.514969
203.685455
200.657059
198.401154
196.096512
194.269455
192.280792
190.644608
189.275116
188.025269
187.264084
187.277084
186.853760

