279.702606
171.894913
172.434677
172.931824
174.145370
174.994827
176.529953
177.911453
179.902786
181.910065
184.284760
186.617432
188.895676
192.042450
194.771317
198.190063
201.434586
204.537506
208.134827
211.739624
215.201523
219.114349
222.571426
226.503799
230.091965
233.761002
237.936401
241.462723
244.766296
248.494934
252.009537
255.361038
258.987518
262.152832
265.420258
268.234772
271.467499
274.087585
276.904968
279.432037
281.993713
284.167542
286.640350
288.509857
290.555420
292.017609
293.953583
295.180603
296.907043
298.030060
299.011353
299.864868
301.119507
301.837189
302.334290
302.925751
303.364960
303.907349
303.937683
304.411285
304.332764
304.151794
304.548553
304.680450
304.546875
304.306396
304.310516
303.794800
303.333099
303.506927
303.055481
302.972961
302.752106
302.586548
302.222046
302.129822
301.919189
301.659668
301.143707
300.510345
300.982483
300.867554
300.816040
300.596832
300.481110
300.256805
300.303497
300.489532
300.144531
300.403381
300.422852
300.834412
300.922516
301.278107
301.004669
301.349945
301.411377
301.794647
302.006378
302.112518
302.891388
303.230072
303.032349
303.680817
304.218781
304.177368
304.687103
305.211151
305.362213
305.637115
305.895721
306.420227
306.984009
306.933533
307.459442
308.005432
308.092010
308.698456
308.506866
308.756195
308.864838
309.241119
309.289429
309.477722
309.468689
309.792572
309.815216
309.772430
309.724396
310.216583
309.837708
309.786713
309.539459
309.678253
309.349823
309.639587
309.498444
309.405304
308.510223
309.014954
308.438141
308.879547
308.135162
307.794189
307.935333
307.944031
307.094818
307.070343
306.739777
306.412781
306.328949
306.114868
305.939758
305.291870
305.607422
305.047180
305.329895
304.706421
304.705566
304.661438
304.787384
304.464233
304.397644
304.473175
304.577850
304.507690
304.363373
304.642456
304.819275
304.727173
304.642853
305.336914
305.155792
305.120514
305.555634
305.933960
305.894470
306.232697
306.614899
307.125671
307.529877
307.510651
307.436890
308.428101
308.580719
309.094849
309.065186
309.612213
309.849823
310.703186
310.627258
311.507965
311.363617
311.590546
312.134949
312.087738
312.541992
312.736298
313.712738
313.797974
313.885498
314.161377
314.187683
314.276947
314.656525
314.625519
315.040771
315.085968
315.343750
315.275604
315.477692
315.515961
315.663239
315.520538
315.613922
315.604187
315.569885
315.080750
315.157166
315.094482
314.886017
314.678711
314.659515
314.635193
314.256836
313.849457
313.573303
313.709045
313.620239
313.012024
312.903015
312.629761
312.277008
312.097504
312.691925
311.615601
311.081848
311.586121
311.595428
310.676971
310.626404
310.062347
310.326752
310.048767
310.120270
309.877960
309.351410
309.914490
309.443481
309.420959
309.683289
309.574768
309.354095
309.196472
309.640778
309.443085
309.445953
309.720398
309.530151
310.040558
309.831665
310.381531
310.333008
310.886871
310.804718
310.766724
311.402832
311.916443
311.728943
312.243500
312.667175
312.764862
312.865143
313.174561
313.622620
314.099152
314.261658
314.816528
314.619415
315.064575
315.249207
315.726562
315.605164
316.377411
316.678497
316.682007
317.125122
317.643860
318.002625
317.936188
318.100372
317.885803
318.229706
318.110260
318.649475
319.023407
319.166107
318.607635
318.602264
318.849884
319.013489
319.038879
319.187653
318.818970
318.834747
318.685730
318.741760
318.543243
318.590240
318.101379
317.800568
318.209167
317.983276
317.959137
317.715912
317.422241
317.351898
316.791321
316.710419
316.344055
316.706451
316.402405
316.054504
316.068207
315.678589
315.387207
315.267548
315.092255
315.252441
314.857239
315.233612
314.745148
314.750153
314.670776
314.766479
314.638947
314.551514
314.843903
314.367371
314.393250
314.601471
314.856049
314.629822
314.819794
314.894531
315.475220
315.080933
315.367218
316.173462
316.014801
315.928711
316.381927
316.240936
316.974091
317.000000
317.453735
318.087921
317.590912
318.194855
318.885254
319.157562
319.220978
319.441284
319.370300
320.417450
320.240295
320.484680
321.322754
321.034210
321.493683
321.794220
321.947571
322.180115
322.459320
322.782562
323.072205
323.339142
323.434753
323.357330
323.489044
323.464203
323.957275
323.686768
324.155060
324.044067
324.187958
324.176086
324.040161
324.050720
323.841095
324.477936
324.005035
324.060791
323.715851
323.542023
323.281464
323.249054
323.260193
322.964691
323.025970
322.597290
322.109558
322.163452
321.721924
321.747375
321.623413
321.201294
321.462585
321.265106
320.759521
320.313690
320.354340
320.370667
320.341431
319.966522
319.893250
320.013031
319.436981
319.380341
319.732666
319.227020
319.218201
318.931702
318.957367
318.915344
319.299255
319.461487
319.231506
318.969910
319.424927
319.328491
319.815186
319.471649
319.649536
320.118225
320.037354
320.426575
320.679077
320.717255
321.098938
321.378571
321.516937
321.580475
321.760895
322.380707
322.572327
322.788849
322.725952
323.084595
323.249451
323.594238
324.257812
324.123718
324.686035
324.919281
325.352234
325.770325
326.087463
326.051514
326.070312
326.984863
326.509888
326.830688
326.953522
327.314026
326.924835
327.459930
327.849792
327.610901
327.568909
327.866943
327.921906
327.998474
328.052399
327.809143
327.642792
327.711945
327.954712
327.782104
327.313202
327.228455
327.342041
327.291077
327.388519
326.829865
327.008270
326.699860
326.362518
326.239441
326.518646
326.281464
325.512421
325.541260
325.205933
325.415100
325.003754
325.159698
325.253479
324.884949
324.710907
324.837402
324.482086
324.399445
324.055267
323.978577
324.386322
324.172455
323.970367
324.081879
324.101654
324.528839
324.187439
324.210236
324.081299
324.235321
324.776520
325.147583
325.366302
325.016724
325.280151
325.418549
325.695953
326.414612
326.541595
326.344818
326.959656
327.403503
327.605347
328.063416
328.131439
328.860596
329.044250
328.970184
329.709930
330.183929
330.095764
330.529663
331.081848
331.466919
331.980591
332.255493
332.759735
332.903839
333.070953
333.683197
333.618683
334.116150
334.424591
334.943237
334.658691
335.201965
335.007812
335.874176
336.045654
335.577942
335.881195
336.591675
336.096497
336.375885
336.373810
336.630859
336.221191
336.350677
336.457031
336.186646
336.117310
336.116547
336.210114
336.052643
336.058655
335.784546
335.343140
335.366150
335.103851
335.022034
334.983978
334.815491
334.419464
334.346191
334.351166
333.732941
333.813446
333.138489
333.314728
333.207733
333.480957
332.936432
332.888458
332.328400
332.738861
332.278259
332.059845
332.500793
332.315552
332.592438
332.260620
332.141296
331.863037
332.252380
332.580292
332.463348
332.510468
332.736694
332.480652
332.925537
332.617126
333.250183
333.357605
333.938843
333.901825
334.074677
334.306915
334.723450
335.000702
335.465302
335.795044
336.441803
336.573029
336.885345
337.017792
337.698547
337.842499
338.317139
338.425537
338.878632
339.407928
340.021454
340.232025
340.377106
340.595123
341.043427
341.511810
341.975220
341.739746
342.739532
342.996063
343.204559
343.446014
343.439972
343.571625
344.178040
344.101929
344.204803
344.576813
344.862915
344.591095
344.688477
344.745361
344.350677
344.983795
344.151215
344.752716
344.821686
344.745605
344.026245
344.268982
344.273010
343.641998
343.855743
343.617096
343.334778
342.939117
342.915466
342.433868
342.206726
341.920868
342.221313
341.858612
341.226562
341.084900
340.905121
340.375671
340.497711
340.139130
339.643341
339.640961
339.413940
338.934296
338.958466
339.062286
338.403168
338.440887
338.415161
338.339417
338.173859
337.747162
337.440155
337.922180
337.223572
338.102295
337.903961
337.813782
337.898865
337.855072
338.254272
338.153992
338.072571
338.630219
338.905701
338.683990
339.112274
339.122803
338.983612
339.571136
339.835052
340.178558
340.597748
340.829803
341.263458
341.363708
341.740692
342.085144
342.563599
342.514191
343.108215
343.052032
343.153717
343.965363
344.111053
344.515076
344.375610
344.827545
345.100281
345.340912
345.582977
346.008026
346.189789
346.342499
346.252167
346.355652
346.701752
346.820068
346.776062
346.989746
346.602936
346.829529
346.479126
347.312347
346.612000
346.890167
346.849976
347.021729
346.873352
346.636353
345.819763
346.350800
346.209564
346.191956
345.927673
345.556183
345.357391
345.377258
344.895569
344.617950
344.604828
344.531952
344.336670
344.338928
343.920898
343.743286
343.313324
343.449615
343.179932
342.990417
342.918793
342.653290
342.822479
342.663666
342.643219
342.323792
342.449341
342.094391
342.120331
341.661163
341.816406
341.992737
341.667084
342.258820
341.793518
342.102417
342.449432
342.243439
342.208649
343.142029
342.499512
342.630249
343.355743
343.369171
343.252899
343.650391
343.531830
343.876251
344.241028
344.338409
344.686401
345.130157
344.959656
345.591309
345.672180
345.895386
346.087036
346.505615
346.314087
346.548065
346.894073
347.699280
347.337952
347.846344
347.377686
348.038788
348.034851
348.354004
348.510712
347.971283
348.518250
348.700897
348.292450
348.741821
348.437408
348.874481
348.436523
348.077484
348.324524
348.281464
348.065887
348.309998
347.894470
348.069275
347.594482
347.407318
347.097290
346.950012
346.688416
346.623901
347.038452
346.079651
346.016266
345.920746
345.238525
345.393127
345.239960
344.822510
344.448547
344.080261
343.948669
344.150208
343.583801
343.387024
343.683655
343.214294
343.199219
343.153748
342.876740
343.686615
343.046814
343.012390
342.897339
342.925446
342.482025
343.068115
342.467377
342.953705
342.867676
342.973480
342.797760
343.465210
343.427002
343.658539
343.550323
343.792938
343.848633
344.217041
344.410522
344.934631
345.028046
345.312134
345.182465
345.468536
346.282135
346.047791
346.515900
346.927521
346.649078
346.968079
346.951874
347.457825
347.509125
347.703094
347.501190
348.016663
348.051514
348.094513
348.239410
348.158752
348.632416
348.727203
348.533936
348.511658
348.776001
348.433624
348.571991
348.755188
348.578156
348.344391
348.038208
348.046173
347.933716
347.543182
347.443512
347.184357
346.698822
346.514099
346.269592
345.924683
346.030060
345.436890
345.147400
344.568878
344.638397
344.426788
344.195404
343.934845
343.783020
343.987610
343.446564
342.993683
343.226166
343.037628
342.545288
342.225922
342.504181
342.404999
342.370148
342.471344
342.522064
342.438171
342.778534
342.798676
343.162537
343.550323
343.092621
344.198822
344.037933
344.086853
344.723511
344.881592
344.821381
345.702667
346.042053
346.400391
347.730286
347.649017
347.858673
348.519318
348.382843
349.017365
349.452118
349.654541
350.339081
350.329224
350.838928
350.973511
351.026550
351.110504
350.403168
350.893616
350.518005
350.687714
349.978729
349.345825
348.582001
347.581238
346.976105
345.771271
344.783905
343.995331
342.093323
340.973816
339.065674
336.917236
334.890320
332.515045
330.314545
327.290466
325.324982
322.360352
318.789368
315.754730
312.370056
308.677246
305.299713
301.564026
297.613403
293.489044
289.453400
285.316223
281.346619
276.475800
272.066132
267.780975
263.537689
258.749329
254.627853
250.067856
245.540009
241.644699
237.000961
233.196060
229.282501
225.187332
221.828781
218.331909
214.837601
212.046005
208.940659
206.326477
203.714935
201.560181
199.823181
198.173523
196.911896
195.450165
194.828705
194.376495
194.740799

281.680420
171.719269
172.270523
172.789139
174.006241
174.848953
176.392151
177.787140
179.770065
181.803360
184.175751
186.526581
188.836975
191.988480
194.742142
198.176773
201.434998
204.566132
208.201050
211.820663
215.296722
219.227005
222.714035
226.691650
230.318756
234.002396
238.217468
241.730820
245.074203
248.866318
252.397430
255.770706
259.450165
262.627777
265.922699
268.766235
272.060150
274.738068
277.576202
280.131592
282.737213
284.957245
287.455170
289.391510
291.422394
292.944550
294.932556
296.174835
297.947327
299.101349
300.126892
301.023499
302.329346
303.106018
303.588806
304.213684
304.695190
305.277344
305.315460
305.846436
305.811066
305.643341
306.103394
306.242920
306.132690
305.921997
305.977753
305.512634
305.074097
305.248566
304.844604
304.759003
304.540833
304.412079
304.103333
304.015533
303.850098
303.561890
303.045258
302.465393
302.906433
302.842712
302.820496
302.567841
302.537506
302.279968
302.318604
302.550720
302.204437
302.430634
302.462860
302.900970
303.016022
303.345825
303.008789
303.412262
303.479309
303.854187
304.062469
304.148163
304.935425
305.234528
305.083923
305.658051
306.233734
306.171936
306.633118
307.158020
307.313049
307.532349
307.837463
308.326050
308.845245
308.786224
309.272064
309.784088
309.863953
310.469910
310.212067
310.455963
310.533234
310.867065
310.935425
311.092743
311.036682
311.391998
311.281647
311.267395
311.163025
311.679840
311.221588
311.161407
310.895264
310.981506
310.611145
310.923706
310.741943
310.560516
309.669952
310.109009
309.498474
309.934174
309.166229
308.853241
308.912231
308.882599
307.978638
307.958069
307.574585
307.213593
307.127899
306.875336
306.698608
305.960876
306.259491
305.698120
305.924896
305.257019
305.236115
305.193726
305.281433
304.943268
304.842743
304.906677
304.963593
304.875916
304.706818
304.978577
305.110596
305.019928
304.901276
305.584503
305.369690
305.319366
305.725677
306.083527
306.052124
306.366852
306.735901
307.203033
307.612579
307.569000
307.480164
308.463745
308.590485
309.129517
309.066071
309.599152
309.839325
310.669922
310.606476
311.470398
311.316132
311.514618
312.076904
311.997131
312.457306
312.641571
313.640106
313.685577
313.770874
314.063110
314.095154
314.172272
314.568512
314.540588
314.930542
314.973114
315.216187
315.182220
315.378265
315.419983
315.579102
315.431519
315.533905
315.541718
315.509735
314.999603
315.077026
315.045166
314.804688
314.641022
314.592834
314.593048
314.217163
313.836578
313.601501
313.696899
313.648438
313.038300
312.920288
312.704987
312.358215
312.177856
312.751678
311.728516
311.181549
311.710693
311.737671
310.832916
310.806976
310.237488
310.530884
310.281097
310.374573
310.119690
309.620575
310.210327
309.726440
309.725555
310.000000
309.892853
309.735046
309.552307
310.041779
309.871094
309.882233
310.202393
310.032684
310.576355
310.353424
310.929077
310.892517
311.471466
311.423065
311.400177
312.081482
312.624084
312.479584
312.964691
313.447449
313.529022
313.638489
314.020233
314.474030
314.989136
315.163483
315.697113
315.623749
316.063354
316.239441
316.739471
316.644714
317.494049
317.772430
317.866699
318.259247
318.831390
319.238190
319.186340
319.361877
319.194733
319.588898
319.434113
319.998322
320.377655
320.524109
320.049896
320.068909
320.389465
320.525696
320.604126
320.793335
320.403137
320.476349
320.400421
320.415344
320.292419
320.382385
319.887878
319.569855
320.028687
319.829468
319.822510
319.628632
319.388672
319.259247
318.650208
318.700653
318.379730
318.718445
318.405762
318.128326
318.187378
317.714691
317.506378
317.400085
317.295471
317.400055
317.056976
317.443115
316.950378
316.970001
316.884308
317.040039
316.929932
316.905029
317.116272
316.753845
316.770477
316.876862
317.183807
316.981232
317.105011
317.190308
317.788666
317.487213
317.783752
318.493896
318.388916
318.297150
318.765503
318.661865
319.353333
319.312103
319.859863
320.478241
319.962250
320.590759
321.277679
321.470306
321.534149
321.741974
321.648468
322.731812
322.527191
322.715118
323.532593
323.292633
323.730469
323.998413
324.118134
324.394958
324.625763
324.881989
325.221802
325.422485
325.490448
325.453186
325.552521
325.465363
325.935974
325.655884
326.118652
326.022308
326.070435
326.127808
325.985413
325.899780
325.655182
326.235565
325.789490
325.717590
325.399963
325.207092
324.961853
324.878662
324.861176
324.489288
324.555359
324.134552
323.610626
323.602905
323.133820
323.145660
322.996216
322.530731
322.761200
322.527039
322.002350
321.522278
321.532257
321.509369
321.478699
321.065063
320.952484
321.049072
320.466553
320.315735
320.716309
320.150696
320.097412
319.774994
319.797150
319.742981
320.052368
320.214905
320.003265
319.685089
320.100311
320.013397
320.485657
320.032684
320.237274
320.688660
320.576263
320.971252
321.177155
321.199249
321.544830
321.810394
321.906708
321.976074
322.138031
322.722870
322.905731
323.168640
323.010071
323.389496
323.528351
323.864716
324.496338
324.357697
324.886749
325.109161
325.515961
325.956055
326.264313
326.205566
326.178070
327.101715
326.611206
326.927338
327.028015
327.391968
326.989288
327.511719
327.899506
327.654785
327.584137
327.881592
327.928009
328.000580
328.052460
327.778656
327.638397
327.685364
327.918304
327.734070
327.280518
327.195343
327.298584
327.228729
327.302063
326.758881
326.931061
326.591370
326.272736
326.163391
326.417175
326.195221
325.397186
325.449249
325.102722
325.291870
324.880310
325.035858
325.124207
324.727783
324.568451
324.696320
324.315704
324.231323
323.860046
323.837494
324.207336
323.990753
323.748596
323.889526
323.914001
324.335419
323.980835
324.093018
323.843079
323.996277
324.511292
324.914856
325.079651
324.767914
325.014923
325.142853
325.405975
326.106018
326.284698
326.041962
326.627045
327.102600
327.298096
327.713593
327.766998
328.492950
328.676727
328.587921
329.326172
329.772705
329.687836
330.148865
330.673676
331.007080
331.531921
331.798126
332.262207
332.433807
332.587616
333.197754
333.106873
333.607819
333.901794
334.377838
334.083466
334.633118
334.453369
335.287964
335.451874
334.987366
335.292114
335.983124
335.475403
335.744476
335.743469
335.982147
335.566254
335.706299
335.782959
335.482422
335.418732
335.406067
335.504578
335.355316
335.345215
335.048187
334.595978
334.602783
334.321014
334.262115
334.216125
334.047974
333.637970
333.568604
333.556122
332.943787
333.017303
332.334045
332.502533
332.417450
332.669617
332.125793
332.048218
331.464935
331.925903
331.464050
331.256134
331.664185
331.511932
331.751190
331.449432
331.299255
331.026520
331.391418
331.722870
331.636780
331.682678
331.912262
331.648773
332.072998
331.794037
332.467285
332.533203
333.130707
333.111542
333.317169
333.495972
333.955505
334.209564
334.662811
335.046600
335.666138
335.785431
336.109070
336.277283
336.987366
337.149445
337.613098
337.743103
338.203003
338.740692
339.389771
339.582428
339.747711
339.953918
340.448273
340.909241
341.384705
341.139160
342.132416
342.419769
342.634888
342.887970
342.887390
343.027008
343.673309
343.577881
343.701202
344.078186
344.393494
344.104340
344.250763
344.285187
343.922272
344.556885
343.734924
344.373322
344.435608
344.355957
343.649384
343.916992
343.938232
343.308685
343.540894
343.315186
343.051239
342.652100
342.660065
342.190338
341.985687
341.655579
341.971283
341.649597
341.027740
340.875336
340.743317
340.207733
340.340515
340.000031
339.520416
339.497070
339.281860
338.836487
338.856964
338.968903
338.308075
338.368927
338.336670
338.280334
338.128021
337.728058
337.394806
337.876221
337.209442
338.094971
337.917908
337.806732
337.887634
337.880524
338.252289
338.195618
338.109619
338.684784
338.960602
338.719849
339.157593
339.192963
339.038666
339.654785
339.912476
340.242676
340.684509
340.914124
341.345947
341.435883
341.844055
342.161102
342.649475
342.607269
343.203613
343.135071
343.241302
344.052979
344.194427
344.621338
344.490662
344.909271
345.194641
345.438019
345.673645
346.110229
346.279297
346.437927
346.352112
346.468781
346.801147
346.919159
346.881775
347.105469
346.702606
346.894318
346.529022
347.377441
346.686157
346.953827
346.924957
347.085388
346.919769
346.662170
345.863434
346.402405
346.247345
346.224854
345.961914
345.581573
345.387115
345.409698
344.925171
344.621887
344.617706
344.499268
344.325500
344.345642
343.903015
343.702545
343.281555
343.385986
343.110382
342.941864
342.855621
342.572388
342.738953
342.580841
342.612671
342.253052
342.356293
342.000885
342.024139
341.549591
341.715393
341.854980
341.556702
342.124023
341.652924
341.943817
342.285400
342.041931
342.033051
342.947693
342.298370
342.434265
343.147064
343.160980
343.018646
343.414185
343.316498
343.642975
343.967316
344.098450
344.427490
344.869446
344.691345
345.317078
345.384369
345.613861
345.797150
346.212036
346.030975
346.213562
346.551514
347.369110
346.991669
347.508148
347.057831
347.682159
347.708618
347.968567
348.159363
347.601746
348.140625
348.334900
347.906799
348.333710
348.015411
348.480316
348.020660
347.687164
347.922913
347.867157
347.667450
347.901825
347.488739
347.643097
347.151642
346.959534
346.666199
346.504303
346.223694
346.190979
346.586853
345.623871
345.569092
345.479950
344.787720
344.918579
344.791046
344.384521
344.002167
343.635681
343.477875
343.710388
343.139709
342.921448
343.256348
342.768829
342.742676
342.682770
342.416046
343.233765
342.582397
342.576996
342.413757
342.508881
342.049622
342.620087
342.054840
342.517639
342.416626
342.485046
342.346344
343.007080
342.949921
343.218781
343.092072
343.382751
343.424255
343.784546
343.973846
344.539886
344.607513
344.835693
344.767029
345.048492
345.856323
345.649811
346.118134
346.593048
346.281036
346.567963
346.565369
347.096039
347.169189
347.321686
347.129486
347.627594
347.672150
347.717133
347.907806
347.827423
348.274719
348.356323
348.186218
348.162537
348.413208
348.061157
348.250153
348.396423
348.258484
348.037354
347.752533
347.730530
347.625122
347.238159
347.124756
346.858032
346.381378
346.197266
345.998199
345.611145
345.730652
345.155975
344.869171
344.301971
344.362518
344.150269
343.901855
343.662720
343.491852
343.742859
343.193573
342.751007
342.929657
342.769775
342.320801
341.991180
342.250397
342.161072
342.113892
342.231812
342.288177
342.192017
342.523712
342.568451
342.902985
343.286163
342.845886
343.990753
343.818420
343.871002
344.500305
344.667999
344.598419
345.491272
345.796722
346.160583
347.495300
347.417023
347.623352
348.292297
348.173187
348.786377
349.247375
349.421631
350.117645
350.113190
350.632324
350.783691
350.822601
350.898682
350.208282
350.698639
350.308533
350.492126
349.802673
349.106140
348.384277
347.379822
346.750214
345.523254
344.575806
343.790741
341.899353
340.762390
338.833252
336.712341
334.694183
332.319916
330.113037
327.090881
325.124420
322.169464
318.584839
315.558441
312.157684
308.468658
305.091034
301.346985
297.395172
293.282532
289.250854
285.094299
281.140442
276.255432
271.856567
267.553467
263.322876
258.536316
254.423065
249.869064
245.302170
241.434372
236.805374
232.986481
229.065170
224.977982
221.629852
218.119949
214.654495
211.875275
208.720490
206.103775
203.505692
201.365768
199.610535
197.963440
196.703903
195.241257
194.622955
194.170197
194.480148

223.439758
182.642426
183.046921
183.868439
184.770859
186.091431
187.587173
189.474091
191.582977
193.826126
195.928589
198.089142
201.040604
204.136063
207.542572
210.648819
214.148712
217.485977
221.477295
225.024826
229.198792
232.966507
236.923004
241.058182
245.188889
249.383453
253.214249
257.152283
261.076172
264.907867
268.374115
272.103241
275.884949
279.491852
283.205872
286.797028
290.024109
292.520203
295.768768
298.326263
300.708618
302.612762
305.271698
307.992828
309.239258
310.531860
312.944946
314.948151
316.331787
317.282532
318.653992
319.241974
320.810913
321.936951
322.886932
322.696503
323.601562
323.653870
324.001373
324.070465
323.996216
324.392853
323.977844
323.791443
323.916595
323.858459
323.113922
323.235168
322.697876
322.122681
322.326935
321.992126
322.029602
321.653748
320.985291
320.918518
320.670197
320.411865
320.301453
320.279266
319.945984
318.924011
318.485321
318.745941
318.594757
318.461395
318.425049
318.439087
318.718933
319.172119
319.335724
319.388367
319.634125
319.561523
319.176971
319.495667
319.315002
319.869141
320.264435
320.479156
320.978912
321.371490
321.095398
321.720428
322.174072
322.531677
323.035034
323.670593
324.325897
324.472656
324.157501
323.584229
323.472290
323.452850
324.082214
325.133392
325.186340
325.262634
324.944305
325.409882
325.705353
325.245850
326.307739
326.439758
326.795288
326.460663
326.893036
326.465485
326.805756
326.746429
325.872040
326.618530
326.246399
326.723694
326.917084
325.943787
326.236572
326.686157
326.513763
326.028992
325.609436
324.458740
324.415009
324.901337
324.295105
324.060730
323.107361
323.378021
323.165161
322.857422
322.328491
322.334473
321.333954
321.138977
320.546936
320.684113
320.911591
320.435303
320.171051
319.698639
320.376312
320.027802
319.523254
319.233215
318.419861
319.085205
318.925873
319.210907
319.693695
319.250549
319.068085
319.005493
319.767578
319.677094
319.894958
319.671570
319.222198
319.679688
319.510651
321.034790
322.099976
323.480133
323.444733
323.435913
323.007629
322.531677
322.673828
323.507355
323.590363
324.581696
324.982208
325.050781
324.506531
325.187653
325.665436
326.231842
326.747345
326.864288
327.649811
328.210083
328.029541
328.092041
329.072052
329.421265
329.292877
328.995514
329.749176
329.146759
328.456635
328.310089
328.429199
328.565552
328.914093
328.434662
328.394562
328.510284
327.701294
327.780060
327.672333
327.864532
327.990417
328.050018
326.484924
326.400909
326.546295
326.495270
326.129028
325.222382
324.856079
323.959869
324.372955
324.605865
324.169800
323.339355
323.042114
322.646729
322.749786
322.388855
322.125977
321.471008
321.414886
321.911682
321.750916
320.694183
320.535217
321.175873
321.096527
320.410858
320.791870
320.245758
319.393188
319.579468
319.966675
320.100311
319.933746
320.088135
320.283356
319.919128
319.788300
320.359985
320.717682
319.654297
320.424957
320.287628
320.581146
320.775848
321.148438
321.670258
322.871155
323.278748
323.458496
323.143005
322.929718
322.531189
323.679382
324.301636
324.562378
324.362122
324.500458
324.832458
324.304077
324.906799
325.397552
326.026855
325.863220
326.064728
325.751984
327.006775
327.083923
327.269135
327.119751
327.362762
327.808777
327.201447
327.852875
326.834229
326.709503
326.846741
327.307373
327.631134
327.339874
327.230499
326.958954
327.135101
327.429443
327.187775
327.797058
328.227844
326.822418
326.427795
326.413208
326.510681
325.958221
325.900452
326.130646
325.078766
324.823914
324.779022
324.874451
324.583496
324.469482
323.711304
323.474121
323.405121
323.381378
323.115234
322.168976
322.138733
322.335968
322.816711
322.006744
321.412628
322.257324
322.501038
322.453339
321.329468
321.278168
321.094116
321.291260
321.871094
321.855194
321.637817
321.400208
321.242859
320.748260
321.052399
321.664948
322.090546
322.033997
322.254333
322.963623
322.831757
322.994812
322.907837
323.798279
323.820435
323.603668
323.647949
324.384369
324.757782
324.823151
325.185089
325.988220
325.997833
326.640991
326.710907
326.488251
326.793549
326.714600
327.193329
326.575409
327.153900
327.769836
327.325287
327.731018
328.545776
329.257599
329.359528
329.155334
329.105804
328.272369
328.825684
328.890381
330.066223
329.841125
329.622467
329.493622
330.286499
329.877777
329.916626
328.876282
328.944794
329.455566
329.125610
329.361389
328.567322
327.954315
327.806763
327.343170
326.583252
326.493774
326.373444
326.483337
326.345490
325.787567
326.026459
325.701477
325.842102
326.391174
326.252625
325.726105
324.630066
324.628693
324.771271
324.317963
323.859497
323.943817
324.178467
323.796387
323.828766
323.667206
323.081573
323.784363
324.247345
323.549286
323.604797
323.709808
323.371796
323.037567
322.871246
322.964966
323.414429
323.127411
323.328796
323.156464
323.825439
324.353455
324.093201
324.337189
324.155212
324.880981
325.171082
326.022705
326.207153
326.902008
326.908722
326.861053
327.384064
327.445251
327.844727
328.010406
328.019257
328.002136
328.055817
328.716766
329.501862
330.331940
330.002838
330.089111
330.099609
330.247772
330.820221
331.034210
331.094208
331.618256
331.140961
330.761536
331.372925
330.869934
331.074341
331.022980
331.431641
331.275726
331.345764
331.240326
331.479553
331.397491
331.305603
330.785431
330.193787
330.414581
329.910492
330.381653
330.479340
329.954041
329.365601
329.170074
329.260193
328.953918
328.465607
329.252014
328.909515
328.935181
328.562866
328.018372
328.391418
328.259308
327.599976
327.194489
326.461639
326.411621
325.991333
326.168152
326.108490
326.148590
325.965942
325.957947
325.269043
325.313568
325.991760
325.891479
325.751373
326.899841
325.669250
325.571655
325.912537
326.347717
326.430206
326.920685
326.729340
326.687653
326.655121
326.534973
327.427979
327.655243
328.240173
328.957672
329.062866
329.054443
329.261810
329.632202
330.478455
330.216614
330.599274
331.162201
331.096954
331.276184
331.448273
331.851135
331.908905
332.070435
332.514984
333.277679
333.758209
334.197540
334.170807
334.454681
334.079895
334.516785
334.869812
334.745514
334.777100
335.208252
335.313660
335.353424
335.055786
335.138977
335.070740
335.209808
335.737549
335.705688
336.221130
336.071167
335.667511
336.092621
336.155853
336.426270
335.658478
335.518982
335.159912
334.875122
335.183716
334.785828
334.745026
333.981689
333.996246
333.639465
333.541168
333.251221
333.255737
333.488525
333.081757
332.795807
332.571747
332.183807
331.882935
331.483337
331.750305
331.196991
330.839081
330.434875
330.842010
330.886139
330.681580
330.100372
330.248779
330.659149
330.007202
330.223541
330.500977
330.397552
330.379395
330.886017
330.443359
330.485382
330.729523
330.602020
331.256531
332.042633
331.315887
332.287964
332.405701
332.184998
333.240784
333.345978
333.027405
333.876251
334.376770
334.403961
335.392731
335.573578
335.505524
335.750061
337.282898
337.533142
337.928955
338.283356
338.129364
337.908813
338.274567
338.422150
338.672089
338.964813
339.788971
339.882050
339.898468
340.871826
340.505737
340.689331
340.571625
340.865692
341.816467
341.577972
342.318054
341.922150
341.381531
341.443420
341.751984
342.003357
341.679321
341.950073
341.667847
341.264832
342.301605
342.262695
342.156677
342.062561
341.929901
340.696808
340.827057
340.297028
340.245636
339.915131
339.585785
338.898529
338.532623
338.753571
338.916473
338.566803
337.447174
336.880249
335.994263
336.332245
336.937622
337.434204
337.000885
336.156860
335.458710
335.087372
334.883087
334.710510
334.370880
333.983826
334.144928
334.211853
333.992493
332.968811
333.737701
334.151855
333.853516
333.979187
333.916443
333.687408
333.917114
333.813324
333.660522
333.316467
333.488953
334.249237
335.121429
334.938477
334.383698
334.933197
334.570984
334.987213
334.967926
335.541504
335.856323
337.089111
337.515747
337.214203
337.398285
337.134857
337.504974
338.190186
337.671722
338.021088
338.877106
339.762451
339.804230
339.503662
338.530670
338.545471
339.515686
340.413300
340.195221
340.060303
339.782715
339.850983
340.193481
341.084625
341.197845
341.035187
341.260498
341.523804
341.841400
341.678040
342.071960
341.954315
341.625061
340.632050
341.083710
341.319122
340.377014
340.064911
339.586487
339.462463
339.210815
338.929230
339.097107
339.077850
338.561829
338.056915
337.604065
337.468048
337.366119
337.532379
337.245880
337.026398
336.413055
335.724121
335.805206
335.887146
335.828003
335.330902
335.164490
335.305328
334.895782
334.464966
334.455414
333.967987
333.170807
333.456299
333.253143
332.985474
333.804504
333.882385
333.597076
333.363312
332.663910
333.384583
333.624390
333.944305
333.763885
334.058472
333.567871
333.599884
334.376251
334.430725
335.259216
335.584320
335.178467
334.654724
334.634796
335.520508
335.778778
335.691223
336.125092
335.570831
334.988800
335.533142
336.512634
336.285797
336.278412
336.345245
336.868683
337.606293
337.743469
337.819183
337.879333
337.267822
336.910950
336.736633
336.941620
336.920410
337.310333
338.055450
338.823273
338.802155
338.062561
337.106323
337.338379
337.638031
337.080780
336.363068
336.944244
336.141785
336.194733
336.324310
336.136261
336.995087
336.323517
335.213348
335.177246
334.548096
333.820770
333.176331
333.182617
332.598328
333.631134
333.632629
333.262238
332.655304
332.108002
332.244415
331.490753
330.814331
330.720276
331.080322
330.767090
330.315063
330.324585
330.576538
330.698486
330.237488
330.215302
330.474304
330.634003
330.867371
330.181793
330.379700
330.651886
330.824829
330.869751
331.061096
330.066040
329.974609
330.701080
330.804321
330.723541
331.065765
331.001678
331.339783
331.126007
331.560699
330.881714
331.305756
332.070923
332.745239
332.704956
332.678101
332.495972
332.409210
333.441742
333.745514
334.295929
335.080933
334.381195
334.499512
334.390839
334.422974
334.317505
334.861328
334.837189
333.953308
334.139526
334.361115
334.209442
334.015228
334.198456
334.992615
334.912537
333.718933
334.258667
333.385040
334.037231
333.504028
334.169098
333.381927
333.695526
333.485779
332.806671
332.654907
331.511627
331.066315
331.252045
331.231689
331.000000
330.531555
330.692902
330.086792
329.479645
329.310120
328.734558
328.442719
327.571411
327.910797
328.046814
328.303101
328.519409
328.150543
327.970428
327.637360
328.049286
328.476868
327.992920
327.802277
327.733368
328.082733
328.546631
328.870148
329.444092
329.758667
330.070679
330.180511
330.791626
330.516510
330.325562
331.177094
331.321716
331.346558
332.150818
332.927429
333.392700
333.937836
334.151306
333.885864
334.134796
334.775055
335.350586
336.300812
335.530548
335.375275
335.625854
335.571594
335.012421
334.308136
334.697083
334.585846
334.567841
333.489532
332.401123
331.491058
331.016693
328.815277
328.146881
327.291809
325.332733
323.240997
321.938904
319.836792
318.113342
315.134430
312.348846
310.191223
307.771820
305.151581
302.324158
298.775909
295.317841
291.923157
288.116791
284.775177
280.672638
277.412140
272.870789
268.409607
264.274536
260.754730
256.233337
251.821960
247.654404
243.327209
239.235733
235.041412
231.166489
227.331238
223.035278
218.800247
215.311935
211.789917
208.647903
205.876877
203.088028
200.154755
197.727921
195.549164
193.502884
191.967422
190.044449
188.344299
187.378723
186.822296
186.534393
186.195801

227.070831
182.763596
183.176453
183.968826
184.901825
186.214355
187.710449
189.610046
191.713013
193.972900
196.079010
198.214310
201.202393
204.264313
207.707870
210.828461
214.310242
217.667130
221.631668
225.211929
229.376938
233.156662
237.121475
241.251266
245.358109
249.572433
253.422684
257.364288
261.277313
265.137756
268.600250
272.310089
276.140289
279.726166
283.470123
287.041138
290.286621
292.756714
296.068054
298.574890
300.967163
302.889465
305.558716
308.284332
309.545288
310.877106
313.272644
315.228088
316.667450
317.602142
318.970917
319.594116
321.116333
322.249390
323.209808
323.029694
323.979492
324.024933
324.356995
324.418030
324.346008
324.758575
324.340332
324.168884
324.262634
324.229065
323.464203
323.518311
323.055420
322.438324
322.676483
322.339935
322.379578
321.972534
321.307129
321.289062
321.054626
320.690979
320.601440
320.609314
320.266998
319.270020
318.822937
319.011322
318.850189
318.736908
318.665222
318.702026
318.999542
319.410797
319.558716
319.566223
319.844391
319.785431
319.374756
319.700348
319.503693
320.042267
320.422607
320.629578
321.141846
321.534637
321.236389
321.858795
322.237976
322.635834
323.094727
323.737030
324.337402
324.534973
324.188080
323.616394
323.505005
323.497864
324.090881
325.179535
325.183838
325.241547
324.914551
325.342987
325.655182
325.189728
326.246613
326.360565
326.748962
326.393463
326.787048
326.405182
326.653687
326.667786
325.764435
326.502136
326.173553
326.609375
326.784302
325.818146
326.098694
326.555115
326.387848
325.933441
325.457611
324.353363
324.254028
324.798157
324.113892
323.917969
322.951935
323.229218
323.026550
322.772491
322.229980
322.182404
321.201965
321.012878
320.379547
320.527191
320.766785
320.323486
320.055145
319.536591
320.276642
319.929749
319.405579
319.135590
318.298523
319.018494
318.851746
319.158020
319.625122
319.209534
318.997467
319.009033
319.742371
319.641876
319.894135
319.646088
319.199219
319.650391
319.520782
321.031403
322.125885
323.487244
323.496185
323.483978
323.073334
322.576813
322.739319
323.604889
323.658386
324.695801
325.078094
325.166077
324.582001
325.290894
325.756531
326.334595
326.878143
326.970154
327.799103
328.356995
328.161774
328.265320
329.213959
329.559357
329.440277
329.182159
329.918335
329.303040
328.613800
328.497375
328.608185
328.750702
329.097809
328.639771
328.569611
328.693634
327.870148
327.949371
327.825684
328.033997
328.154572
328.238800
326.646271
326.561707
326.700104
326.653290
326.271179
325.373871
324.996460
324.102631
324.492340
324.744537
324.297607
323.451721
323.144470
322.758270
322.842621
322.478363
322.235596
321.547852
321.486694
321.983032
321.810699
320.765381
320.598389
321.234955
321.135895
320.446136
320.821777
320.272308
319.409058
319.584869
319.976562
320.102661
319.900116
320.075592
320.251099
319.908569
319.745941
320.320404
320.658966
319.598267
320.366699
320.217255
320.514618
320.713226
321.078369
321.575134
322.776245
323.214600
323.371674
323.029663
322.833221
322.435394
323.573822
324.180481
324.415131
324.257080
324.394745
324.712616
324.203613
324.773499
325.258209
325.910187
325.743896
325.966614
325.636383
326.885498
326.972595
327.169159
327.012970
327.263977
327.695831
327.107574
327.773315
326.767578
326.641205
326.774933
327.223206
327.552673
327.268585
327.148926
326.941650
327.105499
327.390106
327.168488
327.779205
328.210175
326.825470
326.430969
326.403137
326.478394
325.997162
325.921173
326.167206
325.158203
324.884766
324.833069
324.931763
324.677917
324.559296
323.777802
323.562988
323.525604
323.505615
323.252960
322.296021
322.302429
322.492188
322.973389
322.150665
321.609314
322.470886
322.715485
322.641693
321.512970
321.478943
321.310120
321.512024
322.094086
322.100891
321.866913
321.671112
321.478912
321.005280
321.317841
321.916199
322.331421
322.315887
322.546814
323.247314
323.112335
323.290009
323.208679
324.074249
324.115692
323.898651
323.935608
324.660187
325.024841
325.120209
325.466705
326.272888
326.242706
326.939148
326.975922
326.769714
327.048157
326.955750
327.461182
326.844025
327.377533
328.029022
327.561890
327.973236
328.801819
329.461029
329.564972
329.369873
329.298004
328.497162
328.998871
329.070831
330.217163
329.979065
329.800751
329.658051
330.441467
330.028198
330.046051
328.994934
329.054749
329.606415
329.234406
329.430023
328.644928
328.051392
327.862122
327.411133
326.645020
326.521362
326.403107
326.497955
326.347595
325.801849
326.027588
325.694153
325.832153
326.389923
326.235596
325.712372
324.604523
324.575378
324.722290
324.278259
323.790527
323.873505
324.121887
323.711365
323.753204
323.573883
322.987427
323.692200
324.142609
323.442719
323.509491
323.597229
323.264343
322.925690
322.746124
322.860779
323.307617
323.031982
323.219086
323.050812
323.728943
324.249542
323.986816
324.256348
324.085205
324.800507
325.103516
325.947113
326.152527
326.819550
326.851929
326.798187
327.330658
327.384766
327.802063
327.976410
327.977722
327.963043
328.051788
328.720734
329.495728
330.349121
330.033020
330.105560
330.131470
330.304901
330.888336
331.094269
331.158386
331.671814
331.227692
330.881897
331.498199
330.987823
331.218933
331.194336
331.603333
331.457520
331.539307
331.436920
331.713348
331.636932
331.546631
331.029572
330.464417
330.656830
330.173859
330.641876
330.763763
330.271973
329.700287
329.513977
329.611450
329.323883
328.842010
329.620087
329.280151
329.337280
328.963379
328.434601
328.787048
328.664490
328.001831
327.649261
326.899933
326.843658
326.454956
326.622559
326.530090
326.598236
326.439148
326.402374
325.765259
325.818390
326.474640
326.386108
326.221252
326.959259
326.166443
326.049347
326.443756
326.817322
326.943115
327.450897
327.241669
327.190674
327.155212
327.018555
327.906433
328.178436
328.675598
329.446533
329.562195
329.537750
329.758881
330.133270
330.932434
330.697388
331.044983
331.630737
331.562927
331.712799
331.878113
332.277863
332.316254
332.469330
332.939240
333.672394
334.172333
334.605469
334.572205
334.827301
334.435883
334.856262
335.221283
335.083832
335.122650
335.493347
335.633301
335.688629
335.378937
335.451172
335.375305
335.483978
336.013489
335.953247
336.473328
336.312866
335.898102
336.303436
336.368256
336.622833
335.849426
335.691193
335.322174
335.046234
335.322998
334.949982
334.877075
334.127930
334.091614
333.744080
333.645844
333.326141
333.323639
333.550812
333.121979
332.860107
332.617523
332.215393
331.927155
331.525848
331.779663
331.200500
330.840363
330.418365
330.847473
330.879089
330.656708
330.076630
330.213135
330.602081
329.957825
330.171661
330.464813
330.315186
330.287109
330.813690
330.362823
330.405121
330.632019
330.477295
331.151978
331.917847
331.196381
332.178192
332.287109
332.068298
333.128418
333.211304
332.904968
333.731567
334.229370
334.252655
335.239349
335.424194
335.355347
335.581573
337.119049
337.362091
337.779449
338.135773
337.973419
337.730682
338.097412
338.230377
338.513611
338.812012
339.608795
339.723145
339.716217
340.686279
340.319885
340.488373
340.371155
340.668915
341.629913
341.402008
342.113770
341.729706
341.168518
341.217499
341.558838
341.784790
341.494415
341.732178
341.438019
341.049896
342.091736
342.039673
341.942230
341.852081
341.729828
340.466766
340.605988
340.060364
340.026672
339.716888
339.384949
338.667603
338.297516
338.522766
338.702942
338.336884
337.237000
336.646515
335.744202
336.102875
336.711487
337.196289
336.775360
335.922119
335.243958
334.851746
334.669617
334.504578
334.155640
333.768463
333.895020
333.996460
333.753357
332.757233
333.501312
333.922852
333.643921
333.742554
333.724609
333.452301
333.685822
333.601105
333.454071
333.089142
333.305115
334.004150
334.867218
334.712921
334.195679
334.727112
334.360138
334.744629
334.770508
335.319519
335.651306
336.895630
337.329865
337.041962
337.212860
336.949463
337.322052
337.985870
337.473114
337.819824
338.703064
339.592194
339.617371
339.322357
338.328278
338.382111
339.362671
340.255737
340.050262
339.885010
339.643585
339.727997
340.047974
340.933563
341.082428
340.872986
341.112457
341.415710
341.722687
341.536682
341.918640
341.840149
341.510681
340.512451
340.993805
341.197021
340.289886
339.947174
339.486969
339.393921
339.125702
338.864685
339.047852
338.975800
338.477692
337.941711
337.531830
337.390442
337.270996
337.486694
337.203583
336.946228
336.383270
335.679260
335.780579
335.843903
335.802246
335.294373
335.132538
335.260895
334.850861
334.252502
334.421783
333.930145
333.171295
333.425079
333.221619
332.963715
333.797638
333.873901
333.589508
333.369080
332.666901
333.378815
333.611053
333.924225
333.748169
334.058899
333.560516
333.615601
334.365417
334.385712
335.260712
335.619904
335.186859
334.652832
334.665253
335.521912
335.767395
335.726654
336.140106
335.574829
335.014465
335.533234
336.523468
336.280060
336.274506
336.359772
336.879517
337.624756
337.737457
337.814911
337.890350
337.282959
336.898712
336.713715
336.949860
336.909058
337.326263
338.042542
338.851654
338.820099
338.071716
337.119476
337.355896
337.627991
337.112579
336.357452
336.966400
336.158173
336.207245
336.359741
336.147919
337.018341
336.308014
335.225555
335.217896
334.551849
333.843811
333.203674
333.208771
332.633514
333.672699
333.651672
333.297546
332.670807
332.128296
332.263947
331.515442
330.839600
330.732941
331.128723
330.815002
330.364685
330.346771
330.616821
330.738281
330.294312
330.250946
330.536285
330.698669
330.917114
330.240906
330.439453
330.730713
330.882263
330.959351
331.125031
330.146790
330.032379
330.791901
330.880585
330.815186
331.147583
331.076721
331.438049
331.208130
331.651550
330.971924
331.415466
332.166595
332.835205
332.816833
332.763580
332.606110
332.499695
333.552917
333.866730
334.431427
335.211761
334.495605
334.613861
334.499420
334.577179
334.439087
334.970856
334.957855
334.096802
334.256714
334.534851
334.342712
334.170135
334.343658
335.134247
335.049927
333.863647
334.402863
333.529541
334.202667
333.646210
334.325378
333.542267
333.820038
333.650391
332.949036
332.804840
331.683899
331.207794
331.388062
331.380707
331.142426
330.675629
330.846375
330.218994
329.607849
329.452759
328.869049
328.572479
327.695068
328.035522
328.175385
328.426239
328.660583
328.294403
328.087128
327.758881
328.176544
328.576477
328.112823
327.913177
327.815948
328.162689
328.638153
328.976898
329.536560
329.849945
330.161224
330.230804
330.868256
330.569122
330.391602
331.230988
331.385254
331.411041
332.180298
332.952942
333.415405
333.953094
334.152771
333.892120
334.127533
334.781860
335.366241
336.311035
335.518616
335.354218
335.583893
335.531708
334.974915
334.273438
334.672668
334.540833
334.501831
333.437927
332.319672
331.404266
330.967957
328.748169
328.052124
327.201630
325.235046
323.118896
321.835449
319.718811
317.988586
315.017761
312.203033
310.048004
307.639954
304.985992
302.187561
298.613678
295.150330
291.769836
287.936829
284.607758
280.500549
277.223480
272.662872
268.200043
264.059174
260.532410
256.020416
251.626907
247.439072
243.139099
239.020889
234.802979
230.961914
227.112518
222.819336
218.567947
215.068024
211.553619
208.418610
205.621414
202.841049
199.921478
197.492661
195.294159
193.253845
191.726013
189.784668
188.080048
187.116150
186.561813
186.273773
185.953308

