264.200134
173.538422
173.714157
174.655624
175.267746
176.381790
177.939896
179.308563
181.253220
183.293655
185.658066
188.026566
190.748856
193.773956
196.667435
199.646240
202.883820
206.164597
209.858139
213.217621
217.237549
220.626984
224.445145
227.825073
232.050415
235.975784
239.419144
243.123428
247.327866
250.501892
254.467957
257.435120
261.083496
264.418732
267.758820
270.850281
273.630493
276.671539
279.352661
281.950439
284.557617
286.939911
288.690155
290.886597
293.238098
294.948730
296.429504
297.842285
299.159119
300.650574
301.391785
302.431976
303.470245
304.401672
304.601135
305.372803
305.889099
306.334229
306.132965
306.946869
306.954163
306.694000
307.045166
306.970215
307.040894
306.787628
306.517639
306.498932
306.576965
306.079041
305.740021
305.724518
305.451721
304.954498
304.608398
304.488586
304.702362
304.021820
303.876465
303.697601
303.483215
302.934814
302.978180
303.255524
303.313507
302.794312
302.895874
303.121277
302.813141
303.313141
302.951508
303.336792
303.046600
303.618866
304.077576
303.644409
304.034546
304.296997
304.759674
304.653351
305.006744
305.506287
305.975861
305.999268
306.917419
306.858307
307.330261
307.785645
308.128448
308.065918
308.874939
309.257385
309.398468
310.246002
310.060974
310.335632
310.590790
311.099762
311.250671
311.155334
311.597198
311.812531
311.881958
312.074097
311.989838
312.205322
312.341248
312.283478
312.657440
312.098816
312.538757
312.425446
312.060059
312.296631
312.036713
311.673309
311.871582
311.884949
311.677734
311.335266
310.831726
310.359680
310.553619
310.637573
309.460541
309.739655
309.462616
309.162537
309.083069
308.910919
308.788513
308.649689
308.128754
308.043030
307.772430
307.781769
307.443024
307.103210
307.014404
307.012756
307.087006
306.863739
306.922546
306.970673
306.590485
306.608398
306.719971
306.314697
306.541138
306.895752
306.717010
306.856262
307.364075
307.629211
307.652344
308.126282
308.276062
308.651703
308.347382
309.195831
309.426300
309.623138
309.972107
309.995209
310.425354
310.824188
310.948151
311.904602
311.778839
312.170898
312.730347
312.825775
313.531891
313.770447
314.135559
314.270477
314.431671
315.146332
315.263275
315.797272
315.327545
316.229858
316.266083
316.581268
316.595337
316.701874
316.931396
316.578949
317.207611
317.216675
317.427887
317.313568
317.342194
317.583771
317.698669
317.535126
317.331390
316.818329
316.833435
316.969818
316.629822
316.870758
316.697052
316.645081
316.446472
316.003876
315.835144
315.234192
315.236847
315.262421
314.219574
314.524323
313.978088
314.340485
313.734222
313.552490
313.421387
313.457886
313.390930
312.776306
312.610260
312.494080
311.962189
312.012909
312.038025
311.415863
311.402374
311.217377
310.920074
310.813324
311.065094
311.522766
311.051178
311.173309
311.552765
311.509003
311.330933
311.810791
311.422668
311.770599
311.981567
312.364594
312.197632
312.604126
312.676575
312.680603
312.973663
313.308868
313.782715
314.331390
314.121216
314.875031
314.855530
315.195190
315.353943
315.823975
316.103790
316.563202
317.068146
317.396301
317.579315
317.491638
317.774475
318.184143
318.491089
318.702515
319.344513
319.682983
319.688354
320.261230
319.858032
320.249969
320.418182
320.290894
320.538635
320.673248
320.738617
320.936523
321.000702
320.924622
321.149933
321.108734
321.047089
321.063141
320.304108
320.955353
320.845367
320.784698
320.174744
320.217773
320.209381
320.119690
320.060852
320.114380
319.977386
319.717560
319.194427
318.641174
318.759369
318.509827
318.684601
318.480621
317.894470
318.104614
317.869019
317.605194
317.454529
316.883942
317.519043
317.033508
316.772369
317.474182
316.866913
317.019348
316.905090
316.777130
316.926483
316.834137
316.620239
317.070404
317.172394
316.823242
317.116516
317.532043
317.424377
317.519073
317.523346
318.043976
317.957458
317.867218
318.492889
318.473083
319.012878
318.877625
319.110809
319.815491
319.826965
320.490021
320.856964
320.607605
321.589752
321.437775
321.597900
321.967010
322.477814
322.632996
322.987305
323.052368
323.397095
323.932343
324.376129
324.575684
324.560425
324.987183
325.255798
325.245148
325.602539
325.766052
326.081940
326.107422
326.042084
326.357239
326.541260
326.321075
326.456940
326.454834
326.544189
326.751282
326.654633
326.507324
327.143646
326.597076
326.527069
326.379547
325.987518
326.035034
325.938232
326.361633
325.890930
325.530518
325.382080
325.516388
324.740753
324.634430
324.371765
324.585693
324.501312
324.295929
323.621948
323.504181
323.573273
323.039856
323.265869
323.281311
322.908081
323.040680
322.585480
322.390839
322.350311
322.583527
322.243317
321.935333
322.227448
322.265686
321.827209
322.076385
321.994293
322.229095
322.097778
322.659668
322.466888
322.662201
322.964325
322.601929
322.835846
323.187988
323.527222
323.789337
323.779449
324.247955
324.436737
324.627747
325.188141
324.902618
325.611145
325.701935
325.878601
326.180267
326.582336
326.762115
327.627838
327.506226
327.890076
327.803162
328.474121
328.535919
328.867401
328.794037
329.323303
329.352203
329.966248
330.074524
330.336426
330.369995
330.759979
330.797546
330.817444
330.789978
330.962677
331.254700
330.913452
331.003235
331.023651
331.355011
331.136780
330.854675
331.321808
330.970184
331.316254
331.412811
330.702881
331.395142
330.337250
330.284363
330.369781
330.278625
329.894440
329.739502
329.813568
329.587830
329.354980
329.271912
329.047302
328.860962
328.978027
328.802582
328.597992
328.410248
328.368347
328.129608
328.225128
327.656097
328.020081
327.997833
327.933624
328.097870
327.714783
327.486359
327.318878
327.769409
327.715271
327.721985
328.274719
327.657837
327.919739
328.218109
328.426636
328.652008
328.694519
328.602539
329.107819
329.182159
329.576019
330.156281
330.138336
330.953217
331.328217
330.998413
331.144562
331.439087
332.208344
332.461304
332.962799
332.698059
333.634186
333.839447
334.329865
334.681427
335.221649
335.144653
335.981781
336.051422
336.644440
336.708435
337.229187
337.275696
337.942993
338.193970
338.004150
338.675446
338.520630
338.981506
338.924133
338.867432
339.212402
339.320404
339.560608
339.586731
339.700653
339.667755
339.630951
339.780640
339.839417
339.710602
339.823547
339.981262
340.138245
339.827057
339.507141
339.861145
339.597565
339.309326
339.170044
338.738861
338.776031
338.438202
338.176941
338.174133
337.862183
337.336304
337.563782
337.095276
337.130585
336.772583
336.445312
336.351807
336.092133
336.471466
336.017059
335.872803
336.019318
336.052551
335.504120
335.669373
335.643097
335.760620
335.819214
335.751160
335.402130
335.180237
336.080566
335.872833
335.849548
335.797821
335.977417
336.507935
336.900269
336.809479
337.227753
337.490814
337.453491
337.914825
338.409210
338.528137
339.222382
338.987427
339.911255
339.707855
340.158752
340.723663
341.052460
341.336487
341.678894
342.193634
342.382233
343.127869
343.273987
343.954956
344.372131
344.570038
344.705322
345.178772
345.523499
346.049164
346.198578
346.331970
347.007050
347.341248
347.678864
347.146118
347.811829
347.736206
347.705536
348.064972
348.303497
348.188110
348.487915
348.004883
348.570984
348.421753
348.449951
347.851501
348.090332
348.172485
347.741333
347.716492
347.775726
347.425262
347.357727
347.028320
347.233551
346.520355
346.123962
345.800507
346.299255
345.251587
345.019501
345.278687
344.940826
344.916718
344.266846
344.164215
343.681030
343.807953
343.467407
343.037384
342.898285
342.814484
341.911163
342.061951
342.376038
341.733276
341.779083
342.111694
341.692963
341.530823
341.280731
341.408905
341.039368
341.153290
340.943726
341.494110
341.529358
341.219696
341.816193
341.762817
341.765625
341.685822
341.613953
342.003265
342.175110
342.762360
342.654602
342.813873
343.446167
343.159576
343.571075
343.795258
344.225769
344.590057
345.197662
345.149445
345.504517
345.496735
346.402740
346.582855
346.568848
346.951263
347.395416
347.259430
347.820465
348.179932
348.142456
348.351715
348.839630
348.785095
348.941772
349.405304
348.967285
349.334229
349.522614
349.395447
349.441742
349.808380
349.975616
349.896179
349.708710
349.454956
349.508362
349.202637
349.285767
349.440125
349.336273
349.258209
349.200043
349.046326
348.497742
348.336395
348.552063
348.003204
348.099335
348.089020
348.265350
347.196289
346.798889
346.666504
346.505188
346.493683
346.115326
346.152893
345.924103
345.598572
345.819122
345.757416
344.987946
345.059265
344.767822
344.820709
344.400055
344.658691
343.902222
343.767090
344.113861
344.180206
344.415680
343.715149
343.594360
344.135651
344.382935
344.253784
344.210052
344.033142
344.904816
344.369263
344.660217
344.912201
345.309021
345.186371
345.502380
345.097412
345.735870
346.358276
345.909851
346.426849
346.667419
346.751923
347.144226
347.302155
347.803802
347.669922
348.132446
348.611023
348.191132
348.446960
348.493805
349.528564
349.503845
349.614197
348.992371
349.274353
350.030762
350.093475
349.593719
350.299896
350.184998
349.904755
350.532379
350.336731
350.271240
350.093475
350.299896
350.218719
349.869385
350.000122
349.791199
349.678772
349.354340
349.646576
349.219818
348.799530
348.403290
348.384552
348.335663
348.431488
347.866821
347.712555
347.448303
347.138458
347.139099
346.835602
346.392700
346.350739
345.744263
345.719727
345.821930
345.527039
345.101624
345.304565
344.815521
344.700623
344.877380
344.367767
344.495544
344.644379
344.386108
344.216858
344.217010
343.883453
344.172058
343.868744
344.250275
344.228638
344.582855
344.141449
344.748413
344.370605
344.718201
345.408203
344.788300
344.974854
345.076202
345.401703
345.845245
346.267059
346.504791
346.917358
347.187714
346.867035
347.288239
347.437256
347.653229
348.020477
348.169342
348.822052
348.435852
348.662750
348.920563
349.679718
349.340607
349.090668
349.695465
350.041016
349.991364
349.962097
350.336639
349.958252
350.591644
350.587158
350.105011
350.815582
350.094574
349.928528
350.253662
349.422119
349.719666
349.877533
349.048615
348.732086
348.701599
348.256592
348.138519
347.865784
347.797119
347.748230
347.617035
347.046783
346.867554
346.220520
345.933228
346.235168
346.155853
345.827087
345.566040
345.079498
345.540161
344.959534
344.822998
344.350983
344.962128
344.731873
344.108734
344.347290
344.055756
344.169678
344.245087
344.537201
344.514526
344.939697
344.841339
344.902039
345.341217
345.179413
346.014557
346.032196
346.486206
346.770172
347.260773
347.413177
348.184387
348.164917
348.681030
349.316772
349.724152
350.254700
350.472870
351.220978
351.334442
351.724243
351.923340
352.223022
352.179535
352.890625
352.558624
352.856079
353.081635
352.711853
352.151245
352.384491
351.705902
351.081482
350.653809
350.003448
348.703735
347.905762
346.741516
345.648682
344.204803
342.551544
340.391937
338.422058
336.973694
334.741760
332.003174
329.345306
326.819916
324.061279
320.757721
317.576721
314.193512
311.030670
306.973480
303.018921
299.061859
295.366028
291.044830
286.714081
282.370331
278.148987
273.823700
269.072693
264.738586
260.616882
255.479828
251.370422
247.075439
242.493240
238.806396
234.576019
230.319382
226.822906
223.028549
219.492981
215.812378
213.011185
209.705780
207.316895
204.892700
202.566208
200.769470
199.098907
197.926193
196.730148
196.072784
195.422531
195.592010

260.968231
173.629333
173.790298
174.749207
175.359253
176.490372
178.049484
179.415390
181.378326
183.398453
185.791534
188.167419
190.904633
193.938705
196.849869
199.831635
203.075562
206.376389
210.074966
213.470993
217.480911
220.919373
224.727463
228.157364
232.400833
236.337769
239.798462
243.529221
247.736740
250.959213
254.955978
257.913910
261.568329
264.952484
268.334717
271.434937
274.213684
277.286926
279.989044
282.607971
285.264099
287.662537
289.413422
291.644012
294.048584
295.747681
297.267487
298.718262
300.047272
301.572449
302.335419
303.377136
304.428558
305.413025
305.596771
306.410034
306.954193
307.418121
307.239075
308.070770
308.058868
307.847992
308.216675
308.139404
308.232605
308.005585
307.764008
307.734467
307.818604
307.348724
307.008728
306.994995
306.751953
306.239288
305.909027
305.809692
305.980957
305.335602
305.179810
305.032227
304.813049
304.257355
304.293274
304.583008
304.658020
304.104095
304.231262
304.441162
304.104279
304.633087
304.267395
304.668304
304.297546
304.910645
305.315399
304.901794
305.263458
305.566101
305.955353
305.837769
306.160187
306.656067
307.148560
307.128113
308.022461
307.937286
308.393951
308.854980
309.143280
309.058014
309.880188
310.202301
310.324127
311.182617
310.956696
311.196960
311.442017
311.903992
312.012817
311.916595
312.330841
312.503326
312.587250
312.742554
312.615784
312.822693
312.929077
312.865540
313.177979
312.604004
313.034180
312.876495
312.491638
312.682068
312.407471
312.025238
312.205078
312.172241
311.947510
311.590271
311.058105
310.563629
310.747101
310.801117
309.602051
309.861664
309.543701
309.231628
309.123535
308.913208
308.789703
308.663513
308.088562
307.978882
307.713867
307.709412
307.375488
306.990356
306.869934
306.860046
306.922852
306.702637
306.741791
306.762909
306.396606
306.404266
306.513275
306.092590
306.284485
306.660675
306.469147
306.601807
307.087128
307.371216
307.387207
307.860199
308.005798
308.372101
308.044342
308.917969
309.147919
309.321442
309.683899
309.718903
310.134003
310.543671
310.704651
311.670471
311.536194
311.928711
312.491821
312.618408
313.328949
313.568970
313.922699
314.068878
314.209625
314.968719
315.105347
315.661255
315.185303
316.084381
316.125458
316.467560
316.494293
316.634399
316.861420
316.543976
317.163971
317.191345
317.409943
317.307190
317.339783
317.608337
317.748169
317.604675
317.405975
316.895844
316.969177
317.096893
316.791443
317.031097
316.880493
316.815582
316.646454
316.210022
316.100555
315.503204
315.538391
315.593567
314.565094
314.856140
314.348450
314.718933
314.123749
313.959259
313.825317
313.903564
313.870087
313.241425
313.113586
313.028870
312.517609
312.556946
312.619232
312.006866
312.012726
311.847870
311.574738
311.480042
311.737396
312.209503
311.772217
311.901367
312.285645
312.315186
312.133362
312.619476
312.251740
312.575104
312.832184
313.231720
313.091003
313.483917
313.625885
313.599457
313.917603
314.257660
314.770874
315.328400
315.122101
315.919678
315.922913
316.276978
316.412018
316.912842
317.237457
317.698517
318.234497
318.541840
318.776489
318.696930
318.980225
319.446289
319.670990
319.944489
320.633575
320.994324
320.976349
321.579895
321.188538
321.613800
321.769958
321.674683
321.916351
322.079468
322.113831
322.333405
322.416107
322.378387
322.620697
322.576630
322.519226
322.565338
321.831757
322.414948
322.390350
322.335052
321.703766
321.772736
321.706909
321.659393
321.646393
321.706573
321.590729
321.324310
320.801270
320.268280
320.407654
320.134369
320.333862
320.125916
319.565948
319.738800
319.485260
319.279419
319.100281
318.533539
319.190277
318.713806
318.439636
319.127228
318.561432
318.685394
318.609100
318.471069
318.568268
318.526367
318.266663
318.743683
318.842651
318.451996
318.791656
319.166290
319.088837
319.148315
319.156372
319.695129
319.586700
319.467712
320.112244
320.058228
320.556610
320.443451
320.650116
321.329254
321.341309
321.957703
322.332489
322.124542
323.055664
322.873108
323.002777
323.379028
323.884338
324.017517
324.337524
324.367432
324.696075
325.182770
325.636566
325.828796
325.772308
326.229523
326.428009
326.392365
326.782074
326.878632
327.182434
327.155884
327.135040
327.384949
327.571899
327.325256
327.391388
327.451996
327.378754
327.635193
327.519012
327.282257
327.953552
327.366699
327.322601
327.119995
326.712372
326.694153
326.562469
327.015350
326.485657
326.114349
325.948853
325.998627
325.257812
325.091949
324.842926
325.031372
324.925476
324.692749
323.978851
323.840759
323.857147
323.329437
323.554382
323.540070
323.119110
323.248718
322.732605
322.517578
322.503906
322.728516
322.342682
322.020020
322.270386
322.318451
321.871826
322.093597
322.023529
322.206116
322.046783
322.617859
322.400848
322.588196
322.874939
322.502441
322.715088
323.062134
323.426697
323.663940
323.658081
324.100861
324.231873
324.462219
325.005554
324.715240
325.415833
325.478455
325.697418
325.968048
326.403992
326.556091
327.431885
327.319733
327.665070
327.581421
328.264130
328.310608
328.651642
328.575745
329.082581
329.148041
329.759552
329.859375
330.139557
330.183136
330.540710
330.604340
330.647003
330.570343
330.781097
331.058594
330.734009
330.832306
330.861694
331.183441
330.982208
330.709381
331.181671
330.843323
331.179138
331.305115
330.624390
331.315491
330.249939
330.193939
330.290161
330.213959
329.788757
329.691071
329.759827
329.541779
329.304443
329.212555
329.000336
328.827118
328.953308
328.814026
328.594360
328.405243
328.398651
328.162903
328.257172
327.685577
328.043213
328.045135
327.987427
328.160767
327.765228
327.572571
327.377411
327.827393
327.785522
327.782135
328.345154
327.728271
328.003693
328.294495
328.501251
328.728271
328.771729
328.691498
329.211334
329.282227
329.656006
330.248138
330.239563
331.036987
331.382141
331.067047
331.226105
331.538635
332.290527
332.530853
333.017700
332.760468
333.674255
333.896179
334.361023
334.721375
335.242615
335.169556
335.991364
336.062012
336.649445
336.710754
337.211945
337.258362
337.929718
338.164917
337.961975
338.623444
338.497498
338.935547
338.844299
338.799011
339.150269
339.247284
339.445862
339.477783
339.603333
339.549164
339.489471
339.627808
339.699463
339.560364
339.660126
339.815399
339.942108
339.655609
339.296875
339.652435
339.398041
339.086121
338.940125
338.522797
338.539825
338.204224
337.914154
337.920532
337.563965
337.045715
337.250702
336.806091
336.825623
336.451782
336.131287
336.008331
335.770752
336.133118
335.700867
335.538269
335.644623
335.690704
335.136200
335.312256
335.265137
335.357574
335.432953
335.349365
335.029144
334.786255
335.681732
335.487000
335.463867
335.397797
335.583984
336.077728
336.497528
336.405121
336.797333
337.068268
337.024170
337.516113
338.000214
338.114899
338.809998
338.585602
339.478119
339.316345
339.749725
340.347809
340.655823
340.938873
341.275879
341.799988
341.970398
342.756165
342.904266
343.561707
343.978210
344.180695
344.353119
344.803253
345.123718
345.676575
345.864197
346.000519
346.663422
346.989624
347.345886
346.820679
347.497131
347.395691
347.404602
347.766388
347.991547
347.878113
348.190033
347.695038
348.291718
348.144440
348.175873
347.585907
347.848114
347.934448
347.472443
347.471924
347.563843
347.200867
347.136444
346.824249
347.020050
346.309631
345.925537
345.623138
346.106781
345.080811
344.846741
345.132996
344.799377
344.748810
344.143921
344.029633
343.571472
343.678436
343.349426
342.927185
342.802887
342.700043
341.831085
341.950256
342.300232
341.681488
341.692719
342.051483
341.615417
341.462830
341.216614
341.383667
341.020386
341.120087
340.910706
341.438751
341.504028
341.191772
341.787415
341.736969
341.791656
341.676086
341.633362
342.001129
342.162506
342.772858
342.686981
342.851929
343.471283
343.227905
343.623932
343.846436
344.256134
344.626434
345.263794
345.212524
345.578278
345.577057
346.452454
346.677490
346.682404
347.032532
347.473480
347.353851
347.934296
348.273193
348.240540
348.459076
348.963745
348.889740
349.056580
349.509308
349.097229
349.439178
349.645813
349.533295
349.586212
349.954346
350.140137
350.039276
349.871399
349.594482
349.660736
349.360138
349.406464
349.600189
349.515320
349.409393
349.373688
349.243469
348.705261
348.515625
348.720276
348.150238
348.264709
348.237488
348.462311
347.358124
346.946411
346.847565
346.673645
346.703857
346.292084
346.303802
346.106995
345.806824
345.978180
345.935913
345.185211
345.277069
344.959198
345.015533
344.673401
344.834625
344.102478
344.007263
344.266937
344.344116
344.638733
343.947723
343.785828
344.348358
344.582733
344.436371
344.420349
344.267944
345.078430
344.542755
344.893707
345.102539
345.521942
345.362610
345.704742
345.330750
345.941010
346.542419
346.136871
346.613892
346.888824
346.946991
347.390686
347.517639
348.011566
347.875885
348.314362
348.858856
348.413239
348.669495
348.739716
349.740906
349.729034
349.845032
349.188507
349.516632
350.253632
350.300568
349.795441
350.518219
350.402405
350.111572
350.770386
350.538635
350.488007
350.298981
350.527985
350.442108
350.096771
350.253448
350.022583
349.871246
349.558655
349.901489
349.444336
349.039429
348.653809
348.645050
348.561157
348.669312
348.108917
347.981750
347.708771
347.385925
347.376160
347.099854
346.621277
346.589996
346.010468
345.981171
346.046356
345.780548
345.361694
345.576324
345.086731
344.964417
345.133148
344.628723
344.762878
344.913361
344.675262
344.486877
344.463470
344.168549
344.440033
344.148682
344.534485
344.490509
344.857513
344.406281
345.001801
344.654602
345.001953
345.669708
345.084137
345.262756
345.403564
345.714935
346.109558
346.561584
346.787201
347.236938
347.444031
347.134521
347.548096
347.709381
347.947052
348.286346
348.506500
349.114685
348.747498
348.949738
349.216827
349.993042
349.633514
349.400970
350.030914
350.312378
350.275848
350.283142
350.620544
350.242462
350.844269
350.876251
350.396667
351.110321
350.388275
350.246735
350.575958
349.712280
350.025421
350.142029
349.338928
349.036072
348.977203
348.580750
348.461029
348.107544
348.092010
348.010254
347.876221
347.303558
347.180481
346.476501
346.191956
346.487762
346.377991
346.049896
345.809814
345.322327
345.771271
345.187164
345.063110
344.584137
345.164978
344.933167
344.319427
344.569733
344.273102
344.390625
344.447083
344.731018
344.720734
345.156464
345.014709
345.083099
345.514648
345.378448
346.203949
346.183502
346.671997
346.934753
347.400940
347.540131
348.353912
348.322876
348.819977
349.445007
349.837036
350.371887
350.607178
351.356598
351.467896
351.849609
352.015167
352.324158
352.290314
352.965027
352.639374
352.973389
353.164917
352.777069
352.234070
352.440826
351.754913
351.136749
350.686432
350.059479
348.745056
347.945587
346.770416
345.697327
344.224579
342.573578
340.408478
338.414307
336.979065
334.756592
331.985168
329.355194
326.841003
324.052399
320.737152
317.573456
314.158569
311.015228
306.926239
302.981262
299.045624
295.325806
291.016571
286.671051
282.335815
278.104858
273.783081
269.010834
264.681274
260.555359
255.424332
251.328140
247.008011
242.434219
238.730133
234.522659
230.244553
226.756439
222.963547
219.414703
215.741425
212.949234
209.636032
207.244766
204.822296
202.495911
200.696243
199.007706
197.841217
196.637512
196.001678
195.330765
195.514145

216.736130
184.668030
185.094223
185.564896
186.777405
187.930328
189.350021
191.201920
193.009933
195.104660
197.650894
200.282501
202.971649
206.040787
209.380829
212.302704
216.409683
219.929001
223.467392
227.409607
231.384399
235.330536
239.205490
243.539871
246.931335
251.264496
255.090652
259.247467
263.148193
267.059418
270.941132
274.567810
278.006958
281.405975
285.083069
288.194824
291.661102
294.699066
297.232269
300.173859
302.565460
305.042206
307.570374
310.182556
311.766418
313.486237
315.812134
317.201996
318.451447
319.746735
321.083313
321.596985
322.672333
323.580597
324.293488
324.858490
325.357300
325.382507
325.792206
325.996124
325.617676
325.890503
326.187836
326.142059
325.857208
325.385345
325.582916
325.242004
324.546051
324.621521
324.477142
323.426697
323.772583
323.223358
322.680145
322.747437
322.236053
321.720123
321.826691
321.267365
320.963165
321.141266
320.662750
320.726654
320.176453
320.602997
319.949585
320.278473
320.185303
320.182129
320.438110
320.131653
320.226929
320.369354
320.717285
320.483734
321.022003
321.210236
321.398193
321.876190
322.040283
321.879639
322.548431
322.965332
323.149750
323.864044
323.865814
324.305603
324.278381
324.723175
325.034973
325.234985
325.734039
325.880829
325.904144
326.515778
326.908844
326.903198
327.410187
327.580780
327.535278
327.648987
327.811340
328.015442
328.077637
328.061584
327.733063
327.801422
327.771545
327.762909
327.787842
327.717926
327.184296
327.697510
327.535431
327.069702
327.070007
326.441284
326.557495
326.162903
326.060516
325.983643
325.706696
325.244080
324.678284
324.164673
324.295197
323.877228
323.729614
323.701904
323.138855
322.733795
322.752686
322.376862
322.211639
321.694580
321.493469
321.224915
321.003204
320.759949
320.708801
320.854858
320.583862
320.312531
320.147186
320.254639
320.458160
320.083344
320.281525
320.188965
320.221191
320.410278
320.659760
320.785156
321.089142
321.191895
321.192383
321.327667
321.798737
322.000244
322.396423
322.599823
322.935822
323.136841
323.167206
323.755798
324.195587
324.500122
324.822998
324.812531
325.469269
325.572632
325.896454
326.216980
326.336975
326.731842
326.956635
327.376862
327.378723
328.169861
327.955750
328.492249
328.590485
328.939270
328.968048
329.134338
329.380280
329.008636
329.455841
329.491333
329.830109
329.246338
329.592987
329.121124
329.231171
329.010498
329.030823
328.882538
328.492432
328.714264
328.758057
327.792816
327.768738
328.029510
327.633820
327.345764
327.067383
326.795013
326.686432
326.123596
326.030029
325.725098
325.084167
324.750610
324.604218
324.259491
324.004852
323.795258
323.821106
323.425690
323.206085
322.698181
322.532440
322.584686
321.812622
322.136719
321.701355
321.467499
321.501770
321.230347
321.538422
321.114990
321.160706
321.240784
320.984344
321.389496
321.026550
321.266357
321.174225
321.259583
321.522949
321.288269
321.656982
321.580872
322.217010
322.082397
322.441071
323.333252
323.238831
323.464569
323.713776
324.104034
324.039490
324.316772
325.035919
325.186218
325.063568
325.379395
325.953796
326.142853
325.938019
326.705658
326.704376
327.558990
327.551910
327.668732
327.651428
327.839966
328.279327
328.613922
328.614471
328.862701
328.821533
329.151764
328.972748
329.140198
329.283600
329.315826
328.879761
329.489899
329.047119
328.826080
328.987396
328.988708
328.893097
328.719360
328.557617
328.257294
328.097687
328.407074
328.046478
327.656982
327.765594
327.155792
327.159241
327.031830
326.223572
326.720673
326.054932
326.029053
325.803314
325.814362
325.044983
325.342224
324.776245
324.682587
324.564117
324.238403
324.127625
324.003052
323.631348
323.722778
323.457581
323.756165
323.740387
323.541351
323.409485
323.402374
323.553497
323.523376
323.689758
323.283661
323.618073
324.066711
323.501556
324.131012
324.144745
324.359955
323.987549
324.964844
324.432953
324.854370
325.023285
325.407990
325.399231
325.402985
326.006226
325.981110
326.496368
326.798889
327.161407
327.427979
327.855164
328.159088
328.458618
328.519775
328.673340
329.348328
329.124146
329.612366
329.902710
330.068665
330.459839
330.863251
331.012085
330.602814
331.251221
331.154846
331.517334
331.886475
331.519226
331.362000
331.818390
332.066833
331.439301
331.562531
331.826385
332.074554
331.806122
331.827820
331.702362
331.973114
331.395416
331.132416
331.670746
331.079590
330.567413
330.710602
330.711487
330.223969
330.174377
329.748413
329.692322
329.382019
328.932770
329.456512
328.817963
328.355835
328.674652
328.530579
327.971405
327.848480
327.719727
327.225525
327.161987
326.970306
326.869324
326.847687
326.939850
326.823822
326.516388
326.651825
326.204407
326.612000
326.570923
326.472046
326.565002
325.922699
326.313171
326.419617
326.977844
326.229523
326.920624
326.947937
326.717163
327.190796
327.490723
327.270782
327.860229
328.025177
328.305634
328.210968
328.170593
329.380829
329.149841
329.311066
330.165894
329.637268
330.002319
330.450134
330.833649
331.186371
330.940948
331.629578
331.790436
332.107758
332.260559
332.253601
332.866394
333.082733
333.304199
333.218536
333.411743
333.354034
333.699432
334.015869
334.045654
333.842957
334.395020
333.785217
334.296173
334.207764
333.878021
334.144135
334.439087
334.007843
333.989807
333.894928
333.842041
333.352264
333.507355
333.726837
333.507019
333.253143
333.280304
332.972595
332.768372
332.590668
331.842834
331.666412
331.667389
331.424957
331.477417
331.185791
330.890228
331.214722
330.691589
330.630035
330.361664
330.311279
330.298859
330.167297
330.197510
329.835510
329.604858
329.341217
329.739410
329.344818
329.250580
329.290680
329.673615
329.591919
330.167847
329.121155
329.696075
329.973907
329.597931
330.038239
330.667511
330.024811
330.288147
330.605377
330.655579
331.415527
331.245972
331.685913
331.448822
332.372253
332.609680
332.816864
332.920776
333.116486
333.782410
334.267944
334.407501
334.656006
334.815063
335.306793
335.535980
336.257050
336.105682
336.545959
336.940216
337.228699
337.433868
337.745361
337.884338
338.274567
338.022766
338.416901
338.615265
339.046112
338.644928
339.260437
339.370544
339.022766
338.928528
339.391754
339.373688
339.554718
339.234863
339.257782
339.403992
339.389099
339.303253
338.943604
338.830963
338.921112
338.652802
338.348785
337.956116
337.908844
337.546478
338.218445
337.174744
337.022552
337.217163
336.322266
336.286652
336.233673
336.150177
335.773041
335.399567
335.854156
334.869019
335.013062
334.258026
333.972351
334.316376
334.169312
333.943481
333.964844
333.770416
333.298798
333.088562
333.282806
333.264099
333.432495
332.970215
333.052948
333.461731
333.410034
333.725372
333.678040
333.589050
333.743652
333.883759
334.127960
334.002655
334.626801
334.207855
334.716064
334.792542
335.645477
335.611145
335.747589
336.023560
336.692139
336.964539
337.433838
337.395203
338.261444
338.354828
338.766388
339.100189
339.145782
339.529205
340.296326
340.196014
340.502411
341.049561
341.108948
341.413879
341.829987
341.929077
342.169159
342.464996
342.730103
342.681946
342.791656
343.406586
342.907837
342.900726
343.946594
343.674500
343.464722
343.574982
343.959503
343.584961
343.144867
343.367279
343.430481
342.962738
342.777618
343.010162
342.203278
342.375519
342.108276
341.805298
341.350342
341.158630
341.183319
341.158539
340.751709
340.018036
339.885284
339.608002
339.436066
338.982117
339.242065
338.068146
338.226410
338.088379
337.356598
337.427765
337.125580
336.652435
336.335083
335.923828
336.094421
335.688049
335.005707
335.268707
335.145569
334.563751
334.842194
334.336243
334.151825
334.342377
334.235229
334.521210
334.411682
334.483917
334.419586
334.393585
334.004547
334.850342
334.509949
335.123322
334.992279
335.215179
335.318817
335.619995
335.274658
336.076691
335.687225
336.152588
335.930176
336.349915
337.063171
336.982239
337.412323
337.396393
337.646240
337.949585
338.621277
338.701019
338.370178
338.554169
339.312500
339.148621
339.756683
339.706726
339.749207
339.932465
339.950562
340.225037
340.114441
340.457611
340.156616
340.178986
340.610291
340.743744
340.770203
340.673218
340.683899
340.497803
340.675110
340.662964
340.534637
340.498108
340.267639
340.133240
340.042816
339.837616
339.704163
339.227020
338.956909
339.127228
338.119965
338.411316
338.091644
337.960632
337.426117
337.292603
336.752502
337.367889
336.314972
336.165405
335.811951
336.234741
335.682983
335.350159
335.331299
335.035248
335.398315
335.146271
334.439301
334.606079
334.321960
334.304749
334.333588
333.473846
334.075165
333.959351
333.693573
333.650421
333.791351
333.652618
333.429504
333.336945
333.567535
334.223816
334.023987
333.899323
333.920776
334.113831
334.260651
334.563019
334.895325
335.069183
335.234528
335.149750
335.479126
335.339996
335.884857
336.101166
336.344116
336.410736
336.248138
336.612335
336.625092
336.607208
337.138062
337.311401
337.459869
337.449615
337.670624
337.865662
338.048492
337.909332
338.151855
338.194122
338.360352
338.295502
338.388000
338.284149
338.561676
338.025452
337.919830
338.073975
337.998383
337.707520
337.409668
337.465546
337.447601
337.251984
337.013947
336.714325
336.894012
336.463226
336.306732
336.053955
336.023376
335.899017
335.230164
335.217102
334.674866
334.429688
334.229858
334.428589
334.231628
333.563660
333.598297
332.871185
333.152374
332.452667
332.799530
332.293304
332.114563
331.722961
332.225586
331.835785
331.687317
331.317566
331.557892
331.424225
331.265289
331.448822
331.552399
331.336121
330.988159
331.676514
331.165680
331.061615
331.491455
331.678894
331.800690
331.944550
332.061859
332.169434
332.319855
332.303864
332.722870
333.237183
332.941376
333.424835
333.541321
334.011322
334.171936
334.114716
334.028107
334.837006
334.738342
334.764191
335.450592
335.812408
335.246033
335.685394
335.644714
335.748535
335.950409
336.053650
336.507721
335.553406
336.509491
336.513550
336.376343
335.930298
336.035492
335.960785
335.982605
335.909912
335.907867
335.744873
335.388519
335.181763
334.725861
335.068512
334.562164
334.243835
333.998291
333.588440
333.593170
333.229950
333.083618
332.697632
332.130707
332.158722
332.010223
331.836243
331.060120
331.286438
331.249725
330.185242
330.687378
330.041473
330.279358
330.086487
329.705475
330.089508
329.539856
330.006470
329.541992
330.206207
329.997559
329.592590
329.944611
330.268951
330.478577
330.648376
331.103394
331.159790
331.592255
331.947571
332.141907
332.266388
332.985291
333.424286
333.447113
334.088379
334.604462
334.459808
335.297424
335.462494
335.731506
336.472137
336.224457
336.928741
337.218903
337.258972
337.516022
337.571625
337.579407
337.753052
337.498199
337.059906
337.060547
336.697021
336.158600
335.427246
334.703766
333.784515
332.941010
331.674316
330.486816
328.760193
327.065369
325.892395
324.091675
322.325500
320.082306
317.881897
315.059052
312.293030
309.708069
306.774994
303.645386
300.504578
296.974396
293.615326
290.124664
286.372192
282.109100
278.093933
273.959106
270.108856
266.165527
262.104126
257.529480
253.244110
248.684265
244.848557
240.599380
236.705032
232.423187
228.196121
224.437439
220.482712
216.799362
213.312958
210.115067
206.753922
203.679062
201.223633
198.689331
196.612762
194.335739
192.556229
190.914658
189.470108
188.650024
187.793991
187.471863
187.182098

221.249771
185.239655
185.687241
186.157074
187.375626
188.525116
189.961624
191.804260
193.624023
195.707199
198.259064
200.888153
203.599426
206.688202
210.005630
212.936920
217.066055
220.583771
224.157822
228.086365
232.050888
236.029190
239.927567
244.246231
247.638214
252.009079
255.830521
260.025696
263.910095
267.806274
271.693451
275.350067
278.778320
282.219452
285.908020
289.055939
292.502014
295.533325
298.098541
301.010620
303.460754
305.929871
308.516266
311.088226
312.686859
314.443604
316.755463
318.129974
319.433929
320.736694
322.057831
322.563019
323.671143
324.615173
325.303345
325.901154
326.386414
326.427338
326.886688
327.029449
326.665161
326.932587
327.307556
327.163513
326.912201
326.433655
326.703339
326.368530
325.643127
325.713135
325.563873
324.565308
324.865936
324.382019
323.767212
323.851501
323.315857
322.869629
322.946228
322.398376
322.066681
322.267914
321.773499
321.823395
321.296814
321.698547
321.001404
321.370819
321.252777
321.250092
321.532928
321.196808
321.260437
321.445129
321.751373
321.528503
322.050079
322.226959
322.407806
322.866455
322.997528
322.803223
323.535065
323.941284
324.099884
324.761658
324.818237
325.227112
325.127869
325.639374
325.984344
326.125885
326.559662
326.743073
326.773590
327.344666
327.743011
327.655731
328.213287
328.298889
328.333649
328.358459
328.522308
328.775787
328.810516
328.803223
328.393494
328.513214
328.436157
328.484131
328.421906
328.332092
327.784119
328.322723
328.129608
327.619537
327.629486
326.985901
327.101105
326.694611
326.537048
326.515625
326.233978
325.721527
325.132324
324.611725
324.751373
324.289062
324.159729
324.125916
323.535370
323.133301
323.131775
322.702667
322.565735
322.103973
321.877625
321.584076
321.366913
321.108795
321.078247
321.174957
320.921295
320.579865
320.474915
320.563690
320.760559
320.433777
320.548889
320.443451
320.507538
320.672638
320.905243
321.036285
321.386475
321.466156
321.430573
321.577881
322.055603
322.212646
322.586151
322.793213
323.117767
323.336212
323.366425
323.958954
324.373688
324.671051
324.981873
324.980682
325.631531
325.724030
326.045349
326.375702
326.539062
326.887268
327.094299
327.529816
327.502991
328.281799
328.122101
328.602203
328.725647
329.045349
329.067413
329.243164
329.490112
329.099457
329.554474
329.574921
329.911713
329.323395
329.649689
329.157898
329.274841
329.048340
329.069092
328.897675
328.539978
328.752808
328.798004
327.779968
327.759583
328.014374
327.629333
327.341675
327.057953
326.783295
326.673767
326.104645
325.993134
325.676300
325.029755
324.687317
324.530121
324.204926
323.917664
323.697418
323.725189
323.313934
323.109314
322.597931
322.413086
322.488892
321.681152
322.014954
321.583984
321.343842
321.376495
321.127472
321.396973
320.974182
321.037933
321.083344
320.832550
321.261078
320.908630
321.109283
321.021820
321.091980
321.383057
321.140533
321.495972
321.440216
322.078796
321.940277
322.308807
323.208160
323.105774
323.332214
323.608093
323.986664
323.946198
324.202362
324.944946
325.072052
324.988098
325.292023
325.883026
326.085388
325.902100
326.673553
326.656921
327.521179
327.562042
327.655609
327.633942
327.867004
328.283600
328.653290
328.665619
328.938446
328.894135
329.238892
329.063904
329.261536
329.411224
329.469116
329.047485
329.662903
329.245148
329.055359
329.250610
329.242065
329.135193
328.989807
328.835419
328.592651
328.420776
328.731110
328.411957
328.048340
328.176056
327.565613
327.579987
327.480438
326.668365
327.220856
326.601257
326.524475
326.346039
326.385010
325.623779
325.934235
325.382751
325.254913
325.209900
324.890594
324.764526
324.678802
324.318909
324.439697
324.167084
324.474243
324.490479
324.289734
324.218872
324.170044
324.336884
324.325989
324.482819
324.105469
324.446106
324.913818
324.317963
324.956787
324.947906
325.231842
324.855804
325.864746
325.311646
325.740997
325.919373
326.295227
326.218323
326.279480
326.913025
326.858948
327.356964
327.634094
328.014435
328.283081
328.720551
329.047150
329.323090
329.354401
329.572235
330.182648
329.983032
330.446930
330.716888
330.893158
331.283630
331.670105
331.811554
331.384949
332.005676
331.868622
332.288818
332.584625
332.228241
332.073853
332.493164
332.748901
332.064819
332.197906
332.429901
332.674713
332.386139
332.409760
332.255096
332.495972
331.927124
331.658936
332.167694
331.589020
331.035095
331.127563
331.130188
330.632202
330.579102
330.126282
330.052460
329.731781
329.271057
329.757599
329.126892
328.640228
328.944366
328.760712
328.207611
328.066040
327.881195
327.393951
327.322083
327.115662
326.981934
326.961182
327.050720
326.910706
326.594147
326.721161
326.254730
326.638824
326.579102
326.486847
326.572540
325.927216
326.274078
326.396454
326.913147
326.179016
326.857941
326.881134
326.617065
327.091553
327.406616
327.169189
327.736816
327.920319
328.172363
328.094788
328.045624
329.249268
328.992523
329.156219
330.027588
329.492523
329.861664
330.295563
330.695374
331.021729
330.783905
331.465851
331.653290
331.954651
332.125641
332.118500
332.742218
332.959290
333.165710
333.100403
333.285156
333.246307
333.609009
333.925354
333.961761
333.773102
334.336639
333.749786
334.233124
334.167267
333.810730
334.123322
334.409851
333.974518
334.007294
333.909668
333.850983
333.368256
333.587555
333.766968
333.567322
333.330383
333.385834
333.047394
332.860291
332.712982
331.992523
331.823151
331.824524
331.563568
331.631012
331.368347
331.066895
331.434906
330.859467
330.858490
330.581146
330.558502
330.535706
330.394073
330.434784
330.095123
329.878693
329.636383
330.039886
329.644104
329.567993
329.641510
330.030731
329.937592
330.205200
329.452606
330.028015
330.348816
329.955048
330.407379
331.048340
330.417145
330.703278
330.997894
331.054077
331.818115
331.645538
332.099091
331.871124
332.824829
332.980164
333.235260
333.346466
333.523224
334.250793
334.739716
334.866333
335.079498
335.216278
335.748596
335.945953
336.687347
336.556213
336.955688
337.382019
337.658508
337.881500
338.157410
338.301208
338.686005
338.466583
338.865479
339.044861
339.471741
339.058746
339.682037
339.786987
339.432495
339.317780
339.791931
339.778961
339.973175
339.604431
339.645813
339.785706
339.769470
339.668396
339.300446
339.170593
339.298401
338.982117
338.686920
338.280304
338.201019
337.853638
338.553040
337.488922
337.328217
337.518311
336.603241
336.561707
336.484863
336.413208
336.051636
335.668579
336.108215
335.094421
335.246613
334.488434
334.204010
334.542633
334.395294
334.145172
334.189514
333.977112
333.466492
333.273926
333.445587
333.416931
333.589294
333.140778
333.208740
333.588593
333.540985
333.863495
333.792480
333.697174
333.855377
333.984833
334.211273
334.089172
334.688904
334.292603
334.788940
334.846161
335.691010
335.647461
335.783051
336.069763
336.712280
336.969025
337.439453
337.397644
338.263824
338.332611
338.752258
339.065826
339.097168
339.467255
340.234436
340.132477
340.443695
340.946716
341.004395
341.323181
341.709961
341.805908
342.057983
342.345062
342.604279
342.529449
342.660431
343.273438
342.736511
342.729950
343.768219
343.489410
343.248779
343.372559
343.760101
343.367920
342.908722
343.143036
343.194672
342.720306
342.508545
342.763123
341.943207
342.104858
341.822479
341.518921
341.067566
340.864716
340.882263
340.836609
340.416840
339.719360
339.538696
339.257111
339.084442
338.637360
338.891235
337.704773
337.863373
337.712585
336.964722
337.052673
336.743958
336.263855
335.933868
335.557739
335.693756
335.241425
334.585266
334.798737
334.699707
334.129303
334.414856
333.906128
333.704041
333.877899
333.812256
334.098969
333.958069
334.036499
333.972046
333.926300
333.546051
334.378510
334.059387
334.663605
334.519379
334.755646
334.866974
335.164581
334.817169
335.630157
335.220032
335.691925
335.437561
335.922577
336.609314
336.533966
336.949219
336.961151
337.221283
337.503021
338.164764
338.255707
337.945251
338.102875
338.882263
338.693451
339.351166
339.299408
339.331177
339.512299
339.551575
339.830566
339.730377
340.029724
339.751678
339.784576
340.235443
340.351379
340.427582
340.326752
340.344727
340.164001
340.329803
340.327057
340.187683
340.170227
339.930939
339.810883
339.746582
339.570984
339.420807
338.948608
338.693939
338.842621
337.868195
338.135040
337.854645
337.697815
337.180786
337.033234
336.499054
337.148499
336.102844
335.964569
335.631012
336.051727
335.504211
335.159149
335.169342
334.886932
335.229126
334.958771
334.307861
334.376007
334.159698
334.186554
334.220520
333.359070
333.996887
333.865417
333.612579
333.559418
333.690582
333.586334
333.352081
333.293152
333.530426
334.181335
333.970551
333.860779
333.910431
334.073639
334.211731
334.551300
334.870453
335.021942
335.232544
335.111511
335.441223
335.335663
335.867462
336.087311
336.366791
336.404846
336.249054
336.630615
336.638062
336.632538
337.142181
337.278168
337.485443
337.471161
337.717682
337.874542
338.077667
337.960693
338.181641
338.244843
338.380524
338.342926
338.448608
338.327362
338.594543
338.041046
337.981873
338.126831
338.054169
337.719086
337.445831
337.518646
337.485138
337.279877
337.030273
336.760132
336.925476
336.501709
336.371033
336.083862
336.059021
335.955780
335.252228
335.281342
334.723236
334.473755
334.272888
334.458527
334.292694
333.611023
333.637604
332.902435
333.171631
332.492554
332.863586
332.346313
332.138733
331.764618
332.260590
331.846710
331.735504
331.350006
331.597443
331.459717
331.307556
331.487915
331.598145
331.389435
331.035706
331.705292
331.203217
331.078888
331.545532
331.722565
331.843323
331.987274
332.108948
332.207977
332.369537
332.348633
332.761658
333.272797
332.977905
333.442871
333.582031
334.052063
334.210785
334.146027
334.070343
334.864441
334.780914
334.810913
335.488647
335.843414
335.295227
335.736053
335.683167
335.805023
335.994415
336.094513
336.546539
335.602539
336.566376
336.562225
336.407318
335.984161
336.064606
336.019379
336.016052
335.947968
335.950806
335.791962
335.423065
335.217926
334.763763
335.109192
334.608459
334.301910
334.029388
333.644775
333.622528
333.255310
333.130188
332.751190
332.168610
332.193848
332.041473
331.884521
331.099091
331.317902
331.272369
330.213684
330.715820
330.082123
330.305511
330.112427
329.728729
330.108002
329.571625
330.034576
329.556946
330.213593
330.036865
329.593048
329.936005
330.293884
330.510254
330.653992
331.102814
331.136200
331.594025
331.963196
332.113617
332.256012
332.980164
333.392059
333.411011
334.071930
334.538757
334.445618
335.254822
335.439941
335.698425
336.435608
336.183136
336.887604
337.198761
337.178375
337.491333
337.516785
337.503662
337.693146
337.453644
336.996490
336.985474
336.641083
336.089081
335.364685
334.642456
333.711884
332.884125
331.591614
330.394104
328.675537
326.957336
325.814545
323.998993
322.227692
319.983673
317.758606
314.962341
312.191650
309.583344
306.652893
303.529602
300.389587
296.856628
293.492981
289.985901
286.216522
281.975586
277.957672
273.821655
269.965363
266.021454
261.968018
257.385040
253.101990
248.559143
244.704315
240.443832
236.538864
232.273788
228.036713
224.291840
220.321609
216.634079
213.159668
209.962219
206.580948
203.515015
201.046234
198.527130
196.443756
194.153122
192.378983
190.744461
189.308258
188.485489
187.619034
187.311722
187.023331

