281.134735
173.878601
173.807663
174.715744
175.566101
176.739731
178.280701
179.792465
181.731201
183.642654
185.904999
188.565079
191.165985
193.938950
196.836304
200.145035
203.294510
206.558609
210.039856
213.968643
217.483902
221.165802
225.118851
228.510849
232.737381
236.215668
240.166809
244.127426
247.488312
251.103729
254.966766
258.651215
262.117493
265.152710
268.359283
271.489166
274.915466
277.796600
280.630005
283.047607
285.813080
287.931641
290.044403
292.092010
294.230835
296.035126
297.510925
299.328827
300.398956
301.718384
303.279144
303.732635
304.759674
305.359222
306.021942
306.999084
307.623932
307.659882
307.578278
308.003723
308.394409
308.185760
308.573914
308.397247
308.356476
308.638092
308.508057
308.187836
307.455383
307.201172
307.499634
306.860321
306.613708
305.938751
305.893280
305.726959
305.949921
305.560181
305.496368
305.221771
305.153961
304.430725
304.524139
304.783142
304.236511
304.349274
304.348022
304.573914
304.225311
304.197632
304.847534
304.574158
304.785736
304.951080
305.308777
304.993103
305.740814
305.753937
306.330627
306.467133
306.327759
307.376984
307.608307
307.673676
308.047119
308.703735
309.089539
309.685486
309.504761
309.743622
310.135895
310.898193
310.774841
311.085999
311.513275
311.687775
312.150146
311.994934
312.682709
312.642029
312.909607
313.432281
313.446503
313.657959
313.603088
313.427887
313.946930
313.672150
313.614899
313.677277
313.405151
313.462402
313.569153
313.237915
313.215271
313.093079
312.964325
312.646149
312.803223
312.550568
312.244720
311.798126
311.710175
311.364838
311.227936
311.153534
310.434723
310.470184
310.058716
310.241821
309.811310
309.589355
309.254669
309.177338
308.701965
308.657043
308.062439
308.304840
308.232758
308.128845
307.696564
307.670837
307.663574
307.266113
307.389893
307.350067
308.048340
307.529724
307.611725
307.687592
307.833344
307.889740
308.013245
308.510193
308.529663
308.772186
308.619019
309.032959
309.151581
309.810272
309.337402
310.212311
310.515228
310.611267
311.029999
311.239471
311.800201
311.937927
312.229828
312.586426
313.037292
313.109436
313.705383
313.963074
314.214417
314.896820
314.512878
315.080566
315.337555
315.382172
315.885681
315.731079
316.367279
316.672424
316.198914
316.931122
316.251709
317.015503
317.234192
316.747559
317.027283
317.291016
317.154205
317.368164
316.830963
316.828796
317.334259
316.877655
316.812469
316.855865
316.364990
316.164124
315.881073
315.587067
315.715240
315.046936
315.087311
314.586304
314.834045
314.379608
314.220795
314.338013
313.683807
313.328308
312.934998
313.133118
312.457947
312.388885
311.968567
311.684326
311.508759
311.334167
311.126068
310.972382
310.561859
310.558990
310.217957
310.101562
310.258606
310.181244
310.515442
310.072266
310.013733
310.073151
309.825928
309.573120
309.998932
310.221130
310.352814
309.907501
310.354614
311.027313
310.736603
311.176575
310.825806
311.513367
311.687103
311.780762
311.993958
312.391296
312.808533
312.796783
313.711395
313.368469
313.703827
313.890472
314.344482
314.539124
314.986816
315.284485
315.760040
315.858826
316.018402
316.238525
316.719574
316.846558
316.873962
317.488495
317.372955
317.451111
317.555878
317.780640
317.705719
318.341461
318.247192
318.133331
318.420654
318.789215
318.518646
318.327698
318.177979
318.401123
318.258972
318.273193
318.488922
317.908783
317.965881
318.059601
317.880951
317.756195
317.837280
317.130310
317.235901
316.973572
316.452667
316.498718
316.625214
316.199341
316.105957
315.955475
315.658447
315.552643
315.313568
314.594299
314.530609
314.301636
314.412811
314.488922
314.085419
313.922272
313.969696
313.559387
313.742432
313.666260
313.876221
313.685669
313.435272
313.747894
313.352325
313.382446
313.352448
313.497620
313.413635
313.761444
313.765808
313.676758
313.940582
314.138794
314.869293
314.618805
314.726776
315.221863
315.453705
315.338715
315.447296
315.823395
316.213928
316.724426
316.763550
316.952179
317.582581
317.817200
318.110840
317.991669
318.417664
318.940369
319.342926
319.393616
319.600037
320.098236
320.545959
320.649658
320.484161
320.756104
321.254730
321.255432
321.393921
321.743988
321.625916
322.179718
321.885345
322.107208
322.434326
322.411713
322.818176
322.519257
322.450958
322.442474
322.686615
322.038940
322.414337
322.344940
322.357819
322.229858
321.798584
321.617035
321.810547
321.826385
321.670319
321.391541
320.993622
321.018829
320.547516
320.194366
320.006317
320.566437
319.986053
319.774109
319.614136
319.348022
319.172272
319.002655
319.065979
318.438721
318.901550
318.244415
318.460388
318.286438
317.960480
317.988220
317.859619
317.869659
317.726898
317.965607
317.895966
317.654480
317.792267
318.113312
318.390045
318.233978
318.186737
318.328583
318.363007
318.546265
318.882324
319.038300
319.155029
319.053833
319.685974
319.827972
319.779083
319.689697
320.278625
320.560699
320.859589
321.378021
321.446655
321.983337
321.805511
322.302155
322.482147
323.009186
323.303894
323.912628
323.530823
324.404724
324.448212
324.622131
325.078339
325.258423
325.232483
325.470856
325.697845
325.757690
326.136993
326.600525
326.597626
326.427612
326.805420
326.817108
326.807587
326.874847
326.718048
326.734009
326.926849
326.574738
326.547241
326.955200
326.472229
326.664978
326.671661
326.324341
326.613098
326.134155
326.326111
326.365448
325.616058
325.251526
325.667725
325.676453
325.657104
325.275543
324.681396
324.479034
324.690369
324.540436
324.500061
324.230011
324.085785
323.939148
323.994080
323.532654
324.035217
323.639252
323.644073
323.385468
323.855286
323.651642
323.641815
323.639008
323.583588
323.902954
324.112457
324.135864
324.302460
324.487335
324.251801
324.587158
324.877441
324.810089
324.752747
325.822205
325.512024
325.843384
325.781769
326.592255
326.713409
327.242462
327.920135
327.718109
328.210815
328.777191
329.263123
329.453003
329.101654
330.416840
330.776031
330.786926
331.063995
331.631958
332.014923
332.456818
332.513947
332.698822
333.267853
333.299835
334.000214
334.263092
334.333954
334.828156
335.273926
335.242371
335.503540
335.384949
336.014648
335.997192
335.772827
336.081482
335.881042
336.270538
336.383331
336.330963
336.189697
336.678192
336.261780
336.392395
335.694183
336.034729
335.630096
336.138367
335.466949
335.411987
336.121094
335.041473
335.655334
335.026642
334.899872
334.663330
334.701538
334.112671
334.453125
334.314880
333.752930
333.967468
333.398315
333.237823
333.601776
333.366394
333.085815
333.105865
333.213287
333.157013
332.857758
333.084442
332.716156
332.711365
332.644440
332.602173
333.082550
332.997986
333.434418
333.015625
333.417236
333.551270
333.318512
334.195618
333.804108
334.270599
334.347595
334.727264
335.104126
335.259277
336.283051
336.271362
336.276672
336.943176
337.204010
337.892487
338.234222
338.122406
338.588623
339.095398
339.222595
339.897064
340.190948
340.879181
341.523834
341.557739
341.827667
342.462677
342.284576
342.676025
343.410156
344.118713
344.282593
344.349487
344.875854
345.091705
345.321411
346.037567
345.824921
346.238647
346.215271
346.412231
346.254486
346.400055
346.445801
346.272278
346.632080
346.801300
346.613220
346.796936
346.685760
346.619476
346.623138
346.315979
346.299774
345.750183
346.226624
345.789673
345.623108
345.744293
345.231201
345.038239
344.638092
344.650513
344.382294
344.088715
344.024536
343.447388
343.152618
343.292328
343.108398
343.065430
342.109009
342.300415
341.878510
341.565186
341.590210
341.251251
341.282013
341.287811
341.005981
340.570953
340.876038
340.651642
340.789398
340.897156
340.634155
340.554443
340.931580
340.468353
340.308380
340.896027
340.792511
341.049347
341.109711
341.452850
341.742737
341.785400
342.288940
342.300537
342.099731
342.995605
342.906219
343.003571
343.261322
344.005493
344.227478
344.146515
344.495087
344.710327
345.468445
345.478363
346.057465
345.726013
346.290405
346.885376
347.164215
347.384583
347.512146
347.693756
348.288666
348.304321
348.619080
348.542969
348.876373
349.469971
349.041138
349.716736
349.661713
349.687347
349.709717
350.075836
349.690552
350.273041
349.969818
350.179962
349.705444
350.368256
350.038910
349.698334
350.032410
349.646301
349.538727
349.344513
349.202179
349.064758
348.945801
348.573517
348.423615
347.962891
347.742523
347.707275
347.984039
347.484894
347.021698
346.700500
346.926422
346.769348
346.144287
345.715332
345.973969
345.608276
345.680328
345.449738
345.761292
344.900879
345.525330
344.937683
345.008636
344.890656
344.811615
344.674622
344.691467
344.565033
344.346405
344.874451
344.615143
344.478180
344.739105
345.291168
344.442810
345.369232
345.520660
345.644073
345.989716
345.863495
346.331116
346.316254
346.389801
346.709259
346.502319
346.943298
347.428070
347.256744
347.688507
347.998688
347.825104
348.496063
348.757202
348.919250
349.601837
349.116638
349.245605
349.687164
349.685852
349.962433
349.754456
350.353668
350.782867
350.249420
350.783051
350.318970
350.118744
351.178467
350.647949
350.814972
350.820068
351.081238
350.547852
350.739441
350.683411
350.805725
350.425171
350.543549
349.798035
350.130310
349.920776
349.716766
349.637268
349.209869
348.550720
348.785980
348.379944
348.499481
347.769745
347.863434
347.906464
347.426300
346.984650
346.589142
346.627533
345.869965
345.943146
346.299744
345.953644
345.567261
345.468506
345.550476
345.030243
345.082672
344.712158
344.633209
344.810577
344.431580
344.842316
344.411713
344.414215
344.330811
344.073212
344.655701
344.581848
345.169647
344.751923
345.077240
344.903687
345.399414
345.243225
345.440033
345.365387
346.267517
346.172791
346.597626
346.372589
346.775482
347.001343
347.208954
347.390717
347.947845
348.052643
348.159515
348.479645
348.574524
349.006317
348.921814
348.816742
349.157166
349.545898
349.752686
349.829285
349.638611
349.974060
349.978088
350.146851
350.319977
350.086365
350.168152
350.105988
350.165161
349.808777
350.000824
349.694061
349.289764
349.350372
349.128021
348.691223
349.342957
348.137085
348.347015
348.161804
347.392059
347.546082
347.305634
346.717590
347.017548
346.305359
346.323792
345.715210
345.337463
345.630005
344.914001
344.547699
344.976593
344.618256
344.002808
344.108002
343.767456
344.244843
343.701721
343.346375
343.962891
343.765228
343.919403
343.126343
343.379486
343.628601
343.799194
343.920746
344.179840
344.278320
344.990692
344.936798
344.830200
345.395844
345.908142
346.165863
346.605896
346.889008
347.521820
347.860504
347.996704
348.164612
348.763824
349.375366
349.982513
350.041290
350.882843
350.784821
350.697266
351.064911
351.394928
351.433807
351.428345
351.219666
351.121704
350.996185
350.669739
350.138153
349.835693
349.036896
348.780975
347.480652
346.416412
345.571899
343.792175
342.394867
340.575500
338.915955
337.056976
335.224701
333.173737
330.332336
327.913635
325.067841
322.264191
318.905090
315.458496
312.596466
308.545471
305.307037
301.123688
297.301575
293.771912
289.387207
285.124084
280.855133
276.380981
271.482239
267.756317
262.792023
258.572784
254.004990
249.869385
245.560913
241.224075
236.881805
232.884064
228.761002
224.683075
221.303955
217.871368
214.426422
211.188828
208.546295
205.956909
203.312485
201.131821
199.296616
197.923676
196.547943
195.290771
194.592026
194.060898
194.307495

276.659241
173.806778
173.722672
174.647034
175.498535
176.690399
178.243622
179.744843
181.672592
183.618195
185.896469
188.546005
191.174713
193.965424
196.870544
200.179398
203.328857
206.644974
210.119843
214.061432
217.598099
221.315445
225.298706
228.681152
232.921890
236.424637
240.380249
244.386307
247.774200
251.428299
255.276993
259.010651
262.487366
265.555206
268.806427
271.953094
275.410828
278.337189
281.160156
283.611938
286.388519
288.521759
290.679016
292.758698
294.926636
296.759430
298.264465
300.074310
301.163727
302.511902
304.126862
304.604797
305.663788
306.273163
306.963318
307.941498
308.605743
308.668976
308.586914
309.034088
309.416718
309.273010
309.657715
309.548462
309.488617
309.802338
309.700714
309.384430
308.692047
308.410797
308.731903
308.105133
307.840881
307.205200
307.161560
307.021851
307.266083
306.851959
306.776978
306.535614
306.444122
305.737457
305.846985
306.103119
305.532440
305.656250
305.647156
305.844879
305.523560
305.499512
306.103638
305.835327
306.029755
306.204895
306.525116
306.221375
306.998383
306.951965
307.512115
307.654114
307.508240
308.534210
308.731812
308.775482
309.115234
309.771423
310.121521
310.694427
310.515167
310.726227
311.070862
311.848907
311.694183
311.954407
312.345825
312.527740
312.968903
312.821991
313.431641
313.338684
313.612518
314.108704
314.113098
314.298431
314.208344
313.984222
314.491028
314.173492
314.076508
314.126404
313.833405
313.875458
313.933228
313.558136
313.530396
313.379517
313.223236
312.898926
312.996613
312.728210
312.390594
311.934998
311.825287
311.422302
311.263916
311.143311
310.410034
310.449127
310.005676
310.157776
309.714844
309.467102
309.104004
309.007141
308.534119
308.445740
307.828186
308.044189
307.964844
307.830261
307.373352
307.344666
307.314331
306.923706
307.023895
306.980560
307.647552
307.100830
307.205200
307.243713
307.413239
307.433441
307.538910
308.043823
308.068817
308.301636
308.149323
308.531738
308.635468
309.328522
308.842133
309.749359
310.022858
310.114258
310.547699
310.749481
311.298828
311.432556
311.748444
312.141388
312.535828
312.631226
313.220367
313.498535
313.750092
314.456512
314.046814
314.661102
314.906952
314.970398
315.496094
315.353333
316.015045
316.266327
315.838287
316.596985
315.906281
316.670715
316.947174
316.477234
316.749634
316.995392
316.915466
317.139526
316.623291
316.591156
317.148041
316.714081
316.646606
316.710785
316.227570
316.046692
315.805023
315.546783
315.680939
315.026001
315.090088
314.583313
314.885468
314.452057
314.321655
314.401733
313.782410
313.458679
313.086365
313.302460
312.615479
312.594269
312.232727
311.931061
311.761505
311.619141
311.415924
311.281311
310.944031
310.933563
310.617737
310.543457
310.737946
310.647461
310.957581
310.579926
310.528595
310.628052
310.375488
310.171356
310.619324
310.850983
311.002045
310.589630
311.038483
311.778107
311.460358
311.938171
311.590851
312.315704
312.495880
312.620056
312.843231
313.280853
313.692108
313.725189
314.695496
314.355804
314.704315
314.909637
315.395172
315.577362
316.037384
316.404541
316.901184
316.978546
317.166626
317.435364
317.934784
318.036438
318.067535
318.752899
318.617706
318.718201
318.842010
319.124207
319.064087
319.702850
319.676697
319.527893
319.846222
320.253387
319.985260
319.849609
319.665466
319.913330
319.802277
319.852570
320.061218
319.481720
319.550110
319.638672
319.500580
319.387238
319.533905
318.796875
318.938660
318.740875
318.197449
318.254333
318.345367
317.942535
317.913971
317.743530
317.459503
317.379303
317.143555
316.417938
316.410400
316.196930
316.230438
316.334381
315.926025
315.775940
315.884613
315.411957
315.625610
315.551666
315.759796
315.541748
315.307495
315.635406
315.274139
315.288757
315.251648
315.408783
315.323456
315.659302
315.722076
315.597809
315.846466
315.994324
316.686676
316.469788
316.596771
317.062775
317.271271
317.205658
317.267395
317.629089
318.063965
318.461121
318.522156
318.755951
319.261536
319.529602
319.754364
319.684143
320.133240
320.612915
320.960846
321.043274
321.169281
321.672943
322.059052
322.222382
322.001221
322.253845
322.678894
322.799316
322.837189
323.180145
323.033569
323.560577
323.272614
323.421539
323.694641
323.635468
324.020264
323.680023
323.675323
323.609894
323.834656
323.165588
323.512238
323.351990
323.360474
323.208374
322.712982
322.516144
322.749481
322.653107
322.520874
322.189667
321.759399
321.746399
321.273651
320.879486
320.673859
321.188477
320.604095
320.340332
320.167694
319.872772
319.649658
319.460510
319.461517
318.841461
319.262543
318.580627
318.783295
318.590698
318.242279
318.244324
318.087646
318.084991
317.955170
318.105011
318.013489
317.783264
317.911011
318.225342
318.432098
318.270508
318.216980
318.309814
318.346100
318.491119
318.821045
318.995239
319.095490
318.985168
319.519287
319.686401
319.620850
319.512817
320.144897
320.363586
320.650787
321.180054
321.236694
321.739349
321.591675
322.089111
322.212341
322.721161
323.062866
323.624207
323.276245
324.131409
324.136383
324.321533
324.796783
324.957367
324.943756
325.145325
325.387573
325.442841
325.832397
326.304749
326.310791
326.151459
326.524475
326.520203
326.466705
326.586670
326.449829
326.462067
326.651245
326.296387
326.300385
326.697906
326.196716
326.419739
326.426178
326.053589
326.352417
325.900269
326.101440
326.103546
325.416016
325.036713
325.443146
325.473419
325.468109
325.090363
324.486267
324.299774
324.549347
324.388580
324.353638
324.059662
323.937561
323.814056
323.876495
323.380432
323.943542
323.523682
323.543976
323.286316
323.761108
323.593231
323.569061
323.561066
323.547485
323.843872
323.999725
324.095551
324.247223
324.458893
324.206482
324.560852
324.837219
324.763489
324.731262
325.787140
325.517426
325.830353
325.774780
326.568573
326.698944
327.217468
327.904694
327.696259
328.205048
328.773102
329.244141
329.437622
329.098663
330.404541
330.733276
330.764801
331.046631
331.604919
331.988922
332.449005
332.482971
332.694763
333.250610
333.259125
333.937988
334.210022
334.301086
334.768494
335.221466
335.172729
335.455109
335.334595
335.936005
335.926727
335.701050
335.982513
335.811676
336.184113
336.300323
336.207916
336.065613
336.547394
336.125732
336.254028
335.567200
335.887268
335.468292
335.963196
335.303375
335.231262
335.940338
334.866943
335.460144
334.839539
334.708160
334.429596
334.507263
333.877441
334.244019
334.098969
333.548523
333.728607
333.146118
332.988678
333.331909
333.094177
332.802673
332.840851
332.946289
332.865295
332.593262
332.798584
332.443024
332.421875
332.360687
332.305908
332.764038
332.699890
333.134552
332.669678
333.097900
333.216614
332.984772
333.863800
333.442200
333.900513
334.034973
334.388367
334.739838
334.905090
335.919373
335.902557
335.908356
336.587097
336.855988
337.538116
337.881073
337.781219
338.206329
338.750641
338.859741
339.546509
339.809174
340.521820
341.136658
341.177368
341.435883
342.081512
341.943359
342.296051
343.041351
343.781097
343.910126
343.997131
344.470123
344.739410
344.922577
345.659576
345.473633
345.896301
345.860626
346.050659
345.895050
346.036469
346.064453
345.900757
346.287598
346.445160
346.272797
346.413818
346.326874
346.273468
346.289215
345.964020
345.946991
345.426453
345.888367
345.444031
345.267181
345.419098
344.918793
344.735870
344.317383
344.318542
344.033905
343.789429
343.721649
343.145050
342.851318
342.975220
342.813324
342.711731
341.829559
342.039185
341.593781
341.265015
341.292999
340.951416
340.987244
340.967438
340.697784
340.232849
340.649231
340.369324
340.492767
340.607666
340.358215
340.281799
340.674469
340.213074
340.021759
340.663025
340.561401
340.785004
340.863312
341.205048
341.486908
341.537231
342.032928
342.072083
341.859039
342.757263
342.689850
342.777740
343.046082
343.790863
344.002838
343.949677
344.262024
344.510925
345.232849
345.288300
345.879272
345.489716
346.123352
346.733429
346.969482
347.199371
347.323944
347.540833
348.103851
348.143188
348.451050
348.386505
348.713440
349.315369
348.932648
349.574310
349.505890
349.551849
349.551331
349.928467
349.569153
350.160492
349.854706
350.064819
349.588318
350.247192
349.923553
349.568207
349.932739
349.539001
349.481018
349.237396
349.139435
349.008545
348.861267
348.521729
348.344879
347.885468
347.634644
347.655548
347.910614
347.415253
346.960999
346.654663
346.882690
346.703217
346.093719
345.697662
345.929871
345.609070
345.650116
345.447815
345.786713
344.876892
345.508728
344.951569
344.992889
344.899353
344.810791
344.665741
344.692108
344.576691
344.383575
344.885834
344.642548
344.503998
344.783081
345.330811
344.489441
345.401489
345.565857
345.708069
346.033600
345.926819
346.383728
346.348877
346.458344
346.767700
346.551605
347.042480
347.489258
347.358276
347.780029
348.081055
347.910919
348.591766
348.848999
349.001740
349.700653
349.200562
349.337128
349.795593
349.789612
350.063721
349.820679
350.451233
350.923035
350.364319
350.915466
350.427246
350.249725
351.300140
350.746460
350.963379
350.947205
351.176056
350.695282
350.841675
350.832672
350.924133
350.553375
350.678528
349.926666
350.258911
350.053558
349.844147
349.783875
349.347290
348.694061
348.926788
348.523071
348.650238
347.926941
347.974609
348.067047
347.569153
347.103638
346.724243
346.759949
346.022583
346.087952
346.441284
346.087799
345.699402
345.637421
345.714508
345.211639
345.226349
344.856995
344.804688
344.963562
344.561005
345.006287
344.544159
344.571014
344.479645
344.219757
344.842529
344.739807
345.319061
344.876190
345.214111
345.023834
345.546448
345.386505
345.575897
345.495361
346.395844
346.307343
346.763153
346.528717
346.925751
347.158905
347.344513
347.536896
348.074188
348.169067
348.342072
348.633545
348.717712
349.144348
349.070526
348.980804
349.295593
349.704834
349.889160
349.976593
349.770508
350.127502
350.133209
350.255798
350.454834
350.212555
350.320404
350.254364
350.293335
349.949768
350.127838
349.836792
349.425873
349.510162
349.288940
348.814117
349.486023
348.256012
348.484344
348.303253
347.551331
347.703857
347.449097
346.855286
347.136841
346.397308
346.422974
345.846497
345.463043
345.793213
345.072357
344.640411
345.066071
344.743927
344.167633
344.223175
343.898804
344.360931
343.852173
343.473572
344.052582
343.868408
344.035522
343.246582
343.488312
343.776215
343.889679
344.020477
344.288818
344.379974
345.098450
345.035461
344.922394
345.504303
346.025970
346.255524
346.731201
346.982391
347.602295
347.954224
348.115997
348.281830
348.879974
349.501404
350.088348
350.153412
350.986572
350.867523
350.819153
351.164825
351.484467
351.547882
351.563568
351.319031
351.249054
351.116669
350.770172
350.250549
349.958984
349.136108
348.906891
347.599884
346.499054
345.693298
343.883789
342.510254
340.694489
339.034454
337.167358
335.332336
333.238983
330.468506
328.013824
325.169678
322.357635
319.018188
315.564240
312.687592
308.643860
305.405609
301.231293
297.397949
293.864929
289.461670
285.227264
280.952667
276.510742
271.616791
267.873535
262.911530
258.683533
254.123825
249.978607
245.669510
241.332474
236.985352
233.004059
228.864426
224.778229
221.425323
217.981583
214.544388
211.301834
208.659256
206.071167
203.403168
201.261627
199.410690
198.038467
196.645248
195.394852
194.721039
194.186508
194.539520

218.911255
184.601334
184.864685
185.781479
186.688980
187.812668
189.619415
191.115402
192.961319
194.954132
197.646942
200.255569
203.077240
206.457184
209.703339
212.642731
216.201859
219.589890
223.404007
227.460144
231.379639
235.387817
239.193893
243.295761
247.237167
251.801392
255.458847
259.333160
263.112427
267.265045
271.309174
275.076630
278.369812
282.241913
285.593597
288.624634
291.562286
294.992615
297.780457
300.516296
303.294647
305.789429
307.751770
309.930328
312.161652
314.038177
316.188782
317.591980
317.907593
319.503265
320.907257
322.492523
322.991913
323.863251
324.414764
324.793823
325.513489
326.181824
326.127777
326.421631
326.280457
326.677399
326.511932
326.326355
326.418365
325.773590
325.690613
325.603577
325.322083
324.643494
324.331635
324.352478
323.721741
323.334625
323.303406
323.031494
322.416504
322.081329
321.616486
321.394226
321.525665
320.849762
321.063599
320.579254
321.080658
321.004211
320.183289
320.369568
320.441406
320.394928
320.812103
320.325684
320.543701
320.848053
320.776550
321.245789
321.090668
321.503143
321.352692
321.980957
322.352783
322.793182
322.673767
323.312469
323.132324
323.613770
324.041840
324.208435
324.332977
325.159454
324.973755
325.523804
325.277740
326.086395
325.856659
326.596832
327.121033
326.987762
327.582520
327.630493
327.694794
327.723938
327.822632
327.863403
328.566162
328.085724
327.966736
327.926086
328.054901
327.666016
328.322571
327.811432
327.722046
327.140320
327.365112
327.352936
326.899902
326.366241
326.314514
326.118439
325.261078
325.375854
325.284973
324.974548
324.447052
324.019897
324.078125
323.530212
323.295593
322.501678
322.351349
322.183258
321.779785
321.649841
321.526581
321.471954
321.197998
320.617950
320.768768
320.374268
319.831268
319.745178
319.754791
320.136353
319.917389
319.736633
319.527222
319.765076
319.583130
319.452332
319.621124
320.068024
319.946442
319.998474
320.200348
320.334015
320.285736
320.782532
320.630280
321.522858
321.598053
321.436218
322.011353
322.177948
322.630951
322.904053
322.889282
323.468903
323.708191
324.094910
324.184540
324.463135
324.907257
324.766205
325.251617
325.879730
325.958191
326.242218
326.314667
326.845673
327.201263
327.531830
327.262665
327.847778
328.068878
327.770508
327.812836
327.859741
327.899811
328.177612
327.895477
328.050842
328.028839
327.750305
327.487854
327.689636
327.675995
327.540466
327.477478
327.403564
326.762390
326.871185
326.224060
325.987396
325.624023
325.612244
325.615265
324.834412
324.598145
324.586212
324.278748
323.531769
323.321228
323.328369
323.134033
322.826599
322.696411
322.200348
321.872955
321.241791
321.320374
320.869690
320.870972
320.358185
320.071960
319.984039
320.085510
319.609650
319.160645
319.357208
318.828064
319.324005
319.126801
319.279968
319.325531
319.324127
319.029572
319.140686
319.118195
319.832428
319.434174
319.698761
319.833038
319.505676
319.825836
320.367218
320.451324
320.880249
320.700348
321.163055
321.064209
321.786743
322.145538
322.067230
322.286682
322.338531
322.590820
323.290985
323.669708
323.441895
323.935699
323.900116
324.228485
324.529205
325.123871
325.255341
325.497955
325.398041
325.511261
325.787750
326.185120
325.921173
326.434723
326.548767
326.367828
326.429230
326.503845
326.418732
326.131378
326.602966
326.691620
326.271545
326.094238
326.068481
325.787445
325.843201
325.951447
325.542603
325.407135
324.936798
325.168610
324.703217
324.575470
324.603973
323.764130
324.148743
323.878662
323.828552
323.399933
323.569214
322.875671
323.021088
322.588623
321.982269
322.138428
322.015167
321.365326
321.716827
321.351868
321.126343
320.694122
320.539520
320.856567
320.474304
320.649780
320.126862
319.689911
320.377869
320.448334
320.284332
320.326904
320.171814
320.759338
320.459106
320.683105
320.661926
320.969452
320.899658
321.338745
320.911163
321.343933
321.621338
321.809143
322.005798
322.127289
322.439819
322.747589
323.076752
323.005402
323.523743
323.729980
324.660248
324.332947
324.718689
325.453918
325.066528
325.843018
325.761230
325.933655
326.047852
326.404083
326.963715
326.820770
327.389374
327.505585
327.435272
327.830780
328.021057
327.958771
328.239685
328.304077
328.367035
328.238251
328.356384
328.672150
328.493927
328.470856
328.196411
328.474609
328.134064
328.382355
327.970795
328.119354
327.788757
327.664673
327.457306
327.242157
327.158600
327.113678
326.284454
326.485809
326.452850
326.147247
325.903839
326.092499
325.241760
325.871460
325.279358
325.109161
324.453278
324.254425
324.295410
324.130157
323.798126
323.825928
323.402039
323.463989
323.213379
323.066284
322.773193
322.800415
322.970673
322.961945
322.844086
323.087891
322.668152
322.876862
322.794464
322.915039
322.631805
322.593292
323.045349
323.003174
323.519135
323.278473
323.276978
323.429504
323.618958
324.149597
324.277039
324.618561
324.511047
324.749420
324.868256
325.232025
325.638092
325.772736
326.001190
325.940765
326.614777
326.927063
327.280182
327.716705
327.241699
328.032959
327.908203
328.410919
328.710663
328.915833
329.093506
329.305786
328.875885
329.093628
329.669037
329.147156
329.858368
329.465668
329.695984
330.129852
330.179413
330.208405
330.367798
330.486176
329.749603
330.111511
329.921631
330.215546
329.690125
329.478973
330.150635
330.152039
329.728943
329.462006
329.191620
329.333008
328.846649
329.021271
328.514709
328.422424
328.225800
327.778107
327.686615
327.741943
327.382996
327.346161
327.065155
327.093109
326.430634
326.692932
326.368073
325.956848
325.827759
326.008362
325.956818
325.646881
326.184021
325.797821
325.515045
325.659515
325.032867
325.662231
325.477081
326.691223
325.619446
325.874023
326.142151
326.034393
325.820557
326.344757
326.516174
326.287018
326.970337
326.892303
327.344543
327.656586
327.744019
328.201385
328.064453
328.196472
329.042053
329.342224
329.721436
329.782471
329.960632
330.340210
330.958191
331.213440
331.618317
331.744873
332.000519
332.663452
332.831055
332.895050
333.521088
333.367035
333.714325
333.896057
334.102692
334.392303
334.990387
334.918976
335.114319
335.234009
335.672943
335.610382
335.181824
335.285034
335.518341
335.977051
336.075745
335.516510
335.636627
335.450806
335.373230
335.478699
335.470154
335.255585
335.880096
334.584320
334.916626
334.427307
334.189606
334.351715
334.194000
333.712463
333.678741
333.148071
333.195587
333.268738
332.736633
332.203094
332.157440
331.926056
331.743195
331.289429
331.053741
331.113617
331.040558
331.146942
330.349152
330.591339
330.561249
330.025543
330.329651
329.981384
330.189911
330.096741
329.923279
329.936127
330.038239
330.063873
330.073578
330.445435
329.934692
330.564514
330.683258
330.440033
330.622650
331.135864
331.079407
331.263428
331.692902
331.957092
332.044067
332.676971
332.905273
333.550232
333.533691
333.949890
334.710388
334.397400
334.674652
335.174194
335.623871
335.570923
336.475189
336.533173
336.731781
337.402832
337.717651
338.174805
338.348511
338.438599
338.728424
338.847076
339.107941
339.672272
339.700378
339.820221
340.069946
340.195282
340.592682
340.509888
340.357056
340.466644
340.723846
340.451630
340.739319
340.817993
340.735809
340.676117
340.567474
340.340820
340.484131
340.376434
340.073090
339.522522
339.518097
339.359436
339.119781
339.173615
338.592346
338.308411
338.513702
338.274231
337.520416
337.530823
336.765778
337.128082
336.703583
336.683502
335.545776
335.668549
335.307587
335.065887
334.894135
334.422302
334.408295
334.330078
333.505829
333.741638
333.440826
333.019287
333.314026
333.421967
332.765717
333.099792
332.611115
332.640839
332.622009
333.013550
332.610016
332.941132
332.753876
332.840607
332.949158
333.047943
333.336060
333.154755
333.379791
333.630280
333.798370
334.231842
334.020203
334.323578
334.554810
334.460938
335.031586
335.512177
335.360809
335.467773
335.751740
336.443726
336.573547
337.036041
336.944580
337.387726
337.915436
338.228119
338.045166
338.507019
339.006897
338.667603
339.198242
338.672455
339.455566
339.682465
339.621674
339.223816
339.911652
339.751587
339.761383
339.740601
340.105164
339.820007
340.072388
339.878998
340.092041
339.768829
340.130524
339.806061
338.957092
339.510010
339.376678
339.337219
338.847260
338.558960
338.449738
338.451294
338.338745
337.727692
337.674164
337.344971
337.218170
336.769318
336.919556
336.649261
336.207214
335.959534
335.521851
335.446655
335.468597
335.251129
335.071899
334.936157
334.577423
334.666687
334.383453
334.392670
333.745911
333.794708
333.811218
333.982544
333.607880
333.640656
333.525452
333.732361
333.689545
333.559021
333.445404
333.354218
333.878448
333.984894
333.960419
334.158722
334.201843
334.669922
334.386658
334.592224
335.069366
334.780121
335.013916
335.394226
335.404419
335.722809
335.960693
335.931488
336.288483
336.617676
336.682831
337.136536
337.032501
337.341095
337.609680
337.625732
337.965637
337.999664
337.778687
338.523407
338.477417
338.204285
338.734222
338.430908
338.943726
338.578491
338.844208
339.039154
338.707275
338.495514
338.719391
338.592285
338.441376
338.523468
338.214203
338.130768
338.362762
337.768188
337.613037
337.482544
337.074829
337.072418
336.817780
337.341675
336.521484
336.440674
336.030304
335.571655
335.415161
335.330383
334.846497
334.868958
334.626038
334.546570
334.093170
333.832947
333.497406
333.065674
333.374542
333.000549
332.624756
332.615356
332.861664
332.601166
332.418884
331.986908
332.059601
332.170807
331.760193
332.043304
332.156799
331.834320
331.907990
332.062164
332.112091
332.375946
332.162872
332.476532
332.762421
332.785583
332.671051
333.209625
333.053497
333.756195
333.377472
333.685852
333.840118
334.302673
334.396118
335.045654
334.770416
334.744415
335.498810
335.510529
335.637390
335.578491
335.792419
336.210754
336.262177
336.556366
336.381439
336.781708
336.550598
336.813934
336.716919
336.555481
336.927765
336.640045
336.785431
336.431671
336.961365
336.275238
336.088379
336.491119
336.513184
336.119110
335.958008
335.888641
335.488037
335.295044
335.008575
335.024780
334.461060
334.415802
334.058868
333.815521
333.252502
333.070496
333.314209
332.689026
332.145844
332.053589
331.831482
331.008087
331.625519
331.132233
331.350464
330.750031
330.914825
330.726349
330.357117
330.285889
330.169800
329.890472
329.679016
330.095123
330.511780
330.710693
330.380157
330.522430
330.602844
330.900452
331.171448
331.084778
331.504578
332.074860
332.291840
332.576721
332.903076
333.405243
333.412048
333.535522
334.120667
334.802704
335.317871
335.782166
335.954651
336.266632
336.521057
336.400574
336.820953
337.209869
337.351044
337.394928
337.670441
337.347137
337.260559
336.972839
336.625702
336.049316
335.222534
334.998749
333.837128
333.452484
332.396576
331.222321
330.223785
328.405365
327.081451
325.132965
323.519257
321.373535
318.817017
316.986908
314.356384
311.730255
308.831024
306.287506
303.215179
299.630157
296.167847
292.848419
289.049957
285.340546
281.651245
277.343903
273.351471
269.225647
265.132904
260.925812
256.772461
252.333328
248.296951
243.931931
239.604752
235.184204
231.389481
227.347702
223.554794
219.418900
215.922150
212.539108
209.089005
205.849182
202.651352
200.128265
197.667267
195.463547
193.019913
191.349091
189.939056
188.439133
187.420792
186.586151
186.261215
186.176514

220.175873
184.696732
184.967270
185.890106
186.786331
187.935410
189.719559
191.225311
193.078705
195.075912
197.760376
200.387390
203.212067
206.598923
209.834946
212.795181
216.351395
219.749588
223.569885
227.616760
231.541672
235.567474
239.381104
243.493881
247.427155
251.995407
255.675461
259.540558
263.323853
267.494415
271.570282
275.358704
278.620117
282.508148
285.855011
288.906464
291.875061
295.296814
298.069794
300.836823
303.638458
306.118988
308.084869
310.283142
312.543793
314.426666
316.549988
317.988708
318.311279
319.938721
321.300873
322.936371
323.414734
324.282471
324.834442
325.219971
325.985992
326.646973
326.578156
326.845734
326.729614
327.153168
326.991089
326.782715
326.893433
326.279358
326.171417
326.120636
325.832855
325.141937
324.861786
324.870483
324.266479
323.846741
323.861420
323.532288
322.933624
322.549774
322.113739
321.890717
322.021912
321.355469
321.555969
321.065765
321.576569
321.507111
320.665497
320.851440
320.935516
320.916412
321.291962
320.807617
320.993591
321.311493
321.184387
321.719574
321.538483
321.911957
321.791473
322.428650
322.795807
323.186554
323.112152
323.730072
323.515198
324.036499
324.449585
324.618713
324.707367
325.528412
325.366943
325.859192
325.640839
326.461273
326.207825
326.909882
327.461945
327.309906
327.930847
327.922760
328.001709
328.020935
328.148010
328.161591
328.857941
328.378021
328.259735
328.251923
328.319885
327.936890
328.598999
328.098053
327.999176
327.396088
327.620270
327.638947
327.154053
326.639526
326.578766
326.397858
325.526184
325.636230
325.573425
325.248932
324.707886
324.357513
324.341278
323.760406
323.569580
322.760315
322.652527
322.490692
322.073456
321.920105
321.815460
321.775696
321.505280
320.922241
321.088379
320.721802
320.138306
320.084229
320.100006
320.471313
320.253113
320.073425
319.873566
320.125641
319.963135
319.821838
319.997345
320.468781
320.362305
320.412384
320.608185
320.788116
320.738129
321.241547
321.085236
321.946899
322.071411
321.871948
322.494843
322.674347
323.097870
323.364349
323.332825
323.976135
324.225952
324.604950
324.697113
324.979248
325.447205
325.281830
325.782837
326.421692
326.492432
326.783875
326.884949
327.415375
327.769592
328.091766
327.818451
328.425812
328.628906
328.330078
328.375458
328.405579
328.474762
328.769745
328.479523
328.613647
328.602112
328.325562
328.044098
328.258514
328.236664
328.096588
328.051971
327.987457
327.289917
327.405487
326.778412
326.545807
326.143616
326.130310
326.152618
325.336670
325.108887
325.092560
324.767365
324.053650
323.812714
323.795837
323.587860
323.312317
323.121490
322.640747
322.321411
321.696106
321.741547
321.272797
321.262299
320.740204
320.470001
320.362457
320.465332
319.982605
319.528229
319.688263
319.167877
319.633728
319.434875
319.562042
319.637939
319.597778
319.201813
319.424591
319.367920
320.082916
319.673645
319.947601
320.058655
319.722748
320.029327
320.574768
320.656403
321.071106
320.898773
321.328522
321.239288
321.956085
322.314819
322.225006
322.465424
322.478912
322.747620
323.435150
323.814362
323.571411
324.046021
324.024506
324.350616
324.634521
325.230621
325.359070
325.617615
325.506958
325.608765
325.893982
326.300842
326.042419
326.539734
326.665009
326.479858
326.540710
326.637665
326.531677
326.263458
326.691681
326.832062
326.399750
326.225372
326.191589
325.918579
325.988007
326.095001
325.714569
325.578186
325.099487
325.337738
324.887512
324.750580
324.785370
323.954224
324.326752
324.076752
324.025085
323.593842
323.785553
323.071442
323.223175
322.825653
322.208374
322.353821
322.244232
321.599731
321.968628
321.601624
321.371674
320.945221
320.794342
321.119843
320.752777
320.929901
320.410767
319.955688
320.668457
320.736237
320.588837
320.625793
320.459808
321.055878
320.759674
320.967194
320.962830
321.265991
321.219696
321.645264
321.210236
321.633209
321.903198
322.078064
322.291656
322.415344
322.725464
323.024841
323.353271
323.262634
323.805603
323.961609
324.914307
324.585419
324.980316
325.698364
325.305573
326.082306
325.977966
326.154846
326.243134
326.608612
327.141327
327.003448
327.565247
327.686035
327.585297
327.979218
328.142548
328.098877
328.363037
328.412750
328.465576
328.347778
328.432739
328.742249
328.558899
328.510101
328.250824
328.510895
328.142212
328.377533
327.967590
328.067871
327.744446
327.602173
327.414886
327.175781
327.065247
327.013580
326.189026
326.362183
326.330536
326.026428
325.772461
325.932587
325.075195
325.681335
325.085968
324.897278
324.249054
324.051483
324.048157
323.881989
323.542938
323.561554
323.125122
323.204529
322.940918
322.803986
322.487732
322.507507
322.685425
322.672272
322.515625
322.775085
322.353790
322.556915
322.480042
322.585602
322.290802
322.266907
322.714722
322.652039
323.178497
322.922821
322.935272
323.089264
323.297913
323.779175
323.969910
324.290283
324.172882
324.454285
324.543915
324.926361
325.315765
325.491608
325.709167
325.650208
326.361542
326.649628
327.021881
327.460205
326.974762
327.783173
327.658722
328.174988
328.478088
328.710907
328.871796
329.117096
328.650909
328.890106
329.475616
328.946899
329.717590
329.319305
329.576111
330.009766
330.058746
330.087097
330.273254
330.406586
329.689941
330.078705
329.868469
330.154419
329.649475
329.448761
330.171082
330.182831
329.739410
329.491150
329.257935
329.384796
328.908630
329.085205
328.618622
328.472534
328.309021
327.850616
327.810455
327.860748
327.537140
327.475311
327.207672
327.220093
326.613495
326.858582
326.567322
326.164154
325.994507
326.228455
326.163452
325.843903
326.410889
326.017090
325.733093
325.856598
325.255096
325.884460
325.683197
326.281830
325.865143
326.100647
326.395142
326.296112
326.031982
326.608124
326.763947
326.540985
327.203430
327.116760
327.597992
327.912872
328.003143
328.405762
328.288788
328.442657
329.264832
329.581757
329.917633
329.978851
330.176666
330.541199
331.104736
331.430389
331.807495
331.932098
332.181793
332.829590
332.958405
333.016083
333.649017
333.448975
333.808228
334.009552
334.196228
334.485931
335.081177
334.979492
335.176575
335.291718
335.709808
335.674408
335.197968
335.266113
335.534851
335.968048
336.044830
335.510040
335.576782
335.381744
335.290375
335.418884
335.423004
335.172913
335.723541
334.476776
334.783081
334.299683
334.035278
334.199249
334.036407
333.522095
333.490845
332.927246
332.984924
333.057434
332.506165
331.930084
331.902649
331.672852
331.480896
331.014191
330.792542
330.815796
330.726959
330.838959
330.007660
330.249115
330.242340
329.683746
329.962677
329.667511
329.829071
329.688385
329.543701
329.541809
329.645355
329.677063
329.686371
330.021576
329.520203
330.147552
330.242828
330.000244
330.172058
330.689606
330.647461
330.815155
331.229828
331.487610
331.567413
332.233795
332.435974
333.070099
333.045135
333.459015
334.246552
333.915100
334.178467
334.678406
335.120911
335.090668
335.987305
336.027618
336.248383
336.919128
337.233490
337.660126
337.848145
337.945984
338.214142
338.361450
338.617035
339.157166
339.211334
339.290894
339.572784
339.712372
340.077301
339.991608
339.860779
339.953247
340.239746
339.965332
340.270599
340.345673
340.237793
340.201385
340.095215
339.861694
340.003876
339.906433
339.590973
339.048370
339.051483
338.877716
338.657135
338.694550
338.111023
337.833069
338.073273
337.823273
337.086945
337.101562
336.320190
336.697266
336.277588
336.255554
335.149811
335.270233
334.888275
334.662994
334.490540
334.035858
334.002350
333.934753
333.127563
333.338654
333.040619
332.661743
332.927521
333.059509
332.384979
332.736969
332.270172
332.281982
332.330170
332.685577
332.292999
332.662140
332.456085
332.514862
332.687469
332.762360
333.095551
332.915894
333.129700
333.372955
333.572845
334.030670
333.781616
334.121307
334.364258
334.271149
334.826263
335.333618
335.169067
335.319366
335.584869
336.313599
336.450226
336.903778
336.809875
337.278534
337.799011
338.117523
337.935669
338.412170
338.927979
338.600739
339.149475
338.607819
339.405060
339.664429
339.577240
339.203857
339.904419
339.684052
339.775055
339.764038
340.153259
339.852631
340.137390
339.936188
340.161255
339.829498
340.210602
339.856262
339.053986
339.582306
339.470062
339.456451
339.019318
338.678894
338.572906
338.611084
338.478760
337.871765
337.849609
337.518555
337.408234
336.943268
337.113647
336.872314
336.433167
336.181091
335.741760
335.712708
335.705627
335.478790
335.299683
335.214661
334.811951
334.955841
334.647888
334.424835
334.039185
334.095612
334.101532
334.294678
333.905701
333.952057
333.835022
334.022156
333.992859
333.879883
333.786499
333.698700
334.202423
334.344116
334.302521
334.529724
334.555389
335.008301
334.705719
334.933136
335.427795
335.137451
335.377441
335.749054
335.769867
336.101685
336.328583
336.263641
336.663269
336.953583
337.049683
337.510803
337.371552
337.681641
337.975555
337.978790
338.321777
338.338409
338.126526
338.861206
338.849030
338.530518
339.053284
338.759705
339.289093
338.911621
339.167084
339.388885
339.057159
338.802429
339.066254
338.921295
338.760345
338.870544
338.518005
338.461761
338.685638
338.072296
337.938416
337.782776
337.384338
337.367249
337.110382
337.657715
336.797424
336.757233
336.333923
335.897705
335.707123
335.621582
335.127594
335.151062
334.907410
334.828064
334.386902
334.130249
333.768524
333.349762
333.653076
333.276825
332.868927
332.883392
333.129547
332.870911
332.671021
332.235168
332.326935
332.444489
332.038635
332.282440
332.413666
332.103821
332.156708
332.308411
332.368134
332.641876
332.427856
332.717346
333.033295
333.037415
332.919861
333.461884
333.304169
334.002808
333.615479
333.929688
334.057281
334.542389
334.633331
335.293671
335.016937
334.992188
335.745300
335.765686
335.880524
335.837555
336.046204
336.460938
336.499969
336.794312
336.628906
337.024567
336.784668
337.057831
336.969971
336.784790
337.191742
336.884796
337.042603
336.694641
337.225830
336.505371
336.322113
336.719879
336.755585
336.370789
336.167755
336.129150
335.720917
335.513733
335.262543
335.294861
334.703064
334.654327
334.282471
334.036987
333.489990
333.290924
333.549988
332.939606
332.360138
332.300934
332.042511
331.225555
331.837341
331.359497
331.602478
330.980347
331.145081
330.963593
330.568512
330.499664
330.373596
330.116669
329.889221
330.277557
330.691956
330.903503
330.586365
330.732758
330.789520
331.094635
331.368011
331.288177
331.690521
332.257233
332.495972
332.766266
333.098724
333.582825
333.582642
333.712036
334.263550
335.002808
335.475800
335.928558
336.111298
336.428314
336.654205
336.532410
336.974091
337.362274
337.482880
337.543610
337.776398
337.466644
337.397705
337.094818
336.757690
336.165619
335.333862
335.096527
333.953491
333.554352
332.496674
331.320831
330.327576
328.498474
327.176666
325.200073
323.599304
321.462097
318.867828
317.067841
314.444305
311.807770
308.920441
306.338318
303.287567
299.685669
296.215240
292.902222
289.116913
285.389648
281.698303
277.405396
273.397217
269.282318
265.149536
260.977264
256.806458
252.369568
248.342331
243.942734
239.637268
235.194794
231.411652
227.379318
223.581161
219.445862
215.949280
212.542328
209.096634
205.857544
202.666718
200.132980
197.679749
195.464188
193.037369
191.367859
189.947266
188.461578
187.426529
186.596848
186.263702
186.158478

