315.802979
173.279922
173.515121
174.353683
175.067291
176.386429
177.613785
179.166519
180.861328
183.148758
185.395020
187.741882
190.349319
193.042496
196.460175
199.275803
202.481216
205.894180
209.528351
213.005386
216.632233
220.182892
223.917160
227.988892
231.598236
235.224136
239.423294
242.863785
246.899353
250.128922
253.625458
256.839081
260.650543
263.896240
267.108826
270.155670
273.167633
276.151215
279.064575
281.571442
283.749420
286.238861
288.390747
290.315338
292.161530
293.727234
295.983154
297.364349
298.556335
299.752777
301.102051
301.797882
302.589844
304.076111
304.179871
305.101990
305.078125
305.871429
306.389648
306.303070
305.771149
306.653137
306.342285
306.788300
306.222626
306.235901
305.824432
305.874146
305.490753
305.225464
305.295837
304.734924
304.835449
304.577454
304.047485
304.195221
303.956177
303.410278
303.432678
303.062469
302.759491
302.851990
302.811096
302.794067
302.415405
302.132019
302.329224
302.282928
302.349579
302.547974
302.505798
302.265228
302.553528
303.087158
302.764496
303.077484
303.464661
303.581848
304.015533
304.391541
304.494293
305.253479
305.328278
305.461365
305.988434
306.135132
306.839142
307.023987
307.174530
307.892181
308.565796
308.672729
308.692261
309.357056
308.868378
309.404083
309.563019
310.286011
310.382812
310.675232
311.235870
311.071747
311.282532
311.551697
311.632324
311.566833
312.157471
311.983521
311.850464
311.759125
311.806458
311.945679
311.439270
311.434296
311.589050
311.687561
311.443634
310.872345
310.944611
310.329559
310.583649
310.275635
309.961426
309.451447
309.704010
309.680817
309.077271
309.144470
308.685852
308.112457
308.179108
307.969574
307.798096
307.462494
307.263672
306.796814
307.057495
306.774170
307.085449
306.497314
306.758392
306.247009
306.715820
306.096680
306.277649
305.979279
306.594147
306.384155
306.357330
306.343567
306.850647
307.180634
307.311066
307.081665
307.369934
307.499329
307.918884
308.090027
308.374725
308.583710
308.809814
309.351105
309.689178
309.959290
310.064514
310.208160
311.117340
311.161652
311.753967
312.376740
312.505768
312.642303
313.164154
313.331848
313.823425
314.100891
314.251984
314.619537
314.742920
315.096436
315.657623
315.713806
316.109131
315.979462
316.448822
316.989502
316.875336
317.025055
317.027130
317.276886
317.177124
317.071930
317.195435
317.211548
317.399994
317.278015
317.433258
317.189514
316.835907
317.068787
316.830261
316.871552
316.780670
316.328857
316.236176
315.676666
315.567200
315.525421
315.193634
315.023590
314.886597
314.503326
314.157257
313.975189
313.813141
313.633606
313.262360
312.977203
312.842377
312.592316
312.613281
312.329956
312.355438
311.874237
311.773621
311.537048
311.332733
311.440186
311.582611
311.320099
311.154358
311.283691
311.211761
311.319641
311.113220
310.813538
311.373352
311.760468
311.709930
311.781952
311.330231
312.083984
311.875183
312.379761
312.760468
312.693604
313.013580
313.657410
313.444519
313.942932
314.405212
314.706421
314.565704
314.957336
315.503693
315.334259
316.372864
316.372742
316.548340
317.185699
317.198334
318.087860
317.930725
317.927673
318.573303
318.726227
319.349365
319.327423
319.363464
319.624084
319.880157
319.914032
320.170074
320.479156
320.184357
320.565460
320.861267
320.888611
320.419373
321.517395
321.022736
321.225281
320.477173
320.681854
321.042389
320.620789
320.780518
320.439606
320.164520
320.002441
319.802887
319.816986
319.532715
319.437897
319.350647
319.423859
318.575836
319.162994
318.557678
318.285492
317.974060
318.309143
317.754547
317.710480
317.443268
317.219513
317.392273
317.125336
316.770905
316.635437
316.714172
316.470459
316.534332
316.569855
316.207489
316.109283
316.518341
316.352600
316.151520
316.259521
316.537445
316.272125
316.598846
316.399384
316.957184
317.061584
317.122162
317.570984
317.164520
317.650604
317.753448
318.035889
318.251984
318.881592
318.979706
319.099335
319.309906
319.731079
319.916443
320.414642
320.658295
321.124207
321.026855
320.819153
321.787201
322.127716
322.505615
322.609009
323.216736
322.797791
323.135712
323.919983
324.084076
324.288635
324.434143
324.866699
324.828217
324.994995
325.176727
325.410217
325.526947
325.208435
325.784424
325.744110
325.752563
326.023743
325.724701
326.186249
325.787872
325.524323
325.862732
325.649200
325.111084
325.346985
325.128845
324.854584
324.874451
325.285675
324.521332
324.311523
324.449890
324.128632
323.799957
323.780762
323.637909
323.142883
323.190521
322.820648
322.917755
322.657135
322.420410
322.088287
321.779205
322.027618
321.612274
321.567993
321.197418
321.292603
321.183746
321.299866
321.346466
321.322418
320.966827
320.781403
320.884583
320.667786
321.087097
321.043488
320.964203
320.677887
320.944641
321.272797
321.458954
321.532349
321.317657
321.888672
322.069427
322.246368
322.047455
322.696289
322.837860
322.834717
323.437439
323.872223
324.161041
324.577057
324.687164
324.658264
325.005432
325.625916
325.609192
325.874146
325.868103
326.251251
327.020966
326.658447
327.053284
327.209717
327.363647
327.831299
328.277832
328.328674
328.817047
329.276978
328.596527
329.036804
329.183197
328.891205
329.145844
329.562714
329.279327
329.533966
329.341217
329.427063
329.631042
329.779236
329.306000
329.477203
329.340485
329.270447
329.235718
329.279755
329.144226
329.236115
328.617920
328.898438
328.429413
328.547241
327.964355
328.139954
327.818970
327.913940
327.472015
327.165344
327.721191
327.147095
326.795135
327.325073
326.227264
326.906616
326.085663
326.170227
326.152893
325.856873
326.122650
326.392639
326.086456
325.823090
325.942322
326.065948
326.201172
326.393921
326.282806
326.362854
326.496857
326.846649
326.693970
327.122681
326.923218
327.194000
327.751434
328.002075
328.033020
328.541412
328.448364
328.638458
329.646637
329.471069
329.736755
330.394104
330.573669
330.941193
331.153259
331.930847
331.721008
332.160828
332.834320
332.884033
333.613556
333.911346
334.025452
334.652924
334.709259
334.963257
335.375763
335.775238
336.407501
336.219116
336.690216
336.634216
336.994720
337.496704
337.097931
337.910614
337.754913
337.910431
338.274872
338.583954
338.060120
338.363495
338.490509
338.453918
338.381317
338.474854
338.586975
338.165802
338.325714
338.014984
338.018066
337.959229
337.800934
337.461761
337.416382
337.287933
336.970245
337.073395
336.789368
336.311676
336.266754
336.562744
336.101074
335.875122
335.665283
335.597595
335.214508
335.087585
334.894989
334.623077
335.083832
334.534912
334.739929
334.656555
334.231445
334.102478
334.185211
334.113556
334.392334
333.821747
334.317810
334.567261
334.307587
334.723175
334.283691
334.803680
334.807098
334.620697
335.305389
335.284241
335.357147
335.796112
336.298676
336.613708
336.375031
336.806763
337.633789
337.407806
338.272919
337.882629
338.966583
339.086212
339.415131
339.884918
340.252197
340.563995
340.993378
341.266327
341.934174
342.515259
342.507385
343.176331
342.975372
343.918182
343.544708
344.240784
344.409882
344.777008
345.372711
345.216980
345.372070
346.419220
345.670776
346.475098
346.313446
346.609009
346.905151
347.229034
346.748962
346.930573
346.933075
346.844727
346.597595
346.978394
346.651825
346.133911
346.626038
346.581238
346.425964
345.902435
345.714661
345.912964
345.516632
345.475769
344.810059
344.922760
344.063995
344.114990
343.945343
343.484283
343.477020
343.235352
342.637085
342.689301
342.585022
342.558899
342.342316
341.636200
341.037048
341.274780
341.052277
341.431427
340.816833
340.685791
340.208466
340.210022
340.370056
340.182648
340.198334
340.260986
340.116943
339.794739
339.738342
340.331696
340.123993
339.864929
340.124573
340.242310
340.497253
340.324677
340.781952
341.148071
340.639343
341.454498
341.557007
341.941681
341.888428
342.404602
342.745026
342.855133
343.155762
343.451630
343.853638
343.916656
344.546814
344.743561
345.171722
344.789124
345.938538
345.856415
346.425049
346.335449
346.853882
347.011810
347.295135
347.633636
347.745178
348.012054
348.494385
348.111572
348.490234
348.701355
348.992737
348.944672
348.561768
349.111084
348.849670
348.941406
348.641754
349.093353
348.879944
348.787567
348.581970
348.807465
348.964203
348.698822
348.408508
348.224915
348.319305
347.925568
347.757355
347.822754
347.213562
347.283752
347.450134
346.806152
346.823761
346.535492
346.044403
346.267059
345.979736
345.928192
345.697357
345.468536
345.525055
344.957397
344.931152
345.356415
344.677887
344.555664
344.247955
344.462311
344.488922
343.998291
344.263092
344.272125
344.138885
344.228424
344.011993
344.247650
344.432037
344.146332
344.195312
344.609772
344.805969
344.321472
344.471802
344.662262
344.852051
345.301453
345.608337
345.984467
345.764557
346.135437
346.453522
346.743378
346.968994
347.409424
347.288086
347.862488
347.645905
348.156433
348.628448
348.730499
348.659180
348.917297
349.248566
349.494720
349.579651
350.018066
349.877075
350.283142
350.792877
350.606140
350.288727
350.683563
350.860779
350.883514
351.203308
351.042236
350.968414
350.775482
350.711792
350.481659
350.293030
350.849976
350.815399
350.611847
350.337402
349.915436
349.858124
349.051483
349.381683
349.533813
349.068420
348.693207
348.810883
348.605225
348.009125
347.910400
347.794098
347.533661
347.347504
346.846161
346.881287
346.397308
346.590118
346.046295
346.080170
345.774475
345.697113
345.537048
345.022675
345.363403
345.176239
345.288452
345.307770
344.923706
345.121796
344.648407
345.396332
345.257416
344.953613
344.759003
344.721405
344.989899
345.658783
345.089722
345.214600
345.725647
345.823578
346.519836
346.430573
346.679413
346.705322
346.420746
347.130615
347.047150
347.445099
347.767975
347.958221
347.939880
348.259033
348.705322
348.753418
349.274536
349.258270
349.192932
349.933228
350.265991
350.012543
350.516418
350.790131
350.382111
350.918091
350.726440
351.085846
350.789886
351.058990
350.539856
350.859924
350.523163
350.371796
350.207214
350.182465
350.273376
350.087708
350.108368
349.706421
349.753113
349.436127
349.516693
348.951691
348.565887
348.665802
348.520599
347.600861
347.533142
347.425568
347.256714
346.919708
346.495300
346.180542
346.221283
345.920563
346.053741
345.349487
345.312195
345.317352
345.171509
344.741547
345.105896
344.879364
344.930206
345.051422
344.531281
344.821777
344.691315
344.532776
345.027679
345.147705
345.085327
345.599121
346.109436
345.842682
346.421417
346.627869
347.492950
347.608398
348.118256
348.593414
349.061615
348.832520
349.013733
349.858917
350.223053
350.913116
351.358795
351.566559
351.826172
352.370941
352.425934
352.362579
352.629913
353.346710
352.865814
352.824280
352.931488
352.609589
352.359467
351.841919
351.621216
350.814484
349.724213
349.186890
348.257446
346.695251
345.707977
344.156464
342.351349
341.219330
339.257263
336.883453
334.806763
332.216156
329.687012
326.935242
324.052490
320.996826
317.498932
314.718933
310.967072
307.288666
303.514557
299.345184
295.437897
291.355713
286.834198
282.789703
278.536713
273.817596
269.621033
264.627167
260.386658
256.099274
251.658035
247.074097
242.944916
238.571350
234.621506
230.581589
226.634628
222.882660
219.539795
216.376556
213.146027
210.256348
207.452682
205.064697
203.089111
200.896500
199.150375
197.785339
197.023651
196.025894
195.603973
196.324081

317.617859
173.146790
173.379776
174.216019
174.931122
176.254623
177.503738
179.063004
180.755569
183.069916
185.314667
187.682312
190.304382
193.000748
196.457718
199.276199
202.502060
205.947922
209.608139
213.110657
216.744049
220.307190
224.082062
228.186447
231.810074
235.454742
239.690399
243.185043
247.237625
250.495880
254.016190
257.272644
261.121368
264.388916
267.629974
270.682587
273.744659
276.774902
279.718140
282.256104
284.518829
287.027527
289.208954
291.182587
293.053162
294.671265
296.968872
298.373047
299.590424
300.828003
302.235565
302.914062
303.761017
305.304413
305.422882
306.410248
306.391632
307.228058
307.817200
307.708374
307.217651
308.156952
307.881439
308.365417
307.861664
307.882935
307.492340
307.511902
307.209259
306.937469
307.063263
306.505829
306.608063
306.399902
305.864624
306.016479
305.836517
305.327515
305.355103
304.975311
304.735901
304.813324
304.764404
304.759857
304.429352
304.102814
304.340668
304.276550
304.338013
304.554718
304.545074
304.293915
304.576019
305.120056
304.789581
305.098572
305.476135
305.617371
306.005249
306.402618
306.474457
307.226227
307.342499
307.418457
307.963287
308.067841
308.749023
308.955597
309.047699
309.744598
310.375397
310.504974
310.471741
311.130157
310.620850
311.129852
311.249115
311.993439
312.066132
312.278046
312.833557
312.654297
312.847076
313.089691
313.126984
313.038879
313.544739
313.389832
313.225464
313.091675
313.110016
313.248138
312.685333
312.641388
312.787415
312.833923
312.600800
311.956055
312.007385
311.381256
311.582520
311.278198
310.915344
310.366821
310.554138
310.528961
309.890411
309.930511
309.445129
308.836365
308.886963
308.635864
308.444519
308.090851
307.849701
307.346436
307.569611
307.305878
307.562103
306.956390
307.183014
306.645294
307.098450
306.456635
306.602539
306.273102
306.856628
306.650177
306.586975
306.571838
307.051971
307.352692
307.475006
307.230133
307.506805
307.620483
308.018677
308.168365
308.411957
308.623077
308.835632
309.395813
309.682434
309.967804
310.071411
310.178192
311.092529
311.130096
311.701599
312.312012
312.433624
312.571991
313.092499
313.250793
313.747894
314.000000
314.158905
314.520996
314.657166
315.008545
315.564941
315.604279
315.996338
315.891968
316.344391
316.890106
316.756317
316.910583
316.913971
317.174713
317.091095
316.993805
317.132141
317.133728
317.333130
317.190796
317.393433
317.154968
316.784332
317.010406
316.838806
316.856537
316.765686
316.325073
316.241455
315.698059
315.602570
315.587280
315.223145
315.098175
314.944122
314.571899
314.261627
314.106659
313.944550
313.739655
313.409210
313.154449
313.025391
312.788269
312.833893
312.561584
312.610504
312.147644
312.081207
311.846497
311.666229
311.787994
311.933838
311.674133
311.519714
311.692352
311.596771
311.766235
311.575470
311.329376
311.876892
312.248932
312.263794
312.340881
311.902100
312.688660
312.474854
313.027954
313.408783
313.389374
313.678284
314.365448
314.166901
314.749084
315.188995
315.523071
315.419098
315.815277
316.360687
316.221405
317.334015
317.310272
317.507507
318.156250
318.197205
319.154449
318.989014
319.038574
319.722473
319.907013
320.565796
320.523041
320.581390
320.821564
321.121796
321.158020
321.495941
321.821503
321.549927
321.994263
322.240570
322.348450
321.857788
323.019775
322.526245
322.792450
322.027527
322.285278
322.645538
322.226074
322.460541
322.124573
321.851715
321.755402
321.595734
321.597626
321.312958
321.192047
321.227692
321.352234
320.406311
321.055206
320.453064
320.262665
319.895142
320.235535
319.760529
319.760895
319.478363
319.247223
319.452087
319.188721
318.869293
318.705414
318.813629
318.588318
318.674774
318.759583
318.383423
318.272522
318.617523
318.528473
318.355927
318.457611
318.737915
318.490143
318.807373
318.629517
319.188354
319.269836
319.334259
319.775024
319.374084
319.908142
320.041107
320.260773
320.535950
321.134491
321.162170
321.287933
321.590820
321.953308
322.123810
322.626831
322.873413
323.303711
323.183075
323.003387
323.936310
324.219910
324.611755
324.731659
325.340454
324.898651
325.219452
325.957672
326.119415
326.399109
326.457581
326.844788
326.832336
326.989777
327.136108
327.388123
327.401031
327.142303
327.675171
327.573578
327.567200
327.827332
327.490875
327.982666
327.535034
327.208954
327.557709
327.310547
326.742188
326.951508
326.707458
326.438995
326.383575
326.770782
325.971191
325.820129
325.905029
325.518097
325.107697
325.139954
324.911560
324.397430
324.444885
324.005554
324.148865
323.820038
323.548737
323.172882
322.815674
323.094757
322.610352
322.499481
322.175262
322.229065
322.127808
322.143311
322.127960
322.144989
321.747162
321.546692
321.609955
321.391724
321.757538
321.772369
321.573761
321.329315
321.544312
321.846832
321.988953
322.023346
321.858215
322.368042
322.521820
322.721466
322.477295
323.072266
323.259186
323.202484
323.793671
324.214447
324.439240
324.852692
324.943268
324.913696
325.234344
325.825745
325.845398
326.065338
326.046265
326.453400
327.181763
326.837830
327.181580
327.355255
327.494080
327.925140
328.397980
328.437500
328.877808
329.342529
328.650085
329.080322
329.207153
328.902344
329.169250
329.584015
329.275482
329.535034
329.326355
329.420746
329.600861
329.732544
329.270325
329.445496
329.317078
329.242157
329.188812
329.231384
329.092010
329.156860
328.561798
328.842834
328.350586
328.479431
327.869812
328.031647
327.717133
327.797150
327.352997
327.031708
327.602600
327.039703
326.640137
327.187988
326.093475
326.774445
325.941071
326.044556
325.999390
325.707916
325.973633
326.204926
325.938171
325.644318
325.749298
325.876495
326.016327
326.174011
326.153351
326.161102
326.282745
326.618958
326.484283
326.868774
326.655914
326.938110
327.466339
327.717590
327.773376
328.234741
328.160797
328.339722
329.305573
329.162384
329.402588
330.042358
330.243134
330.584442
330.787079
331.546967
331.335419
331.767517
332.421722
332.465057
333.202332
333.481323
333.574707
334.209137
334.230072
334.492462
334.903412
335.291412
335.896057
335.696014
336.152313
336.078491
336.464722
336.924377
336.511078
337.381134
337.176880
337.314453
337.651917
337.941620
337.447754
337.716949
337.864746
337.781219
337.719513
337.827911
337.911224
337.480408
337.665222
337.285248
337.323669
337.232147
337.103760
336.748566
336.691284
336.540771
336.223785
336.335510
336.025757
335.566162
335.528503
335.767944
335.309540
335.108063
334.891602
334.818726
334.417664
334.308411
334.075653
333.835510
334.286255
333.715607
333.931152
333.864746
333.415405
333.305939
333.380707
333.305908
333.560303
333.012054
333.506378
333.738831
333.522095
333.896118
333.461487
334.010834
334.030487
333.815826
334.541168
334.517578
334.589386
335.030945
335.520477
335.863495
335.619843
336.057281
336.875580
336.667725
337.526062
337.139709
338.241669
338.382446
338.706512
339.187256
339.572815
339.889435
340.325439
340.613251
341.306763
341.875763
341.871521
342.552185
342.370148
343.325195
342.953796
343.680786
343.851593
344.181854
344.811646
344.682037
344.841553
345.881287
345.170746
345.987030
345.828339
346.148041
346.454254
346.769806
346.329468
346.489685
346.525269
346.438599
346.243530
346.622375
346.275818
345.795197
346.301666
346.292969
346.087158
345.582001
345.436310
345.637695
345.268555
345.232422
344.569153
344.690430
343.830780
343.881897
343.754578
343.305481
343.306244
343.062653
342.473480
342.544373
342.453552
342.415497
342.223145
341.522736
340.963440
341.179047
340.978210
341.338654
340.766907
340.638489
340.176056
340.178009
340.313232
340.190704
340.189667
340.265137
340.141541
339.819336
339.755859
340.354828
340.168365
339.905823
340.190338
340.285522
340.582367
340.387756
340.840698
341.232605
340.708191
341.511871
341.649109
342.017975
341.982025
342.500854
342.842377
342.944519
343.266693
343.555634
343.978119
344.045837
344.639587
344.901642
345.308777
344.916565
346.054535
345.981079
346.546173
346.460541
346.963379
347.107178
347.390991
347.739258
347.876617
348.122742
348.598145
348.233246
348.632202
348.799927
349.092529
349.081818
348.663391
349.223602
348.943298
349.042877
348.732513
349.176544
348.981628
348.892731
348.679016
348.878143
349.044220
348.785858
348.492188
348.258270
348.391083
347.996033
347.835388
347.873016
347.254028
347.328033
347.482849
346.817657
346.857391
346.565674
346.031921
346.282318
345.986359
345.912140
345.690582
345.442993
345.505524
344.911285
344.866028
345.322998
344.629303
344.495575
344.221283
344.406952
344.401306
343.895142
344.184387
344.130890
344.039276
344.138153
343.890350
344.095917
344.283630
343.991211
344.054382
344.437653
344.658295
344.137604
344.311920
344.480377
344.663788
345.097595
345.389221
345.758820
345.541290
345.882904
346.223541
346.481934
346.705048
347.124390
347.035980
347.563019
347.351898
347.890717
348.341095
348.442383
348.365936
348.597839
348.967865
349.170685
349.253082
349.719238
349.534363
349.941772
350.426147
350.246307
349.926666
350.308441
350.504425
350.510925
350.835205
350.629822
350.587189
350.373077
350.307709
350.068054
349.902985
350.436951
350.415161
350.201447
349.933563
349.495911
349.448151
348.641144
348.964081
349.135040
348.660950
348.297333
348.382568
348.201080
347.618500
347.498932
347.349792
347.085388
346.876801
346.402435
346.439270
345.959991
346.179352
345.599823
345.656982
345.315277
345.215454
345.088806
344.604340
344.937653
344.723022
344.826447
344.859863
344.468323
344.643433
344.227722
344.932648
344.809845
344.530579
344.324341
344.296539
344.562439
345.175232
344.699280
344.796783
345.300385
345.418976
346.119873
346.069946
346.274963
346.276367
346.016479
346.700806
346.655151
347.115143
347.373566
347.587708
347.581024
347.829681
348.327454
348.376251
348.879028
348.909424
348.830078
349.581512
349.912109
349.633453
350.152832
350.404297
350.032898
350.600708
350.462524
350.741058
350.450623
350.720154
350.248688
350.558990
350.160706
350.049683
349.924744
349.908630
349.971954
349.763977
349.810059
349.382721
349.428741
349.146271
349.213440
348.638367
348.255096
348.383514
348.206970
347.307281
347.282135
347.134003
346.976654
346.622986
346.211395
345.896729
345.914062
345.631165
345.781860
345.091888
345.054016
345.021332
344.947327
344.509491
344.805267
344.618134
344.674530
344.790741
344.272003
344.571564
344.447205
344.237885
344.760681
344.909912
344.847046
345.374298
345.866638
345.601929
346.194580
346.393524
347.219513
347.351715
347.870270
348.310120
348.810852
348.592102
348.737946
349.609833
349.965607
350.639557
351.130432
351.305664
351.564209
352.114136
352.162811
352.134552
352.385468
353.100433
352.607758
352.571228
352.693817
352.364136
352.090454
351.611908
351.369995
350.563782
349.484039
348.921112
347.996796
346.446075
345.451294
343.880371
342.088715
340.967987
338.990967
336.646149
334.531464
331.966187
329.428864
326.674194
323.772858
320.725403
317.246582
314.443909
310.687622
307.012299
303.258118
299.069000
295.151978
291.088226
286.562683
282.501984
278.276031
273.542938
269.359955
264.346466
260.124695
255.810974
251.397552
246.805359
242.660538
238.297318
234.341507
230.338699
226.356735
222.597458
219.245422
216.088623
212.871262
209.963806
207.141830
204.781403
202.818787
200.610825
198.857285
197.507172
196.731979
195.752853
195.311066
195.977158

224.725189
183.861038
184.629257
185.551666
186.231339
187.528336
189.075394
190.993698
192.920364
195.116791
197.342911
199.662750
202.570206
205.497131
209.171524
212.148087
215.441299
219.045654
222.933701
226.694611
231.205109
234.737549
238.920670
242.981064
247.039139
250.887589
254.882889
259.205902
262.995667
267.009857
270.112274
273.891113
277.688660
281.519775
285.288208
288.587250
291.848694
294.820007
297.531311
299.772278
302.122131
305.083832
307.364838
309.897980
311.514893
312.785522
314.483887
316.754303
318.106415
319.132812
320.280273
321.104340
322.862640
324.063416
324.727844
324.518280
325.011749
325.148529
325.824219
325.810669
325.756531
325.914062
325.555481
325.383911
325.520905
324.991669
324.748718
324.516510
324.435883
323.586914
323.668060
323.544281
323.295746
322.889099
322.730682
322.048859
322.233704
322.133667
322.514557
321.889099
321.154541
320.908600
320.022980
320.665222
320.182434
320.389191
320.240509
320.194061
320.154724
320.229309
320.296753
320.460114
320.906494
321.019135
321.257965
320.802429
320.598846
321.156525
321.304077
321.883270
322.897949
322.831787
323.048248
323.234833
323.752930
324.193726
324.235504
325.218689
326.031006
325.527863
325.452545
324.927460
324.986664
324.643127
325.205444
326.093170
326.379120
326.524536
326.641357
326.800873
326.413849
326.710449
327.561951
327.715332
327.821808
327.605133
327.994812
327.828552
328.160217
327.945496
327.910858
327.155945
327.635681
328.164154
328.056671
327.297363
327.687683
328.245117
327.211517
326.707947
326.438995
325.771881
325.547241
325.971954
325.445038
325.310486
324.156158
324.478851
324.442902
323.637299
324.030457
323.513214
322.371094
322.024170
321.559021
321.405396
321.526886
321.464417
321.110352
320.739288
320.977448
320.918671
320.190338
319.749115
319.244019
319.671051
320.014038
320.099030
320.533691
320.144287
319.979370
320.330780
320.544281
320.316559
320.636475
320.649231
320.662903
320.848053
321.069489
322.021393
323.485413
324.727203
324.609741
324.617737
324.058746
324.200317
323.914795
324.382385
324.510895
325.599304
325.986694
326.085449
325.937988
326.120819
326.336273
326.825867
327.243927
327.855347
328.360718
328.695435
329.742279
329.452637
330.092926
330.490814
330.263947
330.279053
330.660522
330.529907
330.104858
329.439087
329.929596
330.035675
329.135895
329.237152
329.530731
329.553223
328.788116
328.350067
328.819794
329.023590
328.940186
329.189667
328.086945
327.526367
327.760101
328.317200
327.741150
326.938751
326.146362
325.941254
326.065002
325.787292
325.480194
324.802124
324.613953
324.561523
324.725952
324.006592
323.073334
323.120667
322.906982
323.654602
323.377960
322.712280
322.200745
322.640167
322.486389
322.698700
322.154144
321.802216
321.321442
322.097015
322.101227
321.838684
321.804474
321.633545
321.582336
322.060699
321.614807
322.135437
322.301178
321.765778
321.944916
322.127411
322.431122
322.394958
323.058716
323.706848
324.665527
325.158020
325.553894
325.068115
324.793823
325.042969
325.852783
326.647430
326.748413
325.959778
326.225464
326.028564
325.717682
326.697815
327.691956
327.722260
327.804749
327.873901
327.279724
328.491516
328.449463
328.843781
328.982788
329.396210
329.592377
329.309235
329.416199
329.157745
328.856445
329.647003
330.005829
329.582672
329.091705
329.418427
328.891022
328.544464
329.446899
329.297607
330.160919
329.939148
329.123199
328.257233
328.491180
328.078339
327.988892
328.383911
328.154755
327.259888
326.883911
326.961395
327.136780
326.055664
326.149963
325.649384
325.733368
324.970154
325.951111
325.026642
324.257660
324.316010
324.235321
324.492767
323.850189
323.644409
324.313690
324.840851
324.002441
323.606506
322.860596
323.263855
323.527618
324.278198
323.916107
323.840851
323.765045
323.514313
323.593445
323.645264
323.858459
324.433136
324.839294
325.338257
325.943176
324.841675
324.948181
324.963562
325.384491
325.642670
325.588135
325.841309
326.292694
326.775909
327.018280
326.859283
327.394501
328.537994
328.698517
328.859344
328.652710
329.001007
329.216980
329.180756
329.056610
329.259247
330.121033
330.103485
330.434967
331.008179
331.699066
331.121460
330.891571
331.188477
330.812653
331.414825
331.406464
332.707733
331.991272
332.287964
332.075928
331.950836
331.957245
332.121582
331.358521
331.765381
331.570038
331.087402
331.002045
330.728455
331.124542
329.884674
329.469177
329.368988
329.028015
329.338440
329.072723
328.786743
328.419891
327.878052
327.965973
328.432251
328.120148
328.171570
327.446320
326.905060
326.636230
327.053192
326.414276
326.014496
325.785889
326.131317
325.251556
325.578766
325.365112
324.871765
325.899811
326.145203
325.748138
325.585510
325.771545
325.242188
324.883118
325.044220
324.776459
324.940247
325.499512
325.468048
324.757568
325.233978
325.662476
325.772980
326.295868
326.275146
326.564453
327.437744
327.386932
327.807617
328.293762
328.471893
328.791412
329.272919
329.623657
330.071442
329.953613
329.859070
329.833496
330.349915
330.507202
331.038391
331.913025
331.791565
331.994934
331.753052
331.419861
332.166199
332.321472
332.496857
332.599457
332.932556
332.631653
332.011108
331.974243
332.303314
332.659393
332.837128
333.265228
332.703430
332.999115
332.418060
332.217651
332.636444
332.286591
332.028473
331.363098
331.549652
331.616943
331.629669
331.460114
330.969757
330.415222
330.573181
329.972900
329.953033
329.817078
329.900696
329.819092
329.379272
329.577728
329.500275
328.994904
328.796173
328.600037
328.114624
327.859833
327.914490
327.322601
327.714447
327.238983
327.131927
326.913452
327.358734
326.278564
326.652893
326.634399
326.770142
327.995239
326.934662
327.395416
327.173523
327.467377
327.683533
327.868378
327.989868
327.839661
328.676239
328.259064
328.534576
328.936493
329.722626
330.094238
329.781403
330.310822
330.053345
330.747437
330.729034
331.157867
332.022552
332.242645
332.110626
332.193268
332.921661
333.374451
332.975861
333.624969
334.665894
334.117798
335.110870
335.430054
335.730438
335.612915
336.298431
336.164917
336.456177
336.660614
336.092285
336.918884
336.969482
337.119629
337.071838
336.691803
336.525543
337.063477
336.945435
337.677338
337.248230
337.679993
336.641479
337.536896
337.406952
337.405914
336.396698
336.825897
336.537384
336.461304
336.000000
335.875000
336.024139
335.307220
335.641205
335.184265
335.092743
335.078522
334.778931
334.657288
334.542786
333.904114
333.751251
333.004059
333.468689
333.215698
333.019043
332.498199
331.775360
331.983124
332.255127
332.199402
332.527527
332.271057
331.842712
332.061981
332.029877
331.520935
332.241180
331.787689
331.749298
332.373871
332.144775
332.533966
332.247681
332.756165
333.221100
332.677521
333.263458
333.671173
333.943268
334.275604
334.734131
334.992432
334.861481
335.498322
335.819305
335.976624
336.962646
337.398865
337.157166
337.701599
338.916168
339.446594
339.842346
339.834717
339.407990
339.807129
339.744415
340.065033
340.866852
341.051636
341.763489
341.964447
342.140167
342.534912
342.637695
342.998108
342.451538
342.593414
343.367767
343.356628
343.590118
343.771606
343.566315
343.301880
343.643768
344.076233
343.877777
343.503418
343.415283
343.169556
343.645355
343.757996
343.887451
342.979553
342.454834
341.894012
341.837616
341.488678
341.267639
341.667816
341.143463
340.481537
339.757050
340.452759
339.566772
339.659088
338.930420
338.249451
337.525848
337.745850
338.350067
338.388123
337.695892
337.681732
336.907654
336.427734
336.506470
335.675476
335.689026
335.355927
335.696503
335.232697
334.970306
334.642822
334.529022
334.489532
334.789062
334.838684
334.513519
334.558197
334.432739
334.406921
334.441467
334.483337
334.765411
335.073303
335.416565
335.800201
334.978577
335.125305
335.422821
335.297272
335.930756
335.853943
336.956787
337.043213
337.604401
337.379303
337.732422
337.735626
338.023621
338.645081
338.896820
339.087311
339.340332
339.687622
340.334625
340.323120
339.019318
339.274475
340.395050
340.655731
340.623566
340.767639
340.524017
340.694702
341.210785
341.435760
341.821533
341.608521
342.050293
341.722168
341.707031
342.188934
341.980957
342.267090
341.648346
341.670593
341.673950
340.954742
340.698364
340.715485
340.439301
339.948730
339.742401
339.142609
338.775055
339.372314
339.317657
338.379944
338.139801
337.922241
338.055847
337.723022
337.279053
336.870361
336.969330
336.404297
336.505768
336.281525
336.769135
336.292511
336.047852
336.075775
335.547058
335.620697
335.399780
334.701080
334.419891
334.374786
334.225555
333.845123
334.295898
333.973907
334.306610
333.946136
333.821136
333.868225
334.332245
334.676788
334.438110
334.797638
334.735413
334.435608
334.860229
335.105164
335.355560
335.944122
335.888519
335.515778
335.540405
336.060181
336.360504
336.292419
336.814362
336.596313
336.124786
336.143341
336.904083
336.867889
336.556671
337.558624
337.026337
337.674774
337.907104
338.229614
338.710876
337.764496
337.304565
337.518585
337.808563
338.024994
338.055206
338.394836
339.064301
338.937988
338.143494
337.983215
337.286499
337.703766
337.682434
336.746918
337.403870
336.845001
336.399323
336.758972
336.700623
336.616608
336.076599
335.916077
335.563751
334.989319
334.683197
333.987946
334.096344
333.623596
333.861053
333.802429
333.576477
333.438446
332.717194
332.708038
332.565643
331.766815
331.478668
331.420654
331.440399
330.803406
330.874390
331.157379
330.913300
330.620972
330.675079
330.549133
330.789337
330.657349
330.418549
330.968658
330.925049
330.716827
330.590820
330.776276
330.362366
330.423035
331.216003
331.150299
331.251099
330.838898
331.207001
331.462341
331.663971
331.640167
331.417755
331.612152
332.059082
332.606537
332.828186
332.863831
332.871796
332.652832
333.058350
333.658203
333.940247
334.667755
334.135651
334.255554
334.398193
334.574921
334.421204
334.717041
334.626984
334.386810
334.324921
334.538849
334.519440
333.930695
334.456940
335.172333
334.134705
334.343262
333.606873
333.748352
333.508118
334.048157
334.073059
333.413483
332.766571
332.922424
332.445709
332.149445
332.116241
331.220825
331.029480
330.982666
330.475647
330.366272
330.114929
329.784363
329.409943
328.737091
328.815247
328.378235
328.028442
327.836395
328.137939
327.901611
328.600708
328.379181
327.896454
327.636597
327.770782
328.271088
327.970032
327.778748
327.871490
328.039764
328.191803
328.544617
328.638641
329.183716
329.693054
330.052979
330.459686
330.736542
331.052338
330.847778
331.278015
331.308105
331.827515
332.605011
333.310822
333.882690
333.648621
333.826477
334.343323
334.764435
335.082092
335.525146
335.696655
335.529327
335.594147
335.599365
335.476074
334.505341
334.509949
334.816620
334.230591
333.068542
332.310791
331.453979
330.808289
329.288879
328.182922
326.872406
325.207336
323.197113
321.625488
319.668274
317.987122
314.761017
312.139587
309.916351
307.252686
304.368927
301.341644
298.201630
294.690033
291.864105
288.118225
284.304840
280.414429
276.799011
272.753784
268.245544
263.898743
260.200714
256.051514
251.398773
247.418167
243.298126
238.539825
234.917877
230.891434
226.596970
222.912094
218.602448
214.940857
211.687286
208.443649
205.277115
202.566177
199.835831
197.127762
194.888000
193.113144
191.272873
189.762512
188.147110
187.264664
186.349640
185.942978
185.778076

227.774551
184.144592
184.888611
185.836014
186.498459
187.800156
189.346420
191.281921
193.198975
195.409103
197.649704
199.933243
202.867905
205.798019
209.514069
212.458923
215.734329
219.367249
223.288361
227.020950
231.547348
235.106476
239.300949
243.340652
247.427032
251.273132
255.275955
259.581299
263.397766
267.460846
270.543304
274.325256
278.137878
281.964813
285.797821
289.056702
292.322296
295.322723
298.058899
300.279510
302.664215
305.608246
307.865112
310.424622
312.085358
313.349365
315.070251
317.334747
318.708313
319.717163
320.884064
321.705200
323.449310
324.705719
325.400909
325.155304
325.625427
325.853699
326.525726
326.489594
326.440338
326.563690
326.244904
326.094360
326.225250
325.683380
325.503662
325.224457
325.201782
324.314026
324.419800
324.280701
324.000977
323.575836
323.437103
322.748230
322.945343
322.865540
323.265228
322.590759
321.857330
321.637299
320.776184
321.355042
320.859894
321.153442
320.906372
320.883514
320.844757
320.994202
320.960175
321.110596
321.629303
321.699036
321.939117
321.479340
321.228973
321.814850
321.961853
322.471558
323.535034
323.456848
323.686096
323.867096
324.361572
324.780823
324.823578
325.777954
326.639832
326.126099
326.024689
325.488129
325.541412
325.196320
325.722656
326.614227
326.863953
326.971008
327.152252
327.265808
326.876038
327.190308
327.984802
328.157928
328.235992
328.003204
328.418060
328.285797
328.569916
328.353577
328.301636
327.540771
328.026184
328.512817
328.405609
327.653748
327.990173
328.554230
327.541779
327.052765
326.755127
326.103027
325.838593
326.306519
325.779449
325.642822
324.484253
324.762360
324.685272
323.948120
324.313477
323.824402
322.662292
322.330994
321.812225
321.664642
321.772186
321.738800
321.374908
321.019073
321.244385
321.150818
320.426849
320.055695
319.525574
319.952759
320.259033
320.382233
320.785828
320.400055
320.286163
320.577240
320.819214
320.598358
320.940918
320.948883
320.922394
321.151276
321.344574
322.284241
323.752014
324.996765
324.890900
324.909027
324.338104
324.475800
324.184174
324.669800
324.816345
325.900909
326.268219
326.364075
326.238708
326.446533
326.599243
327.130829
327.547577
328.172516
328.691040
328.991913
330.022980
329.770874
330.406586
330.780518
330.579926
330.600586
330.957062
330.834076
330.415283
329.716980
330.224548
330.290039
329.425293
329.546539
329.797943
329.814484
329.060089
328.593842
329.081787
329.294067
329.173859
329.445892
328.319855
327.739258
327.986816
328.545837
327.940002
327.168518
326.361847
326.141052
326.294769
325.961853
325.668091
324.993347
324.801544
324.718689
324.894226
324.200134
323.211365
323.273743
323.028351
323.792908
323.524597
322.827942
322.304321
322.738281
322.579224
322.765930
322.236145
321.870605
321.393341
322.153503
322.149048
321.900177
321.865326
321.652771
321.578827
322.081604
321.624481
322.175476
322.318329
321.792908
321.952179
322.122040
322.443115
322.401825
323.042572
323.700226
324.652985
325.167358
325.555450
325.065521
324.780823
325.030579
325.842590
326.638702
326.716553
325.950958
326.209534
326.027954
325.730133
326.717041
327.711029
327.722351
327.819061
327.879333
327.297699
328.497345
328.480682
328.876373
329.038971
329.440308
329.638977
329.383026
329.489807
329.227417
328.929047
329.748566
330.079346
329.696564
329.200989
329.535583
329.030426
328.695496
329.601654
329.467590
330.352051
330.127197
329.335968
328.472290
328.713989
328.302856
328.223877
328.628632
328.397339
327.493317
327.168091
327.246979
327.418762
326.401886
326.469940
325.956787
326.094391
325.312012
326.303223
325.403137
324.646942
324.696167
324.620422
324.920746
324.268646
324.063965
324.769196
325.297455
324.438690
324.075836
323.320160
323.747528
323.976105
324.764709
324.401154
324.338165
324.280212
324.005859
324.128082
324.159973
324.396759
324.943359
325.336945
325.848175
326.442902
325.346039
325.499084
325.493317
325.918457
326.192749
326.127197
326.372925
326.811188
327.287292
327.543793
327.367828
327.899963
329.044037
329.203613
329.364197
329.160004
329.474182
329.700562
329.627045
329.517914
329.730957
330.529633
330.521606
330.868713
331.410553
332.096985
331.496490
331.292542
331.545624
331.151520
331.763000
331.732513
333.056580
332.281006
332.560883
332.346893
332.212952
332.223846
332.367645
331.584961
331.963165
331.765381
331.267456
331.175873
330.881958
331.250946
330.009216
329.593140
329.463104
329.116486
329.420502
329.139313
328.852509
328.448029
327.895508
327.974976
328.409973
328.108337
328.133575
327.404694
326.839813
326.561462
326.967682
326.318481
325.892273
325.677582
326.014740
325.129822
325.453430
325.217377
324.714386
325.727661
325.948608
325.553009
325.398987
325.566589
325.031006
324.664917
324.809540
324.555573
324.699799
325.268341
325.222412
324.521118
324.988892
325.407928
325.515259
326.012115
326.012177
326.338989
327.183746
327.125061
327.560211
328.033936
328.219513
328.519104
329.014893
329.392242
329.809113
329.715698
329.629059
329.608734
330.126923
330.286194
330.810455
331.679932
331.568298
331.779846
331.568726
331.198822
331.979218
332.165863
332.350739
332.455139
332.793793
332.480438
331.901093
331.856903
332.185394
332.520111
332.741760
333.178986
332.627716
332.921173
332.369965
332.162109
332.598694
332.258423
332.003113
331.363861
331.540436
331.661102
331.668091
331.491516
331.033295
330.444489
330.614716
330.002869
330.010468
329.915131
329.991058
329.936584
329.511353
329.700043
329.626221
329.135162
328.974304
328.731689
328.289093
328.031830
328.117340
327.513275
327.885132
327.467438
327.323334
327.141815
327.628204
326.547455
326.895477
326.894562
327.017517
327.724823
327.182159
327.636444
327.436584
327.723083
327.943970
328.169159
328.264587
328.136963
328.957947
328.531250
328.808105
329.235138
330.012390
330.379089
330.056366
330.616425
330.322845
331.021912
330.995911
331.483795
332.286682
332.507904
332.418762
332.448639
333.180878
333.627472
333.239929
333.887695
334.908295
334.378021
335.330597
335.655396
335.959381
335.837158
336.508514
336.359406
336.654877
336.839752
336.271149
337.103271
337.163574
337.267059
337.249298
336.822906
336.668213
337.205841
337.078918
337.800690
337.363678
337.803864
336.744232
337.625916
337.511780
337.469940
336.457977
336.872894
336.603912
336.536682
336.044067
335.931793
336.048859
335.320892
335.641479
335.176178
335.099762
335.054474
334.750122
334.608093
334.506348
333.878784
333.694397
332.953094
333.405304
333.142090
332.918915
332.393982
331.650604
331.873413
332.137665
332.076263
332.387329
332.135498
331.670044
331.897339
331.870850
331.362030
332.067505
331.616455
331.558838
332.180084
331.971924
332.335663
332.050903
332.550537
333.013397
332.469757
333.011414
333.413361
333.684814
334.019623
334.480133
334.719879
334.608582
335.223969
335.559967
335.696472
336.716309
337.118927
336.862213
337.390015
338.639404
339.114746
339.521271
339.512695
339.095215
339.483521
339.402649
339.752197
340.515564
340.703400
341.419678
341.624847
341.793579
342.178040
342.261871
342.610626
342.091187
342.217255
342.982513
342.988556
343.207550
343.378754
343.165955
342.929596
343.253235
343.656616
343.481232
343.094604
343.020966
342.752930
343.228363
343.358490
343.472382
342.563965
342.068573
341.467468
341.425568
341.064514
340.858521
341.265869
340.689514
340.058502
339.340363
340.026855
339.156250
339.216675
338.505402
337.787354
337.083954
337.312195
337.920105
337.975464
337.285065
337.245453
336.432709
335.989532
336.075012
335.245667
335.261322
334.908691
335.269012
334.817993
334.519348
334.225128
334.126617
334.039764
334.376556
334.434845
334.110352
334.158264
334.035095
334.015686
334.051849
334.082977
334.377594
334.716827
335.003052
335.406342
334.569794
334.712616
335.049713
334.935211
335.564026
335.473236
336.613617
336.686035
337.254486
337.042847
337.381958
337.421417
337.664825
338.313446
338.580231
338.784851
338.996155
339.380432
340.053558
340.030792
338.725159
339.011719
340.147949
340.390656
340.369904
340.551880
340.286560
340.482025
341.025482
341.192993
341.576935
341.405243
341.825623
341.534912
341.540253
342.009369
341.804108
342.127106
341.521515
341.524780
341.548584
340.813477
340.569000
340.590302
340.318665
339.858063
339.632782
339.022797
338.697601
339.317871
339.236694
338.319580
338.053833
337.835846
338.042236
337.672028
337.236664
336.827820
336.960876
336.383362
336.477142
336.284302
336.788116
336.285828
336.052551
336.120972
335.546387
335.459137
335.430725
334.746643
334.482452
334.427521
334.262512
333.921600
334.374146
334.107239
334.383759
334.047729
333.913666
333.971893
334.432587
334.803894
334.534546
334.899261
334.833282
334.552734
334.950226
335.274658
335.479492
336.087830
336.020355
335.634613
335.659363
336.204529
336.504028
336.434662
336.936218
336.711121
336.243225
336.298798
337.040375
337.029053
336.694824
337.687744
337.170959
337.806061
338.033508
338.368073
338.859558
337.911560
337.473755
337.667786
337.964478
338.150360
338.227081
338.543152
339.204834
339.091888
338.300873
338.123718
337.441498
337.847961
337.828430
336.885254
337.529388
336.984772
336.534607
336.916351
336.843292
336.763855
336.222412
336.054474
335.687500
335.136292
334.804352
334.131378
334.227905
333.753113
333.971985
333.938507
333.676422
333.560455
332.828369
332.823517
332.657562
331.877502
331.615173
331.548126
331.539703
330.914520
330.976318
331.273102
330.997742
330.721130
330.792084
330.662048
330.904846
330.767975
330.547485
331.071991
331.026093
330.819153
330.711517
330.878998
330.468018
330.520172
331.312042
331.272736
331.335388
330.919250
331.297150
331.544922
331.745300
331.733215
331.513123
331.705963
332.161255
332.688416
332.896149
332.948669
332.965851
332.745148
333.152008
333.750763
334.029205
334.742310
334.232697
334.357452
334.475159
334.658020
334.509583
334.810944
334.716644
334.504913
334.415527
334.645447
334.608185
334.028931
334.551819
335.284454
334.215790
334.420105
333.689819
333.831482
333.601288
334.142548
334.166687
333.481934
332.856934
332.995636
332.527924
332.261658
332.215332
331.319275
331.128876
331.046051
330.541229
330.454803
330.207153
329.874908
329.478882
328.829132
328.880798
328.431732
328.107086
327.927124
328.199677
327.964661
328.660553
328.454193
327.958679
327.691742
327.830078
328.332764
328.002258
327.839539
327.930054
328.099670
328.237274
328.604370
328.659851
329.228912
329.724884
330.064178
330.488312
330.760315
331.076874
330.883636
331.279114
331.330566
331.863892
332.604736
333.328979
333.894226
333.665161
333.822327
334.329376
334.773285
335.064148
335.519165
335.693359
335.491089
335.583221
335.582489
335.442932
334.490784
334.480225
334.779877
334.189117
333.008545
332.274841
331.404022
330.737976
329.254272
328.131104
326.812653
325.133759
323.144226
321.571411
319.614441
317.932587
314.687042
312.047241
309.824463
307.139435
304.294067
301.258942
298.113892
294.601410
291.765839
287.994690
284.180450
280.299622
276.697174
272.622986
268.137512
263.798248
260.093292
255.931320
251.287231
247.278351
243.166367
238.409454
234.795807
230.742798
226.475525
222.774231
218.471024
214.799744
211.551346
208.306931
205.147995
202.437408
199.691330
197.001114
194.756683
192.983765
191.135895
189.630905
188.022354
187.123703
186.203171
185.784714
185.664993

