296.594116
172.896805
173.311523
173.890533
174.846832
176.004532
177.306335
178.954910
180.911133
182.794571
185.400986
187.579575
190.203186
193.256012
195.987686
199.236481
202.642273
205.705505
209.286575
212.773468
216.539993
220.071609
223.898819
227.838196
231.466400
235.291641
239.168488
242.522659
246.638062
250.043381
253.370529
257.098175
260.431976
263.932556
267.326782
270.109436
273.351898
276.087494
278.709351
281.663269
283.883240
286.256744
288.638245
290.753632
292.187714
294.319397
295.854919
297.429474
298.776276
300.019623
301.309967
302.168457
302.860443
303.696014
304.917480
305.090332
305.854370
305.866669
306.301514
306.598328
306.894714
306.792511
306.333801
307.235443
306.802887
306.678741
306.271606
306.547455
305.990234
306.099518
305.678650
305.817566
305.376587
305.381439
304.435974
304.374359
304.249542
303.832794
303.975952
303.727570
303.389618
303.524628
303.087769
303.057129
303.261169
303.045349
303.187378
303.051666
302.768616
302.968567
302.923767
303.385376
303.147064
303.388702
303.699982
303.911987
304.407135
304.566132
304.601837
305.281830
305.338287
305.546448
305.948334
306.324646
306.590698
307.544403
307.285278
307.412598
308.228973
308.757751
308.675446
308.804138
309.687317
309.620026
310.394440
310.733215
311.091614
310.879913
311.527802
311.483765
311.314819
311.955597
312.048431
312.013031
312.973511
312.640289
312.588409
312.446960
312.555450
313.026550
312.785217
312.407532
312.618835
312.215729
312.072937
312.463257
312.161560
311.418457
312.030243
311.492249
311.233673
310.915497
311.110596
310.476654
310.406708
310.101166
309.792633
309.542358
309.283783
309.106567
309.091766
308.579529
308.682465
308.107269
307.961639
307.690643
307.857971
307.115356
307.418976
307.658875
306.984711
307.136658
306.407928
306.679047
306.892914
306.880493
306.821045
306.796631
306.697906
307.091705
306.943359
307.343414
307.497314
307.792358
307.536682
308.420044
308.254883
308.399261
308.930756
308.904236
309.432495
309.315521
309.704712
310.386536
310.423767
311.090607
311.462433
311.439972
312.055511
312.064331
313.150299
313.249664
313.249878
313.851929
313.941406
314.010895
314.538086
314.945099
315.035919
315.067657
315.879944
316.052307
316.367432
316.367310
316.494995
316.870850
316.926666
316.916351
316.739410
317.213348
317.357727
316.672424
316.835907
317.390869
317.554199
317.055237
317.099945
317.002594
316.624268
316.351440
316.835327
316.551331
316.407196
315.867004
315.697540
315.842407
315.396942
315.239716
314.839722
314.589081
314.520691
314.149078
313.890228
313.690552
313.538818
313.024353
312.621613
312.858521
312.454376
311.955688
312.168671
311.661621
311.619202
311.280212
311.389832
311.005188
310.990082
311.006653
310.905121
310.390045
310.840393
310.810028
310.863495
310.539703
310.468262
311.423370
310.733215
311.104553
310.801849
310.950226
310.982483
311.158142
312.128540
311.740143
312.074860
312.499390
312.339539
312.610168
312.799622
313.364105
313.283661
313.681610
314.124451
314.308716
314.785919
314.884094
315.221375
314.937164
315.421326
316.047150
316.451111
317.045502
317.147400
317.170349
317.526825
317.919647
318.205933
318.299316
318.376495
318.940521
318.999695
318.968903
319.475494
319.362305
318.946899
319.262177
319.663055
319.588470
320.078064
319.660583
319.913086
319.504120
319.577515
319.334534
319.202393
319.169281
319.457428
319.231415
318.767212
319.007751
319.003357
318.470459
318.709686
318.127563
318.240997
318.019989
317.948822
317.592438
317.417419
316.895294
316.587341
316.559784
316.496002
316.666748
315.759705
316.110779
316.023376
316.112244
315.562378
315.134247
315.225708
314.980255
314.992950
315.180115
315.136749
315.062256
314.925751
315.155792
315.064880
315.114685
315.365387
315.038055
315.195709
315.265930
315.507477
315.334167
315.667145
315.861359
316.182617
316.056610
316.208069
316.109833
317.189209
317.370819
317.622009
318.015076
317.816772
318.536499
318.408142
318.886841
319.045624
319.439117
319.785339
319.725006
320.375336
320.874268
320.521637
321.350189
321.125824
321.765259
321.526947
322.417114
322.234283
322.843079
322.842682
322.607208
323.481842
323.273071
323.613495
323.292358
323.756531
324.112396
323.875244
323.940613
324.083862
323.955536
324.278625
323.820404
324.469452
323.947449
324.042816
323.947083
323.914246
323.766815
323.600128
323.780060
323.504913
323.274994
322.634796
322.845764
322.823334
321.966309
322.011230
322.199219
321.958374
321.668427
321.625763
321.197601
320.878174
320.904999
320.764038
320.452972
319.867096
319.890076
319.756134
319.711884
319.439728
319.309174
319.674713
319.199219
319.680176
319.357697
319.141144
319.594055
319.305054
318.993317
319.639313
319.432281
319.310181
319.264740
319.375366
319.613953
319.584229
319.789459
320.232178
320.248779
320.162415
320.424103
320.428802
321.164917
321.302826
321.097992
321.645111
321.798798
321.906158
322.206207
322.833344
323.050140
323.042816
323.574524
323.695740
323.994690
324.341339
324.618164
324.739929
325.035004
325.544678
325.771454
326.173798
325.976196
326.269440
326.290771
326.597839
326.796753
326.982574
326.869385
327.071228
327.610565
327.335114
327.032410
327.375336
327.716797
327.725891
327.781738
327.741730
327.384460
327.411133
327.425995
327.115265
327.499969
326.865387
326.928864
326.995270
326.946686
326.540527
326.576599
326.377838
326.242889
325.813843
325.823639
325.842773
325.673340
325.242218
325.202545
325.125702
325.184082
324.571167
324.759125
324.606079
324.211456
323.956970
324.543396
324.040375
324.169983
324.006531
323.970612
324.073120
324.051727
323.730865
323.802948
323.610352
323.852356
323.960693
323.849579
324.126526
323.953979
324.639893
324.592010
324.780334
324.741669
324.981415
325.566254
325.316986
326.100372
326.224762
326.415771
326.732452
327.383392
327.197021
327.650177
327.841553
328.610718
328.979095
329.063293
329.637909
329.826477
330.251404
330.306580
330.817413
331.534882
331.658112
331.671692
332.029999
332.517029
332.844604
333.371460
333.246033
333.936127
333.867188
334.266266
334.184235
334.927704
334.818329
334.949097
335.117920
335.312195
335.045624
335.347198
335.097046
335.864624
335.998108
335.303009
335.907135
335.604187
335.560577
335.464844
335.381042
335.725159
335.044373
335.344147
334.719177
334.872437
334.745972
334.217438
334.370148
334.194580
334.021790
333.715332
333.574188
333.188416
332.889801
332.934540
333.049133
332.958160
332.638275
332.402191
332.083221
331.937500
332.177399
331.530121
331.835815
331.642426
331.678497
331.863708
331.353912
331.879272
331.613281
331.493530
331.488770
331.711151
331.658264
332.032013
331.493378
332.071991
332.346497
332.638794
332.729187
333.422913
333.207642
333.088867
334.098694
333.744232
333.875275
334.741791
335.054657
335.306305
335.452881
335.752930
336.298981
336.897949
337.236023
337.455780
337.717621
338.366821
338.784760
339.221985
339.552734
339.609772
340.269318
340.420288
340.692383
341.173309
342.013000
341.960480
342.590454
342.613586
342.744598
343.566742
343.569427
343.778290
344.216461
343.735291
344.205322
344.331787
344.296753
344.841980
344.994202
344.720703
344.685028
344.824615
344.385620
345.133240
344.730896
344.225403
344.621552
344.485077
344.192749
344.261902
343.746307
342.910980
344.287567
343.963837
343.221924
343.205566
342.542175
342.796906
342.267578
341.798035
341.939270
341.830444
341.105164
341.125092
340.581879
340.444153
340.336212
340.162323
340.047272
339.790619
338.990417
339.508728
338.999451
339.203735
338.678925
338.659424
338.677368
338.969482
338.841309
338.464386
338.221344
338.699158
338.902161
338.558899
338.354889
339.022552
338.717865
339.127533
338.934052
339.389679
339.293030
339.577911
339.786377
340.311768
340.493835
340.485718
341.023956
341.340759
341.309662
341.934479
341.730286
342.210907
342.353333
342.804871
343.156982
343.420227
343.625336
344.563019
344.607330
344.707123
345.314819
345.535217
345.650452
345.712585
346.068054
346.101746
346.963257
347.044647
346.786652
347.376892
347.531952
347.506195
347.396271
347.571106
347.679871
347.709656
347.777679
348.572021
348.362610
347.911560
348.179108
348.377686
348.017639
347.449402
347.911865
347.877228
347.452332
347.442352
346.895996
346.963745
347.306671
347.097931
346.786896
346.378815
346.034729
346.050415
345.877838
345.384125
345.291138
345.188782
344.873505
345.118622
344.925873
344.664337
344.090393
343.863098
344.009644
343.917755
343.615692
343.998871
344.011810
344.038361
343.871765
343.437622
343.313965
343.146454
343.578888
343.386719
343.167755
343.112915
343.247131
343.337921
343.750763
343.686798
343.795868
343.740326
343.913849
343.979004
344.437256
344.839264
344.146118
345.485413
345.043091
345.199615
345.765747
345.444855
346.477234
346.440521
346.545227
346.864380
346.530273
347.025024
347.477844
347.628540
347.868469
348.157837
348.509857
348.674866
348.936005
349.029114
349.238678
349.329346
349.181732
349.566559
349.680237
349.962982
350.402100
350.167969
350.136108
350.085632
349.892853
349.718506
350.359131
349.747833
349.912720
349.704437
349.870422
349.440277
349.241028
349.380707
349.000305
348.692200
348.909637
348.624939
348.142700
347.975739
347.909729
347.120422
347.822205
347.507355
347.193817
347.043549
346.478394
346.089630
346.390778
346.074860
345.766571
345.541229
345.312347
345.128235
345.133453
345.167328
344.580780
344.529572
344.322845
344.436127
344.678650
344.404846
344.693970
344.544586
344.002960
344.566925
344.593414
344.184692
344.470612
344.715393
344.806274
344.982117
344.634918
344.790436
345.655396
345.472229
346.063019
346.007904
346.302490
346.274139
346.952332
346.860016
347.456421
347.506500
347.418823
348.272369
347.854736
348.504211
348.544556
348.816589
349.210266
349.337616
349.399445
349.691589
349.775574
349.660828
350.505981
350.388733
350.422852
350.618164
350.182037
350.568542
350.584229
350.785217
350.857880
350.613922
350.470184
350.335510
350.293610
350.600220
350.232208
349.859894
349.393463
349.338531
349.187927
349.068665
348.663513
348.692383
347.887604
348.030823
347.874115
347.456268
347.079712
346.995331
346.656036
346.700684
346.425995
345.923859
345.691254
345.415527
344.903320
345.009827
345.055939
344.734100
344.581787
344.546417
344.494232
344.182678
344.578918
344.406860
344.685883
344.909332
344.462280
344.977173
344.793915
345.152863
344.951355
345.721130
346.048889
346.450195
346.529480
346.945190
347.008026
347.567169
348.407623
348.720459
349.059387
349.588531
349.398682
349.953125
350.830200
350.822479
351.907501
351.482727
351.583435
352.630890
352.262268
352.539795
352.698822
352.974792
352.902191
352.544739
352.629242
352.577911
351.588013
351.184265
350.264435
349.824677
348.461975
347.752106
346.421387
345.523987
344.085510
342.653992
340.560699
338.747192
336.126984
334.053375
331.572693
329.282104
326.632050
323.521088
319.990631
317.159027
313.974884
310.073242
306.632111
302.802429
298.610260
294.638611
290.845306
286.154083
282.135895
277.909088
272.949799
268.743500
264.388489
259.777405
255.438934
250.877274
246.432114
242.193329
238.065659
233.445648
229.885437
226.079208
222.315338
218.685577
215.327042
212.254776
209.287582
206.555084
204.363068
201.948700
200.151031
198.609955
197.277618
196.116150
195.526352
195.040115
195.121689

286.678650
173.327026
173.742966
174.315323
175.281403
176.434097
177.750183
179.392426
181.356857
183.247070
185.819412
188.022736
190.652969
193.730530
196.447327
199.701965
203.123688
206.192047
209.771896
213.259293
217.019989
220.581375
224.414322
228.370712
231.972870
235.820312
239.733765
243.058960
247.155258
250.623077
253.963776
257.703918
261.018402
264.550964
267.959900
270.734436
274.001892
276.723663
279.350586
282.265442
284.541443
286.911987
289.317688
291.427002
292.896240
295.014526
296.566742
298.135284
299.531738
300.733826
302.064850
302.885437
303.586334
304.433533
305.636475
305.840515
306.599609
306.587891
307.033539
307.329163
307.648621
307.532410
307.052094
307.971130
307.519745
307.390289
306.991241
307.251129
306.694702
306.803619
306.357727
306.523346
306.021454
306.041992
305.098816
305.035767
304.874084
304.468689
304.586090
304.324921
303.971558
304.097534
303.655518
303.660339
303.804321
303.548096
303.688416
303.531464
303.251984
303.409088
303.348816
303.793762
303.520813
303.745575
304.063110
304.237213
304.716034
304.853088
304.844940
305.509460
305.510834
305.711884
306.098999
306.434723
306.738647
307.652344
307.341949
307.473236
308.255524
308.768799
308.657837
308.735352
309.610687
309.529053
310.261658
310.544067
310.905884
310.663788
311.297241
311.236084
311.037720
311.672943
311.706665
311.656525
312.594208
312.230103
312.140289
312.001038
312.089386
312.555664
312.294342
311.898132
312.083069
311.659149
311.485016
311.880035
311.554840
310.785706
311.392914
310.846191
310.553833
310.212402
310.400116
309.755402
309.686066
309.365143
309.061707
308.819000
308.523651
308.344604
308.315002
307.838715
307.899109
307.325928
307.182159
306.926788
307.066010
306.324371
306.631653
306.884521
306.177826
306.356567
305.587219
305.958618
306.133728
306.122528
306.067596
306.006561
305.940063
306.345276
306.221039
306.612122
306.768494
307.115814
306.834930
307.765289
307.579559
307.747162
308.320831
308.294098
308.861755
308.735443
309.137695
309.834595
309.870422
310.580566
310.938416
310.959595
311.608521
311.612488
312.764923
312.810242
312.882050
313.459259
313.534790
313.684357
314.238831
314.664734
314.758484
314.799133
315.629364
315.857941
316.242981
316.231201
316.389191
316.761719
316.850342
316.853882
316.705414
317.184570
317.386047
316.690704
316.880920
317.502045
317.651672
317.174164
317.259949
317.119659
316.785034
316.570709
317.086365
316.818817
316.680542
316.131012
316.025024
316.112427
315.657501
315.542847
315.177612
314.987274
314.883179
314.582306
314.294067
314.084137
314.006195
313.468048
313.103088
313.347229
312.977570
312.464264
312.679993
312.191284
312.150604
311.875977
311.970581
311.604523
311.614410
311.616272
311.549561
311.019409
311.476349
311.493866
311.480133
311.215240
311.141418
312.108398
311.468628
311.791595
311.519073
311.712494
311.701263
311.866455
312.817078
312.489075
312.793701
313.202423
313.088043
313.340485
313.564331
314.138519
314.032654
314.482727
314.877014
315.067413
315.557465
315.657928
315.989471
315.754913
316.213928
316.836121
317.227814
317.861633
317.913208
317.975281
318.331787
318.729309
319.021912
319.108673
319.198120
319.745300
319.776001
319.791168
320.257538
320.145264
319.793579
320.083832
320.487854
320.385132
320.894745
320.471069
320.734375
320.324036
320.417480
320.145630
320.022949
319.985992
320.278503
320.035004
319.558777
319.849518
319.823364
319.266754
319.530609
318.993042
319.061432
318.844604
318.804413
318.403931
318.209229
317.712982
317.440308
317.407715
317.301483
317.485840
316.596863
316.933105
316.847015
316.887115
316.384979
315.961487
316.039398
315.803162
315.813171
315.998047
315.977295
315.856079
315.725891
315.960083
315.865265
315.926575
316.180145
315.847748
316.003723
316.096436
316.314087
316.096863
316.417816
316.626343
316.922729
316.843079
316.951111
316.845673
317.921112
318.100189
318.364502
318.727844
318.502808
319.237427
319.131104
319.562958
319.696808
320.069885
320.456085
320.349487
321.021851
321.488342
321.152130
321.943420
321.708954
322.372009
322.095490
322.970490
322.756317
323.381439
323.344604
323.142120
323.942871
323.750427
324.124512
323.748840
324.226013
324.528198
324.310455
324.340271
324.462891
324.361725
324.642639
324.212524
324.809662
324.247894
324.361450
324.234985
324.163361
324.007172
323.796539
324.031525
323.756989
323.462921
322.814240
323.038269
322.997498
322.106812
322.136261
322.314392
322.070526
321.784119
321.695526
321.287109
320.923035
320.962921
320.760895
320.447357
319.934021
319.867615
319.725647
319.722351
319.386566
319.230194
319.584412
319.128326
319.557648
319.260895
319.018738
319.430176
319.174133
318.869415
319.468140
319.281952
319.124481
319.098389
319.219208
319.441223
319.377533
319.581757
319.994141
320.049316
319.941467
320.213409
320.189392
320.965576
321.108978
320.896210
321.427216
321.539734
321.693359
321.958405
322.584991
322.821503
322.804474
323.353149
323.475586
323.810577
324.098450
324.422516
324.485382
324.806305
325.373962
325.580292
325.971191
325.799622
326.062988
326.103485
326.392120
326.608643
326.775879
326.694061
326.916260
327.431976
327.172089
326.884918
327.230469
327.566528
327.601959
327.683105
327.613495
327.270752
327.308380
327.317932
327.053894
327.443665
326.842804
326.892731
326.946625
326.937836
326.498688
326.531097
326.386841
326.214203
325.846649
325.834442
325.808380
325.680206
325.264740
325.259277
325.198212
325.225952
324.624146
324.824554
324.645386
324.295013
324.034302
324.631531
324.108917
324.263428
324.087189
324.078156
324.169464
324.149017
323.871552
323.938080
323.757446
324.027527
323.955658
324.029968
324.259796
324.103943
324.796661
324.747864
324.942261
324.917572
325.120453
325.695801
325.487579
326.280029
326.404724
326.556824
326.911285
327.553192
327.372589
327.799377
328.004272
328.796509
329.163727
329.261200
329.795471
330.009491
330.431793
330.507019
330.985657
331.713989
331.835480
331.871582
332.210388
332.676331
333.010101
333.552704
333.387726
334.092804
334.007233
334.388977
334.335327
335.071960
334.964508
335.092407
335.276031
335.462738
335.172974
335.465515
335.224792
335.992035
336.146576
335.451385
336.037933
335.731689
335.680420
335.608093
335.487762
335.848114
335.128174
335.457031
334.827454
334.974823
334.841461
334.319183
334.456238
334.295013
334.108673
333.781769
333.670471
333.293060
332.974823
333.031525
333.146027
333.034393
332.723450
332.480286
332.197174
332.022980
332.237183
331.619690
331.908630
331.726135
331.765015
331.943085
331.414825
331.962738
331.707825
331.591064
331.566742
331.811707
331.771423
332.126221
331.582031
332.154877
332.427917
332.739197
332.814728
333.490204
333.298157
333.178436
334.177490
333.884491
333.980225
334.860992
335.173218
335.407959
335.561523
335.850189
336.417450
337.023529
337.332703
337.572266
337.833740
338.488068
338.940277
339.385193
339.688202
339.753174
340.429565
340.593079
340.849030
341.338684
342.178040
342.114594
342.728119
342.760742
342.939209
343.733673
343.734436
344.000793
344.396271
343.904938
344.368347
344.538635
344.484070
345.014893
345.180664
344.911774
344.875580
344.983643
344.578064
345.352509
344.944427
344.450806
344.814941
344.672150
344.425873
344.459106
343.949493
343.147217
344.532715
344.209106
343.446960
343.419495
342.777863
342.999054
342.499542
342.008301
342.171204
342.034485
341.282227
341.336548
340.856293
340.677856
340.551514
340.386383
340.268677
340.023956
339.218475
339.746765
339.257751
339.446320
338.868591
338.898926
338.907288
339.140747
339.067352
338.705139
338.435211
338.899933
339.166321
338.764526
338.549561
339.243042
338.881500
339.337158
339.110931
339.600403
339.512207
339.753052
340.028687
340.493195
340.645752
340.651428
341.239227
341.512787
341.473938
342.121155
341.900879
342.391815
342.561066
342.969147
343.328613
343.608795
343.781067
344.715210
344.766754
344.865356
345.488373
345.718414
345.836151
345.888062
346.196350
346.269928
347.141418
347.166748
346.988708
347.545471
347.745117
347.656952
347.541992
347.751831
347.835114
347.858612
347.932343
348.706451
348.521667
348.029358
348.333252
348.522827
348.200562
347.592224
348.060181
348.010468
347.608459
347.612946
347.055359
347.157776
347.472992
347.192200
346.935120
346.547119
346.176056
346.216400
346.056671
345.544739
345.416382
345.354095
345.036255
345.252991
345.107147
344.818085
344.232086
344.012115
344.152893
344.071442
343.776764
344.130798
344.162659
344.192596
344.037231
343.618500
343.467468
343.343445
343.723053
343.559174
343.324280
343.297333
343.423340
343.487305
343.900482
343.865143
343.982178
343.906799
344.105774
344.128021
344.624359
345.000153
344.292511
345.679565
345.228210
345.376007
345.954926
345.620392
346.661896
346.630310
346.731232
347.029968
346.718536
347.191376
347.627045
347.828217
348.064056
348.327393
348.696472
348.825775
349.119263
349.176056
349.417816
349.485687
349.367218
349.724884
349.840546
350.124207
350.559113
350.355347
350.303680
350.241547
350.043762
349.866974
350.533691
349.873840
350.044769
349.885376
350.018982
349.586975
349.408875
349.539673
349.152252
348.841797
349.047180
348.801178
348.286255
348.125305
348.055847
347.222656
347.982544
347.602264
347.333740
347.151154
346.601501
346.197479
346.528595
346.193298
345.859558
345.662231
345.415771
345.239166
345.225128
345.252960
344.689270
344.626709
344.445190
344.542938
344.758942
344.488098
344.775513
344.603119
344.063629
344.643311
344.672333
344.268677
344.554626
344.775055
344.853333
345.022614
344.694550
344.832916
345.698792
345.519043
346.124390
346.031647
346.347900
346.297760
346.980072
346.886200
347.459747
347.553070
347.458252
348.296906
347.892456
348.523956
348.553558
348.827362
349.210022
349.362518
349.399628
349.687805
349.776855
349.681427
350.501373
350.396027
350.396545
350.594604
350.195587
350.559326
350.573364
350.772491
350.839294
350.596558
350.471375
350.343750
350.274811
350.561615
350.188934
349.831665
349.383362
349.328552
349.147064
349.049194
348.645813
348.667542
347.859467
348.025238
347.844055
347.431885
347.059631
346.966858
346.641418
346.683014
346.392914
345.906921
345.666992
345.393616
344.895203
344.998810
345.025635
344.737885
344.554413
344.533081
344.483459
344.192932
344.568146
344.426697
344.705566
344.898926
344.490875
344.975891
344.802032
345.166626
344.955658
345.724152
346.082306
346.456390
346.568848
346.989502
347.029236
347.623199
348.445343
348.758270
349.130188
349.642914
349.462006
350.001709
350.894043
350.889801
351.980896
351.566772
351.687988
352.727478
352.374817
352.646729
352.797943
353.081055
353.014679
352.649780
352.755981
352.703308
351.752197
351.314697
350.421295
349.973694
348.627716
347.901978
346.587463
345.675720
344.243225
342.833160
340.733795
338.916168
336.307434
334.253540
331.751526
329.451202
326.831512
323.702423
320.196503
317.356506
314.200195
310.311279
306.866852
303.044220
298.847198
294.894012
291.086670
286.393799
282.358643
278.160858
273.207550
269.013031
264.652527
260.037323
255.712921
251.164322
246.705170
242.472443
238.348068
233.749161
230.162766
226.362823
222.607925
218.985596
215.608170
212.553009
209.596207
206.848663
204.672470
202.248856
200.453568
198.909683
197.572052
196.426697
195.835754
195.363998
195.598663

220.913177
184.065979
184.509125
185.040710
186.253326
187.426285
189.078568
190.655838
192.716553
194.816299
197.142960
199.792831
202.867554
205.751022
208.949738
212.089798
215.448395
219.255127
222.920441
226.554474
230.690659
234.686005
238.697647
242.710480
246.723816
250.636627
254.596115
258.583405
263.235229
266.243378
270.124725
274.101044
277.945709
281.103790
284.599884
287.966553
291.297119
294.467590
297.432648
299.814423
302.341461
304.828430
307.393646
309.524139
311.746124
313.152893
315.086792
316.891541
318.176849
319.386200
320.277252
321.380219
322.486969
323.419586
324.575562
324.342560
324.645905
325.400055
325.801880
325.334808
325.587891
326.040955
326.092682
326.070404
325.919983
325.370636
325.177551
324.976013
324.866852
324.028046
323.961670
323.423431
323.036957
323.629456
323.155396
322.601837
322.148285
322.180023
321.708344
321.832855
321.612366
320.719147
320.455933
320.710968
320.200226
320.247559
320.618500
320.064636
320.533112
320.545837
320.723877
320.534454
320.924286
321.203217
321.300903
321.472931
321.687012
321.561401
322.174408
322.598114
322.745972
322.799438
322.769958
323.255432
323.645508
324.082581
324.545013
324.914917
325.358795
325.906586
325.659271
326.000305
326.049469
326.637512
326.885803
326.918610
327.739899
327.477295
327.916656
327.825104
327.828125
327.904724
328.165619
328.777771
328.591980
328.280090
328.402557
328.662048
329.047668
328.822144
328.751221
328.594482
328.725311
328.339325
328.656464
328.194031
328.151855
328.289764
328.400787
327.305450
327.033386
326.824463
326.235504
326.234863
326.353851
325.726410
325.698120
324.895966
325.043243
324.895966
324.559143
324.356567
323.751373
323.232239
322.566254
322.976898
322.964813
322.399628
322.120331
321.984253
322.214600
321.951996
321.826691
321.354797
321.119141
321.169983
321.549866
321.739288
321.757294
321.958618
321.813599
321.519409
321.604980
321.829895
321.989258
322.187439
321.840790
322.177032
322.336884
323.187622
324.132477
324.756683
324.768005
324.962402
324.530212
325.200195
325.430084
325.632446
325.956055
327.236298
326.899597
327.085510
327.040283
327.647339
327.933899
328.669891
328.581512
329.414734
329.586884
329.907867
330.206421
330.215851
330.725677
331.315887
331.145020
331.473236
331.479401
331.011627
330.939026
330.741547
330.830475
331.116394
331.508087
331.195038
331.163422
330.894653
330.676544
330.219818
330.292542
330.405914
330.567383
329.905487
328.999939
328.627197
328.676849
328.755402
328.422180
327.466278
327.272705
327.123993
326.772949
326.881317
326.201111
326.687408
325.858490
325.595032
325.921844
325.203857
324.889252
324.297028
324.342438
324.821198
323.995209
323.381042
323.457886
323.937592
323.818634
323.469086
323.480286
323.310852
322.705231
322.947327
322.770111
322.768860
322.685577
322.978149
322.453644
322.350159
322.433411
322.912048
322.807953
323.091309
323.124329
323.549957
323.616577
323.924835
324.331360
324.703705
325.102142
325.609039
325.946564
325.517609
325.378052
325.562225
325.951721
326.408752
326.895264
326.866119
326.861084
327.301575
327.655640
327.944946
328.766876
329.110260
329.112000
328.962097
329.627625
329.910156
329.863617
330.491180
330.216919
329.962830
330.209778
330.153809
330.291077
329.877411
329.812805
330.387177
330.160553
330.403107
330.106079
329.713806
330.175964
329.806000
330.427032
330.363495
330.234467
330.315277
329.658661
329.201599
328.838531
328.984680
328.660217
328.474518
328.437439
327.671265
327.692780
327.553925
327.694153
326.947693
327.055817
326.441650
326.374176
326.151886
326.269806
325.804840
325.768433
325.277527
325.152100
325.351044
324.953766
324.513977
324.819427
324.926544
324.618500
324.400024
324.578278
324.221222
324.468231
324.636810
324.589325
324.565674
323.922028
324.139404
324.115662
324.144379
324.696716
324.580536
324.293488
325.072357
325.535126
325.398132
325.232025
325.480072
325.925110
325.683044
326.203796
326.510559
326.917236
327.407928
327.601410
327.905640
328.179291
328.826782
328.935608
329.025665
329.306641
329.382843
329.340668
329.644958
329.548309
330.444946
330.067139
330.818451
330.442108
331.061859
331.692871
331.347778
331.437805
331.856781
331.542572
331.913300
331.714142
332.160919
331.958771
332.042328
331.794891
331.999512
332.140808
331.484528
331.596832
331.450928
331.389404
331.224884
330.919250
330.936981
330.951721
330.235321
329.945587
329.725647
329.347961
329.205078
329.202820
328.816467
329.013672
328.708496
328.174103
327.972504
327.744751
327.789520
327.265686
327.463745
327.244659
326.548340
326.742188
326.270355
326.043488
325.719421
325.558990
325.475647
325.328522
325.973419
325.510071
325.853577
324.953522
325.201782
325.172150
325.726898
325.587616
325.014709
325.168884
325.105408
325.481934
325.893433
325.527008
325.824799
326.176086
326.400330
325.987213
326.341187
326.708588
327.155334
327.549438
327.397125
328.009216
328.049835
328.681183
328.125031
328.979279
329.084778
329.547577
329.298859
329.960724
329.932922
330.261322
330.137024
331.187378
331.028107
331.689789
331.203033
331.243591
331.814392
331.804230
331.627960
332.279205
332.380676
332.090393
332.428589
332.441620
332.614380
332.184601
332.146820
332.601776
332.141602
332.402374
332.341400
332.134247
332.367462
332.198730
332.065918
331.563385
331.441559
331.526062
331.302063
330.991577
330.887909
330.598328
330.078278
329.452393
329.730194
329.912933
329.932404
329.792084
329.272888
329.000763
329.080322
328.480347
328.280426
328.061279
327.682129
327.556244
327.726105
327.463470
327.287384
327.025024
326.968933
327.141449
326.467529
326.904816
326.910034
327.105652
327.195282
327.570831
326.689026
326.783295
327.385315
327.253845
327.131348
327.421051
327.772278
327.751312
328.056854
328.276886
328.399872
329.102844
329.236115
329.454041
329.507874
329.522644
329.881012
330.339447
330.592010
330.750092
331.577698
332.435272
332.275696
331.818451
332.378082
332.764221
333.049286
333.270599
333.672455
334.127319
335.073395
334.933716
335.330688
335.111725
335.212982
336.119476
335.678955
335.550751
335.529694
336.135864
336.291168
336.285309
336.314789
336.234436
336.371155
336.645538
336.472321
336.174591
336.509247
336.334412
336.166229
336.723389
336.924469
336.722656
335.990051
335.929138
335.587158
335.383820
335.209930
335.124725
334.869965
334.506287
334.676666
334.227966
333.909576
333.890625
333.517120
333.680023
333.262085
332.519348
332.650940
332.346252
331.954346
331.914886
331.540649
331.320801
331.124115
331.440918
331.579102
331.102020
330.801208
330.867188
330.773926
330.306091
330.182220
330.390900
330.558929
330.796661
330.779877
331.101379
331.022644
331.134399
331.164612
331.087341
331.880676
331.591522
331.298035
332.401245
332.306000
332.663696
333.037170
332.975128
333.146362
334.037231
334.254700
334.625916
335.343048
335.111481
335.052582
335.548401
336.365906
337.019714
337.449219
337.941620
337.541321
337.915924
338.017487
338.220673
338.581604
339.318390
339.419159
339.759521
340.630341
340.405243
340.813354
340.380066
340.699341
341.048859
341.693970
341.601868
341.803802
341.682190
341.318390
341.876434
341.360596
341.840698
341.616302
341.317108
341.714447
341.582550
341.370209
341.631226
341.592773
341.800476
341.302917
340.524872
340.138702
340.112244
339.708160
339.252625
339.184357
338.545013
337.875061
338.179230
337.978333
337.424103
336.903259
336.700562
336.391815
336.618896
336.044281
336.512848
336.303406
335.714569
335.367035
334.793762
335.194946
335.273529
334.451843
334.277222
334.510071
334.231598
333.699646
333.441254
333.646393
333.677246
333.952972
333.598694
333.754272
333.401184
334.034576
333.736176
333.677948
333.728088
333.668091
334.437500
334.521027
334.560516
334.361023
334.526062
334.559601
334.448090
335.300018
335.229645
335.740692
336.454926
336.505280
337.069214
336.604767
337.008698
337.552155
337.624054
337.589050
337.832001
338.552277
338.581299
338.856384
338.776093
338.610901
338.962616
339.588104
340.232513
339.939972
340.117493
340.281494
340.505280
340.829681
340.926483
341.424255
341.354828
340.746246
341.480743
341.374573
341.000824
341.243896
341.047058
341.318237
341.099731
341.090271
340.796753
340.469238
339.908112
340.238953
339.624146
339.523804
339.040588
338.937439
338.907471
338.780365
338.144135
338.158569
337.869934
338.025574
338.091522
337.315613
337.363312
337.127594
336.480560
336.531525
336.191284
336.364960
335.793152
335.842163
335.272125
335.399048
335.093781
335.183777
334.327209
334.391876
334.516785
334.180817
334.324921
334.275848
334.545685
334.610504
334.403137
334.546478
334.739655
334.946960
335.366669
335.364899
334.942902
334.895294
335.254761
335.805481
335.602142
336.338593
336.231903
336.516724
336.093109
336.432404
336.801636
337.129913
337.406555
337.786713
337.494995
336.852905
337.530792
338.080536
337.826874
338.641724
338.039795
339.124176
338.696472
339.363495
339.321320
339.807770
339.452484
339.243561
339.354279
339.632019
339.763885
339.869385
340.192780
340.361359
340.675476
340.275269
339.347290
339.493256
339.726288
339.296387
339.219604
338.890747
338.972839
339.008240
339.040131
338.956543
339.098572
338.604858
338.701691
337.705139
337.875000
336.957001
337.117432
336.712128
336.087036
336.475006
336.721161
335.810303
335.730133
335.329773
334.680817
334.621674
334.484192
334.346802
334.727692
334.390259
333.776886
333.834961
333.830200
333.862152
333.378723
333.789612
333.606964
333.734222
333.435974
333.193726
332.999878
333.706329
333.659882
334.448364
334.232574
333.536316
333.858765
333.720123
334.776093
334.466339
334.470032
335.066833
334.912964
335.260437
335.899231
335.440613
335.506927
335.859741
336.692688
336.934540
336.632629
337.323608
336.639801
337.423340
337.676636
337.542542
338.510101
338.128143
338.063751
338.347290
338.155151
338.717834
338.792908
338.984589
338.174805
338.203491
338.713013
338.890717
338.517761
339.171539
339.592651
338.470642
338.811798
338.789612
337.961151
337.791138
338.360413
337.831848
337.394562
337.669495
337.136078
336.828308
336.400757
335.780151
335.598145
335.407532
335.546356
335.397003
335.250397
334.892548
334.687683
334.183441
333.683563
333.637451
332.798981
332.890564
332.572784
333.001923
332.505768
333.154449
332.784393
332.756348
332.741241
332.961334
333.064758
333.050720
332.817719
332.861298
332.725220
333.189575
333.041992
333.279419
333.660461
333.889313
334.474182
334.711456
334.639893
334.893219
335.707642
336.342407
337.097260
336.630371
337.410217
338.175598
338.511169
338.632324
339.048889
338.914917
339.323700
339.474579
339.969910
339.720612
339.831909
340.046967
339.769165
339.670654
339.711121
339.365051
338.854584
338.543121
337.972748
336.511658
336.443573
335.484650
333.828888
332.456512
331.010406
329.921722
327.184204
325.305695
323.864075
322.545258
319.288879
316.572937
314.299194
311.677765
308.853424
305.937347
302.189911
298.682526
295.484131
291.458374
288.011169
283.901367
280.110504
275.815704
271.334229
267.634155
263.290558
258.843903
254.389572
250.343155
245.770218
241.803207
237.777161
234.009613
229.929733
225.722382
221.550705
217.715225
213.812653
210.627502
207.680084
204.879333
201.786636
199.352966
197.279709
195.154022
193.420013
191.443436
189.820541
189.216339
188.347229
187.733856
188.082733

224.603333
184.609573
185.043625
185.608292
186.783096
187.975723
189.634933
191.200714
193.283051
195.400223
197.702484
200.350586
203.458542
206.338821
209.516769
212.687012
216.066391
219.858307
223.537659
227.199600
231.314651
235.318146
239.349304
243.378311
247.365677
251.307785
255.266083
259.292358
263.951447
266.949890
270.851471
274.843536
278.708984
281.879639
285.403931
288.777802
292.111816
295.313751
298.267212
300.670197
303.211395
305.715332
308.302155
310.400787
312.652771
314.057190
316.015503
317.855164
319.099213
320.367584
321.225983
322.378967
323.510162
324.419128
325.609131
325.398956
325.735718
326.431763
326.861511
326.346466
326.648285
327.083099
327.173828
327.183472
327.075287
326.496582
326.280273
326.093750
325.981903
325.180359
325.133301
324.548615
324.184814
324.830017
324.327576
323.795013
323.308228
323.345459
322.878967
323.038300
322.748749
321.910370
321.602966
321.886932
321.345703
321.434540
321.786560
321.265839
321.684479
321.658417
321.884583
321.693390
322.086823
322.349976
322.458954
322.514771
322.811981
322.676483
323.297760
323.697998
323.863159
323.888367
323.847778
324.340637
324.690582
325.144562
325.572296
326.012054
326.399872
326.943390
326.666473
327.016663
327.022034
327.596191
327.810028
327.875916
328.666229
328.434906
328.812592
328.705139
328.693726
328.766327
329.037811
329.640869
329.435150
329.108429
329.199768
329.522797
329.848877
329.671112
329.488159
329.301025
329.459106
329.108673
329.425201
328.907867
328.820160
328.998901
329.086609
328.028381
327.748047
327.480896
326.888062
326.896881
327.038879
326.356903
326.321991
325.477966
325.610596
325.466675
325.128448
324.888672
324.308472
323.751648
323.108368
323.528015
323.486542
322.872498
322.604950
322.490295
322.708649
322.426605
322.349121
321.812958
321.572083
321.645050
321.996490
322.165680
322.183624
322.396973
322.263672
321.931458
322.012054
322.259644
322.411804
322.585938
322.217651
322.550079
322.718536
323.628387
324.484344
325.135742
325.125397
325.343781
324.889832
325.536011
325.757935
325.947998
326.300781
327.559723
327.224976
327.406219
327.366333
327.973755
328.262329
328.981781
328.913177
329.718933
329.907043
330.171875
330.493530
330.478790
331.010925
331.570404
331.390808
331.736816
331.733337
331.252808
331.193787
330.955872
331.055725
331.334473
331.716461
331.393707
331.353943
331.069214
330.857178
330.377686
330.461945
330.577057
330.719513
330.069183
329.138092
328.753540
328.784058
328.862579
328.521790
327.572388
327.357391
327.236237
326.862335
326.957184
326.269501
326.750092
325.903870
325.637634
325.946716
325.254944
324.922638
324.305359
324.346802
324.851868
323.998657
323.377014
323.454895
323.909454
323.816559
323.449829
323.465302
323.275146
322.669067
322.924316
322.743469
322.741302
322.643188
322.941711
322.402649
322.305176
322.384918
322.869324
322.752563
323.055573
323.072906
323.486847
323.549042
323.899933
324.291107
324.656799
325.073212
325.581635
325.895813
325.482574
325.351593
325.541229
325.945923
326.380615
326.915283
326.879395
326.870300
327.337311
327.702087
327.966034
328.809204
329.153687
329.154114
329.032288
329.717438
330.020508
329.972015
330.600952
330.341125
330.103882
330.351501
330.313049
330.463745
330.052032
329.990967
330.597931
330.371521
330.640625
330.366791
330.007721
330.472900
330.094971
330.748596
330.706573
330.594452
330.687317
330.054962
329.588409
329.269501
329.389374
329.118011
328.939972
328.914917
328.173615
328.203186
328.096893
328.225220
327.476715
327.649567
327.003937
326.946075
326.746063
326.870605
326.448822
326.452484
325.929077
325.855499
326.066132
325.651947
325.244629
325.570343
325.671417
325.358673
325.157288
325.379639
325.015442
325.278442
325.431030
325.421448
325.366913
324.774445
324.993439
324.995941
324.964386
325.540619
325.443390
325.157684
325.942352
326.387115
326.272614
326.104492
326.341370
326.824341
326.546265
327.068146
327.343719
327.782135
328.223236
328.414307
328.763367
329.047699
329.658325
329.762604
329.866943
330.129639
330.160950
330.136993
330.428345
330.318909
331.218018
330.828033
331.596954
331.198395
331.745972
332.391022
332.031769
332.093079
332.506714
332.168091
332.555237
332.331421
332.741974
332.550659
332.640503
332.326813
332.512634
332.661194
331.987946
332.092468
331.918854
331.822937
331.633911
331.324738
331.352295
331.318085
330.584198
330.265015
330.043640
329.646667
329.477295
329.443756
329.065308
329.236053
328.921173
328.365784
328.142242
327.902069
327.934021
327.387573
327.544891
327.313232
326.621613
326.783173
326.290527
326.071564
325.704407
325.525574
325.459686
325.286438
325.898315
325.411011
325.772339
324.834503
325.072723
325.042236
325.575470
325.427032
324.843292
324.998901
324.919128
325.281372
325.687531
325.293701
325.587860
325.932007
326.158966
325.745789
326.079803
326.455322
326.899353
327.291931
327.105438
327.742065
327.770569
328.403320
327.858337
328.684113
328.799316
329.283020
328.996490
329.679840
329.618927
329.971863
329.859070
330.897736
330.788483
331.406311
330.944977
330.982788
331.556488
331.556671
331.383331
332.031403
332.143616
331.838776
332.216461
332.237915
332.408661
331.961060
331.951324
332.402283
331.974457
332.234070
332.146484
331.984131
332.236115
332.051788
331.944580
331.450073
331.316040
331.431152
331.204254
330.914490
330.802368
330.553955
330.050812
329.420807
329.702423
329.898895
329.933746
329.800110
329.299194
329.015900
329.133911
328.500153
328.319519
328.138947
327.761780
327.648804
327.819733
327.588898
327.441254
327.141418
327.100037
327.304626
326.627228
327.052734
327.072174
327.299774
327.345367
327.326477
326.883575
326.990570
327.615143
327.453430
327.357788
327.609039
327.999054
327.952942
328.306061
328.544891
328.663422
329.371002
329.502106
329.752716
329.766785
329.808838
330.180328
330.619141
330.903168
331.016174
331.851624
332.698120
332.547150
332.127441
332.671448
333.052063
333.339691
333.552643
333.957977
334.393646
335.364929
335.196838
335.595673
335.394531
335.483459
336.382050
335.934998
335.799683
335.778900
336.399811
336.562531
336.521667
336.574524
336.484253
336.616791
336.879730
336.714630
336.419952
336.758118
336.586609
336.406219
336.918610
337.133728
336.945557
336.168701
336.119690
335.776459
335.556274
335.384674
335.265717
335.014862
334.670410
334.833557
334.385864
334.052917
333.990570
333.601654
333.783569
333.357605
332.624939
332.727417
332.424835
332.051849
331.970367
331.596619
331.387573
331.161682
331.448212
331.596191
331.114044
330.826263
330.866852
330.769073
330.301300
330.149994
330.376373
330.522308
330.779846
330.746796
331.041962
330.967621
331.068634
331.087219
331.001892
331.763275
331.505676
331.219788
332.294373
332.204010
332.536438
332.901337
332.844971
332.993317
333.895020
334.090881
334.470612
335.169220
334.924408
334.883698
335.342133
336.175262
336.817993
337.226959
337.744019
337.302612
337.676361
337.767365
337.974854
338.317444
339.055634
339.152374
339.486053
340.331940
340.109192
340.524658
340.106537
340.403198
340.717010
341.375397
341.280182
341.479370
341.325806
340.969360
341.509125
341.015106
341.492493
341.255035
340.937622
341.317322
341.180847
340.981506
341.247131
341.182007
341.394348
340.868774
340.107330
339.713348
339.683167
339.268677
338.817535
338.730255
338.092285
337.414032
337.713013
337.521851
336.966858
336.431396
336.223816
335.910889
336.124725
335.563446
336.013031
335.796387
335.218567
334.860748
334.293488
334.676086
334.762085
333.946808
333.779358
334.006073
333.710754
333.179352
332.906982
333.131256
333.179199
333.439636
333.092957
333.221558
332.898956
333.528442
333.186371
333.191132
333.216217
333.155396
333.925568
334.010895
334.064667
333.878693
334.023804
334.040314
333.958801
334.800079
334.742554
335.269562
335.982971
336.043396
336.600830
336.137909
336.548370
337.084381
337.189117
337.166016
337.414948
338.108643
338.183563
338.443542
338.361359
338.211700
338.554047
339.186646
339.847778
339.579742
339.739166
339.904602
340.132935
340.476135
340.558258
341.109802
341.043518
340.470245
341.155518
341.066711
340.698883
340.927856
340.774078
341.076080
340.818176
340.821564
340.524536
340.224274
339.673126
340.028107
339.387512
339.313416
338.831757
338.732666
338.718872
338.601227
338.005981
338.011627
337.732269
337.909882
337.963501
337.217133
337.284485
337.031281
336.393829
336.431885
336.123688
336.290802
335.742523
335.810333
335.245911
335.349548
334.915527
335.188660
334.316559
334.382538
334.515625
334.170197
334.334442
334.294617
334.545563
334.639160
334.444122
334.577515
334.795380
334.986572
335.466949
335.415802
335.033661
335.007202
335.353394
335.893219
335.708221
336.420837
336.327576
336.622162
336.172211
336.557281
336.940094
337.282990
337.538757
337.927521
337.599243
337.010284
337.659302
338.207031
337.957184
338.791138
338.172729
339.247833
338.847473
339.519623
339.457733
339.975403
339.595703
339.392670
339.505219
339.772644
339.921844
339.994812
340.339325
340.533813
340.824615
340.415405
339.507263
339.658386
339.887482
339.453339
339.340271
339.063660
339.122894
339.155914
339.197113
339.115753
339.258667
338.740204
338.847717
337.838715
338.018646
337.097870
337.252411
336.844818
336.214691
336.601624
336.857025
335.936523
335.845398
335.457947
334.818451
334.724915
334.615234
334.450958
334.847992
334.497986
333.897858
333.947235
333.935303
333.949219
333.482117
333.889496
333.716980
333.835266
333.521820
333.280853
333.096039
333.795776
333.746155
334.542786
334.322296
333.639008
333.937317
333.802460
334.843567
334.550232
334.561920
335.149109
334.982147
335.333374
335.987762
335.502533
335.582764
335.943329
336.764893
336.993256
336.709595
337.371185
336.704773
337.506866
337.746521
337.608429
338.568665
338.205719
338.104370
338.386597
338.212799
338.759979
338.829102
339.043549
338.211456
338.266479
338.755768
338.945251
338.575348
339.232025
339.653198
338.527954
338.869415
338.843292
338.019409
337.835968
338.413055
337.864349
337.435974
337.702301
337.163055
336.863220
336.449402
335.813721
335.653351
335.454254
335.582184
335.417114
335.290833
334.916473
334.725464
334.218414
333.705048
333.669891
332.856018
332.943115
332.583771
333.011169
332.528290
333.178497
332.832245
332.771606
332.751465
332.979431
333.056641
333.078186
332.848602
332.865479
332.725891
333.179626
333.069092
333.286438
333.661926
333.915131
334.478058
334.721039
334.654022
334.907745
335.712402
336.325592
337.082825
336.637665
337.413086
338.159424
338.504364
338.634613
339.084290
338.881866
339.317505
339.462677
339.969330
339.721527
339.813049
340.042267
339.738342
339.651306
339.694794
339.339142
338.845520
338.533569
337.945038
336.473694
336.391968
335.470978
333.786072
332.422455
330.980621
329.867462
327.128571
325.276703
323.826294
322.494110
319.245789
316.515656
314.253937
311.620300
308.817780
305.877045
302.145386
298.620789
295.467346
291.404724
287.958252
283.867096
280.048187
275.758270
271.274384
267.567688
263.212341
258.780884
254.315552
250.260345
245.717621
241.732361
237.705902
233.940582
229.825089
225.635193
221.468063
217.636200
213.742264
210.545105
207.616852
204.806198
201.730331
199.278397
197.204285
195.085114
193.345764
191.365738
189.743637
189.136185
188.285355
187.659225
188.027039

