261.021423
172.576401
173.089493
173.510773
174.584991
175.804321
177.147659
178.668106
180.581314
182.743317
184.744980
187.595123
189.929474
192.731598
195.632294
199.062271
201.872559
205.606400
208.924316
212.508942
215.993179
219.513474
223.425873
227.245865
231.124222
234.619644
238.809433
242.267471
245.879837
249.411896
253.484726
256.939941
260.114807
263.543701
266.797058
270.081085
272.797363
275.622955
278.203094
281.213043
283.199707
285.822632
288.221008
290.229462
292.063324
293.933624
295.466583
297.032623
298.327820
299.570465
300.711182
301.689301
302.572876
303.496979
304.044159
304.783386
305.282471
304.984528
305.183044
306.165253
306.042847
305.995544
306.065521
306.465851
306.199066
305.726837
305.833405
305.795593
305.296356
304.780731
304.698425
304.224945
304.329559
304.266602
303.603546
303.465515
303.420593
303.189514
302.485809
302.568176
302.688049
302.425415
302.519684
302.565338
301.879639
301.870361
301.938080
301.693207
302.159241
301.888275
302.210907
302.350250
302.416901
302.595154
302.756683
302.752502
303.194885
303.672424
303.964996
304.132355
304.559753
304.974152
305.085266
305.290710
306.057312
306.082214
306.544922
306.795044
307.077881
307.222107
307.944183
308.241516
308.673218
308.857025
309.145813
309.446075
310.027557
310.354584
310.616089
310.723083
310.958496
310.953369
311.182068
311.416809
311.682159
311.442352
311.177612
311.812683
311.666290
311.579315
311.575653
311.342712
311.491852
311.023682
311.144989
311.107483
310.572571
310.875092
310.208252
310.232025
310.261658
309.729797
309.581299
309.336273
309.414551
309.045135
308.700043
308.757538
308.317352
308.077759
307.836700
307.405273
307.253784
306.996307
306.759796
306.712921
306.312561
306.377808
306.355499
305.876190
305.987305
305.863647
306.087921
305.719177
306.010742
305.854614
305.788269
305.488312
305.883331
305.792267
306.052216
306.491180
306.330444
306.298370
307.308228
306.838043
307.027008
307.344757
307.552124
307.888885
308.419586
308.429504
309.160309
309.136169
309.189392
309.887024
310.229675
310.495544
310.809418
311.346130
311.835297
312.051514
312.344055
312.705139
313.282623
313.283142
313.661224
314.148956
314.351929
314.109222
315.104370
314.548553
314.870941
315.207489
315.595276
315.534698
315.716614
315.657593
315.885437
315.915314
316.036224
316.273499
316.137726
316.281952
316.161377
315.912018
316.459808
316.273010
315.876526
315.986420
315.420654
315.690857
315.538300
315.131653
314.982452
315.038849
314.438446
314.243347
313.818329
313.795319
313.413818
313.250916
312.879059
312.803802
312.696594
311.806091
311.873413
311.919067
311.538849
311.444275
311.001770
310.546356
310.871918
310.658905
310.460510
310.136627
309.788574
310.336670
309.831909
309.924408
309.663147
309.255249
309.805084
309.640320
309.771301
309.822571
309.964813
309.805603
309.838074
310.095795
310.156799
310.450165
310.361420
310.622803
311.200317
311.465729
311.338226
311.688324
311.872864
312.089203
312.981232
312.762573
312.881622
313.471741
314.050293
314.072571
314.198334
314.749847
315.013885
315.476898
315.619843
315.667236
315.606445
316.364929
316.549957
317.020569
317.241882
317.381958
317.508484
317.622589
317.722015
317.942566
318.417236
318.372711
318.213348
318.441925
318.662628
318.432922
318.751862
318.781128
318.635162
318.704376
318.445892
318.260315
318.769592
318.451782
318.349518
317.755707
318.136688
318.216644
318.010742
317.735870
316.896576
317.119995
316.854126
317.395386
316.556732
316.835449
316.444061
316.135956
315.960846
315.775299
315.342804
315.672577
315.235046
315.555450
314.793518
314.730865
315.007477
314.203217
314.622955
314.492126
314.265442
313.742218
314.131775
314.173584
313.903961
313.716980
313.956848
313.883972
313.757172
313.948669
314.352692
314.020752
314.287415
314.362640
314.502319
314.636963
315.131226
314.979645
315.168213
315.824493
315.187897
316.080597
316.062958
316.733459
316.477753
316.859131
317.075592
317.519104
317.663055
318.288513
318.415619
319.149506
318.909058
319.694672
319.755157
320.270538
320.201843
320.584320
320.661743
320.848816
321.186493
321.333374
321.572876
321.801331
322.127808
322.533783
322.307312
322.353882
322.621460
322.754333
323.149017
323.120941
322.887146
323.138092
322.780182
323.033630
322.755798
322.924438
322.847565
322.615417
322.647186
322.122528
322.854156
322.433777
321.887482
322.444031
322.085724
321.835114
321.876678
321.208282
321.082306
320.697052
321.049591
320.408386
320.618469
319.957397
320.138306
319.883972
319.163940
319.318054
319.374420
319.183105
319.091278
318.882599
318.508026
318.373474
318.882019
318.300629
318.129211
318.316284
318.233093
318.283447
318.123260
318.541626
318.649963
317.746063
318.246429
318.811584
318.516998
318.582428
318.959412
318.777374
318.572052
319.203186
319.582123
319.779602
319.857971
320.398529
319.998077
320.285461
320.830566
320.837158
321.092834
321.346954
321.742371
322.285126
322.063629
322.115417
323.360138
323.041656
322.980743
323.854950
324.212830
324.282440
324.703339
324.977386
325.311188
324.924896
325.235474
325.453430
325.782745
326.087494
326.230133
326.284576
326.228790
327.025879
326.755280
326.624115
326.781342
326.605225
326.705048
327.268951
326.540375
326.691711
326.582947
326.660706
326.250031
326.613953
326.805298
326.755646
325.878540
326.350525
325.855652
326.344421
325.967102
326.134460
325.485718
325.343079
325.108704
325.265015
325.260681
324.448853
324.435791
324.376770
324.458344
324.105865
323.885010
323.870087
323.658234
323.327576
323.608704
323.343536
323.606476
323.328705
323.366028
323.936737
323.389923
324.039520
323.605896
323.328766
323.803802
323.866730
324.168823
323.474762
323.926971
324.300964
324.591187
324.796722
324.599884
325.218933
325.438385
325.611115
326.103607
326.186646
326.589325
326.825378
327.105591
327.945679
328.295776
328.336578
328.658112
328.679230
328.995270
329.899048
330.130188
330.399689
330.704041
331.458893
331.696381
332.056061
332.088226
333.101135
333.196838
333.191528
333.285767
333.640320
334.224915
333.958252
334.870422
334.736084
334.657288
334.861359
335.578796
335.542999
335.594330
335.740082
336.153473
335.843750
336.322723
335.867523
336.065247
335.775269
336.080750
336.031097
336.057129
335.315704
335.237030
335.713165
335.220795
334.944550
334.677368
334.552612
334.862488
334.868347
334.129730
334.065704
333.817932
333.875610
333.624634
333.467041
333.469208
333.532715
332.911316
332.803009
332.892181
332.533020
332.243896
332.128326
332.179169
331.895599
331.888336
331.742706
331.775482
331.949005
332.170929
332.391174
331.550354
331.946564
331.503510
332.268219
332.510529
332.478943
332.789001
332.674622
333.295776
333.000610
333.531158
333.857544
334.013062
334.577423
334.675171
334.962555
335.389771
335.105438
335.850769
336.649719
336.674377
336.710510
337.156921
338.241669
338.481598
338.602783
338.987488
339.499054
339.958679
340.525146
340.616852
341.172424
341.589783
341.276276
342.084198
342.662994
342.452698
343.131226
343.263947
343.603943
343.841278
343.835846
344.057068
344.236542
344.544556
344.879150
344.476807
344.990295
344.819153
344.980103
345.278473
344.748779
344.772339
344.940033
344.864105
344.542480
344.934692
344.668518
344.226685
344.003479
344.270386
344.001862
343.892517
343.378723
343.517487
343.110168
342.993073
342.253967
342.540588
342.156982
342.175018
341.380859
341.488007
340.611206
340.709930
340.297577
340.616180
340.153870
339.968567
339.769531
339.544678
339.126434
338.897919
339.350342
338.759674
338.677338
338.253479
338.429291
338.618561
338.217133
338.845154
338.455261
338.462708
338.782684
338.922882
338.122650
338.863770
338.505249
338.967377
339.223572
339.104309
339.400970
339.825287
339.760284
339.635529
340.369873
340.427856
340.882690
340.926727
341.517029
342.075348
341.872498
342.461121
342.650848
342.871918
343.439270
343.833313
343.599213
344.098328
344.728577
344.893066
344.936646
345.360138
345.418701
346.138885
346.363007
346.329590
346.465668
347.159882
346.990143
347.254883
346.799347
347.060272
347.392975
347.645691
347.671326
348.018829
347.776672
347.994354
347.651184
347.615295
347.678711
347.855164
347.483276
347.314484
347.471832
347.186737
346.850861
346.897400
346.552185
346.005554
346.468323
345.910522
345.837982
345.566772
345.452271
345.279114
345.356598
344.961639
345.242432
344.710785
344.419891
344.347229
343.843689
343.874603
343.633606
343.839203
343.308105
343.185303
343.551971
343.207275
343.261505
343.315002
342.786774
343.013641
342.606812
342.891571
342.996338
342.728180
342.628326
342.589020
343.082947
343.163086
342.864929
343.568817
343.160400
343.185669
343.992523
343.810333
344.197113
343.883636
344.694946
344.626984
345.072296
344.807648
345.392639
345.446106
345.609283
346.567780
346.406616
346.950836
346.758606
347.179047
347.065399
347.757050
347.624878
347.874451
347.815552
348.195618
348.223969
348.192932
348.660767
348.833008
348.787750
349.276428
349.146606
349.304657
349.135651
349.481567
349.617767
349.625885
349.591278
349.012177
349.372955
349.201141
348.953217
349.224213
348.803162
348.401276
348.858856
348.213440
348.511627
348.236298
347.724121
347.555817
347.069580
347.178131
347.377258
347.462006
347.021057
346.366119
346.378876
346.227203
345.976410
345.863770
344.787781
345.264709
344.808350
344.523468
344.464722
344.097443
344.258636
344.025208
343.703461
343.703796
343.835266
343.775177
343.704224
343.481140
343.478119
343.792542
343.438873
343.840637
344.029968
343.785553
343.687103
344.141571
343.796875
344.298126
344.787964
344.380798
344.793854
344.692047
345.227905
345.149597
346.097687
345.735626
345.874176
346.256042
346.223175
346.520233
347.201263
346.865662
347.381104
347.767029
347.699249
347.839020
348.587982
348.768829
348.514648
348.807312
348.915527
349.144165
348.956665
349.817383
349.759430
349.492889
349.171021
349.385895
349.504730
349.460907
349.453033
349.082794
349.636719
348.634125
349.884308
348.871307
348.854767
348.768829
348.315033
348.076935
347.658325
348.154999
347.140106
347.468811
347.190613
346.432129
346.419617
346.245911
345.814880
345.504181
345.378204
345.323730
344.790161
344.645081
343.700500
344.258331
344.144409
343.699677
343.576202
343.456116
343.511414
343.309326
343.316193
343.243073
343.529114
343.546417
343.789398
343.485718
343.644257
344.213043
344.382568
344.503510
344.770660
344.933044
345.061981
345.505585
346.023621
346.161072
347.044708
346.979736
347.610413
347.846924
348.415222
349.043823
349.303192
349.630585
349.988403
350.705231
350.720581
350.915497
351.429382
351.507568
351.697418
351.977509
352.114075
351.649536
351.336761
351.277466
351.177338
350.514404
349.802185
349.909485
348.856995
348.044434
347.098785
345.704193
344.546112
342.839417
341.163818
339.786041
337.411957
335.702026
333.500519
331.174988
328.212494
325.364624
322.570892
319.575195
316.476990
312.935577
309.456635
305.806976
301.755463
297.958405
293.900330
289.755432
285.461731
281.458008
276.809692
272.889191
268.276794
263.780090
259.276031
255.046844
250.261551
245.920761
241.915161
237.639252
233.392517
229.478867
225.484863
221.776077
218.246460
214.970581
211.926224
208.828186
206.166824
203.918732
201.763748
199.861145
198.196304
196.967606
195.863892
195.148376
194.481506
194.993118

255.765808
173.017731
173.548477
173.981201
175.019333
176.260330
177.621597
179.136063
181.039291
183.230774
185.238159
188.089706
190.433685
193.232849
196.109497
199.589478
202.397736
206.146561
209.488098
213.076553
216.561646
220.091476
224.017883
227.865692
231.726074
235.226944
239.435394
242.915543
246.533157
250.069199
254.131485
257.633942
260.806824
264.255829
267.520325
270.818848
273.572815
276.380585
278.975067
281.980804
284.023468
286.635468
289.048798
291.085449
292.934448
294.791046
296.325043
297.938171
299.227478
300.472137
301.650085
302.609283
303.527496
304.428070
305.004944
305.736755
306.271881
305.978058
306.205597
307.178040
307.052216
307.029907
307.079224
307.486938
307.218567
306.726929
306.861725
306.787659
306.325623
305.804688
305.725342
305.277100
305.360870
305.296082
304.602966
304.497742
304.441986
304.197968
303.502960
303.559479
303.674377
303.424683
303.482971
303.520508
302.789825
302.786438
302.858459
302.579102
303.033142
302.743469
303.078705
303.201599
303.251740
303.398865
303.563507
303.518951
303.986328
304.415619
304.718140
304.843842
305.282104
305.639008
305.745331
305.928040
306.678833
306.671173
307.119354
307.360962
307.610657
307.718567
308.436188
308.702087
309.116486
309.250763
309.540222
309.821136
310.360138
310.668152
310.912872
311.009308
311.241180
311.185089
311.418365
311.613556
311.846771
311.586670
311.302856
311.916412
311.745514
311.625153
311.611969
311.382019
311.494995
310.990845
311.097107
311.040680
310.495300
310.773651
310.115021
310.122742
310.118164
309.577576
309.414581
309.125000
309.221039
308.851532
308.493835
308.510803
308.084869
307.840179
307.575256
307.138275
306.966217
306.726166
306.480896
306.402069
306.029633
306.055115
306.028992
305.539917
305.661835
305.547028
305.783447
305.406311
305.704102
305.524017
305.475983
305.174133
305.569855
305.495331
305.763245
306.186157
306.059937
306.028717
307.039917
306.559509
306.777588
307.092102
307.314697
307.652222
308.240875
308.216827
308.951508
308.977692
309.025452
309.746552
310.104187
310.355225
310.720551
311.231720
311.752899
311.997986
312.268494
312.689392
313.278107
313.260529
313.626709
314.186523
314.381470
314.147614
315.141052
314.602051
314.943787
315.346924
315.723877
315.652222
315.901062
315.841309
316.075562
316.138580
316.278656
316.534729
316.397552
316.498596
316.452972
316.230499
316.769165
316.592255
316.237366
316.373566
315.837036
316.103912
315.954010
315.575500
315.413544
315.504181
314.907288
314.728668
314.329132
314.324493
313.933868
313.815552
313.408997
313.395050
313.268127
312.397552
312.476379
312.491364
312.146179
312.028595
311.650391
311.153595
311.499268
311.292847
311.095093
310.842865
310.437897
311.015045
310.551056
310.598053
310.368317
309.921906
310.476440
310.375763
310.448547
310.544769
310.732788
310.524506
310.572937
310.865387
310.909515
311.189117
311.114563
311.433411
311.955322
312.268890
312.113647
312.476959
312.624268
312.897705
313.707336
313.541046
313.658905
314.245209
314.811859
314.856995
314.968292
315.556549
315.809753
316.247070
316.395142
316.490936
316.362671
317.194153
317.361450
317.818359
318.037140
318.188995
318.288208
318.396118
318.562317
318.767914
319.207275
319.210510
319.039551
319.250580
319.482941
319.265106
319.562622
319.611603
319.453430
319.535492
319.317719
319.126831
319.595856
319.266876
319.185730
318.617950
318.985352
319.077820
318.881836
318.631226
317.786407
317.966766
317.679352
318.257874
317.422028
317.693817
317.349457
316.987885
316.808502
316.655151
316.233063
316.565491
316.099213
316.460999
315.724701
315.632843
315.886963
315.120697
315.488342
315.348267
315.128113
314.664612
315.023865
315.074493
314.817535
314.607788
314.849457
314.799408
314.640594
314.862305
315.236298
314.932251
315.189301
315.302002
315.391174
315.530762
316.016296
315.878174
316.027985
316.725861
316.056061
317.006470
316.971802
317.584320
317.386658
317.707123
317.946686
318.333893
318.532684
319.144257
319.260529
319.976562
319.742065
320.557068
320.562195
321.089172
320.956024
321.390350
321.444153
321.598755
321.974640
322.085541
322.289154
322.525909
322.893005
323.242615
322.988525
323.038208
323.300659
323.468933
323.820435
323.768951
323.487152
323.745544
323.422485
323.604767
323.383392
323.525024
323.420502
323.210480
323.217499
322.692719
323.372620
322.945587
322.411926
322.912933
322.580017
322.286743
322.347290
321.636749
321.494324
321.146271
321.445892
320.804688
321.024719
320.314758
320.530792
320.234344
319.436096
319.638763
319.634918
319.517883
319.347382
319.141663
318.738892
318.640503
319.125702
318.532593
318.378357
318.519470
318.428680
318.523315
318.290680
318.751495
318.801849
317.925812
318.402924
318.965454
318.670929
318.703308
319.122040
318.883545
318.702759
319.326263
319.699707
319.874084
319.937347
320.464569
320.086456
320.392609
320.883698
320.950684
321.198669
321.435089
321.826080
322.350647
322.147430
322.168793
323.387299
323.105103
323.030029
323.905945
324.288483
324.339935
324.750519
325.054565
325.397583
324.991333
325.296814
325.531921
325.855225
326.143921
326.312561
326.355957
326.317322
327.079498
326.815918
326.695862
326.860809
326.703766
326.781616
327.350311
326.632202
326.783813
326.677094
326.744507
326.354767
326.717896
326.918701
326.847382
325.992188
326.445648
325.978973
326.454773
326.101807
326.272705
325.602448
325.464844
325.261139
325.382904
325.396851
324.569672
324.565277
324.533630
324.605835
324.232208
324.020081
324.001617
323.814026
323.484680
323.745544
323.472900
323.746582
323.469421
323.491302
324.040405
323.507202
324.162506
323.737457
323.445068
323.868042
323.982117
324.306396
323.553528
324.037964
324.430084
324.714783
324.868622
324.699402
325.313049
325.554626
325.704590
326.172852
326.273376
326.634399
326.893829
327.175476
328.005157
328.346497
328.389343
328.692230
328.715393
329.025879
329.917999
330.126007
330.438965
330.700470
331.428619
331.683319
332.032654
332.071289
333.063049
333.147217
333.163757
333.223328
333.581787
334.143890
333.892670
334.782654
334.644958
334.568756
334.788391
335.486450
335.418518
335.473663
335.597931
335.997620
335.696686
336.198425
335.691559
335.886292
335.607178
335.886719
335.858063
335.861908
335.145020
335.036896
335.526489
335.028961
334.728821
334.490021
334.354980
334.653229
334.680786
333.908447
333.855408
333.620789
333.641571
333.393677
333.229095
333.227051
333.321289
332.692505
332.583923
332.683563
332.321503
332.031067
331.920227
331.944946
331.685730
331.654907
331.541748
331.570862
331.729248
331.966919
332.191406
331.353638
331.772064
331.326599
332.102478
332.343842
332.311340
332.608673
332.522095
333.144836
332.838684
333.375763
333.721008
333.872192
334.457001
334.553711
334.848511
335.275940
335.019409
335.781677
336.552826
336.630463
336.636414
337.104095
338.192017
338.447266
338.570984
338.981873
339.493866
339.949249
340.518555
340.648560
341.196014
341.631500
341.311981
342.136169
342.721588
342.524414
343.225281
343.342255
343.691833
343.952942
343.979614
344.175446
344.340820
344.682800
345.014496
344.658173
345.166382
345.003418
345.179993
345.496765
344.940460
344.983032
345.190399
345.087250
344.809387
345.181641
344.927948
344.501587
344.291595
344.575592
344.306946
344.198761
343.719055
343.859528
343.464874
343.342438
342.577271
342.937775
342.500977
342.546051
341.776733
341.869873
341.000183
341.109589
340.695892
341.038361
340.593292
340.412018
340.162262
339.994537
339.579193
339.334229
339.793182
339.185791
339.103851
338.713318
338.854980
339.058350
338.690430
339.286072
338.925568
338.925201
339.249573
339.393677
338.549133
339.322540
338.975952
339.422974
339.677124
339.563782
339.865845
340.297699
340.237213
340.129517
340.859528
340.913818
341.362396
341.403229
342.000580
342.524414
342.336365
342.892883
343.134399
343.355408
343.919189
344.288239
344.050415
344.546570
345.184906
345.337463
345.368164
345.820068
345.842560
346.563080
346.789032
346.761169
346.905823
347.576141
347.372040
347.675964
347.242645
347.449615
347.812195
348.044678
348.051819
348.431793
348.192657
348.383179
348.027252
347.979401
348.019836
348.214905
347.884155
347.663574
347.815613
347.541046
347.198700
347.221802
346.898346
346.344666
346.751892
346.250397
346.124786
345.877045
345.737213
345.576477
345.634521
345.245758
345.522980
344.994171
344.691376
344.614197
344.081757
344.142639
343.884430
344.040985
343.535492
343.423645
343.779175
343.464111
343.504120
343.539795
342.969666
343.215118
342.772125
343.089478
343.196808
342.915314
342.782318
342.738220
343.229706
343.280792
342.988678
343.702972
343.304962
343.326965
344.128235
343.962463
344.324860
343.991730
344.806183
344.713562
345.165802
344.916992
345.430359
345.544403
345.643311
346.616943
346.452454
346.999268
346.806702
347.190643
347.132721
347.779358
347.638306
347.888672
347.836945
348.190979
348.233154
348.211792
348.651794
348.842682
348.781067
349.252960
349.079773
349.265625
349.088806
349.447296
349.583435
349.553375
349.548584
348.905304
349.297394
349.185516
348.914459
349.154755
348.706055
348.353210
348.789795
348.147339
348.406219
348.139984
347.645416
347.443420
346.979645
347.059479
347.248383
347.349670
346.876678
346.247894
346.232788
346.105591
345.846802
345.737488
344.646027
345.108398
344.677643
344.391724
344.309052
343.949402
344.115295
343.842834
343.520721
343.517944
343.661957
343.580170
343.535156
343.288208
343.322784
343.608490
343.269928
343.637177
343.867188
343.566284
343.504944
343.919739
343.603149
344.098724
344.634827
344.192871
344.611023
344.461426
345.025391
344.979828
345.931213
345.529388
345.727936
346.045837
345.987030
346.315857
347.001343
346.636200
347.192688
347.540527
347.519806
347.625397
348.365417
348.549927
348.325195
348.580872
348.689209
348.935425
348.788513
349.611420
349.542999
349.297974
348.938477
349.194336
349.310364
349.293121
349.232849
348.932098
349.446259
348.460114
349.669128
348.667542
348.640442
348.562775
348.150909
347.911316
347.483948
347.979309
346.954803
347.246399
346.999084
346.243988
346.208374
346.041962
345.612701
345.313263
345.214203
345.152588
344.585632
344.487244
343.521973
344.091614
343.994080
343.515625
343.412476
343.339630
343.353088
343.178986
343.163971
343.085938
343.387146
343.407959
343.616180
343.350891
343.530518
344.068207
344.264252
344.385986
344.642151
344.807831
344.917938
345.379608
345.890015
346.048218
346.949860
346.853424
347.503754
347.736176
348.304474
348.934143
349.185852
349.531403
349.919495
350.617157
350.632050
350.818787
351.342346
351.416840
351.608734
351.927734
352.046204
351.576691
351.276886
351.203186
351.131073
350.456512
349.766998
349.844452
348.819214
347.988800
347.035370
345.665802
344.522919
342.791260
341.129486
339.755707
337.411682
335.707397
333.484406
331.136810
328.201660
325.356293
322.551331
319.580353
316.465546
312.917633
309.469116
305.823578
301.765839
297.960846
293.929657
289.801208
285.493317
281.468811
276.810760
272.902985
268.299286
263.788849
259.322968
255.074127
250.295410
245.962769
241.946136
237.677414
233.439606
229.540009
225.535919
221.832001
218.295288
215.029800
211.973358
208.886917
206.214767
203.970978
201.825546
199.916046
198.256027
197.011993
195.896713
195.185425
194.544159
195.072617

216.020432
183.882828
184.404434
185.010956
186.151169
187.166901
188.787018
190.535950
192.582016
194.770554
196.938141
199.586624
202.335938
205.411057
208.826645
211.946823
215.332779
218.927551
222.716125
226.290253
230.270660
234.262390
238.407394
242.449585
246.189636
250.486603
254.244186
258.100891
262.599823
266.135406
269.844238
273.350586
277.203461
280.589050
284.158569
287.439667
291.001312
293.316040
296.737152
299.195374
301.806122
304.462463
306.600281
308.947205
311.079285
312.708466
314.057068
316.273834
317.581268
318.783569
319.678589
320.303162
321.877380
323.002502
323.875580
323.571259
323.804230
324.339478
325.096527
324.855988
324.849792
324.610382
324.963318
324.933350
324.836639
324.193176
323.970306
323.719940
323.469635
323.279175
322.862427
322.529205
322.346375
322.110077
321.556458
321.573975
320.887848
320.717010
320.650085
320.213013
320.149017
319.255554
319.335632
319.353180
319.567383
318.882629
319.268036
318.998779
319.394653
319.275482
319.394470
319.098328
320.013672
319.929321
320.341095
320.081635
320.023560
320.262909
320.420532
320.598450
320.761566
321.223969
321.453125
322.181641
321.919556
322.524536
322.979309
323.518402
323.931946
323.763245
324.352356
324.509888
324.153259
324.813232
325.387146
325.773468
325.695496
326.226013
326.024902
326.646393
326.378235
326.384857
327.182281
327.001892
326.720459
327.524750
327.028778
327.077484
327.384796
327.449005
327.201874
326.601257
326.641235
327.258484
326.529083
326.512634
326.649658
326.462616
326.099854
325.642487
325.384094
324.924805
324.463928
324.180695
323.885651
323.616821
324.060699
323.281158
323.129120
322.674316
322.577667
322.402740
321.891815
321.426819
321.142761
321.371918
320.694824
320.380463
320.594269
320.281708
320.278076
320.133759
319.707245
319.367310
319.633820
319.206116
319.221832
319.665436
319.966949
319.837769
319.973969
320.083862
320.097992
320.004181
320.416321
320.155579
320.427734
320.436737
320.950043
321.882599
321.904053
322.828888
322.764343
323.130890
323.244232
323.771851
323.349487
323.805908
324.013947
324.835632
325.174438
325.266022
325.693542
325.992279
325.976135
326.575439
326.831421
327.316742
327.251526
327.897430
328.091309
328.415253
328.946716
328.828003
329.336792
329.330688
329.363739
329.046967
328.898468
329.022797
329.175079
329.148865
329.245392
328.777496
328.850037
329.270660
328.377350
328.454437
328.070343
328.850769
328.045288
328.336609
327.518677
327.200745
327.214935
327.179504
327.000122
326.628540
325.783875
325.701935
325.393860
325.434418
324.788177
324.537262
324.406372
323.833282
323.712189
322.801636
322.870148
322.383179
322.828918
322.433716
322.461243
321.784180
321.368317
321.805298
321.756439
321.559052
320.929199
320.761444
320.514862
321.022675
320.489624
320.861938
320.287720
321.209686
320.817017
320.366516
320.871277
321.396393
321.299164
321.200989
321.210388
321.809692
321.445496
321.929596
321.934174
322.554749
323.361176
322.967224
323.723694
323.635254
323.626892
323.557159
324.275452
324.922150
324.771210
324.802765
325.199249
325.589691
325.566223
325.978302
326.697601
327.212952
326.806671
326.936157
327.033020
327.927521
327.491669
327.538666
328.132904
328.336792
328.404175
328.332977
328.361786
328.106110
328.069305
328.483582
328.357819
328.542023
328.516418
328.099335
328.098907
327.944946
328.149323
328.035187
327.878845
327.957550
327.579773
327.524902
327.452515
326.903503
327.048401
326.830383
326.487671
326.308685
326.053345
325.778198
325.645203
325.591064
324.655151
324.883484
324.259918
324.286469
324.218201
323.836639
323.600586
323.344269
323.342743
323.328064
322.702454
322.294708
322.830750
322.751282
322.854980
322.437836
322.485382
322.481262
322.315277
322.334442
322.225220
322.413116
322.382812
322.483032
322.500366
322.483795
322.505096
323.009796
323.255493
323.472290
323.853973
323.661896
323.466644
323.693451
324.636017
324.388153
324.573730
324.511230
325.386841
325.448639
325.857422
326.061798
326.321991
327.024445
327.344360
327.731293
327.673920
327.604340
327.895782
327.972961
327.847137
328.051514
328.264709
328.837524
328.918060
329.481567
329.516541
329.922241
329.908569
329.910675
329.758636
330.122253
330.374878
330.902191
330.609833
330.563660
330.398071
330.549194
330.614746
330.379913
329.813141
329.969208
330.340179
329.918488
329.954773
329.894012
329.842834
328.858704
328.671692
328.434265
328.717865
328.400726
327.911682
327.858154
327.422424
327.502991
327.086792
327.472290
326.619568
326.790588
326.708588
326.221222
325.985229
325.699982
325.759247
325.139374
325.192749
325.239410
324.946106
324.885742
324.986328
324.722076
325.050323
324.648804
324.597565
324.018707
325.062469
324.547638
324.335632
324.532562
324.878174
324.949921
324.983978
324.860596
324.576141
325.063385
325.373444
325.427704
325.767029
325.604431
325.876526
326.266998
326.546692
326.821655
327.425476
327.775146
327.973694
328.251038
328.248535
328.665497
329.232758
328.984558
329.275208
329.401184
329.925446
329.852875
330.903320
330.389618
330.409698
331.120697
330.453003
331.120514
330.975983
331.283905
331.589203
331.788116
331.595886
331.550323
331.805908
331.895905
331.586456
332.017761
332.049377
331.152832
331.584595
331.934937
331.462219
332.063843
331.508118
331.134155
331.084564
330.869965
330.418091
330.761230
331.024597
330.994843
330.434814
329.742188
329.580200
329.071533
329.276917
329.157196
329.099854
329.013245
329.017548
328.714752
328.501770
328.292511
327.526917
327.545319
327.421295
327.193542
326.980743
327.299103
327.232391
327.079071
326.842468
326.773773
326.837158
326.590271
326.742767
326.513641
327.283508
326.639862
326.635620
326.724304
327.017700
327.083984
327.245789
327.852264
327.478516
327.771088
328.091797
328.407959
328.766022
329.438568
329.678802
330.097748
330.213684
330.140137
330.670471
331.092529
330.689240
331.971405
331.519501
331.968384
332.501343
332.759125
332.778015
333.412628
333.389374
333.635498
333.995026
334.406128
334.800323
335.469086
334.905640
335.437500
336.179260
336.161255
336.338257
336.139465
336.311401
336.652863
336.622589
336.984070
336.750671
336.516479
336.760498
336.819397
337.078918
336.982269
336.211395
336.778412
336.596069
336.505096
336.888824
336.496674
336.164581
335.723083
335.882233
335.961639
335.957672
335.326660
335.031311
335.153870
334.800079
334.690216
334.322906
333.874481
333.979523
333.561218
333.620605
333.149658
332.492004
332.516449
332.126373
332.195923
331.736481
331.548676
331.625549
331.071198
331.849823
331.409790
331.411926
331.565063
331.567566
331.221558
331.750763
331.693420
331.452118
331.222687
331.380096
331.206665
331.363251
331.579865
331.779327
332.333221
331.982025
332.080536
332.280884
332.576355
332.916718
333.378754
333.360413
333.953247
334.232971
334.345154
334.710480
334.929840
335.558197
335.389862
336.274323
336.579285
336.915955
337.449951
338.233246
337.554382
337.893768
338.171967
338.478882
339.325043
338.911896
339.504517
339.850861
340.217957
339.979004
340.548767
340.682617
340.336273
340.788818
341.187561
341.335236
341.669525
341.581787
341.543610
341.239807
341.376099
341.652008
341.611206
341.578064
341.238129
341.118103
341.717743
341.290436
341.288269
340.877350
339.767273
340.042419
339.789398
339.183716
338.963135
338.772339
338.642883
338.451752
337.843689
337.684021
337.529175
337.466156
336.729034
336.519379
336.493622
335.849640
335.870117
335.939514
335.410187
335.021790
334.440063
334.148621
334.270264
333.503296
333.514801
333.190063
333.359100
333.305725
333.170074
332.783173
333.242920
332.225616
332.639038
332.622375
332.589020
332.405640
332.315247
332.984100
332.816864
332.384552
332.746521
333.450714
333.422638
333.686035
333.185242
333.562073
333.437744
333.754242
333.942688
334.109955
334.333771
334.837494
335.391785
335.386108
335.541748
336.134705
336.248810
336.089417
336.477112
336.534027
337.204895
337.328613
337.888763
337.728058
337.826050
338.089630
338.536163
338.403259
338.919464
338.662018
338.454742
339.067810
339.385834
339.039948
339.039459
339.315094
339.635925
338.432465
339.278656
339.062744
339.128937
339.770752
339.215973
338.984985
338.394440
338.978577
338.202759
338.071899
338.083374
337.502411
337.596436
337.058899
337.261841
337.227478
336.461060
336.836853
336.332245
335.588684
335.598022
335.558746
335.082642
334.811432
333.964966
334.230988
333.983429
333.866302
334.118347
333.407104
333.598480
332.641937
333.028778
333.264099
333.004669
332.789062
332.594421
332.233246
332.739929
332.235107
332.007294
332.142120
332.178497
331.979736
331.946503
331.880157
332.124603
332.681091
332.501099
332.551361
332.542023
332.124115
333.119263
333.313690
333.438843
333.240387
333.229736
333.572876
333.398102
334.225739
333.939240
334.200104
334.724030
334.816925
334.191345
334.889618
335.190735
335.606598
335.785217
336.140930
335.657806
336.236969
336.111816
336.236694
336.584869
336.627869
336.538452
336.368561
336.729950
336.520111
336.980225
337.507782
337.526520
337.275208
336.963470
336.640869
336.579437
337.196808
336.237457
336.057007
336.528992
335.972717
335.670319
335.440399
335.223450
335.556061
335.280060
334.506073
334.584412
334.213043
334.182098
333.773529
333.319275
332.903717
333.422333
333.580292
333.120758
332.214691
331.819946
331.780243
331.653351
331.397064
331.387238
331.526184
331.010956
330.868103
330.972412
331.091553
330.835846
330.599518
331.031433
330.793304
330.747498
330.410980
330.530121
331.087463
330.296570
331.028992
330.981140
330.789032
330.796387
330.913452
331.309265
331.626587
330.920227
331.546600
332.083496
332.151245
332.318573
332.355377
332.559967
332.183472
333.021545
333.854492
333.886047
333.557861
333.962799
334.367340
334.574097
334.622375
334.552887
335.421753
335.275055
335.561829
335.563049
335.743378
335.730988
336.102814
335.959839
336.290161
336.080292
336.032074
336.149597
335.707245
335.990906
336.042450
335.845886
335.678345
335.533905
335.753754
335.277008
335.645294
335.659851
334.676880
335.346344
334.830841
334.293518
333.690796
333.805054
332.827515
332.855225
332.784119
332.563599
332.470001
331.938782
331.633423
331.414886
330.982483
330.892120
330.623016
330.178131
330.409851
330.234894
330.345947
330.054504
330.222839
330.096497
329.740234
330.072998
330.083679
329.796936
329.961060
330.183289
330.550476
330.654022
330.698151
331.212738
331.267639
331.578918
332.419922
332.601624
332.975922
332.888031
333.636017
333.951172
333.705322
334.051727
335.023193
335.554352
336.371338
336.106262
336.336945
336.521942
336.796631
336.970581
337.860077
337.447815
337.569489
337.444122
337.672150
336.946442
337.478882
336.998993
336.532166
336.232147
335.463989
334.765686
334.036591
333.175415
331.828125
330.461823
328.789581
327.383026
325.674011
324.195526
321.725677
320.132812
316.980560
314.795593
311.541016
309.598236
306.826813
303.911743
300.183014
296.453918
293.497345
290.046936
286.165100
282.653625
278.536957
274.160492
270.051941
265.524811
262.018097
257.503632
253.453979
248.761108
244.359482
240.431000
236.008499
232.179245
228.291290
223.734421
219.773682
216.460846
212.744232
209.558090
206.503174
203.666870
200.722610
198.411331
195.915405
193.892288
192.232666
190.806366
189.195114
188.118500
187.338165
186.963608
186.957809

217.290817
183.984283
184.502777
185.104233
186.252380
187.276001
188.906815
190.655853
192.686768
194.899872
197.067062
199.721497
202.473206
205.534790
208.974686
212.087585
215.486877
219.104080
222.890930
226.452194
230.455170
234.450943
238.574478
242.644638
246.370804
250.683563
254.434692
258.342072
262.833771
266.379883
270.116089
273.606049
277.471741
280.865814
284.433167
287.741058
291.305115
293.614258
297.036621
299.490509
302.136963
304.805969
306.954834
309.321136
311.427490
313.102722
314.401459
316.653687
317.995728
319.174713
320.059784
320.732269
322.286041
323.418732
324.306427
324.019409
324.267700
324.765808
325.542084
325.334167
325.321350
325.069183
325.413910
325.388092
325.302032
324.667816
324.469513
324.214600
323.958221
323.773773
323.369171
323.052765
322.833862
322.643494
322.079620
322.098633
321.401764
321.196808
321.147369
320.710327
320.666809
319.779907
319.835144
319.875824
320.072540
319.396454
319.743408
319.451996
319.913910
319.784027
319.887695
319.531616
320.444183
320.412781
320.808258
320.514984
320.494324
320.685852
320.857361
321.056641
321.205811
321.646820
321.916595
322.627869
322.327484
322.927643
323.377899
323.898315
324.309814
324.115875
324.727631
324.866852
324.552490
325.171448
325.728088
326.100769
326.024078
326.544006
326.357697
326.976471
326.711639
326.712952
327.522766
327.281708
327.012421
327.805695
327.338379
327.370667
327.676300
327.690277
327.428741
326.874054
326.885406
327.509064
326.795105
326.772034
326.897461
326.756134
326.358704
325.923126
325.671356
325.199554
324.751373
324.425720
324.147858
323.879761
324.328705
323.541290
323.422546
322.944702
322.847504
322.663147
322.170288
321.731171
321.421234
321.653595
321.025726
320.700165
320.883972
320.566162
320.592987
320.450104
320.062439
319.706512
319.978363
319.566071
319.528351
319.986847
320.309143
320.198395
320.325531
320.455231
320.507965
320.418427
320.800903
320.570038
320.824188
320.891571
321.409393
322.334808
322.366699
323.303162
323.220825
323.605835
323.691711
324.238617
323.862091
324.303802
324.505127
325.353760
325.673401
325.796173
326.200928
326.527496
326.506256
327.125153
327.354309
327.840271
327.791687
328.437866
328.635254
328.955505
329.499237
329.390625
329.886017
329.893799
329.950470
329.611145
329.465057
329.584503
329.749725
329.720551
329.813721
329.336792
329.412506
329.824280
328.935822
328.997406
328.636047
329.406799
328.563141
328.859283
328.051361
327.732483
327.745911
327.736603
327.528381
327.170990
326.290894
326.211426
325.887085
325.932617
325.260590
325.025452
324.877167
324.289062
324.177826
323.270111
323.303955
322.814392
323.246674
322.866821
322.889099
322.148499
321.730499
322.186523
322.118652
321.907074
321.292633
321.113373
320.845764
321.322327
320.815277
321.163300
320.594543
321.498413
321.015717
320.640930
321.133301
321.686554
321.549713
321.442017
321.444489
322.028564
321.674255
322.143097
322.111969
322.756134
323.546570
323.168793
323.915070
323.809021
323.780243
323.734985
324.408203
325.074066
324.928467
324.981110
325.343048
325.708221
325.694946
326.103821
326.832184
327.348267
326.942444
327.048309
327.147247
328.049103
327.606873
327.663818
328.266663
328.437866
328.517914
328.433594
328.475372
328.230743
328.171906
328.603394
328.479736
328.661133
328.620148
328.226715
328.240784
328.078033
328.308258
328.156952
328.011627
328.109009
327.745667
327.676208
327.599976
327.081268
327.219482
327.011719
326.680969
326.501526
326.248077
325.950989
325.859070
325.796387
324.849335
325.088593
324.466370
324.518188
324.436279
324.072113
323.843567
323.579102
323.598022
323.578125
322.967468
322.563232
323.079773
323.009033
323.112640
322.731323
322.748932
322.736755
322.592255
322.644470
322.507202
322.707489
322.675751
322.755402
322.795380
322.764526
322.796692
323.318573
323.523926
323.791290
324.162781
323.952820
323.769806
323.978638
324.921600
324.669952
324.851898
324.750977
325.663361
325.725800
326.144989
326.347168
326.593140
327.264008
327.581970
327.975647
327.929749
327.809509
328.098358
328.195068
328.045563
328.218414
328.432678
329.026215
329.080566
329.639740
329.668060
330.070007
330.047760
330.009552
329.863037
330.219788
330.489685
330.974701
330.680664
330.633850
330.444153
330.567200
330.628662
330.394958
329.791595
329.967163
330.294037
329.881409
329.916473
329.840485
329.788422
328.785614
328.577209
328.353943
328.622162
328.294800
327.775421
327.737152
327.248260
327.333435
326.915375
327.298553
326.396851
326.589203
326.493378
325.993256
325.756622
325.473175
325.480591
324.866425
324.946320
324.961761
324.655792
324.595459
324.695221
324.418152
324.723419
324.334900
324.284058
323.717194
324.728271
324.198730
324.009796
324.200226
324.536011
324.622345
324.657715
324.524109
324.228088
324.734192
325.030792
325.117371
325.466614
325.274963
325.541992
325.935699
326.255127
326.518463
327.095367
327.463348
327.668976
327.940308
327.965942
328.397766
328.963593
328.719635
329.032043
329.155487
329.655273
329.596893
330.630890
330.152710
330.195709
330.895203
330.271057
330.946320
330.804504
331.135162
331.409271
331.619995
331.462372
331.425446
331.708923
331.772156
331.489105
331.929443
331.982941
331.101990
331.534760
331.907990
331.455597
332.065186
331.512299
331.161194
331.086273
330.879608
330.447357
330.841827
331.052917
331.015381
330.510468
329.813782
329.658875
329.204498
329.382538
329.227051
329.209259
329.129120
329.153198
328.855133
328.641663
328.428497
327.687134
327.701294
327.588806
327.358154
327.194916
327.523376
327.424164
327.297302
327.068054
327.007629
327.068909
326.829956
326.963135
326.751770
326.886505
326.882141
326.896698
326.966278
327.250244
327.337524
327.533325
328.100250
327.695831
327.988281
328.359711
328.676178
328.978149
329.696167
329.879883
330.299286
330.424561
330.377991
330.885071
331.301788
330.883026
332.197052
331.689636
332.172882
332.679504
332.937775
332.968719
333.569366
333.552734
333.772461
334.114410
334.525299
334.932983
335.611298
335.028076
335.515503
336.260376
336.249969
336.408203
336.219330
336.372681
336.700226
336.660675
336.991669
336.751190
336.530457
336.757263
336.801666
337.026855
336.935913
336.154541
336.707672
336.536377
336.439301
336.785431
336.391937
336.042419
335.586548
335.765259
335.816772
335.820496
335.143158
334.847443
334.950317
334.595459
334.497131
334.096405
333.643280
333.742584
333.300629
333.369659
332.891693
332.220001
332.234833
331.838867
331.890350
331.417114
331.237640
331.304626
330.714722
331.510529
331.049896
331.062683
331.207489
331.188965
330.808197
331.367401
331.303223
331.080902
330.807892
330.977325
330.795135
330.940369
331.166534
331.343140
331.908600
331.539764
331.634003
331.824982
332.149445
332.460571
332.904144
332.910919
333.469299
333.749542
333.881653
334.237000
334.442719
335.070923
334.897430
335.816132
336.078003
336.452423
336.962341
337.753937
337.066803
337.388672
337.668396
337.983093
338.831726
338.422699
339.011993
339.331024
339.711975
339.505768
340.043549
340.184082
339.828247
340.298218
340.690552
340.855042
341.171936
341.076294
341.056824
340.732788
340.903290
341.166168
341.138123
341.103424
340.767975
340.626099
341.223663
340.818115
340.813843
340.423309
339.323029
339.573547
339.321960
338.721436
338.494904
338.324097
338.218597
338.009827
337.410400
337.250488
337.096985
337.036865
336.300171
336.102295
336.061920
335.418335
335.468170
335.543518
335.030487
334.625336
334.041931
333.770996
333.906586
333.118896
333.142639
332.807220
332.991119
332.900757
332.797058
332.474640
332.901733
331.897736
332.316193
332.306610
332.311890
332.091827
331.997742
332.698792
332.497620
332.112366
332.470825
333.221039
333.150604
333.457642
332.949921
333.295166
333.180939
333.517914
333.709747
333.924438
334.124054
334.662598
335.204376
335.213470
335.386139
336.005829
336.096741
335.925293
336.351715
336.384186
337.059357
337.250214
337.745361
337.645142
337.734528
338.001312
338.492828
338.338165
338.852783
338.630341
338.450409
339.019806
339.377075
339.033051
339.028870
339.288788
339.631653
338.456573
339.293854
339.117767
339.174988
339.807953
339.326843
339.095642
338.474121
339.107880
338.343994
338.175110
338.233551
337.662994
337.698364
337.224396
337.406219
337.368439
336.633972
337.029297
336.543579
335.794800
335.790192
335.743011
335.319519
335.063293
334.176331
334.457153
334.203369
334.102936
334.356476
333.648590
333.844910
332.888519
333.300751
333.342316
333.287842
333.092651
332.883972
332.575806
332.993286
332.554138
332.301270
332.446838
332.488983
332.288025
332.282623
332.189178
332.434448
332.999023
332.843048
332.857117
332.883789
332.497070
333.464783
333.662292
333.783539
333.577332
333.571381
333.924438
333.753937
334.564911
334.287262
334.561462
335.071777
335.160553
334.554016
335.216949
335.543091
335.952606
336.169556
336.497650
336.028961
336.584351
336.479553
336.595673
336.910645
336.969666
336.894226
336.727142
337.050262
336.880188
337.329956
337.848022
337.846893
337.614075
337.292725
336.979767
336.903656
337.512787
336.544556
336.401947
336.841949
336.299255
335.977844
335.768829
335.561035
335.873108
335.595612
334.782928
334.882111
334.515625
334.449707
334.092804
333.614624
333.169373
333.716888
333.879089
333.401947
332.499603
332.117004
332.059967
331.917236
331.687073
331.694855
331.803986
331.263153
331.149323
331.268280
331.390503
331.081055
330.870392
331.302765
331.048157
330.999878
330.705780
330.797668
331.377289
330.574219
331.284332
331.229401
331.060425
331.036499
331.163940
331.572052
331.885040
331.192047
331.785248
332.349121
332.412323
332.574097
332.602448
332.790894
332.460876
333.269287
334.092468
334.125885
333.798370
334.184235
334.623016
334.819794
334.877563
334.801605
335.656433
335.527222
335.832214
335.791534
335.983856
335.969940
336.338654
336.229889
336.526978
336.320007
336.302032
336.402893
335.960693
336.216187
336.289551
336.108948
335.916534
335.787811
336.006561
335.509827
335.908203
335.912994
334.918060
335.599670
335.060059
334.508057
333.938202
334.030426
333.063507
333.075806
332.999542
332.783325
332.698761
332.168457
331.866882
331.639648
331.218536
331.121429
330.870850
330.405487
330.629395
330.433868
330.575043
330.274445
330.447510
330.339020
329.923401
330.276489
330.294037
330.023224
330.155670
330.394806
330.765472
330.848602
330.908051
331.403290
331.479370
331.782593
332.595642
332.800201
333.165192
333.056549
333.795074
334.146088
333.872437
334.198486
335.178467
335.715881
336.536102
336.270294
336.496490
336.660583
336.959900
337.110748
337.998901
337.573212
337.707550
337.558441
337.810150
337.063232
337.579803
337.102844
336.641602
336.362732
335.577026
334.860443
334.148560
333.286560
331.917542
330.531036
328.890137
327.471252
325.748901
324.300629
321.815765
320.221832
317.048431
314.856598
311.610992
309.644043
306.886566
303.972137
300.249878
296.531952
293.540405
290.095398
286.211761
282.716095
278.580780
274.199341
270.097626
265.570282
262.065765
257.531281
253.482361
248.786346
244.384705
240.445129
236.035446
232.215973
228.306290
223.776855
219.790756
216.484390
212.760727
209.580078
206.505585
203.674149
200.740967
198.426300
195.919418
193.888168
192.236359
190.806656
189.192780
188.119339
187.351669
186.978622
186.950623

