321.909760
173.438995
173.841461
174.210693
175.174698
176.452530
177.717438
179.532730
181.226486
183.255325
185.731079
187.997299
190.462906
193.403473
196.601761
199.754959
202.995758
206.179153
209.783981
213.354858
216.814667
220.717026
224.656433
228.402100
232.064590
236.043289
239.660278
243.346283
247.053711
251.033905
254.260895
257.862396
261.132782
264.700653
268.091614
270.988068
273.862793
276.798920
279.699219
282.015594
284.731720
287.189514
289.167267
291.473724
292.971283
294.783813
296.673157
298.146210
299.387634
300.746765
301.741699
302.795868
303.847534
304.726807
305.356232
306.052734
306.629089
306.578094
307.158936
307.501068
307.467407
307.346710
307.529053
307.455078
307.349762
307.787964
306.784454
306.911652
306.439941
306.562927
306.537933
306.257202
305.949585
305.682983
305.601624
305.035156
305.085236
304.919861
304.495483
303.960052
304.232544
304.055756
304.335999
303.702087
303.611572
304.177277
304.066315
303.992126
303.410675
303.768158
303.735565
304.285797
304.246277
304.577576
304.799622
304.915283
305.175537
305.458893
305.540588
306.101959
305.957397
306.903351
307.142212
307.272552
307.797852
307.942047
308.393402
308.651093
309.156372
309.391418
309.648285
310.511566
310.182526
310.795624
311.289703
311.389618
311.623352
312.007782
312.225159
312.936493
312.678680
312.681213
313.260162
313.530182
313.333923
313.569702
313.750793
313.989502
313.515900
313.816193
313.891144
313.356079
313.507690
313.617432
313.843445
313.421356
313.002167
313.077667
312.883636
312.844238
312.309021
312.173004
311.424500
311.718506
311.185516
311.510315
311.000671
310.916534
310.338470
310.386597
310.281555
310.180969
309.635895
309.382141
309.169220
309.088837
309.117859
308.874329
308.637390
308.430023
308.268280
308.442566
308.259766
307.973877
308.344147
308.434174
308.154419
308.487396
308.419159
308.361267
308.221344
308.598816
309.162476
309.068237
309.500854
309.377228
309.892334
309.787964
309.863617
310.734802
310.830536
311.047485
311.402405
311.661560
312.150482
312.261383
312.866150
313.346069
313.248810
313.885834
314.156006
314.570435
314.741577
315.417572
315.624939
316.334045
316.220490
316.461945
316.795624
317.278809
317.450287
317.612274
317.845917
317.663879
318.184326
318.112701
318.561859
318.550293
318.629639
318.843811
318.835022
318.489349
319.402710
318.588562
318.946411
319.075958
319.068695
318.842072
318.769012
318.266663
318.436584
318.295624
318.186920
318.016174
317.985596
317.564880
317.335815
317.273346
316.997070
316.809387
316.224854
315.646698
316.056824
315.467743
315.345795
315.063263
314.502899
315.071350
314.374390
314.141937
314.172485
313.731567
313.409698
313.227631
313.104889
312.920685
313.136261
313.250061
312.484222
312.793182
313.039917
312.646973
312.381653
312.534698
312.491333
312.671600
312.908661
312.708771
312.934937
313.059937
313.467102
313.206024
313.629517
313.696228
314.031189
314.091248
314.363037
314.316711
314.863251
315.503387
315.300903
315.565948
316.164581
316.432587
316.554169
317.328156
317.200775
317.974854
318.011444
318.188843
318.825348
318.737488
319.405487
319.495422
319.343597
319.828003
320.191010
320.262573
320.408539
320.874542
321.506500
321.087494
321.183258
321.053802
321.653107
321.222900
321.713562
321.902679
321.677551
321.762390
321.975494
321.900574
321.759064
321.615967
321.682159
321.738129
321.594482
321.601654
321.050323
321.041901
321.359497
320.813751
321.018066
320.630951
320.232666
320.027618
320.279388
319.606110
319.508575
319.185638
319.038025
319.465179
318.798706
318.676758
318.798859
318.283966
318.153351
317.946289
317.917419
317.868591
318.065125
317.417694
317.487427
317.755249
317.371857
317.172638
317.310822
317.376373
317.401703
317.314178
317.485016
317.554352
317.656708
317.470245
317.690460
317.722931
317.855560
318.183105
318.555145
318.655518
318.339478
318.606689
319.199677
319.264069
319.622742
319.944611
319.925781
320.911926
320.708374
321.227112
321.113281
321.756683
321.736176
321.982025
322.144531
323.339508
323.075012
323.152161
323.707733
324.023956
324.275909
324.461609
324.647217
324.703186
325.278107
325.358704
325.606293
325.612701
325.654846
325.702942
326.220642
326.097504
326.012604
326.287781
326.222382
326.445892
326.246704
326.113434
326.574066
326.094818
325.992798
326.182220
325.938171
325.787170
325.810394
325.779205
325.765106
325.320374
325.085114
325.180542
325.175018
324.829865
324.499725
324.755920
324.110626
324.302124
323.908142
323.610168
323.447388
323.083801
322.911072
322.134491
322.768494
322.240143
322.057281
322.337769
321.852325
321.379883
321.598694
321.563202
321.344147
321.503418
321.270844
321.343079
321.593994
320.905212
321.087891
321.411102
321.277283
321.505737
321.430176
321.920502
322.046753
322.167786
321.723724
322.499298
322.541290
322.786865
322.952271
322.651367
323.167664
323.162659
323.682983
324.054382
324.637695
324.744537
324.522705
324.952667
325.328308
325.507904
325.785583
325.989899
326.346344
326.556976
326.492767
327.016388
327.440887
327.932648
327.661316
327.922424
328.193329
328.232758
328.668671
329.022614
328.755463
329.046417
329.419525
329.383881
329.355621
329.485474
329.374298
329.447876
329.420319
329.696259
329.679260
329.502350
329.162048
328.943787
329.317810
329.416779
329.098236
329.536926
328.509705
328.545319
328.494232
328.279816
328.132874
328.104340
328.278839
327.777039
327.896637
327.462860
327.329193
327.168549
326.561310
326.842407
326.065155
326.427917
326.238251
326.313782
326.222137
325.881134
325.918243
325.611267
325.802460
325.312103
325.600250
325.825958
325.393524
325.375092
325.649811
325.519287
326.041962
325.982971
325.543396
325.847229
326.118622
326.308289
326.224518
326.248383
327.059357
326.850098
327.520111
327.947723
327.518921
328.159485
328.216339
328.691223
329.237701
329.309235
329.565338
329.946869
330.111969
330.751923
331.133514
331.075562
331.600586
331.836884
332.201691
333.099396
333.035309
333.302002
334.063446
334.559082
334.583405
334.602600
335.123016
335.805176
335.156128
335.686432
335.838959
336.317596
336.377441
336.773315
336.737457
337.080902
337.124786
337.137970
337.048309
337.026886
337.549957
337.005951
337.348145
336.839569
337.360413
337.372223
336.625427
336.355042
336.630493
336.690033
336.879028
336.421295
336.396027
335.773315
335.645386
335.586609
335.789886
335.312866
335.160950
334.851959
334.837219
334.955475
334.214844
333.802032
334.022675
334.116943
333.476379
333.696442
333.704712
333.002411
332.972473
333.364441
333.127960
332.621765
332.709534
332.740234
332.915344
333.199585
333.165344
333.224304
333.412537
332.679657
333.571411
333.522003
333.616394
333.804626
334.083710
334.430542
334.460480
334.763702
334.900818
334.893555
335.500580
336.416321
336.317017
336.864838
337.154175
337.620514
337.848389
338.164307
338.541565
338.781952
339.427795
339.934265
340.240784
341.069611
341.089600
341.272339
341.502441
341.829987
342.794342
342.968689
343.506775
343.419281
343.955444
344.384766
344.772430
344.596710
344.890442
345.212860
345.273529
345.763092
346.036957
345.733276
345.813293
346.411133
346.296539
346.265106
346.240967
346.417755
346.605743
346.440704
346.416779
346.709045
346.126740
345.985260
345.778076
345.524872
345.232849
345.320648
345.068542
344.749298
344.828552
344.602173
344.123840
344.099365
343.418091
343.829193
343.206238
342.215546
342.944824
342.624847
342.361908
342.365143
341.902649
341.853119
340.936920
341.594116
341.099701
340.697266
340.959167
341.009613
340.492310
340.629913
340.191986
340.490143
340.175323
340.145844
340.091949
340.153198
340.577667
340.156067
340.272797
339.873779
340.234924
340.586121
340.521606
340.958893
341.098358
341.208466
341.479034
341.767517
341.883423
342.151703
342.177490
342.542450
342.639923
343.211029
343.510925
344.008057
344.198181
344.921692
344.599152
345.250916
345.403992
346.190216
345.998871
346.258209
346.692413
346.901978
347.170044
347.115021
347.628662
347.605621
348.257111
348.664490
348.480225
349.127411
349.151794
349.007904
349.164215
349.242401
349.152740
349.743134
349.399872
349.260071
349.730865
349.597137
349.588318
349.442932
349.680939
349.391174
349.373810
349.302643
348.982819
348.707825
348.995026
348.846191
348.447174
348.262146
348.242828
347.577759
347.559082
347.126434
347.618408
347.308319
346.962708
346.989014
346.822449
345.948883
346.292297
346.229767
345.698334
345.640259
345.635468
345.278381
345.308655
345.331451
345.111969
345.283478
344.974060
344.738892
344.325409
344.328644
344.993866
344.711884
344.988525
344.619476
344.844543
345.142487
344.885254
344.772156
345.124847
345.771881
345.150177
345.492065
346.081696
346.235046
345.954346
346.318939
346.372955
347.058319
347.187653
347.363831
347.464752
348.207153
348.203308
347.797546
348.372375
348.574890
349.703888
349.628418
349.293182
349.388580
350.316742
350.238251
349.990845
350.590454
350.928650
350.659241
350.762695
350.796448
351.077972
351.296631
351.431793
351.589630
351.739288
351.338776
351.517914
351.243103
351.577179
351.527649
351.405792
351.630920
351.381165
351.151306
351.157654
350.568756
350.177124
350.504486
350.247681
349.755646
349.849335
349.871857
349.625793
349.165497
348.983002
348.759430
348.828491
348.032288
348.202667
347.894012
347.412170
347.508453
347.162201
347.276978
346.984955
346.908752
346.360901
346.514313
346.469177
345.879822
346.110657
345.588013
346.036041
346.111389
346.017334
345.807098
345.968353
346.046814
345.685394
345.783875
346.173431
346.253601
346.492371
346.140900
346.460236
346.479706
346.959869
346.940857
347.045410
347.226624
347.587036
348.151276
348.021637
348.395508
348.814606
348.856781
348.793915
349.252106
349.406128
349.706238
349.964935
350.187531
350.597870
350.289062
350.529510
350.712067
351.363281
351.374146
351.706848
351.663971
351.568054
352.007233
351.788849
352.079163
351.819427
352.211975
351.908722
351.968781
352.122314
352.115936
352.028503
351.636627
351.516724
351.206024
350.986816
350.804810
350.523834
350.574463
350.141846
350.256622
349.577118
349.186676
348.911285
349.014008
348.899139
348.315643
347.885254
347.528168
347.631744
347.252472
346.825165
346.821381
346.708771
346.447784
345.915283
346.450836
346.014923
346.182190
345.434998
346.192535
345.919067
346.030212
345.991608
345.488464
346.008820
346.357117
346.329956
346.805969
346.820679
347.147644
347.528534
347.978180
348.069427
348.869263
348.718475
349.511627
349.168793
349.673187
350.097015
350.708008
351.105835
351.757324
352.163239
352.491241
352.502350
353.502716
353.598877
353.668732
353.682098
353.682861
354.481750
354.744934
354.519958
353.935822
353.808624
353.339447
353.222473
352.554291
351.577423
351.360352
350.589233
349.316467
348.153625
347.536438
345.382233
343.926117
342.400696
340.065186
338.265808
335.511902
333.383423
330.912079
327.841492
325.045044
321.861877
318.786316
315.222260
311.910492
308.137268
304.268707
299.832336
296.233673
291.635376
287.917206
283.344177
279.105499
274.679413
269.900879
265.479584
261.149109
256.643250
252.172211
247.918274
243.446915
239.040039
234.945435
230.824814
226.975433
223.587173
219.805573
216.630524
213.466110
210.361404
207.849091
205.459274
202.950455
201.033325
199.334702
198.102524
197.092453
196.262192
195.695068
195.979416

311.182434
173.801193
174.217087
174.606628
175.568436
176.821075
178.110077
179.922318
181.632660
183.658264
186.120041
188.393311
190.882477
193.790512
197.024033
200.177048
203.461533
206.607010
210.229248
213.827209
217.296417
221.234329
225.118057
228.895035
232.557053
236.539780
240.166046
243.896118
247.598663
251.589615
254.790298
258.440582
261.707031
265.281097
268.694366
271.575989
274.462677
277.405365
280.310181
282.683563
285.369202
287.866577
289.836700
292.163452
293.649017
295.444427
297.328461
298.820221
300.098267
301.461395
302.465820
303.481659
304.563690
305.430359
306.048523
306.766296
307.361664
307.322235
307.903351
308.212006
308.202179
308.050232
308.262451
308.202087
308.085846
308.534790
307.519409
307.662323
307.170258
307.265045
307.256989
306.937592
306.623505
306.341675
306.273285
305.701691
305.709534
305.544586
305.123474
304.568604
304.861206
304.637878
304.925964
304.272400
304.164459
304.715698
304.555176
304.494537
303.875244
304.226868
304.173492
304.696777
304.641327
304.945923
305.172546
305.255524
305.516022
305.744080
305.831635
306.342834
306.191620
307.098480
307.340698
307.457611
307.950348
308.026306
308.468079
308.726501
309.181915
309.414185
309.641754
310.468689
310.117920
310.722931
311.183899
311.261261
311.469788
311.831390
311.999420
312.677521
312.421478
312.424469
312.963379
313.230133
312.994385
313.190155
313.383789
313.570282
313.085419
313.348572
313.391785
312.851898
312.962830
313.080688
313.270782
312.859009
312.391479
312.473175
312.264313
312.210297
311.643524
311.500885
310.737152
310.985016
310.481750
310.796051
310.272461
310.191010
309.600830
309.611267
309.494202
309.406128
308.867371
308.619415
308.389679
308.324738
308.319427
308.080597
307.828369
307.640472
307.491302
307.679718
307.487366
307.174622
307.569000
307.666931
307.382568
307.733276
307.686615
307.604309
307.452545
307.851318
308.413269
308.367462
308.808838
308.694244
309.252197
309.139435
309.195923
310.079163
310.223846
310.421326
310.826813
311.053497
311.605621
311.727509
312.342499
312.850555
312.770905
313.416138
313.702881
314.096008
314.350403
315.019348
315.246735
315.971985
315.893951
316.187469
316.502625
317.005127
317.211548
317.420807
317.609222
317.461273
317.994537
318.002472
318.444702
318.510834
318.574707
318.803955
318.800690
318.467133
319.434509
318.578949
319.000916
319.156555
319.167053
318.963989
318.859772
318.450867
318.616852
318.418762
318.418060
318.252106
318.200226
317.833344
317.601074
317.577118
317.317444
317.159668
316.574310
315.984039
316.416595
315.888580
315.740479
315.482300
314.926422
315.513885
314.835510
314.629211
314.704315
314.261108
313.897400
313.792206
313.647308
313.469849
313.692108
313.845032
313.059753
313.332275
313.642456
313.250183
313.035461
313.149292
313.108154
313.286224
313.570618
313.367950
313.568115
313.723297
314.130280
313.872253
314.308472
314.407593
314.729797
314.819702
315.053741
315.036102
315.572845
316.225769
316.017242
316.270752
316.902771
317.204315
317.288300
318.097656
317.969238
318.721802
318.754669
318.999786
319.578186
319.526154
320.183960
320.280121
320.129608
320.605804
320.984619
321.028229
321.210938
321.685547
322.254486
321.890045
321.972565
321.862762
322.435577
322.046753
322.505371
322.731476
322.468719
322.556213
322.790100
322.725555
322.557587
322.442017
322.512695
322.543854
322.417328
322.423981
321.900970
321.896576
322.160156
321.641388
321.862976
321.487091
321.065918
320.862488
321.124847
320.429901
320.352631
320.021332
319.879120
320.295837
319.611450
319.555725
319.627502
319.145691
319.023285
318.823090
318.763855
318.723206
318.901489
318.271423
318.341370
318.592834
318.218597
317.998962
318.148834
318.232452
318.218231
318.135254
318.334747
318.341644
318.473694
318.277466
318.495026
318.520660
318.668762
318.997437
319.369476
319.474365
319.146912
319.391235
319.971832
320.059723
320.408478
320.691437
320.654602
321.693024
321.429077
322.010040
321.796417
322.509064
322.441528
322.695374
322.895020
324.042877
323.720062
323.806854
324.394012
324.677948
324.933472
325.118713
325.254303
325.307220
325.858704
325.968109
326.107910
326.187592
326.176575
326.230255
326.737457
326.561981
326.486389
326.781281
326.679138
326.893677
326.644073
326.523621
326.989380
326.436462
326.334198
326.531860
326.233917
326.122437
326.122162
326.113922
326.089508
325.589478
325.315521
325.428375
325.397797
325.050751
324.678101
324.889496
324.265900
324.407959
324.091827
323.746826
323.530701
323.202667
322.980072
322.163483
322.822754
322.301453
322.081024
322.333954
321.884827
321.401520
321.589508
321.534698
321.282990
321.463898
321.214020
321.229218
321.504456
320.818054
320.992249
321.276031
321.174988
321.372192
321.326599
321.798859
321.896057
322.055359
321.538330
322.270355
322.336182
322.629333
322.748962
322.430206
322.963440
322.978638
323.471924
323.826813
324.418884
324.528809
324.340820
324.732056
325.099396
325.253174
325.537659
325.762512
326.157837
326.355743
326.258179
326.829376
327.243378
327.738007
327.453094
327.686066
327.994629
328.054993
328.506805
328.845245
328.569397
328.906311
329.236877
329.253113
329.220642
329.314178
329.256531
329.309357
329.271271
329.541138
329.565308
329.395844
329.069214
328.861633
329.238373
329.319916
328.981842
329.477753
328.447968
328.516327
328.439453
328.260010
328.139343
328.058838
328.212402
327.783264
327.941803
327.468353
327.353546
327.190308
326.561829
326.888947
326.076843
326.460846
326.273499
326.351471
326.265381
325.931000
325.999908
325.686127
325.897400
325.414215
325.693573
325.923492
325.493774
325.495422
325.732056
325.647430
326.014008
326.116852
325.670319
325.977142
326.246765
326.438202
326.357574
326.375610
327.203003
327.009583
327.669342
328.104187
327.686432
328.300903
328.368591
328.875610
329.415802
329.459076
329.739929
330.115814
330.275421
330.881378
331.291962
331.241760
331.770508
331.990143
332.373535
333.231812
333.178833
333.438873
334.197357
334.719299
334.729095
334.757172
335.273163
335.926636
335.308807
335.800049
335.971466
336.440155
336.520081
336.911041
336.877899
337.206940
337.241760
337.289429
337.186920
337.159546
337.678955
337.115540
337.453613
336.928619
337.447418
337.447723
336.728149
336.450287
336.745178
336.791077
336.961304
336.510040
336.481140
335.865662
335.736511
335.679718
335.857788
335.405609
335.238647
334.953949
334.913666
335.047180
334.309235
333.878571
334.095734
334.193817
333.539032
333.777863
333.782379
333.072540
333.026215
333.447479
333.193817
332.684845
332.769226
332.820770
333.000031
333.272095
333.243500
333.331909
333.481110
332.725769
333.653595
333.599976
333.706787
333.908478
334.173065
334.503693
334.558411
334.852539
334.991058
334.996674
335.602814
336.519104
336.408783
336.993530
337.258911
337.749695
337.960968
338.272705
338.656525
338.879944
339.545959
340.048431
340.380127
341.209412
341.246094
341.398163
341.653076
341.971222
342.918579
343.138580
343.645996
343.580688
344.127502
344.557190
344.945496
344.769897
345.028961
345.393646
345.439697
345.940491
346.210297
345.936096
346.002167
346.624237
346.514282
346.444916
346.450806
346.580994
346.808472
346.630310
346.637115
346.903961
346.332428
346.178101
345.975098
345.761932
345.455444
345.538971
345.303345
344.937286
345.061584
344.816101
344.318024
344.316895
343.689758
344.069733
343.423401
342.445862
343.214691
342.834503
342.615570
342.583282
342.158691
342.085083
341.180176
341.829254
341.319885
340.923187
341.146210
341.223511
340.692108
340.816315
340.365479
340.701996
340.382141
340.307709
340.309052
340.379456
340.764343
340.398590
340.465546
340.051453
340.421936
340.795776
340.723236
341.143677
341.277039
341.371521
341.709900
341.971649
342.026947
342.308716
342.416595
342.738098
342.780975
343.387421
343.669189
344.193817
344.381775
345.124695
344.796814
345.423096
345.604248
346.321869
346.170013
346.408478
346.861359
347.104004
347.332550
347.260162
347.781555
347.781799
348.404236
348.808777
348.632263
349.245667
349.340637
349.166779
349.325745
349.381531
349.307373
349.853394
349.537628
349.370087
349.915771
349.757874
349.725220
349.602386
349.819092
349.536133
349.503540
349.481262
349.131104
348.847778
349.126862
348.986023
348.639832
348.427216
348.377991
347.742828
347.704224
347.306061
347.729828
347.442108
347.099274
347.168030
346.973938
346.086304
346.457367
346.357117
345.838043
345.794617
345.780060
345.454620
345.432983
345.485504
345.245667
345.432739
345.144897
344.898010
344.464050
344.521393
345.114288
344.899933
345.133850
344.752472
345.005646
345.308014
345.048920
344.946289
345.277740
345.936707
345.341766
345.651031
346.253479
346.398651
346.126617
346.455627
346.511505
347.246552
347.331604
347.534943
347.604462
348.353729
348.368805
347.958130
348.536987
348.751251
349.852081
349.799744
349.490143
349.577209
350.465881
350.420746
350.136292
350.732483
351.095551
350.824707
350.932281
350.966736
351.234253
351.489532
351.586731
351.721893
351.872955
351.502228
351.657684
351.402405
351.721954
351.648468
351.543457
351.784912
351.528595
351.308838
351.312378
350.718933
350.288605
350.627289
350.367279
349.922394
349.973724
349.987701
349.788574
349.302460
349.101471
348.862915
348.944397
348.152374
348.327789
347.971130
347.509399
347.614105
347.300598
347.362640
347.090668
346.992126
346.463989
346.611511
346.530609
345.953186
346.192627
345.670319
346.137543
346.196289
346.091858
345.869537
346.035492
346.097351
345.752502
345.846741
346.212677
346.318756
346.541077
346.183350
346.517487
346.490265
346.973969
346.971252
347.089905
347.237518
347.630829
348.172302
348.040619
348.407227
348.823761
348.861694
348.788696
349.251862
349.411133
349.707703
349.943939
350.176758
350.572021
350.276062
350.516632
350.706573
351.358673
351.360016
351.673004
351.668915
351.538269
352.008148
351.776245
352.039459
351.787994
352.185028
351.897278
351.968201
352.086487
352.081757
351.976776
351.593262
351.467072
351.195435
350.936707
350.765472
350.467682
350.540588
350.113617
350.215057
349.558167
349.182617
348.881348
348.988007
348.890869
348.289703
347.844879
347.510803
347.610504
347.242096
346.805511
346.793945
346.686615
346.413635
345.907288
346.452393
346.020416
346.187042
345.431702
346.174225
345.919769
346.046844
346.006805
345.485138
346.034332
346.395508
346.358124
346.812592
346.886292
347.207306
347.569397
348.020264
348.086823
348.927185
348.760193
349.550018
349.222900
349.728699
350.161835
350.787994
351.204468
351.854401
352.246124
352.581696
352.584534
353.595154
353.707092
353.753784
353.801208
353.792511
354.645355
354.880402
354.681396
354.072540
353.948364
353.505524
353.386414
352.730591
351.731506
351.544128
350.756683
349.500580
348.371643
347.698853
345.578979
344.150513
342.626740
340.302765
338.463776
335.733307
333.591553
331.138977
328.066559
325.291992
322.101654
319.017273
315.488281
312.171326
308.413116
304.529419
300.118530
296.491730
291.927856
288.204407
283.631073
279.420013
274.974457
270.218140
265.780884
261.468262
256.956085
252.497391
248.235703
243.761963
239.354752
235.269684
231.164948
227.327271
223.933380
220.136154
216.953262
213.804825
210.690216
208.208572
205.799988
203.296112
201.372833
199.662430
198.466431
197.429443
196.604202
196.052795
196.518585

222.038620
182.820282
183.315491
183.881241
185.202988
186.273819
187.566925
189.283203
191.545883
193.540588
195.882034
198.469574
201.406845
204.135239
207.412857
211.056366
214.030106
217.957275
221.689453
225.258423
229.113495
233.009735
237.520020
241.231873
245.258133
248.918884
252.879593
256.868195
260.974213
264.609161
268.716858
272.343964
276.125824
279.133118
282.867950
285.971558
289.310547
292.252258
294.969940
298.422699
300.296906
303.203796
305.201782
307.414124
309.366638
311.292786
313.036835
314.540710
315.944977
317.098511
318.543243
319.552673
320.138519
321.112885
321.895660
322.190887
322.982483
323.295166
323.610046
323.441803
323.592255
324.012024
323.608337
323.348785
323.270111
323.175049
322.977203
322.759796
322.023895
322.262268
321.476501
321.525513
321.059174
320.907623
320.282837
320.253326
319.615265
319.439453
319.608948
318.779510
319.138153
318.711151
318.414185
318.063385
318.536804
317.698395
318.082916
317.984253
317.994690
317.665802
317.999359
318.539062
318.229553
318.101685
318.527802
318.780151
318.634766
319.162048
319.415894
319.409912
319.987701
320.060242
320.383087
320.865753
321.185089
321.680328
321.891357
322.004852
322.579346
322.664612
322.970276
323.682648
323.567230
323.935699
324.458344
324.707245
324.716278
325.210327
325.262573
325.484161
325.869720
326.003662
325.872803
325.923981
326.009613
326.075409
326.389618
326.123444
326.414917
325.741272
326.232391
325.729004
325.437286
325.697052
325.322968
325.343231
324.366455
324.694580
324.491974
324.295898
324.235352
323.877319
323.382172
323.018097
322.683044
322.413147
322.568329
322.130035
321.599823
321.411102
321.581909
320.871857
320.649658
319.988159
319.848450
319.768188
319.810333
319.429413
319.639252
319.469391
319.067535
319.006653
318.517914
318.611725
318.705231
318.185516
318.488647
318.407196
318.634918
318.435059
318.980133
318.706299
318.637695
318.968536
318.965851
319.135986
319.156677
319.817261
320.228699
320.399750
320.839478
320.674011
320.995605
321.005951
321.757446
321.744995
322.398834
322.610138
322.852417
323.292572
323.477264
323.421539
324.254272
324.631165
324.859161
325.253265
325.423523
325.683044
325.659607
326.387115
326.507568
326.909576
326.769775
327.305664
327.143707
327.126007
327.569550
327.475311
327.383942
327.661682
327.274017
327.413849
327.378540
327.495331
327.666229
327.252991
327.035217
327.061890
327.135132
326.914154
326.812775
326.716492
326.466217
325.781342
325.841614
325.366699
324.902374
324.872681
324.633881
323.875824
324.067291
323.398102
323.306091
322.888214
322.447723
322.323914
321.847473
321.925659
321.640656
321.364563
320.701172
321.055847
320.808838
320.273743
320.152863
320.190033
320.065155
319.699432
319.718567
319.201447
319.342865
319.160553
319.479675
319.604309
319.288513
319.510437
319.146973
319.024872
319.371429
319.285919
319.666260
319.583923
319.743011
320.266754
320.032654
320.170532
320.199524
320.793701
320.995056
321.969574
321.701233
321.826569
322.174561
322.243774
322.388153
323.326843
322.991547
323.364471
324.052643
324.008270
324.413269
324.782288
324.632446
324.922302
325.038605
325.410492
325.919159
326.172424
325.892670
326.423462
326.275299
326.254669
326.342926
326.357819
326.764618
327.263306
326.958801
326.893616
327.103882
327.053558
326.888977
326.996582
326.612305
326.612488
327.050140
326.236969
326.335144
326.449677
325.945801
326.425232
325.287140
325.779724
325.025177
325.543640
325.162659
324.848724
324.253204
324.106049
323.935364
323.759399
323.613403
323.210480
322.862305
322.635223
323.157806
322.374084
322.393921
321.645935
322.180389
321.930542
321.355286
321.396576
321.063721
321.169495
321.501984
321.006561
321.371338
320.798431
321.233826
321.073151
320.912598
320.921631
321.171448
321.217590
321.301605
321.273560
321.685059
321.425964
321.669647
321.946381
322.076233
322.740387
322.215851
323.111847
322.828308
322.948547
323.295990
323.830383
324.251801
324.270203
324.671967
325.030823
325.015045
325.573730
325.701385
326.303406
326.265930
326.486572
326.558838
326.582092
327.118073
327.105652
327.458832
327.799194
328.068756
328.536285
328.487579
328.486542
328.597778
328.279816
329.034790
328.816620
328.899292
329.713135
329.163635
329.227051
328.484070
328.837036
328.880554
329.010254
328.622955
328.529297
328.490234
328.353149
328.321198
328.466644
327.919952
327.962646
327.511963
327.285645
327.030701
326.827087
326.900055
326.200745
325.971527
325.742035
325.969055
325.838837
325.738983
324.975067
324.970642
324.993256
324.665558
324.287476
324.364807
324.328644
323.912323
322.899109
323.746307
323.493896
323.373505
323.318848
323.269501
323.357971
323.004730
322.982849
323.090973
322.982025
323.169830
323.645142
323.361450
323.450989
323.108612
323.601807
323.569031
323.775787
323.746704
323.931702
324.448578
324.452515
324.864410
324.731049
324.783722
325.433868
325.534271
325.695526
326.327698
326.665863
326.696259
326.989227
327.389221
327.639526
327.553955
327.999512
328.236938
328.238129
328.458740
329.107605
328.794556
329.047028
329.474457
329.366028
329.710022
330.056671
330.481720
330.165771
330.662170
330.679993
330.430420
330.639801
330.554596
330.622314
330.357697
330.431061
330.462219
330.505005
330.333221
330.439850
330.432617
330.141052
330.102509
329.832428
329.696381
329.451569
329.212250
329.309845
328.967957
328.686371
328.490997
328.195374
328.252228
327.785339
327.496674
327.314789
327.914917
327.240234
327.424347
327.087341
326.497467
326.599487
326.408417
325.946411
326.192657
326.216309
326.125488
325.803436
325.557922
326.238739
325.536865
325.844696
325.874664
325.655975
326.390076
325.632690
325.957550
325.846375
325.870972
326.308228
326.278076
326.851410
327.128113
326.782867
327.313721
327.376160
327.559357
327.677582
327.858093
328.333252
328.676270
328.926849
329.410217
329.718658
330.073212
329.691376
330.402740
331.060608
330.234833
331.049469
331.584656
332.163025
332.683899
333.033600
332.857910
332.921783
333.375244
333.788605
334.021729
333.843933
334.630524
334.548309
334.578766
334.908081
334.690277
334.615021
334.755859
335.048706
335.423676
335.520752
335.337219
335.293121
335.628174
335.418335
335.549530
335.157104
335.131531
334.763702
335.388885
334.502380
334.386871
334.104095
333.960419
334.010559
334.105560
333.536163
333.674255
332.899872
332.880005
332.448944
332.086578
331.630920
331.203430
331.153870
331.192993
331.222473
330.621735
330.764282
330.642365
329.921875
329.945282
329.952179
330.203003
329.765869
329.267670
328.942505
329.225159
329.205139
329.031189
329.397095
328.903412
328.995789
328.805908
328.923340
328.871704
329.378754
329.158539
329.034302
329.885010
329.972748
330.167786
329.699921
330.328827
330.444580
330.745636
330.987518
331.108032
331.608887
331.929810
331.935608
332.463684
332.473114
332.853973
332.911377
333.659576
334.251221
334.392548
334.186310
334.871002
335.270691
335.366699
335.993988
336.004913
336.297760
336.837128
337.208099
337.261353
337.672119
337.500031
337.578949
338.437531
337.900116
338.539032
339.153107
338.607330
338.794006
338.438080
338.668091
339.160767
338.815643
338.832947
338.744446
338.920013
338.403656
338.508636
337.950439
338.303955
338.150024
338.251099
337.824249
336.838776
337.076111
336.884674
336.404785
336.657928
335.868805
335.815582
335.557068
334.880646
334.855286
334.459961
333.863556
333.675934
333.225098
333.290070
333.352020
332.914337
332.577789
332.386047
331.879639
331.463470
331.460938
331.158203
331.241486
330.702911
330.896667
330.778107
330.346649
330.163239
330.179749
330.063141
330.317169
330.309753
330.115875
330.618134
330.301300
330.027374
330.157867
330.466705
330.497955
330.317749
330.461029
331.015472
331.423798
331.244598
331.543365
331.650818
331.807861
332.151428
332.017761
332.337952
332.700500
333.034302
333.246613
333.323730
334.059906
334.031830
334.026733
334.357483
335.124664
334.773438
335.174530
335.710968
335.733246
335.824097
336.417603
336.258911
336.126678
336.443970
336.659332
336.657928
336.856995
336.962158
337.134003
337.426208
336.832001
337.019989
336.993530
337.160278
337.076019
336.994354
336.874023
337.014038
336.382538
336.296173
336.360504
336.044006
336.138092
336.003754
335.032104
335.431732
335.126709
335.139740
334.897217
334.689209
334.790985
334.054993
333.636658
333.802246
332.832306
333.127258
332.991028
332.760895
332.634766
332.286804
332.219055
332.191620
331.857147
331.245789
331.252533
331.335114
331.441315
331.114868
330.768921
330.533691
330.943756
330.988739
330.492340
330.724121
330.818420
330.578125
330.532379
330.843994
331.083160
330.704681
330.865448
330.856384
331.315186
331.276855
331.357300
331.156250
331.695557
331.683929
332.226349
332.265930
332.454010
332.618073
332.821869
333.023132
333.094391
333.654388
333.563416
334.134583
333.910645
334.546326
334.220367
334.721313
334.869293
334.612457
334.588165
335.131165
335.099182
335.066925
335.767120
335.392975
335.636993
335.767731
335.529327
335.985809
335.575012
335.871704
335.230286
335.532166
334.852631
335.226868
335.394440
335.414825
334.821136
334.887878
334.890625
334.038208
333.906799
333.940094
333.703522
333.583099
333.166412
333.221191
332.834290
332.380066
331.996155
332.184540
331.946198
331.891815
331.215912
331.323761
330.871826
330.715240
330.205536
330.258850
330.518280
329.719269
329.702087
329.631317
329.283936
329.436798
329.368622
329.385895
329.099213
329.702545
328.931641
328.953430
329.063660
329.162445
328.802704
329.291779
329.414368
329.181488
329.360199
329.547424
329.343353
329.667419
330.064087
330.321930
330.678406
330.290466
330.691284
330.569824
331.125031
331.061676
331.593384
331.330811
331.515045
331.772095
332.710114
331.886810
332.461487
332.789612
333.082275
333.551605
333.207214
333.476410
333.549316
333.758759
334.054321
334.632660
334.306152
334.304138
333.838409
334.312286
333.843567
334.460632
334.371094
333.785095
333.950104
333.612762
333.909210
333.501038
333.052551
332.968750
333.001190
332.873047
332.260406
332.610504
332.061005
332.483948
331.616608
331.513458
331.410706
330.884888
330.743652
330.239410
330.081360
329.943878
329.558105
329.509857
329.223694
329.035583
328.696686
328.668945
328.585175
327.835205
328.333862
328.523315
328.307953
327.664459
327.923187
328.008972
328.258514
328.269012
328.305267
328.362152
328.782501
329.039307
329.421539
329.374481
330.115082
330.027496
329.890991
330.870911
331.406799
331.523499
332.086395
332.787811
333.193176
333.227936
333.420410
334.261383
334.611053
334.644318
335.036865
335.382660
335.902435
335.909393
335.890106
336.366211
336.029510
335.915466
335.994568
335.621063
335.706146
334.783569
334.475708
333.900696
333.019318
332.231537
330.956848
330.425354
329.229279
327.402008
326.354614
324.621490
322.340973
320.441864
318.162628
315.940521
313.592529
310.724304
308.319305
305.190857
302.522278
299.197876
295.430023
292.078949
288.695923
284.782074
280.891357
276.980621
273.175262
268.863708
264.714020
260.605835
256.228210
252.265442
247.672104
243.715195
239.201355
235.046814
231.073532
227.201309
223.067383
219.381241
215.731400
212.073105
209.166580
205.567627
202.794556
200.105057
197.452744
195.397568
193.147263
191.327209
189.808945
188.639771
187.590088
186.693680
186.316803
186.345535

227.954819
183.389008
183.868530
184.440247
185.789032
186.850937
188.151825
189.851822
192.148483
194.153183
196.497391
199.058762
202.009109
204.726273
207.994003
211.672012
214.639374
218.600555
222.307144
225.893158
229.733459
233.689743
238.161163
241.873337
245.937759
249.609634
253.609207
257.574219
261.705048
265.322418
269.418060
273.035431
276.864929
279.909363
283.601562
286.765625
290.097351
293.031158
295.747955
299.259155
301.126465
304.031860
306.037476
308.240753
310.205414
312.171631
313.906006
315.417236
316.839752
318.012726
319.489258
320.483459
321.031403
322.043671
322.833069
323.134369
323.919220
324.270264
324.560181
324.348358
324.538483
324.977722
324.620667
324.292480
324.194061
324.145172
323.969543
323.748718
323.020355
323.272644
322.443115
322.522980
322.088440
321.931061
321.276245
321.236633
320.593628
320.421204
320.617432
319.755768
320.124939
319.678650
319.317139
319.048889
319.474945
318.694275
319.035797
318.950256
318.867859
318.628235
318.893951
319.443665
319.099640
318.982147
319.437012
319.649048
319.529388
319.972656
320.283966
320.203400
320.813263
320.812897
321.212402
321.638428
321.938446
322.451477
322.626434
322.666290
323.326294
323.361145
323.615540
324.375824
324.175659
324.601746
325.148285
325.328644
325.260559
325.828674
325.821625
326.068085
326.411835
326.563110
326.374725
326.478363
326.488129
326.525665
326.843323
326.507660
326.898163
326.202179
326.614532
326.153534
325.808990
326.043823
325.699707
325.687714
324.719086
324.990814
324.767517
324.537384
324.513489
324.126617
323.615479
323.230957
322.883850
322.620636
322.749664
322.315430
321.722534
321.600494
321.765533
321.013672
320.792053
320.087952
319.971893
319.836212
319.946686
319.502289
319.731689
319.525787
319.158752
319.034760
318.592804
318.646118
318.704163
318.188873
318.556519
318.436005
318.650360
318.392822
318.961761
318.688690
318.601868
318.925934
318.943848
319.077637
319.105865
319.776855
320.150330
320.323029
320.736938
320.651581
320.936462
320.904633
321.709961
321.642914
322.283386
322.526337
322.746185
323.182495
323.395386
323.311646
324.133240
324.503387
324.761292
325.143311
325.332275
325.547394
325.497040
326.244446
326.362091
326.769897
326.624664
327.131226
326.971313
326.961151
327.382111
327.278198
327.195160
327.505585
327.075714
327.191345
327.166473
327.285339
327.432892
327.032074
326.828644
326.803894
326.899323
326.669525
326.560547
326.482025
326.197021
325.542542
325.548706
325.104065
324.609650
324.580536
324.348633
323.595795
323.766815
323.108002
323.006927
322.566925
322.117889
321.998047
321.486786
321.616058
321.311737
321.019135
320.375366
320.716858
320.455200
319.931183
319.804871
319.834198
319.684509
319.344269
319.358978
318.854797
318.984772
318.790314
319.140717
319.228455
318.921326
319.119019
318.900269
318.647186
318.995361
318.926086
319.281952
319.219574
319.394928
319.898468
319.672852
319.815430
319.843292
320.468628
320.638855
321.622101
321.388306
321.497131
321.846558
321.928894
322.091156
323.024628
322.721771
323.081573
323.803955
323.774780
324.160400
324.568237
324.403717
324.734894
324.853516
325.224670
325.737793
326.017029
325.763184
326.300354
326.151367
326.174011
326.286682
326.329132
326.692108
327.256653
326.945190
326.920166
327.097015
327.073212
326.918091
327.073364
326.691437
326.726959
327.172607
326.380859
326.521912
326.616272
326.138397
326.647522
325.518738
326.023895
325.343048
325.854340
325.505554
325.223877
324.634521
324.470245
324.329651
324.178192
324.049255
323.661469
323.332031
323.154846
323.666260
322.892151
322.928192
322.217255
322.773224
322.516266
321.969208
322.041168
321.700104
321.831818
322.191376
321.711426
322.085663
321.534088
321.970734
321.845947
321.688812
321.657166
321.945465
322.046234
322.077301
322.074921
322.563263
322.300659
322.507996
322.804108
322.938080
323.570404
323.078217
323.973145
323.664795
323.815552
324.147583
324.715271
325.138519
325.103241
325.521179
325.877869
325.931610
326.421539
326.582489
327.141846
327.113770
327.358734
327.395325
327.422455
328.007080
327.957550
328.324921
328.643921
328.860809
329.367432
329.279419
329.279572
329.372192
329.036499
329.834534
329.540314
329.651306
330.414032
329.813995
329.956543
329.151428
329.500702
329.514801
329.634491
329.236389
329.127930
329.139740
328.944427
328.874939
329.011902
328.456665
328.497345
328.008423
327.786591
327.505249
327.255524
327.339539
326.644501
326.361481
326.120178
326.342682
326.203125
326.078674
325.319824
325.281219
325.282715
324.953888
324.558136
324.594940
324.590393
324.125793
323.098572
323.961975
323.675964
323.543518
323.477875
323.384857
323.489655
323.121643
323.094025
323.182739
323.049774
323.248322
323.687317
323.416473
323.503906
323.155884
323.660187
323.623077
323.789520
323.743347
323.960846
324.439606
324.446259
324.859100
324.713470
324.770874
325.419098
325.502594
325.666443
326.304840
326.641113
326.655365
326.950134
327.360474
327.652954
327.524323
327.963837
328.220856
328.216888
328.429657
329.091919
328.790405
329.023285
329.453705
329.371857
329.716370
330.058289
330.480896
330.187378
330.695587
330.706909
330.454315
330.696564
330.616943
330.695007
330.424286
330.506927
330.539490
330.607269
330.441010
330.543823
330.541687
330.302612
330.266968
330.005493
329.870117
329.597687
329.375305
329.509766
329.172302
328.912933
328.749573
328.426147
328.497650
328.044037
327.772797
327.583588
328.219971
327.559387
327.717133
327.388702
326.816620
326.958038
326.749908
326.323792
326.555786
326.595917
326.504303
326.185120
325.947632
326.649933
325.934906
326.260956
326.305573
326.097565
326.627960
326.095398
326.403076
326.285034
326.376373
326.785797
326.771484
327.337830
327.624634
327.289490
327.792664
327.880219
328.074707
328.188049
328.376617
328.836792
329.221527
329.451721
329.923920
330.269104
330.619965
330.238617
330.948761
331.630859
330.751770
331.563507
332.129852
332.719635
333.233215
333.550690
333.382050
333.454010
333.914703
334.327454
334.559601
334.348236
335.143768
335.089233
335.125610
335.425934
335.220154
335.150238
335.315460
335.570831
335.922394
336.053864
335.845459
335.792297
336.136841
335.924164
336.066254
335.689636
335.639679
335.243713
335.863495
335.006927
334.871063
334.566437
334.447968
334.454590
334.562225
333.998993
334.105042
333.332245
333.293732
332.876343
332.511047
332.045502
331.641571
331.552124
331.613037
331.594025
331.012634
331.158783
331.037689
330.319733
330.350555
330.312592
330.557220
330.122864
329.613251
329.266174
329.549438
329.536041
329.340393
329.693207
329.204559
329.292847
329.087891
329.197937
329.147827
329.647461
329.428284
329.313904
330.152618
330.237335
330.419098
329.915344
330.558777
330.687256
330.961823
331.208618
331.308167
331.814545
332.114624
332.108948
332.646240
332.640320
333.016724
333.066681
333.827484
334.380859
334.513214
334.332153
334.989960
335.384033
335.461273
336.086182
336.092987
336.374054
336.909912
337.280640
337.344788
337.703125
337.548950
337.611206
338.451538
337.895020
338.533722
339.145691
338.616333
338.776337
338.408905
338.643585
339.136383
338.768555
338.782806
338.690247
338.848450
338.318604
338.420654
337.849701
338.211456
338.029480
338.114990
337.684875
336.695892
336.935913
336.718811
336.248932
336.507172
335.672668
335.622864
335.334198
334.671051
334.630066
334.235626
333.632721
333.452484
332.962585
333.015900
333.085114
332.616455
332.305573
332.091888
331.593964
331.164642
331.166779
330.847260
330.926697
330.374878
330.543213
330.425537
329.987518
329.803741
329.801819
329.703156
329.955933
329.908966
329.746613
330.214661
329.873749
329.631531
329.727692
330.054626
330.080719
329.859680
330.026306
330.575256
330.992432
330.789673
331.087616
331.209808
331.343353
331.695496
331.541107
331.883423
332.218842
332.544617
332.801178
332.846191
333.592316
333.565643
333.554779
333.878845
334.638489
334.291168
334.734314
335.217773
335.230011
335.336456
335.929626
335.780518
335.633972
335.968231
336.185181
336.197449
336.391663
336.499756
336.638306
336.970551
336.352295
336.549194
336.523682
336.675690
336.609497
336.547913
336.408264
336.563080
335.929871
335.847595
335.917023
335.590302
335.681396
335.583282
334.587708
334.993835
334.676331
334.722687
334.472412
334.294861
334.367249
333.631805
333.208588
333.370209
332.407867
332.741241
332.623230
332.373047
332.229431
331.896027
331.849640
331.833832
331.479828
330.848938
330.903046
330.912659
331.100830
330.738983
330.435425
330.201538
330.636047
330.653748
330.159210
330.435822
330.504059
330.262512
330.198303
330.515045
330.779816
330.417419
330.591827
330.546234
331.032257
330.962830
331.070801
330.853577
331.409058
331.386505
331.935211
331.985138
332.159851
332.354462
332.590363
332.782227
332.859009
333.425385
333.307465
333.903687
333.666687
334.286072
333.989288
334.471283
334.627563
334.396149
334.389160
334.929840
334.861908
334.824982
335.556702
335.181396
335.439209
335.532990
335.307922
335.789764
335.363068
335.684174
335.052521
335.323669
334.661530
335.030701
335.219269
335.195221
334.619843
334.701111
334.723846
333.837006
333.737488
333.791321
333.534241
333.407013
332.999451
333.039612
332.707062
332.206635
331.853485
332.024017
331.767334
331.748932
331.072449
331.163971
330.715790
330.581451
330.074463
330.140869
330.371307
329.586548
329.563599
329.503174
329.148285
329.321686
329.237610
329.286530
328.973541
329.577850
328.822083
328.843475
328.933075
329.038269
328.713867
329.174774
329.303558
329.064514
329.252106
329.448425
329.263702
329.583038
329.973114
330.240112
330.578552
330.192657
330.605072
330.475433
331.061462
330.974243
331.532684
331.254150
331.443207
331.693878
332.670654
331.828430
332.397034
332.719208
333.022705
333.498932
333.160950
333.404266
333.495819
333.703827
333.995117
334.556213
334.267334
334.251709
333.777985
334.238678
333.809937
334.407654
334.332397
333.750671
333.905182
333.554901
333.864288
333.444977
333.008392
332.921417
332.961548
332.848328
332.233704
332.570831
331.998688
332.422455
331.567078
331.476288
331.358826
330.837524
330.709717
330.212738
330.025116
329.891846
329.515320
329.458160
329.171936
328.964569
328.656799
328.632477
328.537415
327.804169
328.268890
328.449829
328.272736
327.605194
327.855286
327.936310
328.184448
328.188568
328.245605
328.281464
328.695496
328.939972
329.330963
329.241211
330.017273
329.922363
329.783569
330.768250
331.306366
331.399475
331.970825
332.658234
333.056122
333.098053
333.279694
334.103088
334.470825
334.503540
334.856659
335.212524
335.768005
335.740479
335.724152
336.213318
335.861969
335.757599
335.819550
335.435516
335.511322
334.597595
334.273468
333.672150
332.827240
332.017578
330.750397
330.192139
328.999054
327.166962
326.130981
324.381683
322.107178
320.197357
317.928558
315.687286
313.347046
310.467834
308.054932
304.910980
302.267426
298.925018
295.163422
291.811829
288.420441
284.519531
280.630829
276.688568
272.885803
268.566193
264.398987
260.294586
255.942139
251.955902
247.389450
243.408630
238.899323
234.740036
230.768097
226.881729
222.741760
219.048981
215.405167
211.765381
208.831680
205.265991
202.476181
199.783325
197.119553
195.066483
192.825943
191.001404
189.467285
188.309784
187.243561
186.370895
185.986877
186.043945

