303.200714
174.032715
174.787735
175.077484
176.177887
177.205795
178.605591
180.230072
182.137711
184.007751
186.382507
188.731018
191.430695
194.673553
197.529663
200.535172
203.927277
207.253738
210.531738
214.137192
217.935196
221.442795
225.429504
228.991180
233.180313
236.923294
240.473785
244.114563
247.991150
251.738663
255.412338
258.908325
262.640778
265.815765
268.973572
272.108978
275.185333
277.776398
280.364410
283.421234
286.187073
288.001007
290.349121
292.526184
294.719543
296.023895
297.850739
299.305817
300.911194
301.564575
303.081604
304.218964
304.762909
305.881683
306.435760
307.157257
307.731171
308.076019
308.211884
308.466583
308.672485
308.796112
308.577148
308.628571
308.752258
308.625305
308.331879
308.105225
307.710449
307.624390
307.631042
307.413391
306.900360
306.859253
306.577301
306.270294
306.147003
306.005432
305.419128
305.440186
305.381073
305.118866
305.072601
304.964081
305.353607
304.892395
304.516083
304.395203
304.825958
304.598328
304.628906
304.970062
305.133728
304.936981
305.498657
305.645660
306.082458
306.341187
306.686401
306.320435
306.860748
307.170776
307.812622
307.907745
308.026398
308.699768
309.382690
309.611053
310.120941
310.099060
310.984314
310.827759
311.377258
311.598236
311.890747
312.041412
312.552460
312.764160
312.993011
313.290192
313.831787
313.733307
313.699738
314.112640
313.994415
313.947449
314.332245
314.227966
314.719910
314.405487
314.492249
314.556915
314.017761
313.841858
313.581299
313.949951
314.131409
313.800201
313.174194
313.391327
313.199280
313.031738
312.223938
312.219147
312.429230
312.010010
311.668060
311.206238
310.702118
311.126404
310.546143
310.607849
309.774261
309.885498
309.636200
309.560486
309.622742
309.405853
309.143860
309.122070
308.894775
309.071838
308.504761
308.589142
308.649170
308.445496
308.600708
308.613312
308.944794
309.072327
308.915710
308.882446
309.636139
309.381989
310.074646
309.761047
310.318268
310.467987
310.896881
310.880005
311.004822
311.470734
312.011383
312.100708
312.533966
312.536285
313.392151
313.592316
313.810455
314.285461
314.361816
315.018768
315.151520
315.536133
315.887939
315.973267
316.324921
317.404968
317.715332
317.163788
317.560974
317.743134
317.976593
318.305878
318.951904
318.481720
318.866730
318.904205
319.104401
319.348938
319.826324
319.578461
319.120178
319.070007
319.522675
318.724731
319.269928
319.153290
319.103882
319.143555
318.461670
318.300995
318.238281
318.305695
318.558929
317.696960
317.627655
317.307831
317.156464
316.901154
316.691803
316.248505
316.014404
315.877197
315.662476
315.108337
314.909698
314.694519
315.058624
314.410431
314.162170
314.082825
313.979645
313.627563
313.213226
313.367676
312.935547
313.283722
312.711853
313.188324
312.841003
312.597534
312.979584
312.833069
312.629791
312.831757
312.803528
312.742950
313.201263
313.164093
313.527740
313.741699
313.928467
313.711090
314.280273
314.468353
315.050323
315.114288
315.461853
315.671021
315.478149
316.236206
316.748566
316.286407
317.420624
317.287872
317.599091
318.053101
318.672546
318.385681
318.580292
319.158966
319.325653
319.609924
320.070618
320.264099
320.528503
320.554657
320.803925
320.902496
321.175751
321.352051
321.604889
321.928162
321.983459
321.957153
321.957672
321.803558
322.195770
321.949188
322.197998
322.260132
321.911224
322.057831
321.788818
322.174042
321.880768
321.641144
321.921234
321.685699
321.246521
320.617371
320.810455
320.513397
320.917358
320.243164
320.341766
320.057098
319.863739
319.805023
319.167786
319.330536
318.918304
318.750946
318.780914
318.317902
318.358124
318.030090
318.183044
317.934570
317.855835
317.688202
317.620026
317.557434
317.438721
317.587830
317.674988
317.324554
317.541138
317.806030
317.390106
317.887177
317.504822
317.904053
317.952209
318.047058
318.387421
318.469635
318.364594
318.615356
318.982117
319.363159
319.396820
320.106079
320.369293
320.177765
320.640533
320.858337
321.271484
321.008575
321.902069
321.838715
322.455078
322.671021
323.484741
322.822754
323.101501
324.124176
324.125854
324.506622
325.129089
324.897766
324.925781
325.456085
325.748138
325.573547
325.861603
326.313385
326.149780
326.722900
326.726379
326.308380
326.146362
326.851379
326.366608
326.828430
326.854523
326.601471
326.642334
326.630432
326.921722
326.600220
326.360168
326.313293
326.288147
325.922913
325.920074
325.736542
325.547028
325.575928
324.811554
324.922211
324.892578
324.714294
324.283295
324.287262
324.378906
324.168976
323.961182
323.680450
323.446960
323.518738
323.219849
322.614288
322.658386
322.461670
322.428741
322.128235
322.129456
321.881927
322.382385
321.901154
322.175964
321.610046
321.484863
321.729462
321.877533
322.067688
321.920593
322.290466
322.208038
322.219849
322.310120
322.157166
322.728241
322.976685
322.955780
323.400726
323.302704
323.550568
324.051575
324.139709
324.329559
325.100372
324.629608
325.384155
325.770020
326.006378
326.021759
326.450562
326.599640
326.987183
327.316193
327.377289
327.217804
327.947266
328.401825
328.402161
328.690094
328.641296
329.213318
329.384521
329.617035
330.154877
330.269592
330.319061
330.604797
329.790619
330.542511
330.165955
330.272827
330.287170
330.470459
329.963196
330.584381
330.328705
330.230194
330.253967
330.268585
330.086487
329.787079
329.853821
330.018219
329.583282
329.379608
329.136719
329.256744
329.156403
328.837616
329.013367
328.342468
328.739105
328.280396
328.307251
328.115601
328.100830
327.669739
327.229248
327.531586
327.296600
327.212830
326.672485
327.188110
326.725525
326.945862
326.898621
327.023193
326.758789
326.941406
326.537384
326.586273
326.954254
327.070953
326.840027
327.005188
327.011658
327.325134
327.522308
327.587067
327.824310
328.336853
328.187866
328.407440
328.994843
328.938965
328.910950
329.857758
330.141663
330.584045
330.742279
330.734375
330.939056
331.308746
332.102631
332.689453
332.886169
333.040070
333.374786
334.090973
334.472137
334.176147
334.789398
335.417114
335.280701
335.833862
336.019135
336.326752
336.611511
336.836975
337.403076
337.698669
337.577972
337.952606
338.055542
337.947144
338.011810
338.057617
338.733795
338.578552
338.365509
338.335175
338.729584
338.778381
338.895294
338.725677
338.417358
338.286896
338.421265
338.073273
338.199585
337.902832
337.884125
337.618927
337.395477
337.322723
337.115967
336.605164
337.191345
336.867035
336.409302
336.049438
336.014984
335.723083
335.316833
335.525421
334.695435
335.018829
335.052460
335.165009
334.730560
334.585144
334.063629
334.447113
334.521271
334.559570
334.785126
334.286835
334.472839
334.287567
334.307190
334.807800
334.642090
334.725677
334.542450
335.494751
335.308472
335.174530
336.026245
335.871124
336.192352
336.488190
336.680786
337.063110
337.432343
337.449036
337.862549
338.697906
338.627930
339.504669
339.437256
340.005615
340.178741
340.684692
341.201752
341.259460
341.662384
341.569611
342.595367
342.816498
343.224213
343.429871
343.606079
344.795471
344.607513
344.801636
345.416779
345.685944
345.705536
346.157196
346.461334
346.598846
346.596436
346.759338
346.741364
347.616241
347.223999
347.157990
347.397400
347.834106
347.613403
347.490265
347.249115
347.343079
347.060944
347.133392
346.495178
346.243713
346.685760
346.136047
346.309235
346.041656
346.088959
345.702393
345.467896
344.948303
345.110321
344.711761
344.798492
344.114441
344.012878
343.777740
343.304077
342.977570
342.626953
342.313385
342.410217
342.467255
342.293488
341.209595
341.439026
341.645142
341.323547
340.993256
341.025665
340.838562
340.739685
340.663696
340.345032
341.122284
341.121704
340.892670
340.898254
340.848328
340.721283
341.285309
341.416321
341.348083
340.980530
341.532776
342.011871
342.268677
342.077728
342.472900
342.524414
343.062561
343.198273
343.335083
343.550476
343.761505
343.895264
344.533295
345.089691
345.178009
345.712463
346.391785
346.090698
346.267090
346.802216
347.206238
347.292572
347.428467
348.083099
348.119202
348.598114
348.538208
349.040192
349.283661
349.511322
349.843048
349.663177
349.777649
349.998779
350.139709
349.529419
350.205902
350.134460
350.511688
350.103851
350.292786
350.328491
350.059174
349.639130
350.264221
349.534790
349.725586
349.293304
349.507935
349.238678
348.873657
349.126526
348.601624
348.840607
348.436127
347.961487
347.583527
347.445404
347.401611
347.576874
346.986328
347.061737
346.611511
346.714478
346.572784
346.083435
346.494659
346.584717
345.935089
345.881439
346.148956
345.626648
345.401398
345.720245
345.273560
345.224396
345.418732
345.652802
345.245270
345.401459
345.227753
345.384979
345.792389
345.867950
345.530670
345.782104
345.876801
346.084381
346.728851
346.228149
347.013763
347.265381
347.385468
347.784119
347.710236
348.221954
348.648590
348.672424
349.050995
348.797882
349.225677
349.633698
349.555634
349.975952
350.652435
350.544464
350.374207
350.846283
351.450775
351.282043
351.647644
351.726105
351.791534
351.855865
351.534119
351.836639
352.283539
352.273407
352.316071
352.210846
351.938171
351.832611
352.123077
352.317810
352.338196
352.143219
351.899139
351.579651
351.746307
351.482269
351.458374
351.549591
351.002502
350.718750
350.717560
350.108490
350.176605
349.851257
349.813599
349.474976
349.282379
348.744904
348.627075
348.354919
348.112030
348.332001
347.993835
347.257782
347.674591
347.937714
347.235779
347.019470
347.135193
346.880188
346.907684
346.515015
346.526703
346.599640
346.852448
346.785004
346.674805
346.792938
346.762146
346.663818
346.827240
346.850983
347.130676
346.922760
347.466003
347.681335
347.986084
348.123260
347.901245
348.475037
348.231567
348.784363
348.650482
348.956207
349.141479
349.565918
349.739655
350.317566
350.807159
350.688507
351.143890
351.188293
351.366821
351.879974
351.922943
352.066406
351.911499
352.214081
352.439148
352.885345
352.614502
352.349518
352.879700
353.067535
352.976959
352.679352
352.795044
352.877106
352.586761
352.394684
352.557800
352.156311
352.014862
351.858429
351.692383
351.682770
351.392944
351.582275
351.054901
351.082977
350.526489
350.066010
350.460022
349.522125
349.428314
349.086639
348.709595
348.736359
348.539337
348.583252
348.141541
347.731598
347.408844
347.234528
347.297668
347.292633
347.403564
346.344116
346.888916
347.127411
346.469574
346.781860
346.747498
347.087860
346.941254
347.244080
346.986908
347.672302
348.107330
347.893250
348.633301
348.535217
348.970367
349.089233
349.865967
350.162811
350.582916
351.137909
351.289581
351.935150
352.444153
353.071930
352.934662
353.498169
354.109039
354.131561
354.457031
354.538574
355.017578
354.803467
355.440704
355.259521
355.093384
354.766296
355.180756
354.488892
354.303314
353.355469
353.239136
352.111542
351.319031
350.624481
349.374603
348.052582
346.851715
345.099976
343.058472
340.770874
338.846008
336.372711
334.416016
331.756653
329.101105
326.139954
322.808380
319.993500
316.201050
312.523804
308.686798
305.109528
301.202057
297.017212
293.097351
288.568207
284.076294
279.664795
275.406311
270.968079
266.662537
261.888519
257.464264
253.142029
248.624481
244.383698
240.335739
235.772919
231.768646
227.689163
224.166382
220.352127
217.609100
213.980850
211.087540
208.419342
206.287064
203.874954
202.009018
199.948425
198.792587
197.675034
196.960358
196.685593
196.973282

299.018646
173.947845
174.729141
174.994446
176.111038
177.133301
178.544800
180.163910
182.089035
183.973862
186.389694
188.711548
191.436676
194.673172
197.536240
200.545197
203.982620
207.306381
210.585907
214.201035
218.003128
221.522507
225.565033
229.138504
233.366455
237.130035
240.680573
244.333710
248.215012
251.991562
255.717468
259.240601
262.977478
266.171234
269.353851
272.511810
275.609192
278.235260
280.823883
283.888458
286.713623
288.583344
290.940491
293.134460
295.326538
296.627991
298.498901
300.010590
301.642365
302.274536
303.810608
304.991455
305.560272
306.694885
307.257782
308.001373
308.598694
308.969482
309.103729
309.382263
309.634979
309.787872
309.585388
309.643280
309.796478
309.691345
309.381897
309.195160
308.798187
308.709259
308.715729
308.512512
308.017303
307.983307
307.692596
307.423645
307.292877
307.150604
306.545319
306.597839
306.550751
306.288544
306.220093
306.101532
306.517151
306.056458
305.656616
305.517303
305.941864
305.695923
305.754578
306.050018
306.215790
306.003418
306.592682
306.746643
307.174377
307.378265
307.706818
307.365082
307.869843
308.159332
308.787262
308.869781
308.982971
309.641602
310.303925
310.477448
310.985718
310.915436
311.838287
311.653442
312.175690
312.365387
312.601288
312.778839
313.232605
313.440033
313.595703
313.901245
314.412109
314.317871
314.233765
314.631775
314.481049
314.392792
314.787567
314.630219
315.079285
314.741577
314.793274
314.854004
314.282776
314.091034
313.802002
314.138062
314.314575
313.949341
313.296509
313.489380
313.269562
313.089050
312.250763
312.218414
312.398651
311.964478
311.595062
311.104858
310.598022
311.010315
310.408112
310.426697
309.596588
309.675140
309.443420
309.320618
309.386902
309.104279
308.867920
308.825287
308.586182
308.765991
308.169006
308.244202
308.302124
308.045074
308.239319
308.220215
308.549347
308.668243
308.517151
308.475647
309.210602
308.947479
309.642853
309.336609
309.897308
310.008118
310.464813
310.434998
310.550568
311.032990
311.557739
311.645294
312.115814
312.114136
312.947052
313.153015
313.364685
313.848358
313.946289
314.602844
314.712799
315.137543
315.471100
315.594330
315.967957
317.002899
317.338043
316.830536
317.225311
317.393890
317.641876
317.999603
318.603607
318.153961
318.552612
318.625305
318.814484
319.081482
319.546387
319.339264
318.910797
318.861969
319.309326
318.552246
319.101746
318.959595
318.972931
319.004181
318.325623
318.175018
318.149200
318.253204
318.453827
317.649963
317.582367
317.275909
317.153534
316.906677
316.660675
316.263519
316.062042
315.956116
315.737579
315.188965
315.022827
314.798401
315.156403
314.529297
314.302979
314.264130
314.153717
313.807770
313.428802
313.541840
313.178406
313.550690
312.974487
313.472046
313.100067
312.903473
313.294067
313.139771
313.004089
313.198639
313.149536
313.109406
313.613739
313.584503
313.945007
314.224304
314.387421
314.183929
314.764893
314.977295
315.590973
315.629852
316.005737
316.229553
316.058746
316.833069
317.324738
316.916260
318.026276
317.948547
318.273438
318.711334
319.369293
319.091248
319.275635
319.891632
320.094208
320.380005
320.831909
321.068390
321.370758
321.379395
321.667847
321.795502
322.052734
322.248901
322.552826
322.836090
322.976379
322.868713
322.940002
322.811157
323.202515
323.009705
323.192871
323.315369
322.948669
323.105103
322.858398
323.298553
322.997955
322.853973
323.094849
322.832916
322.442719
321.838684
322.036987
321.801453
322.216339
321.494110
321.622498
321.351746
321.168427
321.145508
320.513275
320.687592
320.248383
320.118256
320.155853
319.737061
319.766510
319.456177
319.580688
319.340424
319.275757
319.117493
319.055054
319.027679
318.930389
319.063477
319.181274
318.856659
319.087921
319.335480
318.910187
319.477814
319.042053
319.450592
319.460938
319.606476
319.940002
320.039856
319.886169
320.158325
320.584045
320.889526
320.926788
321.664276
321.901672
321.779358
322.171844
322.384094
322.842987
322.559387
323.440430
323.363403
323.940369
324.180176
324.892029
324.311432
324.557739
325.592255
325.617950
325.972229
326.566956
326.329254
326.297089
326.901520
327.102448
326.921143
327.212189
327.667267
327.512756
328.005524
328.015808
327.614655
327.457642
328.115326
327.614197
328.022552
328.039185
327.826660
327.809387
327.753632
328.059509
327.669159
327.486969
327.334961
327.327332
326.952576
326.890686
326.679382
326.480652
326.560150
325.786285
325.835114
325.748413
325.590088
325.097198
325.121552
325.217255
324.903839
324.662506
324.385376
324.157806
324.152374
323.881226
323.262817
323.279663
323.054260
322.993622
322.708740
322.664429
322.418762
322.912231
322.399689
322.604980
322.029755
321.930847
322.118134
322.263885
322.447876
322.242920
322.589020
322.550476
322.492645
322.587311
322.367798
322.973267
323.192261
323.199615
323.603088
323.464203
323.711487
324.205200
324.290741
324.457397
325.221375
324.728638
325.483429
325.883148
326.067108
326.082733
326.485809
326.690765
327.035156
327.349884
327.376831
327.233704
327.975220
328.398804
328.372162
328.684479
328.600067
329.181549
329.343933
329.578766
330.115479
330.218140
330.284149
330.546295
329.708679
330.479523
330.120605
330.190247
330.226868
330.398468
329.923920
330.519196
330.256348
330.163269
330.154602
330.165344
329.991241
329.705658
329.774231
329.945557
329.508636
329.265778
329.050476
329.182922
329.107635
328.770538
328.944916
328.272278
328.657135
328.229034
328.246887
328.035156
328.015991
327.579376
327.146210
327.455566
327.224396
327.119873
326.570892
327.086609
326.657532
326.848755
326.837585
326.983459
326.690063
326.878845
326.453888
326.511597
326.881348
326.955231
326.781036
326.938843
326.958221
327.272675
327.450470
327.515656
327.749969
328.261780
328.102417
328.346893
328.923889
328.871765
328.828888
329.761932
330.035767
330.487946
330.657318
330.641510
330.858795
331.216431
331.996552
332.574585
332.771179
332.915375
333.263641
333.974304
334.347778
334.069275
334.618866
335.270844
335.138824
335.683899
335.878082
336.178070
336.433838
336.652740
337.223450
337.534241
337.383545
337.780579
337.850800
337.744507
337.793182
337.858856
338.528748
338.355896
338.172485
338.109192
338.492310
338.551788
338.680267
338.540283
338.186707
338.059265
338.152679
337.852020
337.971405
337.641327
337.620880
337.341858
337.117432
337.065186
336.865936
336.328491
336.921997
336.610046
336.136749
335.783112
335.720093
335.435333
335.023743
335.236084
334.426270
334.754120
334.765045
334.895325
334.431122
334.280029
333.776001
334.141846
334.233246
334.276611
334.465027
333.984161
334.196167
333.989227
334.005005
334.524841
334.375519
334.433350
334.285980
335.209412
335.044403
334.917267
335.741211
335.595001
335.942444
336.230286
336.453796
336.848877
337.200531
337.199463
337.636047
338.474670
338.389160
339.276520
339.195282
339.800385
340.006409
340.484924
341.007568
341.080078
341.451172
341.379517
342.417908
342.649506
343.055176
343.244720
343.449799
344.635254
344.452301
344.690186
345.276642
345.559540
345.579254
346.068695
346.363007
346.485901
346.516083
346.635529
346.660278
347.516388
347.186340
347.065002
347.328674
347.764740
347.547852
347.451569
347.206085
347.348572
347.013275
347.126678
346.494446
346.242798
346.685333
346.154572
346.306244
346.036011
346.128418
345.737701
345.489960
344.960083
345.137054
344.737671
344.838684
344.121796
344.062927
343.838257
343.352875
343.043884
342.667084
342.384766
342.487488
342.520172
342.392792
341.296967
341.462677
341.699158
341.408203
341.064789
341.135223
340.910217
340.806274
340.770325
340.450806
341.254456
341.193146
341.016998
341.023743
340.968292
340.830322
341.446472
341.544800
341.447449
341.124420
341.651855
342.137756
342.402740
342.186401
342.611694
342.652344
343.198334
343.350983
343.465851
343.694794
343.921722
344.010254
344.674469
345.234802
345.301208
345.843933
346.532623
346.275757
346.386505
346.915131
347.352112
347.422852
347.564606
348.233154
348.271332
348.717590
348.659210
349.190491
349.417206
349.613403
349.977753
349.807068
349.888672
350.147369
350.246063
349.653137
350.317505
350.225708
350.646790
350.246033
350.418060
350.481720
350.171234
349.740784
350.406433
349.617737
349.861694
349.395782
349.618866
349.347595
348.967224
349.251953
348.703033
348.961609
348.502991
348.067566
347.699982
347.557312
347.509308
347.670563
347.121155
347.173401
346.716309
346.796204
346.688721
346.180939
346.612122
346.676849
346.031219
345.952362
346.251923
345.740509
345.449799
345.835938
345.377502
345.333649
345.490601
345.720947
345.329529
345.497620
345.305634
345.489014
345.879669
345.902283
345.595612
345.831451
345.934540
346.149689
346.775452
346.289795
347.062866
347.299500
347.450256
347.831726
347.750854
348.261688
348.694611
348.684906
349.046936
348.804840
349.210663
349.630432
349.575653
349.975739
350.678375
350.524658
350.391876
350.847961
351.462341
351.288635
351.662628
351.712708
351.778625
351.833435
351.511810
351.811035
352.285339
352.241119
352.286194
352.165955
351.911713
351.791046
352.075836
352.295380
352.310791
352.101776
351.867126
351.570343
351.706665
351.445709
351.394043
351.495789
350.911041
350.661285
350.681915
350.048584
350.112671
349.759003
349.743286
349.406860
349.188110
348.665649
348.545746
348.293243
348.016510
348.214203
347.889008
347.180115
347.555176
347.866425
347.122864
346.919250
347.052490
346.753998
346.784729
346.393951
346.406494
346.495514
346.725464
346.694885
346.524139
346.652863
346.650452
346.522827
346.691956
346.753632
347.004150
346.767700
347.299408
347.556030
347.875977
347.956238
347.807831
348.340759
348.090118
348.631927
348.506958
348.808990
348.971405
349.412994
349.624329
350.193817
350.664001
350.565094
350.994598
351.039337
351.238739
351.769348
351.785706
351.940826
351.787292
352.069580
352.316986
352.747498
352.483795
352.237610
352.720795
352.924316
352.885223
352.514984
352.675354
352.750122
352.466522
352.265350
352.476624
352.021423
351.929535
351.788971
351.609528
351.608032
351.288727
351.492828
350.956879
351.001556
350.444183
349.986572
350.340729
349.439789
349.352234
349.019928
348.653168
348.663605
348.487091
348.548615
348.093506
347.710175
347.369873
347.218842
347.256989
347.261353
347.346039
346.347198
346.869629
347.126251
346.469147
346.774506
346.761261
347.101654
346.967072
347.255371
347.010742
347.707184
348.134155
347.940094
348.651093
348.565216
349.013611
349.166168
349.901306
350.242371
350.664825
351.196808
351.389130
352.025970
352.542450
353.186798
353.067780
353.640533
354.233246
354.271973
354.611206
354.688843
355.124512
354.966888
355.592041
355.409454
355.289825
354.956207
355.368622
354.675598
354.486847
353.538177
353.460266
352.350677
351.561066
350.852783
349.619232
348.318848
347.117004
345.365723
343.328430
341.035736
339.093628
336.628754
334.725739
332.060913
329.400574
326.423828
323.128448
320.282257
316.531067
312.836639
309.011444
305.446045
301.531403
297.356018
293.458740
288.903259
284.432983
280.019897
275.763367
271.340149
267.026794
262.223907
257.812012
253.517746
248.999161
244.749496
240.687820
236.136200
232.137177
228.074310
224.543884
220.759445
217.983521
214.414993
211.493958
208.806152
206.704803
204.279922
202.411026
200.349442
199.215088
198.090836
197.359222
197.085098
197.533188

218.891800
183.449173
183.622421
184.482925
185.669647
186.788177
188.261612
190.246536
191.939621
194.104919
196.446854
198.953979
201.918701
204.983124
208.232224
211.668991
215.134125
218.416733
221.908340
225.883591
229.891647
233.756851
237.585159
241.917938
245.651718
249.936417
253.470490
257.825104
261.768494
265.224762
269.204620
273.100708
276.153198
280.152893
283.954224
287.161163
290.387115
293.808655
296.365295
298.942993
301.207550
303.773560
306.078857
308.754639
310.468506
311.922607
313.652222
315.604248
316.960693
318.043152
319.485443
320.002686
321.380035
322.629089
323.264832
323.363251
324.103119
324.341034
324.808594
324.347656
324.866943
324.571716
324.755432
324.944916
324.968414
324.598663
324.277100
323.919708
323.688812
323.464081
322.888306
322.732422
322.614990
322.359100
321.910034
321.497498
321.382751
321.090881
321.059143
321.158173
320.691193
319.545990
319.407898
319.372345
319.540375
319.458649
319.891754
319.712891
319.453583
319.502777
319.479614
319.703491
319.740509
320.164459
320.151337
320.181061
320.257294
320.252075
320.549225
321.262573
321.648895
321.833191
322.187042
322.024109
322.426941
323.348297
323.291290
324.217102
324.598816
325.049591
324.576904
324.820831
324.687500
324.868622
325.103455
326.122589
325.567657
326.329163
326.255249
327.026398
326.241028
326.858795
327.175873
327.452881
327.678528
327.655548
327.468781
327.608978
327.360291
327.449524
327.482849
327.334595
326.946564
327.135712
326.805573
326.787170
326.764404
327.235687
327.018219
326.727142
326.249329
325.605896
324.786835
325.278168
324.989685
324.768494
324.322784
323.567322
323.725403
323.054108
323.186066
322.968384
322.346069
321.836121
321.190613
321.194000
321.381683
320.779907
320.389862
320.183380
320.849731
320.620239
320.367706
319.949341
319.275238
319.231995
319.439240
320.028503
319.655121
320.095978
319.726593
319.574615
319.899628
320.229889
319.950409
320.468994
320.013855
320.271576
320.645386
321.430511
322.483887
322.907928
323.396454
323.585663
323.226379
322.984711
323.576813
323.214935
324.248352
324.798157
325.302673
325.492310
325.116791
325.432251
325.886108
326.488129
326.872650
326.846893
327.443939
328.090820
328.114532
328.009033
328.284973
328.773010
328.593323
328.676575
329.270355
328.669006
328.849884
328.453247
328.508545
328.933136
328.798859
328.283722
328.190247
328.432007
328.204163
328.026031
328.353943
328.079773
327.845886
327.795776
326.606049
326.472198
326.423431
326.152374
325.758453
325.219666
324.793335
324.357178
324.429413
324.609985
324.232361
323.551819
323.149963
323.362854
322.714844
322.743805
321.991852
321.719574
322.567291
321.886566
321.853546
321.029175
320.643494
321.108856
321.182587
321.020508
320.644318
320.590851
319.966339
320.157715
320.133820
320.164215
319.905640
319.899628
320.167572
320.180145
319.943115
320.266846
320.597778
320.471008
320.639435
320.427155
320.899200
320.596924
321.113922
321.918030
322.570312
322.857758
323.530914
323.221741
322.932526
323.634033
323.548767
323.913879
324.617767
324.495850
324.669525
324.731445
324.632080
325.461792
325.578400
325.908081
326.026581
326.411560
326.197784
327.125671
327.272430
327.282501
327.514862
327.271942
327.234802
327.718842
327.686401
327.233063
327.273407
327.630096
327.897156
327.708313
327.885681
327.025879
327.141418
327.438690
327.513763
327.306091
327.799103
327.692474
327.208649
326.552063
326.801514
326.854706
326.503815
326.545959
326.430756
325.367584
325.474152
325.180481
325.181427
325.002472
324.264893
323.988220
323.707947
323.771973
323.669464
323.210327
323.180756
322.509949
322.657043
322.964172
322.269958
322.274536
322.071991
322.248810
321.965759
321.622223
321.678345
321.778290
321.752563
321.892120
321.973450
321.656891
321.862518
321.622955
322.000061
322.045074
321.862427
322.403503
322.681732
322.900452
323.249359
323.096649
323.017883
323.259521
323.863708
323.425751
323.750061
324.045349
324.264648
324.864563
324.731873
325.482941
325.518799
326.264099
326.679291
326.827301
326.996552
327.074188
327.101624
327.452942
327.705841
327.604492
328.299408
328.140778
328.301727
328.792816
329.300842
329.063568
329.451996
329.270599
329.030090
329.193237
329.146118
330.341156
330.235474
329.888519
329.405792
329.344696
329.815857
329.543182
329.242279
328.981354
329.211273
329.055176
328.507507
328.774048
328.265167
327.984741
327.488800
327.106476
326.714691
327.193451
326.429321
326.802246
326.030334
325.988922
325.734985
325.736084
325.440002
325.677124
325.325317
324.711578
324.428009
324.553192
324.278137
323.918274
324.255096
323.448608
323.673981
323.410278
323.548431
322.977234
323.697998
323.782135
323.407867
323.407318
323.019257
323.380615
323.018738
322.787476
322.966095
322.863495
322.968475
323.405731
322.931061
323.301727
323.675171
324.051147
324.000549
324.133514
324.342285
325.251007
325.294403
325.078857
325.988312
326.089996
326.084137
326.165161
327.162262
327.031067
327.700775
327.417480
327.661682
327.743073
327.794464
328.143036
329.000610
329.025085
329.005951
329.341675
329.308624
329.623169
329.525208
329.842621
330.088440
330.431061
329.621704
330.254059
330.161163
329.769196
330.126892
330.008545
330.221008
329.878387
330.071747
330.104309
329.620514
329.926666
329.713776
329.155762
328.849731
329.252197
328.834991
329.585419
329.044464
328.426849
328.030762
328.219513
327.365967
327.417786
327.265137
327.234650
327.261993
326.928467
326.445007
327.199036
326.258423
326.040344
325.748230
325.628937
325.503967
325.191345
324.810608
325.429962
325.219116
324.601440
324.699310
324.752594
324.463562
324.511932
324.742157
324.154755
325.397644
324.008392
324.395020
325.025574
325.065033
325.170685
325.351410
325.203735
324.732117
325.331238
325.763947
326.116119
326.084473
326.816742
327.001678
327.052704
327.268555
327.571838
328.408966
328.488556
328.961975
329.159027
329.373291
329.878265
330.090881
330.330109
330.558044
330.741852
331.120453
331.295166
331.909668
332.231598
332.422852
332.268768
332.590546
332.955292
333.318207
333.440857
333.448212
333.622650
333.780640
334.174469
334.136322
334.228851
334.300659
334.251343
333.926788
334.135193
334.417480
333.782776
334.558044
334.027222
333.972687
334.087891
333.981140
333.505920
333.284515
333.016968
332.820831
332.778320
332.705597
332.108459
332.205261
332.243774
331.779022
331.554993
331.568665
330.899963
331.203796
330.962128
330.476898
330.441772
329.896240
329.745117
329.509521
330.022491
329.206299
328.659210
328.675873
328.985229
328.295959
328.391266
328.591736
328.431458
328.261841
328.366486
328.680450
328.565247
328.531128
328.459045
328.544952
328.814117
328.709167
328.932617
329.370392
328.958160
329.454865
329.727783
329.747711
329.922150
330.126068
330.742340
330.821411
330.651764
331.433167
332.028687
332.579529
332.686981
333.206940
333.196960
333.450867
334.170502
334.674652
335.031006
335.423920
335.640991
335.736816
336.102844
336.209656
336.960052
336.533600
337.044861
337.749451
338.131958
338.404205
338.365692
338.971619
338.147156
338.582581
339.741180
339.595795
339.293427
339.536682
339.510773
339.742126
339.050476
339.692657
339.861328
339.580536
339.414673
339.344360
339.575226
340.029053
339.806976
339.278351
338.974182
338.027252
338.048248
337.965271
337.418121
337.661499
337.513184
336.957794
336.653046
336.442200
336.702789
335.961853
335.445709
334.948395
334.727722
334.513947
334.858124
334.325043
334.302246
333.993866
332.891296
333.074463
332.717438
332.502808
332.081329
331.467041
332.340637
331.715607
331.620361
331.325500
331.346130
331.627228
331.490051
331.717010
331.169495
331.353394
330.836639
331.386993
331.308258
331.704407
331.978119
332.113617
332.459900
332.349426
332.209595
332.616608
332.523590
332.707367
333.132141
332.990967
333.470917
334.627014
334.485657
334.234741
334.651978
334.685120
335.059631
334.937866
335.520386
335.789703
336.328613
336.657715
337.258118
337.085022
336.959625
336.960541
337.611176
338.097473
338.100922
337.883606
338.128845
338.338654
338.293671
338.485840
338.752197
338.579315
339.040497
339.087891
339.239929
339.116211
338.790833
339.142883
338.765839
338.122681
339.148834
338.999084
338.841064
338.104279
338.002075
337.560638
337.411438
337.328339
337.186340
337.092041
337.178558
336.411652
336.225372
335.726288
335.514160
335.254028
335.104187
335.083069
334.981415
334.270813
334.222168
334.226624
334.052643
333.922882
333.744324
333.889587
333.847382
333.688812
333.020264
332.938141
332.345673
332.095856
332.070374
332.466461
332.605042
332.413635
332.313080
332.210541
332.286499
332.364136
332.608826
332.859131
332.628021
332.766235
332.806458
332.876343
333.166992
333.586121
333.804565
333.924347
334.395020
333.669830
333.951324
334.772980
335.134247
335.387268
335.316956
335.172638
334.781677
335.300354
335.426971
336.096954
336.354980
336.111298
336.487000
336.589233
336.775848
336.491119
337.433685
336.912781
336.910858
336.728149
336.916565
336.878937
337.629181
337.525787
337.975067
337.791168
337.642120
336.990814
336.841461
336.960541
336.590576
336.069855
336.478607
336.535187
336.028473
336.101959
335.730347
335.602600
335.896576
335.213928
335.130554
334.346069
334.233093
333.583405
334.011078
333.036865
333.552734
333.131927
333.141998
332.537170
332.903717
332.469086
331.647675
331.620270
331.016754
331.381409
331.633331
331.185394
330.645416
331.269012
330.852112
330.480194
331.086334
330.280579
331.186493
331.077881
330.274689
330.892242
330.862488
330.744995
330.551575
331.018097
330.548279
330.775787
330.831329
331.241547
331.323059
331.103638
331.607605
331.711121
332.128632
331.954071
332.017303
332.275574
332.969177
333.193939
333.113831
333.460663
333.370392
333.180450
334.116608
334.329651
334.743744
334.722351
334.655609
334.577911
335.063080
334.481232
335.124573
335.650269
335.562714
335.586334
335.347534
335.575958
335.375763
335.194946
335.188751
335.496094
334.875153
334.952881
335.002411
334.472626
334.173859
335.125885
334.460938
334.272217
333.986237
333.786255
333.446899
332.951935
332.395752
332.105530
331.982361
331.799896
332.041199
331.448547
331.024872
330.954559
330.433502
330.073975
329.735077
329.653564
329.051849
329.214630
328.720215
329.121246
329.138275
329.213348
328.688690
328.958618
328.133301
328.854523
328.672882
328.500397
328.463531
329.345551
329.616791
329.360657
329.898041
330.362091
330.216431
331.026550
330.973969
331.242859
331.606659
332.037567
331.980774
332.641174
332.877411
333.820465
334.548401
334.730133
334.120789
334.821991
334.989044
335.658203
335.302216
336.830872
336.532318
336.392426
336.645386
336.265564
336.048615
335.829559
335.314606
335.293823
334.806488
334.588318
333.461273
332.971283
331.670319
330.365326
328.934875
327.687653
326.140656
324.242889
322.737488
320.875275
318.371765
315.957306
313.404022
310.448486
308.408234
305.908661
302.258972
299.001678
295.353516
292.058746
288.845367
285.028839
280.911224
277.390625
273.123077
268.585632
264.802429
260.373016
256.369385
252.284866
247.914093
243.700134
239.044205
235.230042
231.166611
227.096054
223.311752
219.090042
215.502472
211.909119
208.747421
205.809097
202.971359
200.000320
197.550919
195.147430
193.229004
191.527374
189.837784
188.227341
187.521729
186.429077
186.103088
185.750000

221.746872
183.851501
184.009384
184.874741
186.055969
187.174713
188.648636
190.643860
192.355133
194.516403
196.822388
199.373245
202.337784
205.411804
208.660919
212.119217
215.564911
218.860352
222.398804
226.366638
230.368790
234.220581
238.095642
242.431976
246.169586
250.473495
254.024323
258.384003
262.336853
265.791260
269.792297
273.685211
276.740112
280.768616
284.600830
287.799255
291.038696
294.448669
297.014130
299.614349
301.907440
304.465973
306.807526
309.488708
311.192139
312.691498
314.436584
316.367157
317.755585
318.843750
320.304535
320.818665
322.186432
323.445190
324.096191
324.246521
324.997070
325.238861
325.677124
325.252045
325.765656
325.471283
325.690308
325.872650
325.920074
325.529694
325.243713
324.865082
324.673737
324.399414
323.868622
323.724060
323.651947
323.349304
322.898438
322.512939
322.373657
322.069580
322.034119
322.165192
321.710968
320.513794
320.417847
320.382751
320.517029
320.431244
320.838531
320.694275
320.413910
320.521606
320.438141
320.701721
320.701019
321.144257
321.096893
321.177826
321.230652
321.214966
321.507660
322.195831
322.613159
322.770691
323.131409
322.938446
323.285004
324.267853
324.174988
325.120880
325.457397
325.914215
325.438995
325.650116
325.534668
325.735657
325.936371
326.932159
326.342194
327.096924
327.025848
327.813507
327.005432
327.575867
327.906555
328.201538
328.394196
328.381836
328.149109
328.305359
328.073059
328.169891
328.172150
327.971100
327.602814
327.724365
327.452057
327.402039
327.382172
327.867554
327.626282
327.292389
326.826324
326.145142
325.341705
325.828217
325.572540
325.304993
324.823578
324.067505
324.204498
323.541901
323.716980
323.489044
322.823029
322.363129
321.690125
321.664062
321.850922
321.249817
320.850037
320.623199
321.301117
321.072540
320.819702
320.393280
319.703766
319.654877
319.860016
320.460938
320.066711
320.534302
320.144104
320.015961
320.336121
320.649597
320.355560
320.857971
320.436859
320.665436
321.067719
321.830597
322.875916
323.314392
323.787506
323.967621
323.625153
323.367737
323.959442
323.573883
324.630096
325.172729
325.651459
325.846893
325.467010
325.780090
326.231903
326.833832
327.251831
327.221405
327.781006
328.433502
328.449005
328.331482
328.604279
329.095428
328.916351
329.012299
329.583771
328.987579
329.159668
328.737488
328.773529
329.218567
329.074860
328.567017
328.477936
328.701752
328.469635
328.266937
328.576630
328.296692
328.066589
328.024841
326.806702
326.691711
326.622284
326.370361
325.943359
325.399292
324.979095
324.531921
324.573181
324.779114
324.391724
323.701233
323.302124
323.490356
322.826691
322.861115
322.098480
321.842804
322.672119
321.967682
321.927734
321.115814
320.724365
321.155090
321.249268
321.061462
320.717224
320.637268
319.988739
320.206116
320.145874
320.219788
319.920380
319.902283
320.145813
320.182526
319.936127
320.270935
320.590240
320.464264
320.652710
320.425293
320.880432
320.590759
321.109375
321.916290
322.568481
322.857574
323.529755
323.205231
322.930573
323.630768
323.557617
323.903381
324.621582
324.499786
324.662354
324.743622
324.666443
325.471985
325.603760
325.957886
326.081329
326.458405
326.248322
327.187531
327.328339
327.383301
327.617126
327.357361
327.360931
327.834320
327.821106
327.377228
327.418030
327.805389
328.082062
327.898224
328.080017
327.233704
327.382599
327.663147
327.738220
327.564911
328.062256
327.972168
327.490601
326.858185
327.092133
327.185028
326.844513
326.893616
326.794037
325.727661
325.864868
325.581879
325.598633
325.436493
324.714386
324.453735
324.176331
324.244415
324.151978
323.721375
323.651093
323.015137
323.190186
323.484039
322.842743
322.802124
322.661011
322.818939
322.560333
322.196655
322.295380
322.428223
322.387451
322.512421
322.617554
322.324463
322.515808
322.271881
322.670654
322.705170
322.539490
323.084259
323.335052
323.584778
323.931671
323.775116
323.689423
323.948517
324.533539
324.092316
324.403076
324.710052
324.934723
325.522003
325.392059
326.128754
326.136597
326.921722
327.295166
327.450775
327.617981
327.662842
327.692230
328.061066
328.298126
328.193085
328.838623
328.696808
328.826050
329.321350
329.806580
329.568604
329.932953
329.749420
329.505310
329.645721
329.556671
330.756348
330.597687
330.272400
329.762146
329.706665
330.138611
329.875305
329.538513
329.276581
329.471191
329.313141
328.724792
328.987518
328.469574
328.145538
327.639893
327.254150
326.846710
327.309052
326.514099
326.894501
326.084808
326.048706
325.765289
325.748962
325.418671
325.651764
325.328827
324.655731
324.352875
324.463776
324.165649
323.821869
324.126526
323.308441
323.497803
323.224579
323.368652
322.782104
323.496704
323.556885
323.180176
323.153198
322.716583
323.104370
322.738678
322.505676
322.662964
322.541840
322.652344
323.085693
322.611145
322.955231
323.342529
323.711334
323.650269
323.792725
323.972168
324.888947
324.920776
324.695557
325.609253
325.722107
325.707916
325.787567
326.781799
326.653748
327.335236
327.025787
327.276886
327.362061
327.416016
327.786560
328.620300
328.669983
328.640991
328.977631
328.977264
329.284210
329.201416
329.511597
329.781982
330.094727
329.305695
329.942596
329.867950
329.495911
329.811005
329.762360
329.944824
329.641144
329.829865
329.865051
329.421204
329.693909
329.516418
328.974640
328.664642
329.065857
328.691803
329.439758
328.923248
328.304962
327.920349
328.142853
327.264160
327.345490
327.211395
327.153870
327.204773
326.871277
326.392761
327.172882
326.246765
326.063141
325.734619
325.628021
325.535034
325.239929
324.833282
325.480225
325.296539
324.673828
324.792084
324.827972
324.541595
324.595032
324.814240
324.253693
324.976593
324.107147
324.499237
325.149139
325.197510
325.319946
325.526520
325.332184
324.870361
325.500275
325.883514
326.287170
326.248016
327.003082
327.173645
327.250977
327.430145
327.727325
328.590302
328.678528
329.105164
329.328979
329.528137
330.066589
330.230835
330.493713
330.708862
330.884216
331.291870
331.456665
332.057434
332.394348
332.561584
332.399780
332.731171
333.091522
333.403046
333.581055
333.595551
333.753357
333.889282
334.270081
334.225677
334.290436
334.381348
334.375122
334.010193
334.183685
334.487762
333.829590
334.616272
334.027924
334.024414
334.130219
334.008545
333.540283
333.284454
333.019440
332.837677
332.767242
332.714386
332.080292
332.173981
332.204895
331.756348
331.539520
331.485901
330.846252
331.134644
330.866272
330.381256
330.345886
329.793030
329.623993
329.363495
329.894989
329.057098
328.484070
328.552765
328.838623
328.135864
328.234253
328.415070
328.251251
328.039612
328.169800
328.467499
328.357666
328.307770
328.221588
328.325165
328.583466
328.485535
328.655792
329.096588
328.690308
329.175079
329.447662
329.463043
329.625916
329.816711
330.431580
330.504578
330.327637
331.116058
331.702545
332.247467
332.327057
332.858307
332.859161
333.075409
333.786865
334.300446
334.661896
335.033661
335.265472
335.319183
335.696747
335.795013
336.554474
336.089935
336.588684
337.323273
337.691071
337.929016
337.935913
338.497681
337.691925
338.127258
339.270966
339.101990
338.851929
339.050415
339.009216
339.235321
338.571198
339.209076
339.351166
339.059540
338.912964
338.841217
339.055054
339.509155
339.295197
338.729523
338.424957
337.466248
337.497589
337.408844
336.897003
337.113556
336.961060
336.417786
336.089325
335.878418
336.165161
335.387085
334.900513
334.366272
334.170319
333.936646
334.281708
333.803497
333.758820
333.430847
332.306519
332.504211
332.126312
331.946014
331.508484
330.908691
331.758667
331.143433
331.058624
330.766113
330.799438
331.048492
330.937500
331.155945
330.614349
330.804626
330.297150
330.860596
330.784698
331.157196
331.435852
331.584625
331.916077
331.804260
331.699799
332.070129
331.988770
332.166626
332.642090
332.503143
332.993103
334.122650
334.033234
333.778839
334.189423
334.226471
334.586029
334.475952
335.069122
335.359344
335.892639
336.232239
336.875641
336.672089
336.562714
336.557129
337.258667
337.734894
337.754395
337.504883
337.796600
337.996918
337.945190
338.141113
338.461304
338.291412
338.708801
338.803314
338.967590
338.848053
338.525970
338.902222
338.517792
337.892212
338.907928
338.808350
338.617462
337.949799
337.859924
337.401886
337.255981
337.144012
337.059052
336.980774
337.033844
336.301666
336.099670
335.596069
335.450012
335.171753
335.031982
335.015259
334.950958
334.233276
334.171387
334.198395
334.008453
333.888031
333.737549
333.891998
333.816772
333.542664
333.011536
332.963135
332.395416
332.139282
332.113953
332.541473
332.647583
332.477692
332.381592
332.324432
332.372772
332.452148
332.732513
332.961273
332.739471
332.868988
332.919067
332.979523
333.291107
333.718567
333.931305
334.054077
334.529266
333.786591
334.099701
334.912811
335.288635
335.520111
335.478943
335.334229
334.938354
335.452606
335.594879
336.244324
336.545105
336.280640
336.650696
336.757874
336.940216
336.667755
337.617676
337.083618
337.086426
336.907104
337.081024
337.049683
337.803436
337.694397
338.186554
337.955658
337.790253
337.155762
336.993164
337.120850
336.764496
336.241821
336.630707
336.709747
336.192780
336.253784
335.889618
335.749664
336.053528
335.364655
335.285400
334.508118
334.368225
333.733490
334.134918
333.186005
333.721954
333.261169
333.253387
332.681824
333.042786
332.605774
331.767761
331.740448
331.146210
331.499481
331.757599
331.309052
330.743561
331.392029
330.966888
330.571381
331.167084
330.398895
331.289612
331.170868
330.367981
330.983093
330.942871
330.833038
330.618408
331.114471
330.649109
330.873138
330.907379
331.311371
331.377563
331.188049
331.662140
331.801971
332.210632
332.016998
332.069122
332.349213
333.040009
333.253510
333.168427
333.525452
333.447632
333.243683
334.155151
334.379242
334.782593
334.792236
334.722321
334.619141
335.112030
334.525330
335.150635
335.697754
335.609955
335.638184
335.384827
335.613037
335.421173
335.236603
335.254944
335.536255
334.911926
335.012085
335.020935
334.489960
334.206757
335.142090
334.514923
334.321716
334.019470
333.825287
333.488342
332.992371
332.437195
332.145081
332.016724
331.832764
332.074188
331.449951
331.046570
330.991302
330.445160
330.087982
329.745605
329.687042
329.082001
329.247101
328.758972
329.139771
329.151337
329.228638
328.715424
328.981079
328.134583
328.836884
328.678040
328.510773
328.466827
329.345032
329.607971
329.364227
329.906311
330.354950
330.239685
331.019836
330.964752
331.238586
331.597900
332.038666
331.992279
332.644073
332.881958
333.813080
334.525024
334.723206
334.096924
334.806763
334.958984
335.626862
335.289978
336.815674
336.524139
336.358917
336.602539
336.243988
336.017639
335.803284
335.292419
335.252533
334.763733
334.554596
333.407776
332.907135
331.618134
330.324890
328.896881
327.661591
326.068054
324.203278
322.689362
320.846802
318.326630
315.917755
313.352203
310.391998
308.360382
305.838409
302.184357
298.943665
295.296234
291.997620
288.792358
284.977631
280.851013
277.318573
273.045685
268.517883
264.722626
260.298096
256.287659
252.204529
247.814316
243.622406
238.977051
235.154205
231.093033
227.008804
223.205765
219.025742
215.435760
211.833832
208.664841
205.718353
202.874756
199.908539
197.456024
195.053482
193.138718
191.443939
189.751465
188.136597
187.424652
186.334534
186.016281
185.668030

