309.542664
173.384903
173.699463
174.511932
175.306168
176.396896
177.723389
179.495758
181.301346
183.368820
185.684753
188.053375
190.598801
193.439880
196.642853
199.651886
202.846497
206.491394
209.730713
213.459396
216.851837
220.890747
224.295898
228.246231
232.206589
235.863052
239.648743
243.453705
247.171356
250.708527
254.497650
257.748291
261.212616
264.825043
268.129669
271.117767
273.789032
277.033203
279.500977
282.359924
284.539093
287.211273
289.485962
291.393890
293.475128
295.242676
296.517578
298.534760
299.660309
301.273407
302.042572
302.810120
303.986267
304.735077
305.542908
306.237366
306.546021
306.577179
307.375519
307.837708
307.472382
307.948059
307.912231
308.052917
307.920441
307.237305
307.466339
306.942413
306.687500
306.348663
306.477539
306.597290
306.001801
305.733948
305.099854
305.112122
305.028503
304.896240
304.293945
304.404022
304.431030
303.944000
304.206116
304.256165
303.757568
303.699188
303.747833
303.661652
303.589844
303.156921
303.916870
303.752808
303.896790
304.553101
304.479645
304.776245
304.739227
305.487732
305.624298
305.802582
306.019012
305.940491
306.750519
306.961365
307.267487
307.866760
308.110718
308.577209
309.018738
309.442993
309.474365
309.674591
310.620514
310.332550
310.642120
311.429382
311.270416
311.621185
311.994934
312.477783
312.563354
312.722870
312.945251
313.273376
313.216980
313.061981
313.646484
313.359344
313.161011
313.261963
313.325989
312.816040
313.360291
312.661133
312.887634
312.666443
312.232727
312.813568
312.471985
312.113861
312.277100
311.550293
311.682770
311.466522
311.147339
310.493988
310.539551
310.346893
309.499451
310.195770
309.847656
309.165924
309.108551
308.527588
308.944855
308.346405
308.437225
307.859894
308.045685
308.201263
307.754120
307.751984
307.692993
307.917267
307.969208
307.891479
307.361298
308.234863
307.854462
307.786255
307.756470
308.249451
308.433838
308.202362
308.493134
308.846771
309.172852
309.050842
309.318298
309.874054
310.124420
310.566772
311.057983
311.144897
311.447632
311.652618
312.328369
312.342377
312.654236
313.101532
313.576660
313.939545
313.702515
314.507843
314.621826
315.421448
315.735352
316.116119
316.246796
316.319153
316.339844
317.095184
316.529236
317.272552
317.477936
318.093140
317.871887
318.434448
318.131042
318.311737
318.268982
318.161987
318.159363
318.161316
318.323853
318.033936
318.491089
317.895660
318.116516
317.656799
317.317688
317.131927
317.297546
316.849030
316.915771
316.693451
316.510468
316.399780
316.111359
315.236023
315.531219
315.322754
314.657867
314.245300
314.389008
314.434174
314.092255
313.508942
313.470093
313.247742
313.262207
312.957001
312.479584
312.783447
312.260406
312.242493
312.310669
311.888611
312.213226
311.745514
311.357513
311.452057
311.505981
311.653748
311.283447
311.547913
311.681519
312.080658
311.815308
312.273010
312.075134
312.061249
312.328186
312.912567
312.924561
312.980042
313.142365
313.356354
313.991943
314.293488
314.252441
314.572998
314.832092
315.538666
315.411194
316.010834
316.130005
316.717926
316.926758
316.855011
317.235016
317.881012
317.690063
318.066498
318.379364
318.802246
318.540741
319.254395
319.329407
319.168152
319.403381
320.069458
320.094086
320.370300
319.940460
320.525299
320.446503
320.710907
320.364075
320.302612
320.510315
320.055054
320.414520
320.324860
320.235016
320.194153
319.530396
319.958557
319.758514
319.991058
319.589874
319.074310
319.231781
319.221039
318.725464
318.901276
318.428375
318.342865
317.572021
317.879852
317.464935
317.764069
317.427094
317.045135
316.698944
316.763763
316.368469
316.038574
316.353638
315.941620
315.922485
316.034241
315.382477
315.685883
315.362915
314.917542
315.702026
315.253784
315.210754
315.258667
315.077209
315.216187
315.485596
315.482605
315.790619
315.850891
316.049713
315.996704
316.504028
316.663818
316.729218
317.151398
316.993408
317.378967
317.764923
318.153687
318.175934
318.235168
318.846405
319.242920
319.647583
319.731445
319.628998
319.683960
320.476349
320.500031
320.936523
321.545044
321.573730
322.370605
322.044281
322.608826
322.537994
322.497864
323.084351
322.897980
323.340363
323.382294
323.509857
323.586426
323.849243
324.016205
324.249451
324.106750
324.278046
323.982880
324.118408
324.108795
323.745392
324.337585
323.989502
323.681732
323.824677
323.686890
323.496887
323.082703
323.074646
322.817413
322.975647
322.615387
322.272949
322.184082
322.049011
322.082031
321.704285
321.466888
321.315369
321.317841
321.186066
320.828857
320.569763
320.497345
319.972626
319.961090
319.764130
319.680359
319.364380
319.802765
319.237823
319.361298
319.124939
319.143494
319.055267
319.160645
318.643158
318.748688
318.831787
318.788452
319.254120
319.075836
319.548309
319.191467
319.245728
319.869873
319.753754
319.866547
320.021454
320.396820
320.277283
320.832153
320.547241
321.078918
321.409821
321.347290
322.048340
322.152588
322.197052
322.354980
322.852509
323.276306
323.242004
323.553070
324.284912
324.197876
324.472260
324.798065
325.004608
325.191437
325.457703
325.679230
326.209198
325.920654
326.576477
326.851013
326.305664
326.909912
326.531311
327.180237
326.933533
327.049225
326.657288
327.446899
327.117340
327.035522
327.011932
326.965485
327.319550
327.350342
327.395416
327.076111
327.160126
326.739655
326.751678
326.290405
326.240936
326.656006
326.310852
326.183533
325.689270
325.511536
325.560944
325.865997
324.604095
324.958527
324.607666
324.647797
324.051361
324.373322
324.830170
324.364319
324.137848
323.613617
323.774384
323.812256
323.698364
323.818207
323.334503
323.277039
323.545898
323.902008
323.631470
323.578674
323.719482
323.761169
323.852509
323.993683
324.389221
324.622986
324.589447
324.900574
325.038361
325.140686
325.817719
326.006287
325.864044
326.241180
326.817200
327.089905
327.123199
327.607635
328.366272
328.759857
329.059235
329.459808
329.725891
329.970245
329.934540
330.396637
331.047089
331.291260
332.164734
332.404755
332.620026
333.026581
333.042694
333.474945
333.661224
333.733124
334.694580
334.671356
334.964386
335.141022
335.051392
334.966919
335.458832
335.885834
335.836243
336.218750
335.846680
335.841431
336.187042
336.585419
335.694244
336.629944
336.217773
336.065552
335.903198
336.084534
335.703857
335.801239
335.851257
335.623779
335.177490
335.060608
334.553619
334.902954
334.390961
334.627380
334.359741
334.086884
333.991119
333.876526
333.314117
333.229675
333.085785
333.022156
332.986298
332.773621
332.744232
332.434448
332.422516
332.299835
332.565826
332.250793
332.376465
332.140472
332.050964
332.163666
332.455261
332.321045
332.647736
332.753235
332.390717
333.381500
332.862732
332.730286
333.218872
333.447540
333.689667
333.817444
334.369965
334.791107
335.105011
335.378693
335.874786
336.282318
336.776276
336.786560
337.669556
337.631378
337.995178
338.600525
339.159271
339.307220
339.323120
339.602325
340.866852
341.260742
341.134766
342.008942
342.363617
342.563293
342.544769
342.975037
343.085114
343.525360
343.764709
344.141846
344.423340
345.131317
344.784576
345.698273
345.481476
345.780670
345.623322
345.253021
346.160583
345.925110
346.680298
345.951630
345.748108
345.973633
345.497742
346.078186
346.187317
345.720276
345.434875
345.295715
345.183044
345.126587
344.917419
344.892670
344.713654
344.358551
343.784393
343.969727
343.246643
343.053802
343.138611
342.502502
342.434418
342.781921
342.145996
341.803833
341.659088
341.117310
341.474396
341.205963
340.946289
340.689362
340.485840
340.351593
340.361816
340.330353
340.074005
340.375153
340.380646
340.063690
340.120270
339.612823
339.431671
340.077301
340.123505
340.154907
339.862640
340.332550
340.610657
340.817993
340.563721
341.153900
341.234833
341.248047
341.940979
341.807098
342.349976
342.553192
342.532623
343.117126
343.579315
343.898468
343.869568
344.419525
344.800751
344.953735
345.478302
346.022552
346.331055
346.256897
346.661469
346.615540
347.217346
347.771820
347.745819
348.065033
348.203064
348.675385
348.523712
348.777863
348.906891
349.714813
349.282013
349.657257
349.981232
349.310883
349.582092
349.968231
349.969879
350.034729
349.856964
349.439972
349.926514
349.296967
349.536896
349.519318
349.565979
348.898010
349.056854
349.342712
348.612885
348.889740
348.469116
348.697540
347.980560
348.183380
348.186890
347.679993
347.223022
347.047516
347.490326
346.774811
346.599670
347.039185
346.741516
345.819611
346.205566
345.773651
346.022980
345.823059
345.743134
346.001007
345.665161
345.406464
345.601532
345.439545
345.409698
345.140869
345.389984
345.074097
345.185791
345.546844
345.670624
345.949554
345.683197
345.825287
346.325104
346.625702
346.011261
346.616455
346.544159
346.831421
347.273590
347.568970
347.519775
347.953949
348.255280
348.746002
349.276031
349.065521
349.205963
349.770599
349.548035
349.979584
350.028961
350.516235
350.777313
350.793884
350.637848
351.467926
351.629547
352.018372
352.046936
351.730652
351.659454
352.147766
352.532623
352.113495
351.798889
351.816101
352.326202
352.638855
352.195099
352.175323
352.093933
351.885651
351.894257
351.400116
351.516998
351.434937
351.446655
351.484833
350.823456
350.598541
350.650787
350.521332
350.261566
349.870544
349.638824
349.179565
349.091980
349.368683
348.387115
348.477997
348.171600
348.501007
348.004974
347.939270
347.600983
347.049835
347.339783
346.766113
347.343750
347.285675
346.766327
346.738190
346.557343
346.206940
346.637054
346.150330
346.763367
346.573730
346.440796
346.447418
346.444000
346.869476
346.788055
346.774597
346.812408
346.984314
347.652893
347.733368
347.881226
347.439880
348.195984
348.323334
348.410370
348.982910
348.928558
349.154999
349.274658
349.628998
350.291595
350.125488
350.362183
350.926239
350.458160
351.347382
350.823395
351.347260
351.360107
352.227936
351.749908
351.805023
351.254486
352.281189
352.110535
352.310394
352.365875
352.200836
351.701385
351.755096
351.958221
352.073151
351.551117
351.392090
351.438416
351.467285
351.192200
350.656036
350.631836
350.537689
349.967255
349.828552
349.718689
349.348755
348.968658
348.676025
348.238953
348.492645
347.893280
347.428375
347.488770
346.897003
346.828308
346.793121
346.705841
346.108002
345.877319
345.935822
345.756897
345.621521
345.679169
345.658966
345.738556
345.414734
345.489319
345.698486
345.666595
345.917725
346.042480
346.286194
346.216675
346.784607
347.108643
347.500092
347.432465
347.806854
347.937897
348.570282
348.889374
349.550812
349.818726
350.265503
350.911346
350.960846
351.792786
351.785858
352.409851
352.770172
352.782288
353.102936
353.056030
353.442535
353.193512
353.519073
353.531067
353.026733
353.160156
353.297821
351.945770
351.692535
351.222076
350.699005
349.575928
348.641327
347.649048
346.195953
344.450562
343.269928
341.106354
338.818695
337.606415
334.875702
332.300293
329.966553
327.083801
323.842224
321.191101
318.070190
314.375793
311.005585
306.901459
302.885895
299.390839
295.495667
291.425385
286.741028
282.561066
278.091125
273.904480
269.295319
264.624695
260.260742
255.711395
251.535248
246.877411
243.030396
238.619156
234.250534
230.197891
226.290985
222.963959
219.140442
215.561020
212.597214
209.825745
207.257553
204.505936
202.398163
200.596375
199.026062
197.436600
196.413589
195.862137
195.241669
195.775772

303.711212
173.768616
174.101532
174.886566
175.686661
176.804428
178.099182
179.894821
181.707336
183.784271
186.091980
188.489868
191.008148
193.887558
197.084732
200.100586
203.313751
206.975052
210.228394
213.945740
217.358948
221.404678
224.821259
228.774078
232.754990
236.440338
240.240097
244.009506
247.765472
251.325729
255.114075
258.396271
261.859985
265.457642
268.766174
271.798157
274.489594
277.763824
280.240570
283.086334
285.297943
288.001953
290.273163
292.221863
294.284302
296.062561
297.355530
299.396637
300.517639
302.153748
302.917084
303.712708
304.897034
305.675842
306.476471
307.135864
307.523926
307.552948
308.375275
308.804291
308.468597
308.949066
308.888947
309.043091
308.915710
308.221161
308.492035
307.969543
307.702606
307.371887
307.511597
307.611237
307.020538
306.726105
306.120850
306.129944
306.028015
305.878967
305.331818
305.405823
305.430420
304.909485
305.194885
305.229431
304.736206
304.641052
304.704865
304.565247
304.519958
304.105743
304.807098
304.637512
304.751740
305.379181
305.280060
305.611542
305.554565
306.264313
306.383118
306.566742
306.757172
306.658936
307.438995
307.613800
307.897919
308.487457
308.712280
309.180786
309.564972
309.990326
310.000427
310.185577
311.091125
310.782990
311.088104
311.860321
311.667816
311.989624
312.327850
312.794830
312.884460
313.009491
313.211945
313.535156
313.439423
313.271149
313.821930
313.513336
313.297729
313.388641
313.430481
312.898987
313.419006
312.707947
312.917938
312.677429
312.227264
312.807220
312.430298
312.064423
312.201843
311.485352
311.579895
311.338257
311.000214
310.327423
310.367767
310.183685
309.301300
309.991730
309.637878
308.938568
308.861206
308.297028
308.695557
308.082916
308.184814
307.598633
307.784210
307.919891
307.486572
307.475769
307.384552
307.633514
307.680511
307.623138
307.080536
307.949066
307.564728
307.502777
307.460205
307.982178
308.165649
307.940826
308.246674
308.573090
308.897400
308.832367
309.076233
309.636566
309.918488
310.359619
310.883942
310.926147
311.240631
311.492889
312.170532
312.207367
312.516083
312.983978
313.517517
313.849335
313.653381
314.454529
314.587616
315.385040
315.734314
316.072052
316.237701
316.343933
316.389587
317.138702
316.588165
317.322327
317.588074
318.205200
317.999634
318.589569
318.268707
318.462433
318.464935
318.360901
318.367920
318.406647
318.588135
318.287964
318.768097
318.144745
318.393768
317.981934
317.625977
317.449127
317.639587
317.239807
317.298798
317.079224
316.908783
316.821808
316.535187
315.650970
315.942627
315.772827
315.140747
314.695251
314.874512
314.914673
314.608337
314.012451
313.995697
313.814056
313.810638
313.519623
313.014221
313.333038
312.832123
312.780487
312.878906
312.445770
312.802246
312.404114
311.957062
312.050568
312.126709
312.264404
311.898987
312.186584
312.315521
312.713837
312.457489
312.890289
312.715424
312.701569
312.988831
313.540497
313.590515
313.630768
313.841919
314.061981
314.667267
314.992310
314.967529
315.247162
315.559357
316.215790
316.121002
316.741821
316.870728
317.430328
317.650909
317.575317
317.945251
318.580902
318.436035
318.758331
319.114746
319.532471
319.319366
319.978760
320.052856
319.932159
320.163300
320.804810
320.840607
321.089050
320.693573
321.292267
321.228302
321.473755
321.076477
321.101318
321.305389
320.847809
321.188568
321.105957
321.045898
321.004608
320.325684
320.755005
320.562744
320.786499
320.422760
319.928558
320.053467
320.060516
319.544800
319.733826
319.281677
319.238525
318.424286
318.724060
318.327026
318.628082
318.274597
317.915314
317.573700
317.639435
317.256989
316.918976
317.251068
316.813202
316.815552
316.927460
316.290070
316.600281
316.274139
315.817261
316.585510
316.149872
316.092346
316.140991
316.028015
316.141876
316.438324
316.406006
316.714874
316.741150
316.961792
316.919708
317.415741
317.553040
317.615753
318.064880
317.878387
318.302124
318.646179
319.005402
319.027069
319.103485
319.692657
320.149414
320.567719
320.625092
320.459137
320.524292
321.284943
321.301331
321.745056
322.367035
322.348145
323.183411
322.870819
323.415863
323.320282
323.272125
323.831909
323.714569
324.109283
324.100372
324.273712
324.337921
324.474487
324.715576
324.882721
324.786438
324.965973
324.640045
324.737396
324.717926
324.391479
324.953979
324.590485
324.262390
324.408508
324.253937
324.019806
323.616272
323.565704
323.315796
323.477386
323.097321
322.743591
322.599335
322.523315
322.521057
322.083405
321.887390
321.690613
321.715088
321.583405
321.199188
320.880859
320.796356
320.316528
320.308838
320.052124
319.939026
319.636627
320.042755
319.467010
319.584106
319.356750
319.362793
319.291565
319.371399
318.860199
318.910370
319.017731
318.981750
319.388855
319.214355
319.670044
319.329773
319.350037
320.001038
319.850983
319.968475
320.131805
320.516235
320.409149
320.923096
320.624115
321.140015
321.464783
321.421661
322.096191
322.175201
322.262939
322.399750
322.900909
323.331146
323.295837
323.618958
324.308258
324.215973
324.521576
324.850891
325.045593
325.220276
325.497650
325.718719
326.243317
325.937866
326.606110
326.874268
326.352295
326.954163
326.595551
327.242584
327.014313
327.097504
326.742737
327.514374
327.157776
327.094238
327.072266
327.062164
327.380341
327.413818
327.446228
327.132263
327.225037
326.822968
326.836700
326.355835
326.324677
326.763275
326.387482
326.260986
325.812286
325.621887
325.645996
325.961395
324.710846
325.036743
324.731750
324.734436
324.145264
324.458893
324.907990
324.472076
324.218018
323.715424
323.877960
323.871918
323.787964
323.917297
323.405273
323.360504
323.633362
323.968842
323.710205
323.629944
323.715271
323.844055
323.913086
324.082062
324.439728
324.691589
324.652344
324.971924
325.093658
325.170776
325.857452
326.035553
325.911255
326.295990
326.848602
327.097351
327.157410
327.581451
328.365417
328.745605
329.047180
329.472656
329.713867
329.940765
329.894562
330.375153
330.997284
331.242279
332.102600
332.340240
332.526855
332.951904
332.950531
333.376587
333.544739
333.603699
334.595612
334.539520
334.802002
335.005615
334.904602
334.835083
335.303955
335.734100
335.666870
336.054749
335.648834
335.630005
335.998627
336.368317
335.475891
336.415863
336.002747
335.835541
335.667999
335.863434
335.465271
335.558075
335.607819
335.364075
334.916260
334.783997
334.271332
334.621552
334.093689
334.387665
334.086151
333.818695
333.719513
333.605438
333.033173
332.971191
332.797272
332.749207
332.693726
332.514038
332.423523
332.163544
332.154724
332.030640
332.269440
331.943939
332.097900
331.853546
331.767181
331.874207
332.211578
332.064606
332.402222
332.504272
332.151245
333.119324
332.618042
332.503571
332.987518
333.234772
333.469208
333.601959
334.167358
334.604523
334.915161
335.185669
335.689331
336.104767
336.603394
336.609375
337.530945
337.486969
337.868683
338.486908
339.049774
339.204041
339.221802
339.512482
340.791138
341.200165
341.055237
341.952759
342.300049
342.508575
342.537689
342.940247
343.081299
343.513855
343.785004
344.160675
344.448547
345.165802
344.799133
345.742737
345.566010
345.854156
345.676514
345.335602
346.255493
346.021484
346.804443
346.081573
345.885468
346.148041
345.633728
346.236481
346.344513
345.901886
345.609924
345.473724
345.417511
345.301208
345.136444
345.092712
344.940430
344.637299
344.024353
344.230988
343.480377
343.346130
343.408966
342.767273
342.722321
343.073151
342.476562
342.079376
341.971222
341.429443
341.788544
341.543793
341.259583
341.042053
340.813263
340.667267
340.686676
340.697815
340.432495
340.727936
340.739471
340.443939
340.477936
339.994232
339.818970
340.453003
340.471069
340.541779
340.276764
340.703308
341.005463
341.202820
340.939240
341.540985
341.630951
341.604645
342.293732
342.235748
342.730347
342.950073
342.928314
343.489929
343.961090
344.284210
344.268951
344.793640
345.176910
345.350891
345.875244
346.406921
346.692169
346.619507
347.065826
347.002014
347.595856
348.120239
348.090424
348.448853
348.579071
349.020599
348.882996
349.140930
349.234741
350.100800
349.602661
349.968079
350.299957
349.637726
349.932861
350.309326
350.274017
350.374817
350.174530
349.756714
350.259369
349.571014
349.836182
349.816559
349.842255
349.155212
349.355865
349.607086
348.875824
349.159393
348.744537
348.979218
348.236542
348.432800
348.450928
347.900085
347.443970
347.332916
347.738556
347.012573
346.822571
347.288635
346.973541
346.041260
346.413025
345.996002
346.237000
346.006836
345.954315
346.178314
345.851318
345.602509
345.784821
345.587280
345.601929
345.270782
345.532043
345.233826
345.320679
345.664581
345.835358
346.106201
345.804291
345.953796
346.474518
346.733459
346.099518
346.707489
346.628601
346.918610
347.331146
347.661987
347.595764
348.016022
348.329376
348.785065
349.296478
349.112091
349.277405
349.808746
349.569946
350.018616
350.050568
350.521973
350.819519
350.812164
350.667175
351.470886
351.618713
352.000519
352.017487
351.688324
351.642456
352.162048
352.487244
352.064606
351.773590
351.793823
352.264771
352.585358
352.127808
352.106903
352.025513
351.812897
351.830750
351.311279
351.400970
351.334290
351.360474
351.371887
350.735718
350.485138
350.528534
350.395996
350.153442
349.739349
349.511566
349.064606
348.978027
349.227631
348.263733
348.361145
348.045044
348.316528
347.852478
347.784882
347.422699
346.886505
347.149109
346.559204
347.175751
347.142975
346.585876
346.553192
346.385071
346.038086
346.447144
345.963226
346.544312
346.381287
346.245056
346.254395
346.223846
346.687225
346.584259
346.571869
346.594269
346.762787
347.445770
347.522339
347.675049
347.253082
348.001862
348.090759
348.169220
348.780151
348.737488
348.928986
349.039612
349.425354
350.061523
349.910675
350.116089
350.741241
350.227203
351.103363
350.652588
351.123322
351.153656
352.009003
351.544342
351.580994
351.049103
352.046967
351.893555
352.095032
352.177155
351.992706
351.501251
351.543640
351.727753
351.876007
351.339752
351.172211
351.224976
351.251160
351.006012
350.439972
350.441986
350.347137
349.794128
349.649567
349.514282
349.174530
348.788300
348.473419
348.055115
348.329254
347.705688
347.256104
347.292847
346.716675
346.641266
346.615631
346.519623
345.953461
345.719391
345.793945
345.616943
345.458984
345.515961
345.547150
345.593475
345.272217
345.350616
345.571655
345.555847
345.784851
345.926971
346.149231
346.111298
346.678772
347.011200
347.410645
347.330444
347.704956
347.865082
348.511383
348.805695
349.450073
349.754639
350.193237
350.857513
350.865662
351.746368
351.740112
352.357605
352.719757
352.740417
353.072174
353.016052
353.402679
353.163269
353.497223
353.491577
353.011017
353.154846
353.282715
351.945587
351.690125
351.239777
350.705170
349.559906
348.647675
347.651154
346.224579
344.475159
343.295349
341.136566
338.868286
337.631470
334.920959
332.361053
330.031860
327.135223
323.919495
321.253845
318.134552
314.443054
311.079071
306.987701
302.977905
299.501160
295.579407
291.526489
286.851166
282.664276
278.202179
273.999756
269.401855
264.751160
260.370789
255.814590
251.636688
246.994232
243.158356
238.717865
234.366684
230.325485
226.426163
223.095520
219.295822
215.702087
212.733398
209.952515
207.406799
204.633438
202.520538
200.721786
199.148773
197.570770
196.537506
195.998901
195.382187
195.995422

221.816513
184.397141
184.746735
185.271164
186.423477
187.479324
189.241272
191.088531
192.877487
195.358765
197.362946
200.307907
202.892090
205.701920
209.215805
212.429016
215.944473
219.293854
223.571869
226.956970
230.997589
234.993027
239.149826
243.394806
247.255737
251.076370
255.149536
259.257538
263.164185
266.790283
270.942261
274.805725
278.481262
281.616089
285.214722
288.389618
291.780853
294.572601
297.479584
300.494629
303.082062
305.742249
307.800507
310.170898
311.807648
313.709900
315.481628
316.968903
318.526123
319.527496
321.018890
321.951233
323.001862
323.744476
324.137390
325.064880
325.105804
325.839661
326.090759
326.391724
326.009308
325.740234
326.190918
326.047089
326.085663
325.881378
325.293488
325.358368
324.868622
325.218292
324.654785
324.306335
323.939392
323.596069
323.575287
322.867676
322.871338
322.610809
322.418518
322.643036
321.779755
321.356873
321.282867
321.021637
320.798828
320.968018
320.670837
320.769897
320.713898
320.755798
320.849121
320.836609
321.154175
320.881531
321.583740
321.444824
321.628937
321.788574
322.127075
322.330627
322.751923
322.914124
323.041199
323.617157
324.130554
324.587128
324.245819
325.132965
324.988373
325.217468
325.511383
326.252411
326.221924
326.604431
326.506134
327.408386
327.600677
328.063507
327.992340
328.205109
328.464569
328.532990
328.511993
328.576843
328.833618
328.829041
328.662628
328.763519
328.755859
328.618652
328.465759
328.465607
328.400330
328.350128
328.284546
327.701752
327.505890
328.001312
327.696106
327.034180
326.632904
326.610382
326.184326
325.679749
325.983276
325.345459
324.646271
324.693878
324.132843
324.116791
323.685272
323.204865
323.082947
322.841797
322.846466
321.948029
322.001556
321.694031
321.312592
321.527588
321.531158
321.517151
320.980621
320.992523
321.010742
320.730042
320.911438
320.950287
321.061188
321.127594
320.900665
321.009979
320.957184
321.808167
321.607239
321.901611
321.501709
322.364349
322.507904
322.739777
323.117981
323.195282
323.529510
323.569092
323.554504
324.127899
324.741211
325.242737
325.177673
325.747925
325.964600
326.216431
326.692352
326.840210
327.175995
327.466156
327.070282
328.102295
328.257324
328.746338
328.780945
329.483276
329.378204
329.207214
329.549835
329.618073
329.593933
329.717865
329.819489
329.517059
329.747162
329.581696
329.870972
329.676880
329.665192
329.413483
329.469818
329.423981
329.288605
328.596252
328.420959
328.431732
328.290680
327.292206
327.308777
327.355560
326.776733
326.637573
326.186340
326.217590
325.983978
325.681488
324.915588
324.965332
324.789185
324.672577
323.993469
323.912048
323.424927
323.286652
322.908875
322.734436
322.679565
322.193817
322.226715
321.909119
322.139679
321.793732
321.796051
321.689178
320.890045
321.316071
320.881012
321.192749
320.802032
321.247559
321.049377
321.081970
320.998444
321.168854
321.141815
321.353668
321.393646
321.099579
321.830811
322.015259
322.285950
322.154694
322.857819
323.300446
323.349518
323.305359
323.736053
323.919678
324.168213
324.812286
324.600098
325.061218
325.431915
325.486969
325.592896
326.056366
326.947906
327.042542
326.904907
326.897125
327.255798
327.564667
327.710999
328.149597
328.266510
328.125916
328.008820
328.359344
328.454376
328.734375
328.756195
328.632965
328.251831
328.096008
327.934753
328.423126
328.500519
328.077728
327.717865
327.914520
327.510742
327.604309
327.792114
327.612244
326.927429
326.566254
326.936584
326.353119
326.370697
325.969269
325.934174
325.509888
325.261536
325.057739
324.932892
324.779938
324.613922
323.768524
324.057617
323.866058
323.147064
322.844452
323.309143
323.484680
322.990784
322.679504
322.605927
322.630463
322.409668
322.226562
322.046661
322.065399
322.434845
322.076721
322.734192
321.961029
322.082794
322.050751
322.397369
322.091095
322.394928
322.771393
322.929901
322.699280
323.357941
322.944061
323.648712
323.904175
323.831238
324.292419
324.298859
324.377991
325.141479
325.264954
325.430695
325.324493
325.990692
326.269379
326.407043
326.959473
326.956024
327.299255
327.421204
327.518158
328.026123
328.595795
328.609406
328.500854
328.971619
329.352081
329.345856
329.583771
329.568817
329.665558
329.462616
329.455231
330.231354
330.060883
329.989716
329.801971
330.452759
329.697174
329.902771
330.061371
329.189331
329.652283
329.363068
329.354828
328.786346
328.840149
329.030029
328.236755
328.302673
327.829681
327.833893
327.461609
327.298157
327.079437
327.235382
326.980988
326.691528
326.685669
326.173309
325.704498
326.031982
325.539062
325.465912
325.168915
324.999146
324.776306
324.458374
324.212708
324.095459
324.218536
324.024780
323.801361
323.963074
323.839966
324.092377
323.797211
324.241852
324.044800
324.215149
323.791138
324.069702
323.927521
324.393555
324.738983
324.455170
324.614471
324.724213
325.102539
325.300232
325.518951
325.089478
325.598755
325.931000
326.107605
326.380493
326.558594
326.988342
327.105988
327.710724
327.673004
328.272858
328.193848
328.646759
329.125397
329.088440
329.111542
329.750519
329.945038
330.007385
330.034729
330.220306
330.455383
330.555725
331.119568
330.968231
331.098022
331.323425
331.313629
331.312225
331.504547
331.240631
331.534119
331.796173
331.100800
331.545288
330.903961
330.882111
331.014679
330.766724
330.901703
330.870850
330.844788
330.368347
330.186646
330.560211
329.834229
329.981384
329.750122
329.487000
329.047180
329.052582
328.880615
328.671997
328.522278
328.290466
327.913055
327.873016
327.209320
327.330078
327.296356
326.925812
326.581085
326.697723
326.912354
326.701416
326.659424
326.017975
326.306915
325.803375
326.399384
325.777283
326.334930
327.063660
326.012451
326.569641
326.558014
326.938690
327.006287
326.924042
327.439026
327.603851
327.713470
327.482971
328.291229
328.516479
328.230469
329.216095
328.887756
329.087311
329.379181
330.330902
330.407104
330.277802
330.808624
331.591309
331.835052
331.934174
332.674561
332.433380
333.284515
332.989502
333.582031
333.869232
334.160492
334.546600
334.441437
334.799896
334.614471
335.357452
335.129852
335.181213
335.494904
335.838043
335.804535
335.720917
336.008423
336.055298
335.941467
336.392517
335.959534
336.266418
336.382782
336.133820
335.964355
335.879944
335.964996
335.880432
335.662201
335.392639
335.102325
334.879730
334.659576
334.840424
334.511963
334.348297
334.184570
333.976044
333.666626
333.289612
333.107300
332.603973
332.800690
332.582520
331.942841
331.749268
331.630402
331.369019
331.350372
331.947083
330.788788
330.791107
331.015594
331.088837
330.432587
330.064575
330.238373
330.024536
330.434570
330.403656
329.897491
329.990570
329.732758
330.375916
330.477142
330.494812
330.330902
330.672638
331.353149
331.632446
331.328918
331.813477
331.829315
332.266388
332.452301
332.764832
333.464813
333.395660
333.433289
334.130341
334.286560
334.583374
335.009186
334.929993
335.469574
335.800812
336.324677
336.399689
337.108917
337.203674
337.356110
337.750549
338.371094
338.350403
338.508545
339.109772
339.649597
339.421631
339.883636
339.972260
339.822113
340.170074
340.754486
340.723480
340.420685
340.694763
340.931641
340.760559
340.370819
340.345093
340.497620
340.841797
340.349060
340.383575
340.520721
340.340240
340.373688
340.064545
339.849426
339.387695
339.036255
338.918457
338.650848
338.674072
338.611603
337.739380
337.591797
337.446930
336.736389
337.156921
336.630920
336.027069
335.857544
335.637115
335.538452
335.136078
335.059753
334.516113
334.189789
334.248108
333.832947
333.539154
333.240417
333.366486
332.804413
333.116821
333.025818
333.022186
332.557404
332.859711
332.813934
332.636078
333.008972
332.628448
332.660645
332.793335
332.444336
332.874725
332.853394
333.228302
333.565247
333.762573
333.351532
334.184296
333.870697
333.898987
334.116608
334.644562
334.909332
335.293060
335.797302
336.058594
335.632111
336.227264
336.791321
336.930969
337.584320
337.269714
337.808563
337.593323
338.532471
338.209045
338.740265
338.948029
339.448273
338.914825
339.034576
339.545258
339.513611
339.651428
340.082520
339.763245
340.084991
340.988678
340.222321
340.326202
339.897369
340.349121
340.234406
339.907867
339.838287
339.804749
339.761780
339.440308
339.381836
339.352814
338.985748
338.918671
338.278809
338.067169
338.394073
338.393951
337.545197
337.641937
337.222198
337.182037
337.291748
337.055786
336.706299
336.416534
336.168671
335.831329
335.528076
335.650085
335.034485
335.366302
335.201111
334.480621
335.107239
334.639740
334.092834
333.819794
333.691986
333.561462
334.379395
334.028381
334.103821
334.260101
333.908752
333.401703
334.289154
334.007690
334.245880
334.419983
334.142090
334.488281
334.270569
334.608185
334.779602
334.976196
335.106018
335.272125
336.092896
335.903839
335.342194
336.324890
336.249786
336.139343
336.460205
336.864075
337.055206
336.635284
337.560028
337.385651
337.583984
338.022461
338.459137
338.288269
338.786438
339.130585
339.009460
338.966278
338.909424
339.408447
338.718658
339.014130
339.209229
339.084656
339.652649
339.964264
339.499084
338.736084
338.879425
339.096161
339.285889
338.279327
338.915009
338.483582
338.033478
337.976349
338.018463
337.784576
337.608154
337.369476
337.088959
336.690948
336.188354
336.043365
335.722565
335.958984
335.382446
335.458313
335.229828
335.135376
334.756409
334.527344
334.135803
333.451141
333.726868
333.424103
333.519867
333.340424
333.271881
333.028900
333.149536
333.109741
332.895172
332.696838
332.719330
332.836426
332.819946
332.681641
333.066467
332.773590
332.602600
333.007751
332.870056
332.978302
333.309570
333.635925
333.580261
333.715454
334.464417
334.010651
334.562195
334.788177
334.981354
334.976105
334.907715
335.315186
335.567963
336.294220
335.832825
336.178589
336.249237
336.462494
336.873535
336.870789
336.976776
337.526611
337.668915
337.579498
337.734863
338.028778
337.898285
337.967285
337.424744
337.639923
337.564331
337.999084
337.542633
337.504333
337.532227
337.474670
337.383301
336.777466
337.238953
336.960785
336.843903
336.547302
336.330444
335.413879
335.489319
335.111969
334.875854
334.126343
333.853485
334.646790
333.739471
334.024139
333.331146
333.575226
332.771973
332.716553
332.373352
332.184845
332.115387
332.032990
332.002441
331.850830
331.552277
331.887878
331.751099
331.487122
331.577148
331.824310
331.769562
331.379425
331.709930
331.391022
331.511017
332.064880
332.411377
332.515656
332.685577
333.129730
333.541687
333.940186
334.258148
334.587585
334.952911
334.998596
335.521423
336.000427
336.264618
337.055878
337.171326
337.317017
337.715149
337.968414
338.342865
338.691467
338.543060
338.832153
338.777008
338.570557
337.845612
337.822845
338.006348
337.971680
337.219940
336.444550
336.151398
335.517212
334.523438
332.896332
331.447449
330.410645
328.569733
326.776611
325.427399
322.803406
321.050049
318.501984
315.876556
313.218567
309.984253
307.585785
304.306488
301.205688
297.694702
294.237396
290.681427
287.073853
282.876770
279.186188
274.696869
270.650299
266.578857
262.199432
258.414703
253.909012
249.818954
245.259003
241.033722
236.896820
232.677704
229.087540
224.637573
221.033585
216.977341
213.607086
210.253326
207.158920
204.106522
201.310501
199.027695
196.562027
194.557068
192.734970
191.070862
189.570908
188.582123
187.841888
187.768692
187.802917

226.686813
185.001083
185.383698
185.889618
187.038376
188.099899
189.849823
191.709000
193.521027
195.989304
198.014313
200.957840
203.538818
206.368317
209.855042
213.063751
216.626404
219.976212
224.269424
227.659454
231.684357
235.691513
239.839066
244.137863
247.985870
251.816376
255.879135
260.004883
263.944580
267.583282
271.740997
275.595459
279.298248
282.452454
286.035828
289.274719
292.621094
295.438080
298.387543
301.382324
303.991547
306.694794
308.700592
311.085022
312.736664
314.635681
316.458130
317.952942
319.515442
320.508087
322.042236
322.912750
324.058594
324.756866
325.199310
326.087006
326.204163
326.876068
327.188049
327.485077
327.125183
326.836151
327.344391
327.137421
327.179291
326.970978
326.414795
326.439636
325.944183
326.345947
325.800385
325.416443
325.093903
324.771576
324.692810
324.022644
324.009918
323.724182
323.602905
323.803680
322.883270
322.523560
322.408447
322.094666
321.900970
322.054657
321.795074
321.893372
321.799805
321.880707
321.958221
321.929352
322.238159
321.952972
322.640289
322.535828
322.682678
322.835358
323.159424
323.337585
323.721924
323.925781
324.058868
324.593811
325.127136
325.513702
325.197632
326.097290
325.882507
326.135986
326.389954
327.130005
327.075195
327.535309
327.399933
328.297638
328.413605
328.884796
328.792511
328.982788
329.250092
329.335938
329.248932
329.289612
329.568756
329.541473
329.320770
329.486237
329.419495
329.309967
329.084900
329.101349
329.022095
328.980530
328.928192
328.287994
328.089600
328.541748
328.248444
327.597382
327.144318
327.142426
326.739227
326.166077
326.445312
325.796204
325.148163
325.116302
324.564819
324.564545
324.136749
323.655334
323.479797
323.287537
323.209534
322.375153
322.367157
322.079651
321.675385
321.848389
321.887939
321.866669
321.326782
321.323273
321.356964
321.030823
321.284058
321.246948
321.317841
321.384186
321.182465
321.337128
321.244537
322.061249
321.888672
322.188354
321.763092
322.587769
322.781830
322.956665
323.360596
323.439697
323.752625
323.776764
323.747162
324.339935
324.986145
325.437531
325.350677
325.920959
326.140503
326.397614
326.871796
327.001373
327.351624
327.653900
327.232056
328.248322
328.385437
328.875854
328.935974
329.603607
329.505219
329.323853
329.657166
329.730896
329.736450
329.803345
329.933105
329.641846
329.855316
329.658264
329.938538
329.737274
329.729095
329.464355
329.491486
329.457245
329.326691
328.639618
328.450439
328.443512
328.295410
327.301666
327.323669
327.345917
326.763458
326.621613
326.182922
326.169769
325.939819
325.632843
324.870636
324.916901
324.720032
324.604126
323.938629
323.825317
323.339020
323.179718
322.799042
322.615784
322.578369
322.100159
322.113739
321.788361
322.045776
321.636688
321.649353
321.581757
320.747772
321.177673
320.735199
321.065552
320.659302
321.117706
320.943817
320.924438
320.831268
321.011841
320.996033
321.203918
321.246338
320.966187
321.689941
321.874420
322.145691
322.057129
322.720581
323.183075
323.220795
323.185211
323.622162
323.798157
324.064667
324.704010
324.517181
324.976593
325.351807
325.420776
325.509979
325.997681
326.909180
327.000153
326.881958
326.888916
327.260956
327.585052
327.741821
328.193695
328.326569
328.186859
328.100098
328.455261
328.583496
328.854767
328.895081
328.800751
328.407806
328.266113
328.105316
328.627625
328.726349
328.322510
327.960114
328.173859
327.802490
327.906677
328.117828
327.953186
327.304993
326.928284
327.342133
326.758118
326.820374
326.430603
326.375580
325.958160
325.726562
325.540497
325.463562
325.324371
325.152985
324.344910
324.659943
324.462372
323.797943
323.497681
324.002167
324.177765
323.654144
323.409332
323.310059
323.355408
323.137024
323.023804
322.825317
322.832977
323.187500
322.861755
323.515991
322.752808
322.916840
322.876099
323.233032
322.898956
323.239502
323.646362
323.747833
323.522247
324.209167
323.803009
324.491364
324.753845
324.691345
325.165131
325.166168
325.255829
326.023560
326.116119
326.286377
326.168793
326.858887
327.116364
327.229492
327.794647
327.794708
328.090454
328.231964
328.367950
328.855652
329.368225
329.388428
329.272919
329.730957
330.099670
330.084167
330.296875
330.273468
330.368683
330.158478
330.126740
330.888123
330.700226
330.598022
330.439331
331.070221
330.271118
330.457092
330.601959
329.717041
330.174896
329.885406
329.853241
329.242096
329.288849
329.453491
328.630219
328.724976
328.224609
328.200348
327.823425
327.636566
327.410126
327.525757
327.280334
326.959259
326.938873
326.404388
325.908600
326.222900
325.726349
325.632721
325.319794
325.122742
324.906555
324.565399
324.298828
324.170349
324.277161
324.066620
323.833374
324.008179
323.835266
324.084900
323.792450
324.213593
324.012024
324.157959
323.729401
323.994049
323.843262
324.280273
324.607056
324.351410
324.496307
324.593414
324.965515
325.149323
325.363434
324.936249
325.449646
325.764282
325.937134
326.205170
326.378143
326.827972
326.920776
327.513062
327.506226
328.115814
328.025360
328.440582
328.946259
328.923370
328.974304
329.589539
329.805542
329.856873
329.897064
330.067200
330.344330
330.398315
330.978638
330.855560
330.969757
331.219147
331.211304
331.216064
331.413544
331.165405
331.474060
331.754669
331.037048
331.504974
330.867188
330.841278
331.004120
330.751923
330.887512
330.848267
330.863190
330.392517
330.249878
330.629486
329.902039
330.046722
329.828979
329.573547
329.142548
329.173248
329.024963
328.793488
328.666992
328.416626
328.054199
328.056732
327.375824
327.539062
327.518402
327.130859
326.821747
326.918854
327.145264
326.957520
326.939850
326.299469
326.608368
326.122559
326.712891
326.090546
326.646515
327.078339
326.359253
326.910156
326.910889
327.256683
327.344086
327.294098
327.798584
327.970123
328.081543
327.877655
328.710114
328.912109
328.607117
329.626434
329.275452
329.472595
329.782257
330.718842
330.825531
330.713165
331.238586
332.027130
332.264130
332.318542
333.095184
332.844482
333.693848
333.396912
334.014771
334.294403
334.574066
334.981781
334.834229
335.200806
335.027771
335.753204
335.529480
335.611542
335.895386
336.255035
336.179443
336.114288
336.397369
336.412079
336.313110
336.750641
336.343628
336.633484
336.744751
336.484314
336.318634
336.216034
336.259735
336.237915
336.015717
335.721680
335.424011
335.189392
334.969818
335.142517
334.806793
334.657166
334.468170
334.265778
333.917694
333.529358
333.362854
332.874817
333.062103
332.849548
332.177429
331.966980
331.827484
331.587830
331.566620
332.164520
330.981842
330.993073
331.214539
331.275330
330.582947
330.211304
330.404236
330.194885
330.576263
330.528992
330.015320
330.120453
329.831360
330.476929
330.586334
330.573334
330.382568
330.779907
331.433014
331.672485
331.366272
331.864777
331.875305
332.306885
332.491333
332.793945
333.464111
333.400848
333.424164
334.117523
334.272797
334.556763
334.964539
334.880096
335.411255
335.738434
336.267120
336.319275
337.025208
337.116394
337.250275
337.648865
338.254608
338.243896
338.388580
338.976959
339.504456
339.284668
339.732422
339.811829
339.639313
339.972839
340.544769
340.518982
340.242889
340.471588
340.703186
340.517639
340.117279
340.093811
340.278839
340.590912
340.094940
340.116608
340.251190
340.063751
340.096558
339.748413
339.539032
339.078217
338.706970
338.586273
338.307343
338.328186
338.272766
337.389435
337.204773
337.081726
336.391693
336.758850
336.248962
335.674408
335.446503
335.229675
335.159821
334.737549
334.662476
334.106934
333.780029
333.820862
333.394379
333.117401
332.787445
332.922363
332.359528
332.668274
332.593231
332.556976
332.097717
332.381439
332.332367
332.154053
332.534210
332.127563
332.150055
332.309174
331.951874
332.410248
332.384857
332.737610
333.079773
333.283173
332.886658
333.701782
333.394958
333.391388
333.640717
334.164124
334.436768
334.800354
335.319427
335.579041
335.145721
335.771881
336.367340
336.472839
337.130920
336.818085
337.343903
337.145355
338.083893
337.782166
338.299561
338.533051
339.027771
338.469696
338.616943
339.116119
339.101105
339.266724
339.676392
339.352722
339.695831
340.600403
339.849762
339.958038
339.539368
339.972748
339.881195
339.575317
339.506470
339.489471
339.409454
339.142853
339.048798
339.074860
338.699402
338.619263
338.000488
337.795319
338.138947
338.115936
337.296906
337.398529
336.973480
336.941101
337.059631
336.853058
336.489960
336.245850
335.978333
335.639954
335.340454
335.460266
334.902069
335.236450
335.036316
334.308868
334.993652
334.362518
333.986145
333.713593
333.583588
333.480835
334.303680
333.909668
334.059937
334.182404
333.841370
333.351166
334.233582
333.948730
334.198212
334.377747
334.112701
334.451385
334.208252
334.552948
334.774048
334.972687
335.093872
335.237579
336.088318
335.905273
335.352081
336.327179
336.288635
336.150360
336.470581
336.864410
337.090332
336.656464
337.551178
337.445190
337.613403
338.052673
338.500916
338.324829
338.832062
339.169708
339.042419
339.023773
338.941101
339.440430
338.772034
339.057068
339.241943
339.139221
339.712341
340.044281
339.551361
338.808441
338.959473
339.126740
339.344269
338.318573
338.940491
338.535522
338.083374
338.019379
338.070831
337.873444
337.671509
337.443237
337.164490
336.714508
336.253174
336.105072
335.798187
336.008148
335.415894
335.527496
335.288055
335.193787
334.821106
334.593811
334.182281
333.494080
333.789368
333.465790
333.549835
333.384521
333.323029
333.092010
333.198608
333.151428
332.929230
332.735626
332.781464
332.884796
332.873291
332.733002
333.116577
332.807281
332.647491
333.078491
332.908203
333.013397
333.358429
333.672546
333.620819
333.728607
334.515503
334.067261
334.597748
334.819916
335.022339
335.011292
334.967377
335.375549
335.606354
336.358948
335.892303
336.239349
336.307587
336.516846
336.941956
336.917877
337.025757
337.582916
337.737183
337.640045
337.789246
338.077484
337.950806
338.035736
337.485687
337.719116
337.611542
338.059174
337.577362
337.581268
337.598206
337.526794
337.437775
336.848145
337.299530
337.012329
336.884552
336.610901
336.400635
335.469330
335.541138
335.158325
334.927032
334.197723
333.919708
334.690460
333.789368
334.054382
333.402832
333.620728
332.823730
332.770874
332.444458
332.230194
332.175812
332.090942
332.037903
331.900146
331.584930
331.939056
331.781708
331.530121
331.594360
331.845917
331.820374
331.423676
331.759888
331.425293
331.549164
332.091370
332.462036
332.549377
332.710632
333.153198
333.562775
333.950409
334.266876
334.605957
334.981140
334.997925
335.521301
336.002472
336.258636
337.059540
337.152008
337.301239
337.690033
337.944000
338.328949
338.678009
338.510406
338.796326
338.749969
338.541748
337.801331
337.801727
337.991699
337.927429
337.178619
336.410461
336.089874
335.456085
334.473969
332.851929
331.382263
330.337982
328.501801
326.734589
325.359467
322.740967
320.978699
318.418304
315.792480
313.130524
309.894073
307.489899
304.213104
301.112091
297.586426
294.130096
290.550659
286.969910
282.790985
279.090515
274.588135
270.540344
266.481171
262.081543
258.305328
253.797073
249.689194
245.140762
240.918335
236.781113
232.549744
228.946793
224.513397
220.901733
216.850388
213.472351
210.120392
207.029968
203.968170
201.177841
198.884552
196.422089
194.438873
192.606232
190.938232
189.445068
188.433212
187.708984
187.633499
187.681412

