284.900055
172.863205
173.412338
173.913361
174.726562
175.850586
177.230438
178.769943
180.837448
182.873962
184.998932
187.458069
190.108658
193.148346
195.899704
199.169296
202.255020
205.782928
209.145996
213.006165
216.448807
220.184875
224.076324
227.487305
231.196945
235.238602
239.022263
242.742752
246.250504
249.888855
253.438553
257.032166
260.438232
263.815948
267.041351
269.949493
273.194611
275.930542
278.621674
280.902802
283.715759
286.415863
288.434387
290.319366
292.188354
293.646973
295.142029
297.319183
298.359009
299.881226
300.628204
301.872314
302.928894
303.145782
303.985107
305.041199
305.163025
305.569855
306.436218
306.107147
306.230682
306.259918
306.626373
306.520050
306.254517
306.637115
305.880707
305.455872
305.154663
305.809845
304.814056
304.931274
304.818512
304.508545
304.292664
304.039948
303.969696
303.647400
303.195740
302.970245
302.849792
302.796387
302.425323
302.504211
302.160767
302.361725
302.068481
302.120697
302.519409
302.204590
302.665497
302.412170
302.970398
302.643616
303.186432
303.355438
303.523712
303.543579
304.129730
304.534088
304.530945
304.718964
305.359833
305.588287
305.924652
306.308441
306.694519
306.690918
306.923279
307.933014
307.784912
308.442993
308.674866
309.459991
309.385742
309.574493
310.123444
310.320862
310.333160
310.518158
311.290710
311.128693
311.235840
311.723663
311.639679
311.647308
311.767029
312.150085
311.995880
311.684937
311.605438
311.361389
311.551575
311.626617
311.027130
311.391998
311.049347
310.727203
310.701263
310.300903
310.269623
310.158020
309.537018
309.551636
309.319458
309.282379
308.839142
308.703827
308.621674
308.147491
307.863037
307.733643
307.804871
307.333496
307.358398
306.921326
306.967804
306.601471
306.217468
306.139526
306.171600
306.062592
306.017548
305.856659
306.231689
305.767700
305.884155
305.954010
306.040070
306.091980
306.342377
306.363953
306.318024
306.960907
306.986389
306.995819
307.152344
307.130341
307.703217
307.820496
308.178436
308.845093
309.188873
309.058167
309.689819
309.951416
310.534973
310.488586
310.996521
311.208130
312.004547
311.836914
312.532501
312.806793
313.091949
313.655365
313.606750
313.524017
314.413055
314.382446
314.919250
315.232544
315.150818
315.710663
315.575348
315.902466
316.181335
315.995514
316.142456
316.040375
316.108948
316.634583
316.329712
316.304932
316.526642
316.709534
316.413849
316.333618
315.927429
315.820068
315.848694
315.246399
315.235138
315.255402
314.929504
315.196381
314.720764
314.287872
314.368683
313.708038
313.660004
313.439880
313.272644
312.798798
312.758575
312.802246
312.040802
312.132660
311.807404
311.388062
311.137207
310.919342
310.900055
310.285004
310.311218
310.307678
309.982452
309.884521
310.059570
309.735962
309.740570
309.740356
309.634521
310.448608
309.908203
310.072998
309.714355
310.506317
309.985474
310.074738
310.162109
310.671631
310.499908
311.066376
311.346680
311.632874
311.783051
311.763153
312.039520
312.559082
312.589111
313.160339
313.125885
313.624084
314.052765
314.411560
314.457764
314.743164
315.367126
315.730591
315.733826
316.252869
316.249207
316.619019
316.878510
317.302643
317.769867
317.726471
318.141602
317.961426
318.225891
318.392120
318.443390
318.760468
318.721497
319.120117
318.834564
318.649811
319.110016
319.136749
319.176880
319.136780
319.103516
319.434692
319.247345
319.503876
318.577576
318.701294
318.517365
318.449066
318.173645
318.213959
318.194672
317.794922
317.777008
317.990967
317.193420
317.221527
317.028168
316.960968
316.764709
316.114319
316.526703
315.942169
315.455902
315.986908
315.378265
315.507172
315.009644
315.155640
315.262238
315.081421
314.662628
314.980774
314.797363
314.457031
314.434448
314.695221
314.486176
314.799286
314.902924
314.971497
315.159943
314.922516
315.010620
315.748108
315.244751
315.694336
315.971954
316.109528
316.279205
316.549652
316.481537
317.041809
317.484650
317.407013
317.994934
318.256042
318.505707
318.668976
319.259796
319.832794
319.621857
319.951569
320.795624
320.302094
321.088776
320.996674
321.395874
321.846832
321.940155
322.248840
322.600189
322.866302
322.896240
323.150360
323.397003
323.316956
323.514465
323.693085
323.778076
324.421661
324.473175
324.555298
324.255035
324.327942
324.172089
324.622986
324.538025
324.712952
324.230347
324.630219
324.223999
324.113098
324.018677
323.895874
323.944550
323.455566
323.559418
323.443695
323.205872
323.209320
322.892090
321.891876
322.132416
322.280914
321.895813
322.213654
322.106659
321.699158
321.432281
320.918579
321.195374
320.461578
320.570343
320.571228
320.442474
320.524231
320.288208
319.944824
319.849304
320.239929
320.040558
320.232971
319.778961
320.419769
320.278839
319.768524
320.446808
320.541504
320.512115
320.304108
320.558197
320.721436
321.345978
321.082001
321.187500
321.697815
321.648651
322.201904
322.394318
322.720123
322.556152
323.002289
323.352753
323.589172
323.678253
324.190552
324.597107
324.636353
324.916809
324.932037
325.902893
325.942749
326.247162
325.841156
326.824768
326.816956
327.073120
327.529785
327.498779
328.144348
328.248901
328.081299
328.375153
328.263641
328.656281
329.136902
328.351471
329.007446
329.272369
329.475708
329.135193
329.491119
329.087799
329.024750
328.965576
329.129669
328.975250
328.976105
328.965912
328.918213
328.923737
328.404114
328.640411
328.245117
327.762970
327.852264
327.951508
328.188751
327.350006
327.550781
327.405548
326.932648
327.025116
326.504120
327.319122
326.584900
326.227386
326.326080
326.041718
325.902588
326.032196
326.031494
325.919067
325.901489
326.187134
325.783051
325.557831
325.809418
326.158752
325.771179
326.100403
325.979218
326.230164
326.352173
326.264832
326.901978
326.585510
326.703308
327.417419
327.516022
327.830048
327.900116
328.939087
328.772949
328.989624
329.497437
329.674072
329.955658
330.220093
330.784912
330.724854
331.181427
331.605591
332.063171
332.638702
332.760101
333.513275
333.862244
334.025665
334.321411
334.992462
334.981354
335.340240
335.504120
335.755676
336.319122
336.585358
336.865601
336.984558
336.989868
337.470337
337.515076
337.790100
338.174591
337.901733
338.166046
338.217316
338.113220
338.657471
338.849304
338.158142
338.350647
337.961304
338.326019
338.242432
337.779449
337.509644
337.213165
337.796295
337.473022
337.216125
337.466339
337.105621
336.935791
336.487335
336.534668
336.134277
336.238342
336.067566
335.947662
335.329468
335.432098
335.135101
334.657257
335.085693
334.698029
334.708710
334.353027
334.546173
334.492310
334.163605
333.993073
334.402588
334.422394
334.169708
334.091644
334.042389
334.218842
334.634827
334.256317
334.381866
335.116516
335.143982
335.412140
335.287354
335.686401
336.081116
335.972809
336.409821
336.612335
337.001099
337.196594
337.268311
337.849579
338.149017
338.963409
338.674957
339.242828
339.945435
340.031403
340.756073
341.016144
341.578918
341.745911
341.974060
342.604645
343.138062
343.977020
343.538910
343.994507
344.190735
344.606659
344.899658
345.298187
345.692810
345.698303
346.602844
346.433228
346.478607
346.817719
347.273468
347.324951
347.089478
347.098022
347.320496
347.667847
347.650330
347.483002
347.475891
347.290588
347.269348
347.140778
347.084412
346.872253
346.947327
347.008240
346.211395
346.385101
346.327972
345.598236
345.254120
345.089905
344.851776
344.721771
344.216431
344.792297
343.900421
343.925323
343.608887
343.041840
343.288818
343.021637
342.249939
342.257477
342.144775
342.290192
341.792694
341.928802
341.321655
341.412292
341.053253
341.010986
340.859497
340.819916
340.540955
340.473145
340.678680
340.566833
340.703796
340.501862
340.691193
340.760406
341.100861
340.742523
341.189514
341.087830
341.267975
341.316132
341.805328
341.989136
342.156555
342.634552
342.779510
342.980072
343.348206
343.866028
343.577789
343.790619
344.698730
344.890350
345.086273
345.279633
345.738953
346.210175
346.169189
346.799713
346.778748
346.885651
347.617767
347.775330
347.601105
347.934845
348.280029
348.724792
348.994751
348.489471
348.838623
349.052521
349.137146
348.985168
349.261597
349.600372
349.446411
349.341797
349.438751
349.890503
348.956696
349.765625
349.169708
349.489899
349.439026
348.697388
348.978149
348.247406
348.620087
348.562561
348.084473
348.069031
347.912506
347.766724
347.215546
347.316833
346.738129
346.868408
346.549286
346.000580
346.089325
346.317230
345.523468
345.583923
345.322998
345.127167
345.056915
345.150787
344.919830
344.595367
344.625702
344.821564
344.459290
344.026642
343.748352
344.194427
343.921417
343.829315
343.471436
343.719482
344.247925
344.345642
343.958008
343.919464
344.179474
344.822906
344.538849
344.646545
344.869690
345.231934
345.053986
345.512756
345.648071
345.847717
346.117767
346.233643
346.552582
346.681091
346.969879
346.972900
347.825989
347.527740
347.862152
347.909973
348.374298
348.566650
348.427246
348.604004
349.023651
349.304901
349.217957
349.462097
349.514374
349.752991
349.828247
349.940735
350.240723
350.028717
349.518555
350.150269
349.633270
350.088196
350.009644
349.716705
349.454407
349.629181
349.252014
349.233734
349.735352
349.116150
349.077606
348.788208
348.526001
347.928619
347.629150
347.570160
347.734344
347.330414
346.777618
346.639343
346.949890
346.337250
346.118652
345.847290
345.771484
345.576569
345.435638
345.200958
344.978210
344.529907
344.102905
344.204681
343.901978
343.666809
344.019867
343.764801
343.912567
343.994141
343.764008
343.249329
343.197998
343.192108
343.778107
343.917206
343.583862
343.757019
344.001953
343.917847
344.191864
344.239349
344.593964
344.177246
344.534637
344.872620
345.157562
345.514618
345.491882
345.358856
346.042023
346.202728
346.408112
346.343781
346.857422
346.979919
347.630035
347.336151
347.573364
348.102814
348.352631
348.650513
348.742584
348.382874
348.635193
348.914062
349.258698
349.368958
349.069336
349.013062
349.273987
349.177032
349.008362
349.197693
349.221405
348.840729
348.528992
348.670776
348.231262
348.240784
348.066040
347.539703
347.560333
347.663116
347.170837
346.915741
346.815582
346.384491
346.555145
345.963593
345.452362
345.297302
344.856812
344.618408
344.450165
344.274109
344.259735
344.112701
343.733612
343.429749
343.146667
343.363281
343.241272
342.924408
342.761993
342.655426
342.607666
342.930023
342.917419
342.544769
342.863708
342.984955
343.286407
343.579559
343.533661
343.469574
343.669464
344.436584
345.002899
345.301331
345.775909
346.182007
346.458527
346.843231
347.104034
347.776428
348.374207
348.575531
349.030334
349.322266
349.594269
349.969513
350.578644
350.472229
350.760773
350.641388
350.656403
351.079956
351.271332
351.158844
350.576447
350.043579
350.254150
349.358582
349.405273
348.261597
347.822601
346.391144
345.255981
344.110901
342.315826
340.900360
338.904877
336.839691
334.772797
332.957733
330.139038
327.723846
325.294983
322.117737
319.114044
315.824036
312.480774
308.962769
305.359039
301.296783
297.526794
293.623230
289.526550
285.106720
280.968079
276.843506
272.073029
268.084534
263.171692
258.774536
254.335556
250.035385
245.403229
241.233978
236.974594
232.995316
229.219299
225.379761
221.710892
217.915543
214.748795
211.754532
209.068726
206.294006
203.612137
201.590179
199.629959
198.194199
196.570786
195.448944
194.950409
194.645370
194.664871

283.085175
172.763687
173.348816
173.833313
174.666000
175.775131
177.155029
178.711639
180.807068
182.837097
184.971024
187.442856
190.122604
193.174515
195.909348
199.210983
202.334534
205.856750
209.251572
213.107834
216.581696
220.359787
224.283585
227.706757
231.428406
235.486252
239.319824
243.067108
246.605225
250.267960
253.836136
257.476471
260.899475
264.303802
267.556061
270.499329
273.782898
276.533020
279.266113
281.578827
284.405792
287.145905
289.210510
291.117004
293.004242
294.529541
296.049408
298.244385
299.321533
300.888733
301.646942
302.932739
304.016052
304.290833
305.134949
306.197845
306.398376
306.806335
307.700073
307.399353
307.551544
307.632111
308.032196
307.909821
307.640350
308.087555
307.330750
306.948425
306.703888
307.362579
306.364563
306.483978
306.396210
306.124390
305.934662
305.675385
305.626129
305.280579
304.902374
304.652252
304.534821
304.503387
304.116882
304.249023
303.880035
304.098633
303.787659
303.870636
304.246002
303.952393
304.405640
304.147125
304.717896
304.339935
304.911804
305.064301
305.205719
305.230927
305.815582
306.233246
306.188507
306.388885
306.989471
307.224548
307.527954
307.903015
308.252838
308.220093
308.471375
309.441040
309.288116
309.883698
310.128510
310.882690
310.775940
310.953857
311.485870
311.635101
311.638245
311.794250
312.545837
312.348663
312.401154
312.880219
312.790009
312.752197
312.830231
313.191345
313.010742
312.644379
312.588196
312.289368
312.441772
312.484650
311.843262
312.185181
311.804932
311.476227
311.404480
310.973175
310.913513
310.768372
310.118561
310.100464
309.831696
309.732452
309.302032
309.161560
309.030243
308.526581
308.217896
308.059326
308.099121
307.623352
307.609558
307.115570
307.172119
306.782288
306.374054
306.268158
306.255371
306.164398
306.091919
305.895355
306.266357
305.760223
305.869629
305.897339
305.983368
306.005432
306.230469
306.235077
306.195465
306.808014
306.821869
306.832550
306.972137
306.957184
307.489655
307.591339
307.960449
308.603973
308.938171
308.802490
309.428497
309.698303
310.251251
310.212921
310.705566
310.931824
311.714600
311.556396
312.230743
312.516205
312.770111
313.364594
313.300293
313.249817
314.120331
314.089508
314.672302
314.926544
314.894775
315.414612
315.288788
315.634338
315.901550
315.735291
315.891907
315.788452
315.865845
316.411224
316.084290
316.109894
316.369110
316.500488
316.237152
316.160767
315.783020
315.643524
315.711792
315.131134
315.090698
315.185638
314.848846
315.146393
314.670898
314.258514
314.325043
313.710907
313.653076
313.479187
313.326050
312.877258
312.828094
312.901520
312.158813
312.278046
311.983124
311.572632
311.308502
311.152557
311.138824
310.541748
310.573456
310.595764
310.294891
310.227631
310.429688
310.122833
310.129608
310.138977
310.055267
310.902893
310.401733
310.589661
310.266266
311.076996
310.537170
310.682892
310.793243
311.312103
311.145233
311.768768
312.094421
312.375458
312.565643
312.582275
312.890259
313.388092
313.448639
314.027344
314.054871
314.605713
315.024689
315.417236
315.492584
315.788666
316.432281
316.867493
316.869354
317.402008
317.419373
317.871857
318.110626
318.569397
319.045074
319.050232
319.505920
319.353302
319.611725
319.838928
319.912537
320.240875
320.234009
320.648621
320.408752
320.274048
320.731506
320.808289
320.839874
320.872955
320.843109
321.217804
321.004059
321.277283
320.390106
320.556091
320.416138
320.331726
320.093872
320.143066
320.152222
319.842224
319.779572
320.028656
319.223236
319.287842
319.094238
319.096375
318.904114
318.191437
318.696747
318.150543
317.706024
318.232513
317.606262
317.731598
317.267822
317.434631
317.540436
317.383026
316.984680
317.312103
317.106934
316.805908
316.788910
317.030914
316.838562
317.138580
317.267242
317.407959
317.531342
317.319244
317.495270
318.126831
317.645416
318.093506
318.325684
318.512817
318.728760
318.961487
318.846313
319.408142
319.839844
319.786926
320.357880
320.634644
320.865326
321.036133
321.610809
322.148621
321.911224
322.261078
323.040680
322.601868
323.372711
323.262817
323.615997
324.078430
324.114594
324.393494
324.754822
325.039246
324.960144
325.258087
325.485291
325.352417
325.542450
325.652649
325.748291
326.353821
326.418396
326.450500
326.097260
326.176270
325.976196
326.443604
326.285797
326.459564
325.910431
326.263763
325.881866
325.691376
325.581329
325.445770
325.468506
324.940033
325.030029
324.896057
324.584229
324.546112
324.287506
323.227448
323.396667
323.520264
323.081329
323.414642
323.262573
322.800446
322.503418
321.971954
322.229980
321.438873
321.529663
321.450623
321.352631
321.361603
321.155182
320.785217
320.580444
321.022949
320.753845
320.913696
320.416107
321.028809
320.902893
320.352905
320.997253
321.042725
321.028381
320.738953
321.046234
321.158813
321.737122
321.475616
321.553009
322.083954
321.958771
322.536346
322.680389
322.999298
322.789307
323.244507
323.582092
323.806335
323.860992
324.305817
324.721436
324.751343
325.017517
325.024841
325.996277
326.017273
326.340881
325.877563
326.836823
326.822540
327.062408
327.516846
327.486298
328.130554
328.246368
328.051056
328.344971
328.209320
328.602173
329.053070
328.291382
328.948090
329.218781
329.401428
329.070038
329.425659
329.019409
328.936340
328.890594
329.032837
328.874054
328.849670
328.865662
328.824768
328.825836
328.309052
328.540710
328.140778
327.644775
327.761841
327.857300
328.090912
327.244751
327.462860
327.317291
326.847351
326.917664
326.405670
327.229248
326.474670
326.154694
326.241943
325.945038
325.801086
325.954285
325.944702
325.840515
325.828156
326.111481
325.699310
325.490723
325.740997
326.066010
325.675140
326.035736
325.896667
326.137573
326.263519
326.169495
326.807770
326.505310
326.648682
327.333221
327.427094
327.726959
327.824463
328.858093
328.660553
328.895935
329.393219
329.583252
329.846954
330.127380
330.662720
330.614044
331.077850
331.508820
331.950256
332.503906
332.631805
333.395844
333.738159
333.870087
334.203186
334.874603
334.815216
335.195892
335.343445
335.567108
336.138336
336.415314
336.676666
336.810150
336.806946
337.282471
337.302429
337.564331
337.947113
337.684418
337.946136
337.986633
337.872925
338.431793
338.609161
337.937225
338.090515
337.696045
338.077454
337.967346
337.483612
337.235809
336.937653
337.494049
337.195892
336.895966
337.157471
336.767395
336.609863
336.197998
336.202759
335.817230
335.906281
335.712097
335.607300
334.987457
335.084717
334.773438
334.300446
334.726257
334.341461
334.338379
333.991394
334.192108
334.140472
333.806366
333.644836
334.025818
334.041992
333.768799
333.717987
333.666870
333.828827
334.247223
333.874207
334.004639
334.701843
334.749969
335.047455
334.917236
335.323090
335.723419
335.560608
336.004486
336.222992
336.619904
336.813507
336.876038
337.429688
337.785919
338.592987
338.291382
338.899567
339.581665
339.671814
340.387604
340.656860
341.257355
341.383636
341.648621
342.255066
342.780365
343.650848
343.174225
343.661255
343.896149
344.295380
344.570374
344.984253
345.400726
345.380798
346.287537
346.107666
346.175812
346.543091
346.964630
347.049011
346.798676
346.814514
347.035706
347.436615
347.356995
347.235657
347.236847
347.056244
347.018829
346.940979
346.879700
346.664337
346.736481
346.771576
346.015930
346.191528
346.146881
345.411865
345.062500
344.901398
344.684021
344.537231
344.069427
344.641113
343.771851
343.753723
343.462280
342.868591
343.152649
342.911011
342.109589
342.118042
341.989288
342.164673
341.667908
341.814423
341.240021
341.324554
340.973846
340.919678
340.753998
340.715118
340.484100
340.344910
340.636078
340.480316
340.613678
340.435699
340.585327
340.683746
341.036560
340.697479
341.133301
341.044159
341.209320
341.266998
341.753204
341.923370
342.089386
342.589081
342.719177
342.961914
343.306763
343.837921
343.566986
343.767273
344.682190
344.829498
345.047577
345.289978
345.714111
346.192413
346.167389
346.805206
346.787201
346.901306
347.624908
347.761322
347.598389
347.886139
348.266083
348.689880
349.007690
348.490540
348.847382
349.030548
349.151062
348.958282
349.253571
349.599274
349.460297
349.340607
349.426727
349.873108
348.936584
349.768494
349.168335
349.498505
349.443848
348.672302
348.960327
348.262390
348.590271
348.556091
348.083588
348.075592
347.909454
347.750275
347.243469
347.315369
346.739990
346.888275
346.516479
346.000214
346.079987
346.315338
345.531128
345.582275
345.291321
345.104218
345.039917
345.121368
344.912079
344.549683
344.644653
344.824005
344.455505
343.987854
343.724060
344.199799
343.882751
343.790161
343.470245
343.707123
344.214050
344.341705
343.927704
343.886932
344.150513
344.769318
344.524139
344.617706
344.827118
345.217529
344.992493
345.427399
345.608002
345.813629
346.060059
346.184937
346.481628
346.621704
346.916962
346.923187
347.772400
347.464417
347.807037
347.863007
348.313690
348.505493
348.368195
348.523285
348.954224
349.215607
349.136200
349.377777
349.411560
349.677124
349.769653
349.841980
350.155548
349.937317
349.409271
350.059479
349.546661
350.009766
349.926331
349.661163
349.384827
349.515198
349.131378
349.128662
349.649323
349.068451
348.966705
348.691589
348.407867
347.828064
347.532318
347.479340
347.632324
347.212280
346.690918
346.519379
346.830505
346.224670
346.029205
345.739075
345.662109
345.500275
345.342468
345.098724
344.886963
344.399719
344.022583
344.120270
343.756927
343.576080
343.921478
343.655487
343.799683
343.904053
343.662384
343.124634
343.110382
343.069275
343.667358
343.846436
343.504944
343.674683
343.878418
343.819672
344.102264
344.133850
344.490265
344.090881
344.464325
344.789368
345.073669
345.425812
345.376404
345.266052
346.007141
346.102142
346.320496
346.255615
346.761139
346.882568
347.563507
347.260590
347.469177
348.048187
348.272766
348.567200
348.649323
348.308655
348.579803
348.857910
349.219086
349.308136
349.009033
348.963989
349.239563
349.118561
348.944305
349.136627
349.179016
348.814606
348.464417
348.636749
348.170197
348.223785
348.036682
347.473175
347.539948
347.619781
347.143921
346.892761
346.805878
346.357483
346.547791
345.943420
345.435883
345.285309
344.846619
344.597870
344.421173
344.243286
344.261597
344.090698
343.727509
343.447296
343.168610
343.352478
343.258301
342.919708
342.755829
342.669769
342.637756
342.949493
342.939240
342.571808
342.919678
343.042084
343.315979
343.577332
343.571320
343.500366
343.704590
344.462097
345.066772
345.328552
345.832214
346.209229
346.519897
346.856934
347.183838
347.848938
348.419128
348.604675
349.081421
349.379211
349.655914
350.036102
350.641479
350.562408
350.841370
350.707306
350.733978
351.145630
351.347290
351.225983
350.658966
350.092010
350.333923
349.464447
349.520508
348.334869
347.934875
346.501709
345.343292
344.201569
342.415344
340.999146
339.008392
336.945282
334.887604
333.086731
330.276581
327.812347
325.399292
322.236572
319.227112
315.935516
312.620239
309.073059
305.494324
301.408630
297.632416
293.761627
289.635590
285.242981
281.104095
276.978119
272.202576
268.206177
263.300690
258.916412
254.484497
250.171677
245.545532
241.359451
237.119659
233.156784
229.377426
225.514984
221.846420
218.048782
214.906876
211.901855
209.204453
206.421127
203.754761
201.732864
199.765625
198.339600
196.711243
195.586853
195.080719
194.802734
194.893494

224.965973
185.021561
185.368515
185.910721
186.998947
188.313980
189.649338
191.384186
193.663925
195.749649
197.874512
200.566696
203.634537
206.555283
209.759720
213.189362
216.442200
220.418976
223.761200
227.941101
231.779953
235.393433
239.711380
243.826782
247.792892
251.670242
255.838562
259.795441
263.957886
267.462402
271.383698
275.218109
278.835938
282.916962
285.914185
288.978088
292.456665
295.153778
298.107880
301.100555
303.661011
305.653931
308.449921
310.623199
312.044769
314.155334
316.177856
317.367584
318.788635
320.312744
321.430420
322.400757
323.384827
324.778107
325.099548
325.680939
325.973297
326.680939
326.442291
327.280579
326.635925
326.592529
326.788727
326.870544
326.580017
326.531616
326.250488
326.150757
325.472260
324.889404
324.667053
324.350159
324.319275
323.508728
323.102570
323.044556
322.695312
322.364380
322.204102
322.307526
321.870483
321.525452
321.694824
321.322205
321.114197
321.324249
321.465637
320.657288
320.895294
320.922211
320.945892
320.877960
321.094421
321.302216
320.984589
321.426880
321.506714
321.749023
321.933746
321.942596
322.290375
322.650818
323.171417
323.264343
323.698303
324.248566
324.584839
325.147675
325.269287
326.141785
326.327240
326.193390
326.743988
326.289490
327.270142
327.099121
327.122253
327.550995
327.593781
327.629608
327.920898
328.100159
328.248993
328.421631
328.353241
328.555664
328.502319
328.775635
328.382111
328.791992
328.353912
328.189941
328.371796
328.204498
328.090668
327.962219
327.986725
327.455200
327.139771
327.004456
326.766968
326.018494
325.746429
325.590851
324.961090
324.733856
324.255859
324.000580
323.616913
322.973602
323.205536
322.915649
322.788788
322.255035
322.416168
321.794983
321.832916
321.929199
321.329529
321.487610
320.607910
321.121704
320.895538
320.893494
320.377441
320.559570
320.557098
320.286011
320.372131
320.382935
320.211548
320.546143
320.336182
320.455414
320.820160
320.919281
321.195618
321.518921
321.454987
322.374664
322.046143
322.636292
323.192627
323.014069
323.744232
323.793945
324.294769
324.463104
325.070953
324.858612
325.439301
325.473694
325.893707
325.979736
326.154236
326.785217
326.863403
327.160309
327.129791
327.826202
328.052399
328.224335
328.478027
328.410767
328.414459
328.673676
328.967896
329.296295
329.132874
329.334198
329.036804
329.189392
329.157410
328.975616
329.152618
328.512054
329.175018
328.368805
328.080597
328.211060
327.375397
326.997253
327.667175
327.410492
326.787964
326.558197
326.345154
326.349274
325.923065
325.384399
325.112000
324.766815
324.636139
324.430847
323.980042
323.548981
323.387115
323.168243
322.711670
322.571167
322.636505
322.049957
321.595612
321.259735
321.374817
321.247864
321.063080
321.001709
320.371857
320.662109
320.347900
320.657104
320.478790
320.167419
320.156891
320.422943
320.053436
320.771973
320.512939
320.538635
320.402924
320.968048
321.218140
320.924042
321.460236
321.386658
321.623352
321.895447
322.290619
322.367432
322.535522
322.946411
323.230408
323.588776
323.597595
323.685608
323.805511
324.713501
324.764099
325.200897
325.276733
325.391846
325.381836
326.186157
326.359467
326.515991
326.619965
326.999481
326.574402
327.356598
327.549011
327.254639
327.778473
327.951843
327.852875
327.670441
327.442078
327.819580
328.246307
327.821167
327.837341
327.816254
327.840790
327.377716
327.335785
327.350189
327.132721
327.410797
327.224060
327.133698
326.674377
326.646942
326.696350
325.867981
326.077118
325.400726
325.433319
325.120117
324.363708
324.998810
324.108429
324.089478
323.891998
323.723633
323.350281
323.117340
323.361206
323.095642
323.031342
322.826416
322.409760
322.041199
322.207367
322.610809
322.384125
321.627136
322.208771
321.460297
321.703949
322.310608
321.816772
322.522644
321.897583
321.712952
322.138153
321.935303
322.567108
322.508545
322.842346
322.857605
323.044800
323.011505
323.161926
323.660797
323.937286
324.270782
324.632355
325.210876
324.972382
325.737579
325.806732
325.861084
326.225861
326.238922
326.680359
326.985748
327.218506
327.440857
327.664764
327.888550
328.174988
328.445068
328.595337
328.328033
329.078094
329.593506
329.246429
329.729401
330.261810
330.175323
330.125427
330.064911
330.555450
330.674316
330.414398
330.232697
330.698395
330.452789
330.707672
330.210052
329.948730
330.098389
329.410065
329.457397
329.013184
329.331238
329.282318
329.025360
328.524048
328.504517
328.631775
328.416321
327.952850
328.199402
327.557373
327.794128
327.033875
327.119049
327.072632
326.626495
326.616333
325.936523
326.023926
326.179626
325.746124
325.775330
325.177979
325.409363
325.053955
324.891449
324.579163
324.335205
324.646362
324.781036
324.649811
324.711792
324.663208
324.692657
324.934509
324.734894
324.972260
325.241913
325.185364
325.227539
325.555603
325.864929
325.660645
325.718445
326.036163
326.270874
326.321320
327.045349
327.052765
327.156342
326.997253
327.663147
328.010529
328.083344
328.619110
328.630157
328.939789
329.845062
329.655029
330.188110
330.147461
330.544525
330.923859
331.079132
331.619659
332.005524
331.604675
332.554810
332.348694
332.336823
332.708984
332.179230
333.168457
332.662292
332.920837
332.606537
332.664764
333.108826
332.671539
332.714264
332.978241
332.392548
332.700409
333.142151
332.456726
332.305878
332.583679
332.335205
332.188354
332.301453
332.238129
331.847351
331.504364
331.393433
331.281952
330.438721
330.458740
330.291260
330.009979
329.986267
329.678467
329.417053
329.333618
329.178802
329.172546
328.936890
328.558197
329.101318
328.990234
328.463684
328.572998
328.940704
328.614288
328.937317
328.657684
328.621613
328.624908
328.840088
329.184906
328.685028
328.837219
328.537170
328.493347
329.008667
329.152618
328.845001
329.087402
329.160278
329.703094
329.808990
329.989197
330.473602
330.938141
331.412933
331.268005
331.825165
332.600311
333.165405
333.253082
333.260651
333.778961
333.645172
334.094788
334.438812
335.283051
335.224457
335.311188
335.508789
335.837250
336.200989
336.274780
336.745087
337.608521
336.814392
338.029449
337.920990
338.047089
338.115326
338.215881
338.422821
338.707855
338.582886
338.969543
338.837189
339.319183
339.190887
338.902496
339.213226
338.728027
338.402802
338.514709
338.639099
338.116394
337.809662
337.937225
338.050293
337.398560
337.350830
337.350800
336.839417
336.443420
336.436462
336.518677
336.201630
336.101776
336.311249
335.657990
335.434875
335.573761
335.131134
335.037445
334.315430
334.556061
334.122223
333.897308
333.631500
333.611145
333.549530
333.105194
332.661163
332.787781
332.817047
332.733734
332.437073
332.654022
332.901428
332.635742
333.284821
333.179169
333.404633
333.282318
333.729553
333.493011
334.119293
334.515686
334.328979
334.153107
334.728394
334.637939
335.182404
335.294617
335.462189
335.532928
336.029327
336.348816
336.611481
336.915955
337.240875
338.084320
337.697479
338.308228
338.945404
339.244293
339.247925
339.753387
340.707214
340.572296
341.131409
341.611694
341.705109
341.859741
342.130524
342.353271
342.683411
342.354370
342.667847
342.536621
342.835754
342.900055
342.464111
342.976776
343.228760
342.855835
343.099792
343.235107
342.803589
343.001099
343.423828
343.352203
343.278015
343.134094
343.103668
342.652222
342.667450
342.089661
341.612518
341.697357
340.929840
340.403687
340.412231
340.432251
339.878601
339.454803
339.187775
338.547760
338.171936
338.282043
338.388092
337.558899
337.805023
337.709595
337.211212
337.038635
336.598907
336.062286
336.415771
335.976624
335.950531
335.117859
335.009979
334.820190
334.841827
334.451569
334.116425
334.503967
334.160889
334.364166
334.347382
334.172546
334.388245
334.385803
335.039978
334.566803
334.922852
334.964966
335.622528
336.082336
335.188599
335.978455
335.626953
336.175293
335.992615
336.645447
336.957214
336.346100
337.236847
337.051117
337.382172
337.607117
337.665314
338.052094
338.532837
338.256470
338.858429
338.982819
339.183014
340.044067
339.983490
340.158386
340.511108
340.891968
341.052216
340.991791
341.449554
341.037079
341.480865
341.580231
341.421722
341.159546
341.118103
341.366119
341.127747
340.754456
340.939392
341.098663
340.753143
340.624115
340.354370
340.356903
340.416229
340.244995
340.094421
339.889221
339.660400
339.784180
339.400787
339.002594
339.245453
338.782562
337.944366
337.936798
338.274475
337.448792
337.010468
337.196564
336.503754
336.226135
336.228760
335.899475
335.713165
335.449677
335.044128
334.962738
334.871674
335.152710
334.494232
334.393219
334.979736
334.013550
334.575043
334.270721
334.474426
334.623871
334.538574
334.417877
334.089386
334.297607
334.102081
333.803833
334.521973
334.151459
334.559998
334.214691
334.400085
334.907837
335.040802
335.330383
335.356689
335.561157
335.577484
336.439240
336.555725
336.488708
336.802887
336.872009
337.036591
337.438812
337.184387
337.090149
337.686646
338.097137
338.150879
338.331787
337.732574
338.218872
338.268250
338.300171
337.830658
338.565979
338.420288
338.250946
338.462219
338.609619
338.554596
338.311279
338.689606
338.313629
338.310425
338.544464
338.414764
338.018555
337.664734
337.294495
337.383026
336.999756
337.024323
337.026154
336.825836
336.473694
336.301697
335.704834
335.781403
335.354095
334.864380
334.249298
334.664215
334.247925
333.737701
333.417511
333.462646
333.254486
332.553436
332.987183
332.411835
332.580872
332.649750
332.272736
331.687042
331.956787
331.870056
331.752258
331.276428
331.474060
331.256805
331.585510
331.612091
331.516602
331.328888
331.329498
331.624176
331.284241
331.127228
331.463776
331.386566
331.799255
332.153290
331.999023
332.311432
332.569458
333.036011
332.706909
332.807861
333.111572
333.640869
334.161102
334.283386
334.115417
334.024414
334.688019
334.827393
334.887360
335.362457
335.104401
334.993164
335.478394
335.260040
335.885834
335.752228
335.905640
335.884766
335.809174
335.652527
335.846161
336.042358
336.072723
335.917053
335.766724
335.852020
335.781586
335.467896
335.268982
335.497894
335.392853
334.898254
334.861633
334.368134
333.729492
333.629120
333.351227
332.779968
333.077728
332.634155
332.410614
331.447784
331.452515
331.585571
331.294342
330.687073
330.584808
330.660461
330.119110
329.771484
329.860901
329.635925
330.040344
329.710419
329.705658
329.656250
329.011414
329.269043
329.632355
329.526611
329.663940
329.423218
330.016144
330.066925
329.897430
330.248718
330.750885
330.508392
330.961761
331.820221
331.962952
332.387360
332.918945
332.909271
333.710724
333.369690
334.131348
334.260468
335.148865
335.647400
335.786346
336.087891
336.381958
336.018433
337.056763
336.907288
336.799927
336.980804
336.951599
336.882507
336.427765
335.905701
335.253143
334.881775
334.406830
333.852966
332.892609
331.815765
331.340637
329.522675
328.308350
326.920380
324.983276
323.078918
321.519257
318.988068
316.623871
314.250397
311.639862
308.709747
305.999603
302.597900
299.781494
296.592285
292.541290
289.221954
285.451233
281.404388
277.510620
273.520142
269.398438
265.563812
261.100769
256.807465
252.786896
248.415985
244.130249
240.025360
235.774597
231.675171
227.791199
223.608002
219.760910
216.300690
212.671921
209.470886
206.397537
203.407303
200.503357
197.754501
195.499023
193.413269
191.761993
190.494186
189.025864
188.195953
187.268784
186.816986
186.653610

227.259262
185.134537
185.492447
186.024353
187.123917
188.438766
189.776535
191.521240
193.807724
195.890442
198.013138
200.719498
203.782745
206.701767
209.916046
213.366409
216.599045
220.589050
223.940964
228.104767
231.978912
235.575363
239.905197
244.014587
247.972748
251.858887
256.048279
260.013916
264.195038
267.726196
271.638794
275.446442
279.090363
283.174591
286.194336
289.262421
292.754364
295.460724
298.398315
301.427399
303.983185
305.954681
308.778564
310.992981
312.439331
314.487213
316.476135
317.734528
319.178833
320.713501
321.824951
322.766205
323.767822
325.165131
325.484863
326.094147
326.385437
327.057617
326.857788
327.685638
327.036560
327.004913
327.215454
327.309235
327.010803
326.993256
326.748901
326.621887
325.902313
325.335388
325.080536
324.797302
324.768646
323.954712
323.536865
323.484711
323.109222
322.814423
322.649963
322.731964
322.284485
321.956299
322.112030
321.754974
321.523590
321.719910
321.861481
321.040771
321.294067
321.264862
321.313049
321.238861
321.457458
321.681091
321.327820
321.755341
321.869049
322.114136
322.300262
322.304657
322.622620
322.996185
323.469727
323.582977
324.015198
324.514252
324.891449
325.422455
325.542084
326.385345
326.596466
326.455322
326.973938
326.551422
327.487091
327.335815
327.332428
327.735504
327.784607
327.790009
328.121033
328.294403
328.419434
328.592529
328.497345
328.729980
328.638885
328.943481
328.533600
328.942383
328.525757
328.313293
328.473114
328.341095
328.220062
328.080048
328.086395
327.550201
327.237030
327.153748
326.855164
326.113922
325.871765
325.699738
325.060455
324.843781
324.394928
324.157196
323.741302
323.090759
323.313538
323.032501
322.909973
322.380554
322.575043
321.921204
322.006927
322.075073
321.486572
321.633026
320.785889
321.281708
321.104065
321.082825
320.599274
320.732849
320.776947
320.524994
320.586731
320.634186
320.472443
320.808258
320.566895
320.702423
321.078125
321.208099
321.475769
321.789368
321.734131
322.666077
322.342438
322.958923
323.525208
323.337738
324.097961
324.132599
324.647644
324.806305
325.449280
325.228455
325.807007
325.854431
326.295959
326.384003
326.556061
327.199768
327.242981
327.551666
327.544586
328.230072
328.473999
328.677979
328.914490
328.834625
328.855835
329.132477
329.424805
329.760712
329.565704
329.749817
329.474701
329.657257
329.601227
329.403992
329.586182
328.940552
329.623413
328.800812
328.509796
328.667847
327.809998
327.416656
328.109894
327.838928
327.211792
326.993317
326.750305
326.765137
326.335480
325.778168
325.494385
325.159576
324.999207
324.807709
324.354919
323.923584
323.732880
323.518372
323.055481
322.904755
322.996429
322.388031
321.905640
321.582001
321.668365
321.549744
321.367340
321.275391
320.638916
320.895782
320.576141
320.889191
320.718658
320.395752
320.352264
320.630127
320.179230
320.954895
320.680176
320.703766
320.562195
321.119110
321.366516
321.055847
321.602936
321.503235
321.752289
322.004059
322.395325
322.484131
322.645325
323.058777
323.323059
323.679535
323.693146
323.751556
323.889374
324.805115
324.824860
325.269135
325.368042
325.453369
325.438629
326.234497
326.420990
326.552643
326.702789
327.058868
326.623779
327.412109
327.602478
327.301178
327.835876
328.010101
327.930450
327.742828
327.522156
327.893311
328.327881
327.914246
327.917419
327.905396
327.912598
327.457550
327.433868
327.461517
327.236938
327.515381
327.327454
327.259796
326.826691
326.798798
326.861420
326.025574
326.247803
325.582977
325.587067
325.287384
324.523712
325.169006
324.291656
324.300293
324.097412
323.907440
323.559418
323.337708
323.578827
323.310852
323.244324
323.052887
322.668121
322.280518
322.459473
322.855469
322.667023
321.903809
322.491974
321.754333
321.962860
322.595947
322.119019
322.791168
322.169647
322.025085
322.470856
322.254883
322.882843
322.840210
323.158417
323.134064
323.369293
323.333527
323.487396
323.980988
324.225891
324.567932
324.922394
325.510071
325.282806
326.039825
326.125549
326.171204
326.500641
326.537964
326.949066
327.253815
327.476379
327.735260
327.924622
328.144104
328.404572
328.678833
328.817169
328.544220
329.283417
329.809845
329.451355
329.893829
330.466980
330.356323
330.294708
330.225189
330.683746
330.832855
330.531433
330.352234
330.792938
330.551605
330.796112
330.285614
330.026062
330.138031
329.465637
329.505341
329.046631
329.322144
329.295593
329.020569
328.510193
328.497620
328.598511
328.375488
327.890472
328.148865
327.509155
327.708008
326.934845
327.019196
326.959564
326.513550
326.482330
325.796387
325.873291
326.042450
325.587219
325.611938
325.030304
325.253723
324.891418
324.705475
324.403870
324.133240
324.441864
324.593536
324.438507
324.491730
324.433563
324.494354
324.728302
324.524231
324.755890
325.039124
324.971893
325.027588
325.341583
325.637909
325.425537
325.497833
325.835327
326.058929
326.125183
326.842712
326.850098
326.972656
326.820953
327.471375
327.817322
327.908417
328.470459
328.469025
328.820038
329.692963
329.523895
330.055145
330.007233
330.442780
330.829651
331.003571
331.524536
331.908813
331.508362
332.494476
332.295288
332.288147
332.677063
332.180725
333.155853
332.661285
332.946930
332.640656
332.689240
333.139954
332.747620
332.795258
333.102875
332.478973
332.822174
333.274384
332.573456
332.409546
332.720612
332.460236
332.335571
332.471619
332.431335
332.044312
331.699402
331.638885
331.494781
330.686676
330.715759
330.568848
330.286194
330.275696
329.932037
329.684113
329.652893
329.509613
329.448029
329.266510
328.882111
329.435791
329.328064
328.780792
328.901367
329.290894
328.987762
329.287445
329.009216
329.013123
328.981537
329.185699
328.982941
329.064117
329.255890
328.922211
328.860931
329.417206
329.547516
329.229004
329.493591
329.524506
330.061920
330.184143
330.343536
330.843048
331.272461
331.790131
331.634216
332.190765
332.970703
333.508667
333.632355
333.603363
334.115479
333.982574
334.426880
334.747070
335.632629
335.528961
335.583740
335.797424
336.114227
336.462860
336.544647
336.982544
337.879578
337.020782
338.229980
338.171509
338.255890
338.311829
338.431671
338.618622
338.889160
338.743622
339.106201
338.992798
339.461609
339.280548
339.016296
339.292328
338.846985
338.496429
338.579193
338.706146
338.163055
337.858337
337.956848
338.086426
337.417114
337.351990
337.341980
336.782288
336.407684
336.392334
336.487762
336.138031
336.026794
336.242554
335.577972
335.330566
335.447723
335.013641
334.920166
334.190247
334.416229
333.951752
333.748962
333.469788
333.426971
333.357269
332.947296
332.451172
332.569794
332.603027
332.518524
332.217255
332.426086
332.667755
332.374359
333.041382
332.936157
333.143616
333.023743
333.450684
333.233276
333.845306
334.242859
334.032837
333.845093
334.435822
334.336304
334.880310
334.971802
335.152344
335.230194
335.707855
336.034760
336.279358
336.583466
336.929993
337.707184
337.378510
337.964233
338.599060
338.903900
338.913818
339.373444
340.370148
340.241425
340.767181
341.233429
341.346222
341.510071
341.752686
341.993164
342.322998
342.003143
342.304871
342.183258
342.508850
342.549805
342.107605
342.603119
342.838165
342.493286
342.739044
342.870087
342.426331
342.629608
343.031738
342.979401
342.929535
342.766479
342.752899
342.290283
342.304474
341.756714
341.231720
341.335419
340.584961
340.067444
340.070679
340.055389
339.518555
339.093719
338.860413
338.211609
337.854340
337.937134
338.061920
337.235382
337.474976
337.393372
336.906830
336.709290
336.257355
335.735291
336.089111
335.715576
335.636047
334.821075
334.686646
334.535004
334.544800
334.136688
333.826080
334.189209
333.856354
334.079285
334.067291
333.908295
334.120361
334.117798
334.763153
334.314148
334.684113
334.701141
335.388092
335.871429
334.983398
335.759094
335.401184
335.986450
335.766235
336.472015
336.749084
336.198944
337.053925
336.885620
337.196930
337.424957
337.498932
337.940704
338.382172
338.115112
338.733765
338.842560
339.071045
339.920898
339.904572
340.058105
340.377533
340.797882
340.944611
340.940826
341.391754
341.008270
341.415741
341.515472
341.397247
341.153625
341.143372
341.329742
341.131622
340.754120
340.950928
341.114136
340.771606
340.670715
340.377167
340.422180
340.438049
340.305023
340.156067
339.974548
339.717224
339.846832
339.505463
339.082977
339.314697
338.915192
338.051514
338.057159
338.392548
337.605743
337.146637
337.335449
336.661591
336.427002
336.408081
336.024780
335.853302
335.627533
335.231323
335.164551
335.078949
335.132599
334.716583
334.601257
335.195343
334.196838
334.793823
334.478790
334.689575
334.834778
334.747040
334.619843
334.292603
334.527313
334.350281
334.036530
334.746796
334.421661
334.798187
334.448975
334.667786
335.151886
335.270050
335.585205
335.599457
335.776245
335.860229
336.650604
336.816986
336.745850
337.075317
337.124817
337.280884
337.712524
337.454956
337.347809
337.962128
338.327240
338.409149
338.591858
337.969299
338.457031
338.547485
338.562317
338.071655
338.834930
338.657562
338.527618
338.704773
338.839935
338.795776
338.539124
338.906403
338.545868
338.527405
338.760895
338.649994
338.246918
337.912537
337.506226
337.596405
337.221649
337.224579
337.250092
337.021667
336.688782
336.527649
335.911438
335.998657
335.564728
335.085266
334.455200
334.889984
334.486511
333.965088
333.642303
333.667114
333.456299
332.763794
333.209290
332.629181
332.800110
332.856476
332.472229
331.882233
332.197235
332.086273
331.952972
331.464569
331.687683
331.433228
331.778290
331.808350
331.724030
331.515594
331.537170
331.809174
331.475739
331.350983
331.675232
331.592957
331.989075
332.354980
332.189453
332.522064
332.770996
333.259247
332.892395
333.006378
333.306152
333.854370
334.375275
334.458984
334.304962
334.235840
334.903656
335.034119
335.092377
335.566376
335.289764
335.192474
335.685944
335.465729
336.101135
335.941284
336.120422
336.098114
336.029846
335.880524
336.064819
336.248169
336.264801
336.111847
335.972839
336.066498
335.989044
335.671783
335.488892
335.709717
335.597992
335.124084
335.088226
334.561157
333.912170
333.854736
333.568604
332.954681
333.280670
332.829742
332.589661
331.645813
331.650116
331.804260
331.487732
330.872406
330.789154
330.879517
330.307251
329.974030
330.058563
329.815063
330.216919
329.912964
329.871216
329.834351
329.203400
329.467712
329.812531
329.696747
329.851959
329.595886
330.201569
330.240784
330.053558
330.398346
330.912292
330.636658
331.113678
331.968567
332.097107
332.526642
333.062592
333.062195
333.836548
333.497833
334.269623
334.390106
335.244751
335.775513
335.889252
336.194855
336.475830
336.127838
337.138306
337.008484
336.875366
337.056213
337.000092
336.934906
336.480255
335.981293
335.332031
334.943115
334.469086
333.913391
332.961426
331.844025
331.368500
329.548340
328.329559
326.936676
325.015381
323.092834
321.511536
319.005096
316.625092
314.256470
311.631592
308.699402
305.991211
302.571899
299.773590
296.556732
292.526611
289.182861
285.411804
281.376862
277.500397
273.475616
269.357330
265.524506
261.049561
256.756104
252.722061
248.353210
244.071091
239.941589
235.702667
231.607132
227.704071
223.544144
219.688721
216.219391
212.594772
209.384277
206.306061
203.308319
200.407883
197.652802
195.404297
193.329498
191.685471
190.398911
188.926163
188.106918
187.163315
186.714340
186.539856

