280.784271
171.800323
171.963913
173.037750
173.895798
174.747009
176.256912
177.390411
179.632309
181.789429
183.830490
186.338959
188.615936
191.582321
194.399429
197.881653
200.982605
204.185608
207.752167
211.116440
214.756409
218.828827
222.105942
226.020447
229.563736
233.465500
237.413055
241.005539
244.654648
248.291458
251.465912
255.136688
258.261932
261.898651
265.253174
267.948883
271.411835
274.266998
276.728638
279.432648
282.003479
284.083160
286.225922
288.223602
289.986542
292.046204
293.575562
295.149536
296.126373
297.567108
298.802246
299.726227
300.943176
301.509369
301.863373
302.534180
303.210205
303.152100
303.665131
303.690552
304.132355
303.992676
304.159851
304.209076
304.299072
304.322784
303.259949
303.522461
303.105408
303.301422
303.086273
302.803528
302.506592
302.367981
301.711975
301.845184
301.637390
300.814362
300.777222
300.791260
300.760773
300.372772
300.778198
300.368866
300.282043
300.509796
299.765289
300.090454
300.253448
300.338013
300.264038
300.447021
300.920837
300.417572
300.878632
301.171234
301.697418
302.029846
301.946472
302.028534
302.705017
303.002258
303.216003
303.371643
303.879425
304.350220
304.338104
305.002411
304.987396
305.601868
305.635132
306.549164
306.596008
306.731903
307.316223
307.559967
308.139374
308.262085
308.175568
308.481171
308.944946
308.864960
309.264435
309.318024
309.189758
309.906036
309.893585
309.516663
309.750824
309.924133
309.782593
309.999969
310.161224
309.608643
309.586823
309.209595
309.317963
308.885315
308.840393
309.001068
308.165253
308.534149
307.991486
307.928101
307.702698
307.020844
306.752838
307.044861
306.507782
306.668793
306.190216
305.751953
305.529816
305.570251
305.431244
305.196747
305.302063
305.042786
304.813141
304.640594
304.493835
304.472046
304.114929
304.751373
304.649658
304.168549
304.579193
304.372406
304.414825
304.492798
304.480652
304.914825
304.880737
305.137939
305.285431
305.616669
305.924561
306.228424
306.525116
306.840729
307.077545
307.373047
307.928131
307.516693
308.229553
308.724579
308.909637
309.254517
309.556305
310.189392
310.588074
310.726593
311.237915
311.503754
311.956177
312.020660
312.625580
312.750885
313.347229
313.575958
313.898926
313.724854
314.552826
314.583008
314.492706
314.590454
314.620361
315.201508
314.807709
315.505798
315.226318
315.460052
315.295898
315.358917
315.025299
315.078064
315.127625
314.962555
315.415619
315.044952
314.815155
314.885406
314.491913
314.169830
313.976715
314.129974
313.787598
313.627258
313.233887
313.238556
312.894348
312.802307
312.410645
312.367706
311.843903
311.435547
311.759430
311.059174
310.934021
310.784424
310.326660
310.244141
310.470581
309.926300
310.172455
309.808533
309.327881
309.665833
309.495300
309.491028
309.508118
309.458496
309.282288
309.484161
309.280365
308.912048
309.754425
309.595062
309.913879
309.986786
310.151001
310.557495
310.121521
310.762451
310.745728
311.066040
311.411835
311.090485
311.494873
312.187622
312.202881
312.589600
312.711792
313.397400
313.604248
313.606018
314.397705
314.675781
314.599548
315.361420
315.392029
315.721375
315.887207
316.482727
316.642426
316.611938
316.942627
317.374390
317.679840
317.616425
318.455322
318.304443
318.144012
318.203674
318.853424
318.384338
318.393219
318.860687
319.022125
318.878418
318.792328
318.973419
318.964813
318.833557
318.686188
318.416656
319.015137
318.599396
318.405548
317.910614
318.282562
317.926666
317.612427
317.326508
317.229004
317.157532
317.007812
316.616486
316.646301
316.761841
316.532318
316.174286
315.656555
315.800476
315.523743
315.150055
315.160370
315.254578
314.958923
314.754608
314.278961
314.676666
314.743011
314.441956
314.227142
314.279297
314.493530
314.026520
314.403625
314.489532
314.115326
314.596497
314.871765
314.622925
314.900787
314.894928
315.297333
315.339783
315.784210
315.278900
315.947571
316.372772
316.317352
316.538544
316.753601
317.167786
317.052155
317.427094
318.095001
318.068024
318.611572
318.642151
318.990845
319.626007
320.090088
320.046875
320.369659
320.281586
320.641266
321.325317
321.377167
321.785522
321.769440
322.090942
322.317261
322.455902
322.805664
323.068542
323.103485
323.352173
322.832306
323.405457
323.385010
323.806091
323.662262
323.867859
323.795013
323.716461
323.699493
323.542419
323.424561
323.343597
323.319427
323.047211
323.156799
322.842651
322.828125
322.634338
322.658813
322.672516
322.293121
321.996002
321.953064
321.537079
320.856659
321.395203
320.936584
320.914490
320.294617
320.208557
320.431732
320.232819
319.862122
319.957703
319.661041
319.302582
318.958130
319.369812
319.161804
319.065857
318.696686
318.697906
318.830994
319.252380
318.829559
318.615906
318.953827
319.023682
318.915863
319.129974
319.000610
319.403961
319.250580
319.284637
319.395264
319.959473
319.529724
319.797760
320.304077
320.453003
320.765900
321.140472
321.270905
321.995056
321.979797
322.135101
322.255157
322.630554
322.814209
323.085022
323.365601
323.706726
323.856049
324.219421
324.654663
324.688385
324.793671
324.648285
325.576447
325.719086
326.023682
326.343597
326.341187
326.495972
326.566376
326.570496
327.321655
326.750854
327.125183
326.907257
326.776337
327.100128
327.574005
327.362183
327.588623
327.448883
327.161407
326.695770
327.289398
327.296539
326.907104
326.776215
326.751404
326.707703
326.306122
326.281250
326.125763
325.970856
325.737396
325.669464
325.892853
325.075623
324.824158
324.870178
324.685547
324.807251
324.469727
324.271912
323.791870
324.102600
324.182312
324.005524
323.559204
323.809509
323.967743
323.701904
323.671051
323.242981
323.368866
323.673615
323.928406
323.808044
323.703217
323.881836
324.190491
323.976898
324.193970
324.394318
324.941559
324.789825
325.130768
324.775696
325.373169
326.023621
326.081238
326.417450
327.417023
327.012146
327.409668
327.943542
328.245697
328.625946
328.695679
328.861572
329.541077
330.055145
330.667297
330.969299
330.960510
331.648468
331.630066
332.151215
332.262878
332.427582
333.028473
333.279327
333.764374
333.881775
334.210480
334.114746
334.597321
334.815369
335.114258
335.164551
335.467529
335.243652
335.463928
335.278442
335.811188
335.701477
335.992920
335.138641
335.677826
335.902954
335.892212
336.004150
335.045319
335.666016
335.349976
335.047028
335.105957
335.031891
334.722961
334.624573
334.515961
334.279358
334.067810
333.784760
333.606232
334.183258
333.833740
332.954132
333.069550
332.859222
332.376556
332.465393
332.517731
332.643097
332.174316
331.820099
331.743927
332.173309
331.817505
331.458527
331.685059
331.382690
331.354156
331.311920
331.756958
331.553650
331.807312
331.974365
331.578217
331.874054
332.143524
332.506134
332.579315
332.682404
332.917267
333.151978
333.263184
333.416351
334.237762
334.425293
334.317413
335.066711
335.660736
335.134460
336.055756
336.290527
336.301239
337.091553
337.744171
338.034882
338.168945
338.844757
339.370178
339.100464
339.607483
340.148987
340.759247
340.731384
341.378662
341.802612
342.102875
341.889771
342.453430
342.841431
342.920044
342.693420
343.208496
343.470703
343.708801
343.574890
343.858704
343.495422
343.988739
344.021942
344.227478
344.050842
343.949066
344.514893
344.212769
344.020264
343.460236
343.739288
343.177094
343.277924
343.202576
342.791260
342.545410
342.204590
342.140747
341.896484
341.424042
341.292175
341.206940
341.263580
341.155853
340.396851
340.015137
339.881042
339.319458
339.361206
339.073578
339.242340
338.954681
338.648895
338.353180
338.071594
337.848389
337.733490
337.633972
337.802002
337.422791
337.104797
337.561462
337.310547
337.346100
337.395050
337.374176
337.048340
337.219299
337.263550
337.055695
337.312592
337.473663
337.830505
337.731598
338.361694
338.522308
338.520660
338.917175
338.943146
339.489929
339.502258
340.165588
340.213501
339.931183
340.284332
340.991211
341.441040
341.354248
342.183014
342.012238
342.637939
342.610229
342.918945
343.500824
343.685272
344.189453
344.147400
344.466858
345.003082
345.069702
345.162750
345.118103
346.191681
345.667145
345.390076
345.925537
346.006348
346.029419
345.856415
346.371399
346.498688
346.261505
346.498077
346.027405
346.038025
346.502167
345.967438
345.655212
346.043030
345.616974
345.194916
345.774384
344.941650
345.562408
345.049866
344.539429
344.484772
344.493286
344.455170
343.907532
343.971069
344.090240
343.190125
343.307892
343.050507
342.639313
342.454132
342.115051
342.677704
342.082092
342.031494
341.871094
342.174896
342.331116
341.764374
341.978058
341.898590
341.795471
341.725616
341.794281
341.655701
341.292419
341.898743
341.692871
342.044861
341.845459
341.799316
341.989227
341.957367
342.265259
342.931885
342.057739
342.632935
343.088226
343.107147
343.351990
343.132904
344.024017
344.280060
344.595184
345.105591
344.745239
345.181793
345.221313
345.605682
346.345306
346.218719
346.040253
346.341156
346.665314
346.639343
347.346344
347.551666
347.643158
347.519409
347.933105
347.941986
347.961975
348.046082
348.165833
348.109375
348.190155
348.553497
348.447754
348.525513
348.335846
348.239380
348.074097
347.894897
347.858765
348.012634
347.387207
347.405060
347.040253
347.159210
347.008179
346.754059
346.739594
346.210327
346.202301
346.055267
345.704742
345.588928
345.097565
345.329437
344.501862
344.714111
344.219421
343.864349
343.801941
343.901794
343.816284
343.135681
342.815491
342.769714
342.703339
342.761566
342.759186
342.403198
342.615112
342.722290
342.487335
342.225647
342.656952
342.591370
342.784454
343.068573
342.550262
343.231110
342.970398
342.769653
343.608948
343.436493
343.756592
343.954071
343.990967
344.023376
344.426819
344.258026
345.074646
345.126770
345.277893
345.708313
345.917480
346.001404
346.262054
346.527679
346.378082
347.256805
347.093262
347.055084
347.275635
348.045013
347.568176
347.905060
348.100006
348.436401
348.135345
348.387543
348.816315
348.717926
348.868774
348.643768
348.388062
348.437592
348.414856
348.568329
347.996429
347.946289
347.389252
347.885437
347.628632
347.287170
347.297546
346.784576
346.705841
346.827271
345.994171
345.905457
346.045593
345.399323
345.117523
344.796692
344.506226
344.964447
344.307037
343.958862
343.739899
343.499908
343.278198
342.934814
342.505524
342.918274
342.377960
342.462189
342.288696
342.341400
342.664581
342.063293
342.305634
343.023132
342.478271
342.738770
342.918549
343.456360
343.530182
343.150574
344.082001
344.288483
344.814728
344.909851
345.355713
345.576111
346.522461
346.672943
347.050323
347.611603
348.037933
348.212189
348.506287
348.976868
349.077911
349.894470
349.924561
350.643372
350.529846
350.789764
350.770538
350.718933
350.876801
350.769684
350.629547
350.297058
349.861542
349.015442
348.694092
347.830322
347.025299
346.411926
344.899109
343.746613
342.458313
340.589783
338.990326
337.166656
334.859100
332.400238
330.454590
327.546570
324.707886
322.055878
318.946533
315.791595
312.453949
308.886322
305.328430
301.389740
297.508972
293.292816
289.367493
285.196014
281.283081
276.771851
272.243988
267.959290
263.095428
258.578979
254.360031
250.165680
245.737198
241.306412
237.331833
233.214310
229.258484
225.245743
221.833801
218.106750
214.919983
211.733978
208.977509
206.084061
203.925293
201.604843
199.720596
197.938187
196.951660
195.937759
194.848312
194.364090
194.966873

279.211914
171.821655
171.995544
173.075653
173.933029
174.800476
176.298172
177.456390
179.700424
181.865616
183.923996
186.425171
188.713623
191.683578
194.523544
198.016556
201.134674
204.361038
207.948807
211.325714
214.999115
219.075760
222.377853
226.297592
229.855209
233.802811
237.774475
241.391220
245.063507
248.700134
251.906998
255.599411
258.778076
262.406250
265.814301
268.487640
272.025787
274.872437
277.387543
280.118469
282.714905
284.826874
287.017334
289.058807
290.810394
292.892365
294.458984
296.064972
297.071869
298.534729
299.776886
300.752533
301.985657
302.564941
302.945251
303.629791
304.337128
304.347015
304.830475
304.883148
305.368622
305.223175
305.419434
305.483154
305.621002
305.642517
304.590973
304.890137
304.472504
304.691650
304.529907
304.180664
303.947388
303.816620
303.180206
303.332489
303.110657
302.311523
302.302643
302.278687
302.242340
301.876190
302.262573
301.889130
301.825012
302.046356
301.278137
301.627502
301.783966
301.830627
301.776550
301.927612
302.407623
301.900940
302.362122
302.645355
303.185059
303.446716
303.390839
303.429352
304.142487
304.400421
304.570221
304.731262
305.232330
305.668121
305.643707
306.285858
306.229767
306.852325
306.868988
307.749878
307.791046
307.906799
308.442230
308.665405
309.231018
309.335083
309.206604
309.517426
309.940918
309.880035
310.191772
310.260101
310.095093
310.750488
310.738342
310.335938
310.548096
310.693939
310.522064
310.689789
310.837646
310.283417
310.200958
309.814789
309.896332
309.430511
309.365601
309.476044
308.642273
308.963867
308.409698
308.338776
308.092072
307.380157
307.081238
307.354462
306.784027
306.913605
306.440826
305.950775
305.736359
305.761414
305.575653
305.322632
305.433105
305.145660
304.890045
304.723907
304.554047
304.503143
304.124115
304.779297
304.634460
304.137695
304.544159
304.347839
304.348846
304.417664
304.400330
304.826782
304.775330
305.056030
305.154510
305.504547
305.806427
306.085083
306.401550
306.700439
306.919128
307.208771
307.791138
307.362274
308.085114
308.590637
308.756775
309.085663
309.430969
310.027161
310.456543
310.579803
311.098633
311.372223
311.819031
311.901398
312.514893
312.630859
313.255737
313.497864
313.804504
313.639465
314.480682
314.530243
314.437622
314.543060
314.609009
315.201324
314.798401
315.538544
315.247131
315.506348
315.352509
315.417358
315.081940
315.152252
315.217987
315.061890
315.505920
315.196899
315.001617
315.058105
314.659058
314.354034
314.163116
314.363800
314.037628
313.886383
313.488953
313.526001
313.211151
313.109924
312.735535
312.700165
312.182617
311.799805
312.147919
311.428650
311.323883
311.240723
310.796844
310.717682
310.936432
310.444092
310.687073
310.338196
309.871002
310.218689
310.067444
310.048370
310.102173
310.109406
309.923340
310.148895
309.979858
309.602509
310.477509
310.307495
310.687439
310.765198
310.893463
311.316223
310.925964
311.587708
311.600311
311.928192
312.269531
311.978516
312.417877
313.096558
313.132202
313.521759
313.684052
314.348450
314.628296
314.673126
315.409241
315.712646
315.649994
316.418427
316.469269
316.774902
316.987335
317.617828
317.769714
317.765381
318.170532
318.584625
318.892548
318.816010
319.709778
319.575928
319.442902
319.464050
320.139954
319.671906
319.694702
320.205078
320.325256
320.285034
320.138977
320.358948
320.359283
320.208740
320.186249
319.875153
320.477356
320.078339
319.899994
319.372009
319.802429
319.413788
319.138702
318.911316
318.806183
318.732452
318.529602
318.184998
318.219666
318.351929
318.100189
317.752747
317.266144
317.411987
317.175781
316.844818
316.787994
316.933716
316.636810
316.382782
315.908051
316.340240
316.396912
316.141907
315.952728
315.914185
316.202240
315.676941
316.088989
316.178894
315.844299
316.286041
316.543152
316.263123
316.557068
316.578094
316.986694
317.029999
317.394958
316.932037
317.572083
318.012665
317.960358
318.146332
318.415802
318.822266
318.596039
319.046021
319.691071
319.652466
320.150696
320.165985
320.540497
321.113373
321.638794
321.559296
321.827087
321.744476
322.099030
322.754028
322.798401
323.203156
323.155365
323.422028
323.694214
323.722931
324.091888
324.339600
324.347717
324.554108
324.061371
324.619049
324.549072
324.962555
324.827881
324.960938
324.886688
324.793671
324.757050
324.612305
324.453217
324.313934
324.313263
323.964966
324.092072
323.756012
323.721344
323.478729
323.494629
323.467773
323.053650
322.724365
322.702728
322.294983
321.560547
322.069183
321.557831
321.507324
320.875641
320.789307
320.965332
320.738861
320.387268
320.418121
320.147430
319.738739
319.437134
319.780060
319.566437
319.398346
319.052765
319.030182
319.146362
319.577911
319.122070
318.885620
319.218262
319.243500
319.137238
319.358582
319.185181
319.570282
319.418060
319.435059
319.536011
320.050903
319.648163
319.908997
320.372589
320.520111
320.837952
321.181152
321.293213
322.052368
322.022156
322.145905
322.261993
322.604309
322.783630
323.067810
323.376099
323.677124
323.834473
324.208893
324.593567
324.638153
324.752747
324.610443
325.520782
325.667633
325.942596
326.281067
326.288544
326.412933
326.508942
326.504913
327.241333
326.682220
327.038055
326.832947
326.722198
327.032593
327.494385
327.303314
327.518402
327.350708
327.087341
326.644470
327.253113
327.225525
326.855560
326.688873
326.693359
326.634338
326.251831
326.242798
326.076935
325.947418
325.709259
325.600464
325.820374
325.035828
324.777832
324.826263
324.621826
324.757904
324.402222
324.223328
323.744293
324.039368
324.135254
323.972534
323.478363
323.758453
323.925903
323.625153
323.632935
323.188812
323.310303
323.605011
323.856812
323.727081
323.686310
323.795990
324.123383
323.908386
324.080200
324.288361
324.799561
324.693085
325.026917
324.604065
325.257751
325.895294
325.921417
326.239441
327.224945
326.843872
327.216858
327.736572
328.055420
328.437988
328.492401
328.630615
329.308472
329.829132
330.424286
330.667725
330.707245
331.345367
331.353546
331.839722
331.963898
332.116089
332.695160
332.933655
333.420319
333.522675
333.822937
333.723083
334.196014
334.396393
334.690186
334.746399
335.034546
334.789734
335.025116
334.844879
335.306946
335.209412
335.461456
334.643219
335.200745
335.391571
335.359680
335.442688
334.490967
335.110718
334.791138
334.449127
334.508667
334.421539
334.111511
334.017334
333.869720
333.642731
333.432434
333.151184
332.976410
333.530182
333.174377
332.271118
332.391296
332.180176
331.723877
331.804718
331.827179
331.978119
331.490723
331.142426
331.076355
331.503387
331.125427
330.753357
331.013336
330.700531
330.669983
330.644348
331.053894
330.889435
331.126984
331.287384
330.899841
331.230591
331.465363
331.866150
331.917664
332.035187
332.275330
332.500916
332.623474
332.770142
333.604065
333.819885
333.701599
334.474091
335.061371
334.558685
335.487488
335.699951
335.751617
336.553528
337.192413
337.511719
337.652649
338.337311
338.859039
338.625214
339.138153
339.717255
340.303101
340.307678
340.951965
341.392303
341.694611
341.521698
342.083313
342.464020
342.575104
342.358429
342.870697
343.180847
343.434204
343.291351
343.582092
343.241150
343.734497
343.814392
344.031311
343.842407
343.767578
344.343292
344.061371
343.876434
343.317932
343.592041
343.052643
343.179504
343.115692
342.721954
342.486847
342.159729
342.106323
341.877289
341.411224
341.304718
341.220673
341.306519
341.227417
340.450775
340.093567
339.967560
339.440735
339.477051
339.184662
339.358551
339.110229
338.788391
338.510681
338.251984
338.024048
337.934357
337.824615
338.034576
337.670227
337.352966
337.829407
337.540680
337.615479
337.646088
337.649567
337.333405
337.483215
337.553772
337.358673
337.611145
337.780548
338.128387
338.061951
338.651337
338.849854
338.856079
339.252258
339.281982
339.834412
339.848633
340.548187
340.577759
340.271210
340.602661
341.347443
341.808624
341.738281
342.550598
342.369476
342.994812
342.970764
343.294342
343.866119
344.050385
344.521545
344.543732
344.853088
345.365021
345.405548
345.507050
345.443970
346.534027
345.988312
345.740448
346.286316
346.369263
346.367981
346.194702
346.688934
346.779022
346.584778
346.820801
346.324585
346.317078
346.813019
346.272614
345.938171
346.334839
345.895538
345.460724
346.041626
345.193451
345.798859
345.290710
344.794434
344.734344
344.736786
344.678772
344.130890
344.192627
344.279175
343.358307
343.492157
343.199768
342.836243
342.603455
342.264984
342.841492
342.223175
342.168335
341.995758
342.289001
342.541656
341.855682
342.050323
341.980225
341.854523
341.758820
341.852020
341.773010
341.331146
341.954132
341.721191
342.081055
341.849945
341.797119
341.981018
341.951050
342.258484
342.891571
342.038544
342.594269
343.032013
343.073547
343.317963
343.065704
343.956970
344.200378
344.494476
345.020782
344.668427
345.053711
345.143341
345.486420
346.244476
346.127533
345.940216
346.202820
346.541595
346.502075
347.180298
347.349304
347.471619
347.339447
347.775787
347.776154
347.806946
347.917267
347.988098
347.918213
348.016205
348.342651
348.227386
348.331299
348.129700
348.075287
347.854095
347.766968
347.662506
347.829803
347.174683
347.198486
346.853271
346.971649
346.835510
346.600128
346.507507
346.016632
345.988525
345.868774
345.476654
345.392456
344.921112
345.135498
344.275360
344.512451
344.026886
343.660278
343.692474
343.698029
343.600739
342.927246
342.587677
342.546600
342.512604
342.609680
342.601288
342.261414
342.405090
342.537903
342.353363
342.072937
342.490845
342.408020
342.690094
342.914337
342.353638
343.049988
342.783417
342.574646
343.460938
343.300568
343.633636
343.793945
343.853790
343.839264
344.277863
344.177094
344.945435
344.988770
345.183685
345.566284
345.755341
345.876953
346.209778
346.443451
346.284241
347.156555
347.006561
346.973541
347.203247
347.922028
347.549622
347.807678
347.971741
348.341278
348.035583
348.313141
348.716675
348.630157
348.799896
348.560455
348.323486
348.367676
348.337219
348.496216
347.904541
347.868622
347.300476
347.813629
347.535278
347.255676
347.238892
346.686554
346.616943
346.716736
345.846863
345.794617
345.944824
345.289978
344.975494
344.727112
344.472229
344.844696
344.213898
343.832947
343.630707
343.384888
343.178406
342.784729
342.412140
342.814392
342.245239
342.341370
342.193176
342.188354
342.519073
341.864807
342.153687
342.858063
342.291229
342.560120
342.720062
343.274109
343.344238
342.945129
343.874420
344.036987
344.593262
344.682526
345.122192
345.323730
346.260254
346.406982
346.802490
347.377838
347.769989
347.941498
348.208710
348.690979
348.773987
349.628448
349.647949
350.350464
350.241638
350.438202
350.441315
350.382080
350.522644
350.427032
350.247131
349.922028
349.514648
348.645325
348.325867
347.436249
346.599060
346.029388
344.473419
343.293060
342.002075
340.145752
338.561035
336.734039
334.400330
331.933533
329.971741
327.078949
324.247620
321.595764
318.443756
315.275421
311.943695
308.363983
304.801208
300.867157
296.961700
292.753387
288.855194
284.687958
280.729584
276.217712
271.713348
267.404144
262.508728
258.027039
253.774490
249.592102
245.134903
240.730637
236.733826
232.606857
228.659973
224.637314
221.256943
217.512360
214.324493
211.144760
208.358337
205.477310
203.323196
200.988068
199.103134
197.319946
196.334839
195.331879
194.254608
193.743774
194.142532

224.253876
183.109497
183.620956
184.132599
184.999420
186.206985
187.785446
189.359955
191.513611
193.703873
196.149521
198.689575
201.653320
204.643967
207.867172
211.123871
214.206070
217.986816
221.636871
225.425125
229.406219
233.509277
237.532501
241.110916
245.520981
249.449677
253.227081
257.141571
260.995056
265.112640
268.885773
272.608673
276.302521
279.589355
282.615173
286.309509
289.466614
292.899994
295.644257
298.462433
300.382507
302.976379
305.305359
307.830109
309.681305
311.201996
313.123993
314.392273
316.113495
317.408966
318.399933
319.587646
320.149078
320.596588
322.014313
322.316223
322.446594
322.963776
323.354858
323.259796
323.290100
323.857300
324.048950
323.417084
323.278900
323.388214
323.085846
322.493713
322.425140
322.182739
321.799713
321.586121
320.879974
320.573212
320.390228
320.283936
319.152344
319.541992
318.675934
318.730316
318.573212
318.480774
317.939575
318.268799
317.868469
318.336151
317.695892
317.425964
317.873108
317.725433
317.858856
317.424225
318.137177
318.363129
318.183411
318.225311
318.510864
318.860840
319.342926
319.304321
319.439636
319.473602
319.900024
320.243561
320.726135
321.014526
321.305939
321.768311
321.946655
322.076477
322.963043
323.063721
323.242462
323.507965
323.817841
323.872375
324.506714
324.626526
324.859802
325.365845
324.996979
324.993622
325.337433
325.243103
325.148926
325.730621
325.329376
325.610840
325.627258
325.576721
325.503113
324.952911
324.962372
325.205780
324.707916
325.031799
324.831451
324.308899
324.294617
323.728241
323.765869
323.573090
322.984131
322.991821
322.594696
322.226044
321.971405
321.564850
320.825165
320.962585
320.273682
320.234314
319.980530
319.457672
319.441498
319.114502
319.093994
318.839905
318.648773
319.098389
318.408875
317.791840
317.880798
317.648254
317.598877
317.685028
317.719788
317.857239
317.690643
317.752869
318.366211
317.962585
318.096283
318.140167
318.839325
318.538147
318.357269
319.130920
319.426422
319.329346
319.984467
319.641876
320.081543
321.041870
320.829285
321.148529
321.337494
322.122925
322.196228
322.475922
322.649109
323.408661
323.440338
323.980286
324.204956
324.503510
325.008850
324.991760
325.385956
325.526672
325.873474
326.141479
326.378601
326.201355
326.615967
326.400269
326.536011
327.074005
326.876801
327.125916
326.982300
327.227112
327.127228
326.894440
326.561737
326.830902
326.533600
326.867676
326.158722
326.864441
325.783051
325.926758
325.535217
325.023560
324.872162
325.038635
324.510742
324.323669
323.763184
323.485168
323.671967
322.969574
322.863403
322.572266
322.042877
321.991821
321.567108
321.406067
321.225128
320.657501
320.696320
320.391388
320.321381
319.775543
319.485992
319.350708
319.114899
318.931427
318.951996
318.675049
318.842316
319.001465
318.744659
318.762878
318.408813
318.456024
318.945953
318.669495
319.022247
319.057922
319.067230
319.256165
319.026459
319.690399
319.581055
320.049225
320.306396
320.312805
320.955597
321.143677
320.937286
321.307190
321.628448
321.949799
321.876831
322.380371
322.728394
323.340027
323.316162
323.435211
323.555176
323.728455
324.352936
324.630920
325.105103
324.961670
325.107147
325.509308
325.646149
325.629333
325.978027
326.075195
326.417786
326.500580
326.435394
326.465179
326.351807
326.297668
326.315735
326.450470
326.247131
326.315796
325.842346
325.703308
325.986145
326.390900
326.029785
326.100647
325.945923
325.600861
325.428894
325.554077
324.971619
324.806519
324.809753
324.584351
324.471222
324.118683
323.695343
323.387848
323.008057
323.121368
322.737335
322.426941
322.383606
322.087982
322.060120
321.938599
321.885773
321.744202
321.688019
321.468536
321.570984
320.985382
321.188782
321.163513
320.880737
320.801300
320.853333
321.086273
320.325989
320.852783
321.144226
320.682251
320.992096
321.015747
321.180847
321.593109
321.497528
321.965546
322.195679
322.566956
322.781036
322.685272
322.946289
323.102722
323.370911
323.811096
324.066864
324.380432
324.595245
324.921021
324.906036
325.108704
326.126007
325.819427
326.281036
326.595520
327.063354
326.933136
327.050446
327.391022
327.559540
327.736359
327.980469
328.390045
328.574860
328.926544
329.259186
328.761169
328.514465
329.120422
329.181122
329.459229
329.002167
329.652740
329.395966
329.325378
329.436066
329.585175
329.138763
329.155884
329.290588
328.366028
328.147491
328.197388
328.090271
327.844879
327.688293
327.418640
327.480316
327.337494
327.329010
326.879364
326.794464
326.462341
326.314697
326.082062
325.795349
325.639191
325.143188
325.024750
324.851837
324.746155
324.816284
324.370514
324.422546
323.895172
323.943756
323.408508
323.550873
323.883759
323.668060
323.330505
323.697357
323.321686
323.435272
323.522583
323.563568
323.725647
323.899567
323.543030
324.179382
324.218292
324.245697
324.551788
324.249115
325.080597
325.011505
324.770630
325.381195
325.556854
325.800995
326.059906
326.494171
326.665985
327.122131
327.106873
327.265961
327.656250
328.000671
328.148041
328.281647
328.629211
328.969421
329.475708
329.330566
329.674927
329.843781
330.281586
330.424988
330.433075
330.629517
331.149261
331.012177
331.071320
331.465271
330.904724
331.023468
331.107208
331.434113
331.002655
331.332672
331.474182
331.697784
331.331818
331.404419
330.897888
331.744598
330.490936
330.845581
330.364136
330.679596
330.328400
330.406586
330.494812
329.862335
329.913574
329.403778
329.031189
329.015533
328.895996
328.562927
328.392365
328.349274
328.398010
328.075989
327.898041
327.517090
327.608429
327.019379
327.196289
327.023621
326.874695
326.820374
327.125458
326.921814
326.749512
326.570831
326.574341
326.643951
326.695129
327.430969
326.783386
326.790771
326.991821
326.833710
327.263062
327.192932
327.153595
327.434265
327.455048
327.771301
328.732147
328.623627
329.002472
329.047424
329.701599
329.696838
329.784882
330.244110
330.485809
330.348572
331.538727
331.211761
331.934723
332.521301
332.262329
332.869476
333.460541
332.996277
333.718658
334.141602
333.838226
334.798859
334.767700
334.903198
335.164307
335.542389
335.770325
335.561768
335.844330
336.222351
336.375397
336.271454
336.526367
336.424530
336.345154
336.447449
336.949951
336.703369
336.561005
336.408905
336.485626
336.321503
335.975189
336.252441
335.701050
335.725647
335.489990
335.725128
335.268341
334.837158
334.884766
334.583221
334.581543
333.758545
333.925323
333.795166
333.305176
332.850281
332.619141
332.747742
332.469574
332.173859
331.822327
331.840485
331.863281
331.632721
331.207123
330.929810
330.950806
330.788086
330.954865
330.951263
330.855835
330.463165
330.148712
330.688019
330.448547
330.526459
330.166931
330.358643
330.716797
330.534515
330.531982
330.924866
331.506317
331.047760
331.687744
331.531525
332.001617
332.369568
332.479279
333.228058
332.837219
333.439026
333.377289
333.699615
334.348022
334.824615
335.224731
335.373260
335.913055
335.997559
336.355286
336.739655
336.362488
336.855011
337.535309
337.905548
338.146088
338.303497
338.462463
339.151245
338.998932
339.640625
339.705353
339.819733
340.298187
339.986816
340.408752
340.188019
340.267670
340.563416
340.564178
340.186340
340.408417
340.299927
340.403717
340.009979
339.802155
340.282837
339.815948
340.274139
339.795380
339.096649
338.898651
339.004883
338.168152
338.244415
338.373749
338.309204
337.444336
337.364471
336.934784
336.488251
336.317780
336.385315
336.121765
335.440216
335.301147
334.964905
334.264709
333.803314
333.782806
333.845795
333.372375
333.137665
332.904663
332.708588
332.371033
332.646973
332.178223
331.929535
331.489197
331.804840
331.699158
331.625671
331.362549
331.630157
331.477356
331.621216
331.915619
331.497681
331.415131
331.163544
330.999237
331.816956
331.769989
332.399445
332.232727
332.683289
332.704346
332.322937
332.868042
332.876831
333.613129
333.914032
334.019958
334.442596
334.348083
334.477417
334.627289
335.169861
335.428345
335.519958
335.932495
335.882202
336.222412
336.393372
336.323822
336.885651
337.163513
337.366547
337.116028
337.548737
337.259766
337.775269
338.102478
337.724121
337.482605
338.201172
338.071320
337.620300
338.009216
337.688385
337.603912
337.439484
337.610596
337.667816
337.207703
337.515930
336.883026
337.230438
336.934387
336.806488
336.364258
335.970642
335.627899
335.222565
335.409515
334.867035
335.171844
334.719299
334.669464
333.826385
333.358246
333.373260
332.635925
332.988159
333.173676
332.691376
332.192413
332.172913
332.029938
332.350006
331.710846
331.367188
331.246674
331.048645
331.309479
331.742340
330.892609
330.377289
330.782318
331.009369
330.585480
330.822632
331.090820
330.985565
330.591980
330.498444
330.479034
331.008270
330.968994
330.743866
330.979645
331.324524
331.986359
332.199890
331.947052
332.058899
332.580048
332.812592
332.741516
332.728210
333.081543
333.298492
333.704590
333.648712
333.856506
334.238617
334.038544
334.445129
334.609741
334.747101
334.504730
334.748016
334.960480
335.522552
334.761169
335.637146
335.342255
335.349945
334.980865
335.459412
335.221283
335.562408
335.099609
335.329437
335.063293
335.011841
334.983795
335.153595
334.281097
334.426422
334.316010
333.753021
333.812958
333.177185
333.480957
332.721588
332.781891
332.640900
332.388031
332.253174
332.121582
331.531647
331.388245
330.846466
331.381317
330.852386
330.529175
330.369873
330.187317
330.084351
329.706146
329.659546
329.317719
328.838379
328.915070
328.396210
328.890106
328.715668
328.696228
328.228912
328.328491
328.745361
328.322388
328.001495
328.732849
328.260559
328.789459
328.927490
329.101746
328.996490
328.573273
329.335938
329.681732
329.721069
329.762299
329.796387
330.041962
330.456909
330.430420
330.669922
331.016296
331.143127
330.986145
331.332275
331.719940
332.023956
331.982422
331.954407
332.562195
332.877960
332.865234
333.176849
333.093567
333.507263
333.680115
333.390900
333.433685
333.603149
333.719879
333.488739
333.819489
333.317566
333.484406
333.271484
333.588928
332.997650
332.983978
332.837402
332.998810
332.814270
332.323303
332.458466
331.537872
331.594391
331.672058
331.513611
330.815948
330.410400
330.622925
329.931152
329.434357
329.960144
329.140045
329.282318
329.011871
328.656769
328.411407
328.361511
327.760742
327.670502
327.660187
327.762482
327.674927
327.340973
327.429840
327.495392
327.053497
327.199982
327.324158
327.927979
327.447418
327.764709
327.649841
328.133057
328.690491
328.853882
328.899353
329.723480
329.723694
329.788971
330.234650
330.916199
330.892517
331.775970
331.856293
332.349365
332.486755
333.173584
333.573242
333.828125
334.139282
334.506958
334.509186
334.620422
335.066895
334.937714
335.334564
335.322235
334.951019
334.376770
334.132935
333.953094
333.426819
333.074432
332.457428
331.444794
330.558868
329.371521
327.839355
326.693085
325.082703
323.518799
321.917664
319.784821
317.661346
315.511414
312.620392
310.167175
306.941315
304.642944
301.145874
298.163727
294.739410
291.314667
288.121979
283.960358
279.941742
276.536499
272.326050
268.060760
264.006287
259.858643
255.660065
251.492432
247.154251
242.564453
238.703430
234.534195
230.545547
226.327499
222.463867
218.800919
215.098877
211.674103
208.322067
205.211243
202.092499
199.578476
196.906464
194.680573
192.727753
191.044067
189.280533
187.814438
187.216476
186.104874
185.827118
185.949829

225.647614
183.204712
183.709946
184.229965
185.094223
186.312775
187.897263
189.464447
191.638824
193.834686
196.251511
198.805435
201.803436
204.779129
208.015457
211.270035
214.360855
218.147598
221.795013
225.569962
229.576736
233.691284
237.720627
241.297470
245.700851
249.648880
253.451630
257.371185
261.224426
265.334045
269.105042
272.838226
276.549042
279.864014
282.887360
286.611267
289.737244
293.203033
295.962311
298.771576
300.704254
303.327332
305.654877
308.183533
310.042755
311.592896
313.492401
314.783722
316.494476
317.825653
318.815826
320.017059
320.564606
321.009949
322.437531
322.763275
322.900085
323.443512
323.824829
323.738922
323.757568
324.319183
324.522125
323.871765
323.788879
323.900940
323.581970
322.969116
322.874969
322.702911
322.333923
322.121399
321.396240
321.076477
320.873871
320.776367
319.671265
320.051483
319.221069
319.236389
319.096283
319.018860
318.428772
318.764313
318.337402
318.851929
318.181091
317.935638
318.341797
318.198029
318.361084
317.897491
318.600281
318.832397
318.665131
318.698303
318.945374
319.317169
319.786926
319.716217
319.852631
319.905792
320.347504
320.619843
321.140656
321.413879
321.699554
322.144867
322.344238
322.452911
323.303375
323.407013
323.645691
323.858093
324.157928
324.204865
324.817078
324.979523
325.166016
325.687378
325.328461
325.309448
325.617676
325.539337
325.450623
325.971558
325.620270
325.878845
325.920593
325.876343
325.770966
325.236877
325.255524
325.513062
324.960541
325.265320
325.126678
324.532410
324.544586
323.972839
323.979431
323.859436
323.257660
323.251892
322.842896
322.501862
322.229370
321.822693
321.078583
321.226044
320.559692
320.502411
320.241547
319.732178
319.777191
319.416382
319.417023
319.144104
318.935089
319.429626
318.726776
318.099060
318.181213
317.982239
317.935944
318.034485
318.067688
318.202911
318.048370
318.137665
318.763092
318.352936
318.479004
318.543579
319.244751
318.952240
318.811462
319.530975
319.865082
319.768250
320.428589
320.079926
320.536926
321.508667
321.292023
321.613983
321.823639
322.626282
322.689819
322.968903
323.162476
323.925018
323.948151
324.520721
324.734344
325.052765
325.525269
325.506744
325.967560
326.095703
326.408875
326.691040
326.918823
326.770691
327.191467
326.987457
327.082977
327.614105
327.451385
327.660248
327.536652
327.806274
327.693146
327.508423
327.128723
327.402924
327.078339
327.418182
326.722443
327.389557
326.340302
326.489319
326.040100
325.541443
325.401764
325.583221
325.033478
324.841705
324.277100
324.002960
324.165314
323.451813
323.372345
323.070801
322.485657
322.474640
322.035919
321.828613
321.664825
321.060822
321.139008
320.811676
320.721954
320.168732
319.874695
319.749176
319.470734
319.289612
319.311401
319.015106
319.178589
319.314880
319.062378
319.064636
318.715027
318.734924
319.112427
318.947418
319.271667
319.305664
319.320587
319.494751
319.245941
319.926025
319.792328
320.272675
320.528900
320.513885
321.150696
321.350708
321.124481
321.497009
321.803223
322.111328
322.014984
322.526550
322.872040
323.497498
323.475250
323.578522
323.693542
323.843109
324.485931
324.753510
325.236389
325.086914
325.223907
325.629578
325.762970
325.750732
326.117981
326.202881
326.552948
326.624115
326.565277
326.575134
326.473785
326.419983
326.429169
326.574432
326.370117
326.464264
325.971680
325.850403
326.127838
326.531372
326.176727
326.235901
326.114410
325.775238
325.591064
325.705353
325.159943
324.979126
324.989929
324.785156
324.669312
324.329193
323.902832
323.602020
323.229858
323.317047
322.959808
322.635010
322.622192
322.317230
322.287781
322.189117
322.154785
321.997620
321.938324
321.724365
321.819977
321.258057
321.458069
321.432983
321.184509
321.087402
321.159973
321.353271
320.617615
321.145050
321.428986
320.981323
321.312073
321.290039
321.484741
321.872131
321.802246
322.288361
322.482025
322.883301
323.098663
322.975067
323.244781
323.374390
323.661194
324.066711
324.325104
324.639557
324.845642
325.171417
325.141235
325.379486
326.359344
326.042847
326.486542
326.810150
327.261017
327.124023
327.255035
327.562561
327.732178
327.909607
328.154816
328.557648
328.722443
329.060852
329.411407
328.887024
328.629089
329.220825
329.282593
329.541870
329.065155
329.698975
329.407074
329.361450
329.452972
329.607025
329.157471
329.142120
329.261993
328.321136
328.104645
328.156494
328.002411
327.751648
327.602905
327.314209
327.358673
327.230621
327.212067
326.709595
326.640747
326.303650
326.151398
325.864990
325.579498
325.436432
324.938477
324.794769
324.623077
324.501312
324.577728
324.103577
324.149170
323.616272
323.705383
323.123047
323.265869
323.549072
323.369293
323.004059
323.396179
323.000122
323.112915
323.185150
323.238983
323.395203
323.571564
323.199799
323.857666
323.890289
323.911102
324.220642
323.910645
324.769562
324.680511
324.442535
325.038757
325.221069
325.461639
325.739594
326.184387
326.368530
326.801056
326.817688
327.001099
327.375153
327.728729
327.843994
328.043884
328.382233
328.757111
329.254486
329.121948
329.472809
329.613129
330.071533
330.225616
330.251007
330.490143
330.964233
330.855225
330.927429
331.310944
330.757080
330.905487
330.989105
331.353943
330.928925
331.240326
331.426514
331.656891
331.306976
331.371521
330.870331
331.718964
330.471588
330.888214
330.369110
330.698517
330.356873
330.449371
330.554718
329.935120
329.984589
329.473297
329.110504
329.126678
328.994110
328.668762
328.504944
328.485199
328.530945
328.249146
328.051514
327.682190
327.756348
327.197266
327.400116
327.238098
327.044495
327.037445
327.340668
327.099640
326.970978
326.804169
326.827057
326.858551
326.929077
326.974121
327.035004
327.016693
327.212250
327.097382
327.512421
327.437714
327.447296
327.668671
327.725983
328.010529
328.952148
328.831421
329.265228
329.247986
329.960327
329.891235
330.035187
330.456757
330.671814
330.529358
331.752197
331.370117
332.158447
332.692108
332.429321
333.028564
333.614471
333.134430
333.867004
334.282898
333.973022
334.925903
334.836426
335.014984
335.248810
335.607391
335.870850
335.624451
335.902740
336.296326
336.397888
336.319244
336.533478
336.426147
336.371399
336.449127
336.943237
336.677063
336.515991
336.364227
336.411224
336.275665
335.898407
336.151764
335.595367
335.615601
335.358063
335.604919
335.159271
334.701508
334.688232
334.403351
334.404938
333.553955
333.727325
333.588593
333.069305
332.618805
332.363800
332.492371
332.200531
331.911835
331.534454
331.573456
331.548737
331.344391
330.863495
330.592987
330.609192
330.438812
330.634827
330.609314
330.505463
330.085541
329.787476
330.316254
330.038635
330.104980
329.774353
329.958069
330.326721
330.120850
330.104645
330.498871
331.059235
330.620575
331.255096
331.084534
331.524902
331.897003
332.009674
332.761139
332.399811
332.958527
332.910858
333.251404
333.848694
334.316010
334.747803
334.887207
335.419250
335.512939
335.885834
336.252808
335.883026
336.353455
337.048706
337.426849
337.646576
337.790955
337.966644
338.653717
338.488556
339.134216
339.179901
339.304749
339.786438
339.484070
339.891266
339.685394
339.753326
340.081238
340.093323
339.721619
339.920898
339.812317
339.896942
339.500549
339.319427
339.807037
339.323639
339.822876
339.310608
338.631134
338.435638
338.553894
337.731628
337.821320
337.901398
337.862366
337.006531
336.933807
336.491608
336.053650
335.884735
335.937622
335.689362
335.020691
334.859161
334.542480
333.837830
333.407288
333.342438
333.433838
332.973755
332.787811
332.509949
332.342896
332.023956
332.337250
331.844971
331.581696
331.158264
331.475342
331.358215
331.271301
331.031586
331.313995
331.166321
331.315399
331.606628
331.199677
331.123901
330.877258
330.744568
331.586700
331.489838
332.164154
331.984314
332.453217
332.448212
332.054474
332.669800
332.686737
333.424103
333.726044
333.859619
334.240753
334.148865
334.319183
334.477417
334.962463
335.325653
335.398346
335.825256
335.727203
336.155090
336.274841
336.215454
336.783417
337.073090
337.296265
337.090576
337.521454
337.240326
337.749817
338.059967
337.699615
337.493195
338.239899
338.081543
337.617096
338.049896
337.755981
337.679016
337.486572
337.704773
337.777222
337.330109
337.606415
337.001953
337.337372
337.059296
336.953674
336.526886
336.107697
335.804504
335.369629
335.555847
335.046204
335.352966
334.950317
334.884583
334.019897
333.576141
333.595520
332.856201
333.225952
333.427338
332.896057
332.443146
332.429779
332.289276
332.589844
331.974274
331.425598
331.536194
331.314789
331.617218
332.039185
331.192780
330.702728
331.119110
331.338501
330.925018
331.146393
331.427795
331.281464
330.904999
330.814850
330.812286
331.314209
331.306885
331.102783
331.325073
331.651398
332.336823
332.509003
332.309143
332.386902
332.947937
333.176361
333.117340
333.080719
333.415985
333.623291
334.050751
334.009308
334.189331
334.567047
334.395966
334.782471
334.967285
335.129852
334.845825
335.083405
335.351196
335.884888
335.105103
335.953461
335.697296
335.688080
335.310089
335.792542
335.548157
335.911713
335.449921
335.658447
335.375793
335.358337
335.291321
335.500488
334.612549
334.767822
334.638733
334.091583
334.116852
333.496643
333.781067
333.008057
333.072998
332.938293
332.692566
332.556671
332.431152
331.844635
331.688568
331.142944
331.673309
331.153625
330.809265
330.653473
330.465973
330.372070
330.001678
329.952637
329.603760
329.126038
329.183502
328.653473
329.158661
328.985840
328.963043
328.496033
328.582977
329.013123
328.609406
328.246368
328.999695
328.539001
329.047333
329.190125
329.368317
329.267059
328.815887
329.603668
329.935486
329.970764
330.033203
330.031158
330.282928
330.704681
330.695251
330.909790
331.245880
331.384460
331.232422
331.543610
331.986053
332.272980
332.225189
332.197052
332.768921
333.101044
333.124573
333.418030
333.328796
333.767426
333.926880
333.610199
333.661469
333.861359
333.978088
333.727081
334.074432
333.565826
333.748474
333.538483
333.828735
333.240509
333.209320
333.075073
333.258026
333.032745
332.555908
332.696503
331.797058
331.837189
331.896790
331.751495
331.041351
330.652344
330.854462
330.137726
329.680939
330.162811
329.359406
329.516052
329.228302
328.873474
328.650604
328.537842
327.999695
327.871124
327.872742
327.994751
327.903961
327.539764
327.654907
327.693481
327.251160
327.399872
327.519318
328.155670
327.656372
327.953674
327.855804
328.335022
328.886139
329.041931
329.093719
329.914520
329.895538
329.967255
330.399414
331.099579
331.032227
331.941284
332.015289
332.529602
332.661896
333.322479
333.735291
333.984985
334.284088
334.663269
334.657715
334.787964
335.202484
335.096802
335.461761
335.471313
335.061523
334.501007
334.237946
334.077850
333.539734
333.213989
332.574982
331.536896
330.646454
329.486115
327.946930
326.782410
325.164520
323.618988
322.010956
319.851715
317.723053
315.597595
312.687164
310.229218
307.006836
304.724762
301.191254
298.236938
294.815063
291.368561
288.158600
284.015656
279.988464
276.577484
272.376984
268.106689
264.078339
259.899048
255.699692
251.504181
247.190475
242.591171
238.736694
234.550919
230.560883
226.340012
222.469421
218.838654
215.114426
211.684830
208.332382
205.209717
202.114059
199.588348
196.912918
194.686996
192.737701
191.044220
189.295975
187.825821
187.220551
186.110870
185.848419
185.955505

