274.310120
172.456345
172.672607
173.277344
174.207001
175.260956
176.616470
178.333679
179.878464
182.248825
184.608215
186.690155
189.372726
192.368713
195.131317
198.505539
201.548706
204.977539
208.481766
212.098541
215.545425
219.249039
223.151520
226.856461
230.473221
234.306686
238.167023
241.886017
245.604004
249.041794
252.722427
256.092987
259.729797
262.843811
266.188293
269.101868
272.286896
275.412598
277.658325
280.629456
283.006226
285.135254
287.971466
289.411621
291.322510
293.550598
294.816803
296.275330
297.385040
298.917267
300.511139
301.078735
301.996521
303.148834
303.671631
304.204224
303.954712
305.004059
305.505280
305.447693
305.685577
305.610901
305.929047
305.694763
305.582703
305.320221
305.371094
305.203735
305.051208
304.874817
304.352112
304.553192
303.956055
303.623047
303.670654
303.381989
302.931580
302.860321
302.581024
302.325775
302.369080
302.339233
301.779694
302.104919
301.932861
301.605347
301.623077
301.911682
301.606476
302.082245
302.053558
301.983948
302.392120
302.351135
302.579407
302.453796
303.062195
303.488739
303.557892
303.974731
303.932007
304.249207
304.744934
305.358124
305.341309
305.997070
305.809143
306.573181
307.541901
307.367310
307.676636
308.277435
308.365173
308.308350
308.697845
309.166199
309.490753
310.258514
310.201904
310.291138
310.655182
310.641815
310.548187
310.865173
311.261749
311.074127
312.023132
311.520020
311.664825
311.606171
311.434143
311.486816
311.549652
311.473450
310.988159
311.303009
310.990112
310.691650
310.564148
310.520905
310.065125
309.790924
309.858490
309.418701
309.301575
309.059692
308.800934
308.137665
307.979248
308.017883
307.734436
307.413269
307.722717
307.298981
306.901093
306.813477
306.990509
306.550751
306.079681
306.185913
306.096130
305.864075
305.904236
305.541962
305.376495
305.666718
305.740326
305.769867
306.208344
305.759003
305.926270
306.221466
306.481598
306.592773
306.575836
307.157623
307.484039
307.381897
307.516602
308.012787
307.928406
308.644501
309.029968
309.207611
309.836090
310.319885
310.193085
310.692596
310.852966
311.669830
311.705505
312.251770
312.426086
312.655365
313.399811
313.409393
313.606934
313.973785
314.437958
314.639313
314.643097
315.006104
315.524780
315.686401
315.832031
316.050293
315.953369
316.266266
316.186584
316.394470
316.373688
316.239136
316.503662
316.334900
316.423523
316.239288
316.130219
316.270447
316.216187
315.782898
315.657257
315.512756
315.589020
315.180847
315.100616
314.901276
314.652496
314.716614
314.229187
314.104431
313.507690
313.954742
313.272614
312.740295
312.737885
312.486053
311.902466
312.208923
311.373871
311.934570
311.466583
310.954956
311.033905
311.032043
310.403503
310.508911
310.017426
310.506256
310.340302
310.118225
310.018280
310.191101
310.075592
310.139648
310.037354
310.138489
310.146973
310.329315
309.774231
309.960999
310.395294
310.875427
310.759094
311.376892
310.960266
311.565369
311.636139
312.016937
312.417145
312.389771
312.682312
312.690491
313.494781
313.412109
313.827057
314.389587
314.659088
314.570221
315.088104
315.460602
315.670715
315.667816
316.059784
316.390228
316.908264
316.801605
317.219635
317.714142
317.713867
317.701233
318.056427
318.263367
318.001495
318.200317
318.505402
318.535126
318.473938
318.697845
318.558563
318.811920
318.853729
319.045502
318.582062
318.684418
318.656006
318.203918
318.312592
318.199921
318.207367
317.747772
317.997650
317.444824
317.688171
316.918884
316.693298
317.022217
316.685669
316.361389
316.362701
316.189575
315.697235
315.243256
315.241852
315.186584
315.214569
314.577026
314.601715
314.615326
314.503082
314.517334
314.011566
314.181610
314.059326
313.690308
313.632416
313.584229
313.388153
313.567078
313.396362
313.912903
313.905731
313.834045
313.841766
314.293610
314.487152
314.513397
314.064362
314.165253
314.409149
314.569489
315.087311
315.232330
315.526123
315.665009
315.717499
316.247955
316.517670
316.494446
316.801178
317.221802
317.786499
318.005768
318.072968
318.150085
318.491943
318.785645
319.170532
319.431641
319.662079
320.066650
320.051544
320.374481
321.254395
320.735229
321.135742
321.347473
321.469208
321.690308
321.729279
321.977722
321.824890
322.424255
322.488983
322.304749
322.057007
322.332520
322.258026
322.362335
322.268005
322.414215
322.091461
322.120178
322.317596
321.810181
321.830963
321.663147
321.574951
321.180756
321.236938
320.944305
320.790558
320.504730
320.527985
319.696625
320.029449
319.794403
319.851013
318.910217
318.871063
318.900818
318.639801
318.837219
318.696167
318.560516
318.022827
318.282898
317.930023
317.695587
317.633301
317.684845
317.569489
317.673645
317.071716
316.945129
316.902039
317.129242
316.873505
317.310883
317.226929
317.701416
317.229523
317.223663
317.739532
317.876007
317.941132
318.218170
318.586212
318.773682
318.706604
318.847290
319.110474
319.289307
319.372925
319.578796
319.791168
320.098816
320.607941
321.133331
321.310822
321.792236
321.514862
321.761993
322.494720
322.509521
322.878601
323.028015
323.272522
323.268524
323.547089
323.774384
324.404633
324.078125
324.207367
324.361572
325.110443
325.053741
325.157349
325.847290
325.306641
325.481354
325.559418
325.486908
325.410889
325.461792
324.896118
325.775055
324.954803
325.383240
325.110931
325.073669
325.079468
325.042847
325.085510
324.743958
324.685699
324.534485
324.309662
323.870300
323.980713
323.766846
323.242462
323.509796
323.334137
323.249908
323.030060
322.955261
322.675232
322.495514
322.344513
322.483765
322.086487
322.054840
321.845673
321.793274
321.747192
321.544098
321.483643
321.740845
321.942291
321.659454
321.913788
321.986115
322.063660
322.040527
322.215393
322.122467
322.505646
322.401306
323.112366
322.903809
323.438354
323.756500
323.910187
323.755676
324.769501
324.427155
325.250458
325.294281
325.467499
325.189056
326.373779
326.955261
327.366486
327.234375
327.740967
327.666077
328.654327
328.970337
329.134277
329.985474
329.798828
330.143188
330.358459
330.750153
331.385315
331.285126
331.761353
332.107208
332.787628
332.699036
332.925964
333.309845
333.483917
333.361359
333.659943
333.724121
334.008118
334.202820
333.762238
334.688721
334.002289
334.348297
334.362030
334.201782
334.505341
334.292908
334.239960
334.149200
333.886047
333.846466
333.872101
333.729736
333.678192
333.222198
333.377167
333.014801
333.049469
332.638367
332.091339
332.655579
331.980835
332.523560
332.121765
331.130341
331.435730
331.489014
331.259613
330.952850
330.907196
331.259216
331.100494
330.617096
330.335388
330.349701
330.206635
330.596619
330.590820
330.229858
330.270844
330.614594
330.613342
331.318512
331.156006
331.335571
331.348511
331.457001
331.838379
331.747925
332.229889
332.559937
332.561310
333.019348
333.055725
333.702209
334.278717
334.186432
334.606750
335.074036
335.167358
335.794586
336.266266
336.660339
337.044556
337.738281
338.213257
338.113556
338.375641
339.328247
339.237457
339.908844
339.811340
340.695435
340.794189
341.067535
341.899139
341.979706
342.214691
342.592896
342.918671
343.298828
343.081909
343.492035
343.805939
343.692902
344.135223
344.045410
344.332611
344.025146
344.480835
343.765991
344.136597
343.882568
344.192932
344.179565
344.031677
343.938019
343.867249
343.590790
343.247833
343.039001
342.981079
343.183502
342.247864
342.145721
342.145386
341.878326
341.349609
341.401917
340.417450
341.021271
340.364197
340.575806
340.080475
339.935913
339.656830
339.416626
339.185669
339.342621
339.124481
338.930725
338.694641
338.266785
338.379272
338.482269
338.203339
337.780670
338.089050
337.771149
338.272278
337.832703
338.044708
337.734039
338.412445
338.353119
338.350189
338.172638
338.687683
338.674866
338.637177
339.234192
339.351074
339.068024
339.974731
340.106262
340.430084
340.702759
341.040985
341.364838
341.358398
341.490662
342.526276
342.249603
343.024109
343.060547
343.634521
343.574585
344.171509
344.062408
344.758179
344.906738
345.173645
345.466034
346.159302
346.080109
346.142609
346.910889
346.670990
346.842712
347.096771
347.085541
347.447540
347.290100
347.800232
347.408508
347.805603
347.366516
347.716522
347.556458
348.018372
347.979797
347.690094
347.222198
347.882446
347.829254
347.512817
347.257202
347.150360
346.723419
346.731323
346.653961
346.433289
346.447327
346.002777
345.694611
346.021973
345.398376
345.157501
344.792603
344.629456
345.162903
344.575592
344.323090
344.312164
343.887177
343.756927
344.005066
343.761230
343.705444
343.858612
343.516022
343.316467
342.989380
343.356903
343.068909
343.671814
343.126495
343.271149
343.430542
342.921387
343.703583
343.880646
343.362488
343.894653
344.211792
344.174591
344.097076
344.363831
344.268372
344.615234
344.947235
345.309570
345.707581
345.496002
345.865723
346.388000
346.284363
346.502197
347.081573
347.410095
347.248962
347.579163
347.922485
348.043243
349.074005
348.586304
348.768433
348.664978
348.946411
349.440063
349.478149
349.873962
349.883636
349.635376
349.833679
350.186798
350.448486
349.913086
350.005096
349.962097
350.385132
350.108093
349.865082
349.998566
350.007050
349.816742
349.491699
349.532379
349.335754
348.721832
349.333374
348.676270
348.344513
348.660187
347.726807
347.937897
347.441528
347.185791
347.739502
346.946899
346.845428
346.756073
346.411804
346.278778
346.041290
345.972412
345.577942
345.656952
345.335327
344.979309
344.739990
345.255219
344.504272
345.068481
344.190308
344.654480
343.819122
344.617188
344.402344
343.989227
344.609009
344.102875
344.374573
344.348877
344.123810
344.410522
344.853821
344.908417
345.129669
345.305237
345.668274
345.900269
345.802246
346.679169
346.287476
346.747375
347.145203
347.232971
347.479279
347.833801
347.784546
348.077606
348.127441
348.489288
348.465820
348.644043
349.098450
349.368286
349.457275
348.987610
349.757904
349.789032
349.461823
349.836578
350.104370
350.424072
350.330109
350.032043
350.311432
349.843536
350.279144
350.124115
349.895844
349.784943
350.049805
349.907593
349.177826
349.223511
348.987793
348.432648
348.118988
348.279633
348.014557
347.527222
347.586792
346.988007
347.407471
346.497345
346.377350
345.707306
345.697388
345.412079
345.242859
345.291504
344.914948
344.715485
344.232178
344.051331
344.038605
344.392151
343.758911
343.948425
343.735809
344.036896
343.803894
344.075958
343.911285
343.734192
343.843384
344.091736
344.289429
344.210083
344.756805
345.146515
345.586426
345.664978
346.435547
346.714996
346.242004
346.925171
347.641815
348.131195
347.984283
348.321655
349.431580
349.660889
350.315948
350.518036
350.766968
350.860077
351.583984
351.616455
351.550171
351.558746
352.035553
351.713989
352.170410
351.154388
350.957214
350.712494
349.926666
349.577148
348.735474
347.749176
346.548309
345.626190
343.887543
342.854614
341.219666
339.284698
337.054443
335.067780
333.035034
330.443024
327.832245
325.162018
322.320648
319.342926
316.149445
312.820862
309.298157
305.682800
301.683655
297.660736
293.536072
289.575134
285.397949
280.678253
276.432648
272.039215
267.826447
263.418304
258.893951
254.333832
249.881500
245.792755
241.136383
237.065460
233.006058
228.862915
225.001251
221.294128
218.028824
214.749329
211.519730
208.622849
205.967834
203.247696
201.359085
199.460281
197.915466
196.545334
195.259384
194.754959
193.884842
194.508698

269.586578
172.900589
173.113800
173.723221
174.672684
175.725815
177.057205
178.794128
180.337265
182.708435
185.090332
187.168671
189.867111
192.864304
195.633301
199.005966
202.065292
205.509018
209.019379
212.622223
216.091888
219.812454
223.716248
227.458511
231.056702
234.912643
238.783234
242.525940
246.249435
249.703827
253.431396
256.797302
260.438446
263.566864
266.920410
269.840088
273.027374
276.213654
278.424805
281.423065
283.815369
285.915894
288.785309
290.251434
292.166748
294.410645
295.690063
297.157318
298.289185
299.839233
301.466919
301.997284
302.916016
304.101349
304.649597
305.180237
304.944672
305.988983
306.507050
306.421722
306.732941
306.646149
306.971130
306.747986
306.602600
306.371002
306.425842
306.252625
306.091339
305.904236
305.393036
305.603302
304.987976
304.699280
304.714172
304.440613
303.959320
303.864044
303.615387
303.340942
303.377075
303.360077
302.739410
303.083282
302.902008
302.589752
302.569397
302.840454
302.519684
303.010712
302.949951
302.893402
303.262268
303.253754
303.432770
303.280304
303.886108
304.314758
304.357422
304.745209
304.674408
305.014374
305.463806
306.076294
305.992371
306.663208
306.458923
307.213287
308.147766
307.918457
308.217896
308.798035
308.848450
308.793762
309.158936
309.583984
309.878174
310.646942
310.572754
310.632935
310.997131
310.955353
310.835754
311.130859
311.499054
311.281769
312.223755
311.719604
311.824524
311.751312
311.549988
311.609192
311.623810
311.540283
311.038025
311.335846
310.999542
310.691071
310.555695
310.484589
310.031067
309.715515
309.778595
309.305511
309.179901
308.959839
308.659363
307.988037
307.856018
307.834351
307.560089
307.248230
307.532990
307.129089
306.703400
306.592743
306.796570
306.328247
305.882965
305.963776
305.871613
305.635498
305.679230
305.340546
305.154266
305.464508
305.529022
305.555023
306.001129
305.570892
305.728271
306.017059
306.292572
306.403961
306.407806
307.012482
307.312073
307.245636
307.362915
307.856903
307.839233
308.509888
308.931610
309.104706
309.751953
310.224609
310.122589
310.685974
310.828400
311.633209
311.670898
312.255127
312.454529
312.670166
313.471741
313.462738
313.690704
314.076233
314.542603
314.766296
314.783356
315.140717
315.674286
315.853638
316.080750
316.253174
316.176910
316.508789
316.439209
316.651123
316.656219
316.527374
316.800079
316.680115
316.788269
316.597778
316.488892
316.649292
316.638763
316.185883
316.074341
315.978821
316.026428
315.637817
315.597198
315.385712
315.144196
315.242279
314.757294
314.654938
314.056396
314.498016
313.840485
313.345490
313.337463
313.042908
312.523529
312.818298
311.984619
312.591370
312.074463
311.614288
311.700958
311.705170
311.102051
311.187164
310.697510
311.204529
311.055756
310.833862
310.714172
310.920074
310.784088
310.876648
310.789917
310.829620
310.897614
311.065125
310.494751
310.698212
311.134369
311.610504
311.492218
312.148987
311.680206
312.342224
312.418610
312.775513
313.168915
313.117767
313.482971
313.459381
314.239746
314.173035
314.557861
315.124298
315.445801
315.335815
315.828827
316.236816
316.410339
316.416779
316.778412
317.153442
317.657715
317.570587
317.964539
318.490356
318.471344
318.454041
318.826385
319.040161
318.807373
318.958801
319.255341
319.312897
319.247986
319.478851
319.342224
319.582977
319.618683
319.787323
319.359253
319.476227
319.401428
319.009918
319.106262
318.966003
319.006775
318.571655
318.779633
318.237854
318.460693
317.710968
317.482819
317.771851
317.487213
317.148773
317.146820
316.989227
316.509033
316.002106
316.002930
316.007935
316.009094
315.391174
315.397797
315.384491
315.321289
315.362366
314.786377
315.010071
314.874725
314.501038
314.428314
314.381470
314.185669
314.361053
314.171936
314.707123
314.653687
314.567230
314.627686
315.098877
315.232910
315.351776
314.831390
314.911987
315.168732
315.347870
315.845612
315.998260
316.294617
316.373749
316.474152
316.975037
317.251160
317.232727
317.525635
317.950562
318.468811
318.733459
318.754944
318.832947
319.197662
319.455963
319.891968
320.064697
320.299744
320.717224
320.698395
321.034546
321.853790
321.346313
321.710541
321.984436
322.020966
322.209198
322.305542
322.574371
322.345581
323.001556
323.045319
322.837128
322.569427
322.826416
322.750061
322.803467
322.710022
322.857941
322.550201
322.545044
322.753204
322.212860
322.264465
322.063568
321.975220
321.503937
321.584320
321.250244
321.146179
320.853973
320.846588
320.007294
320.258545
320.077942
320.107025
319.143982
319.101837
319.098022
318.871307
319.038452
318.872620
318.699127
318.221313
318.418915
318.102081
317.859528
317.805969
317.834259
317.655426
317.780975
317.181519
317.030121
316.973663
317.234558
316.964478
317.366516
317.316650
317.755096
317.307251
317.280304
317.807617
317.931000
317.979431
318.242340
318.587158
318.788757
318.730774
318.868774
319.120422
319.311127
319.423309
319.606506
319.758789
320.094666
320.586456
321.133759
321.305176
321.782654
321.528412
321.778473
322.495056
322.552124
322.903229
323.047729
323.281860
323.280640
323.540070
323.772888
324.380005
324.119598
324.240326
324.402008
325.124878
325.102386
325.187408
325.894623
325.355133
325.534973
325.621216
325.548645
325.487427
325.524017
324.958221
325.873810
325.052216
325.479401
325.207764
325.154419
325.182007
325.137238
325.174530
324.844696
324.803131
324.647766
324.454041
323.990021
324.102509
323.874573
323.381653
323.657440
323.485718
323.391937
323.177460
323.086670
322.827667
322.620544
322.492767
322.630188
322.227539
322.214539
322.017181
321.900818
321.902740
321.682526
321.610107
321.888947
322.073425
321.795258
322.046875
322.130829
322.143707
322.175842
322.356873
322.261078
322.655762
322.565002
323.201324
323.031097
323.574493
323.865723
324.001404
323.831818
324.862885
324.529602
325.330994
325.361786
325.561920
325.265137
326.446808
327.018372
327.377228
327.272522
327.791840
327.694855
328.700409
328.974945
329.128510
329.991608
329.815430
330.109222
330.328278
330.723083
331.334503
331.226776
331.690796
332.031219
332.698212
332.614441
332.849609
333.196228
333.389832
333.239655
333.560852
333.598389
333.861359
334.093018
333.600952
334.546997
333.837891
334.168823
334.183228
334.005707
334.312866
334.116119
334.039612
333.957703
333.660309
333.624451
333.657349
333.496429
333.444702
332.992340
333.117340
332.754547
332.798767
332.386475
331.811401
332.393555
331.709015
332.242889
331.833038
330.862335
331.153961
331.188538
330.963470
330.681427
330.600250
330.976379
330.828766
330.312256
330.035400
330.046692
329.913605
330.290588
330.310730
329.963684
329.998535
330.304749
330.313873
331.055664
330.866486
331.069916
331.090302
331.190369
331.568207
331.503693
331.981262
332.318787
332.323151
332.778137
332.838440
333.480957
334.040863
333.971802
334.399811
334.866852
334.971985
335.630798
336.092560
336.490234
336.882965
337.570770
338.081635
337.948029
338.245728
339.206818
339.142090
339.826691
339.748291
340.559357
340.705841
341.022064
341.823090
341.894592
342.183350
342.542664
342.902008
343.277679
343.050262
343.475861
343.831207
343.721313
344.157684
344.090240
344.363312
344.072266
344.526398
343.825623
344.218658
343.977325
344.292297
344.268585
344.140015
344.080566
344.003815
343.721802
343.390381
343.183716
343.162628
343.354126
342.402557
342.354065
342.333771
342.078430
341.528442
341.621002
340.644806
341.230591
340.603546
340.807922
340.331970
340.152252
339.911224
339.696960
339.447235
339.627899
339.396606
339.168121
339.010651
338.579803
338.666351
338.780243
338.522369
338.104004
338.412201
338.112518
338.591888
338.169434
338.372406
338.061768
338.730774
338.716492
338.712189
338.519348
339.034912
339.033661
338.964935
339.581940
339.714783
339.444641
340.358612
340.440399
340.781891
341.037140
341.406738
341.715118
341.732697
341.870117
342.885284
342.605988
343.416870
343.386353
343.999054
343.912750
344.526276
344.423920
345.153625
345.250397
345.528534
345.805450
346.484741
346.432465
346.502869
347.269379
347.034607
347.198975
347.452301
347.422546
347.807739
347.644196
348.153961
347.737335
348.165070
347.701263
348.037903
347.891357
348.385223
348.342102
348.035095
347.526886
348.221863
348.118988
347.847595
347.571381
347.470032
347.027374
347.021759
346.984192
346.749969
346.749603
346.329529
345.968842
346.310455
345.675995
345.473572
345.066620
344.912689
345.423126
344.849518
344.593597
344.545380
344.143188
344.019501
344.270447
344.016937
343.951538
344.128815
343.731842
343.593506
343.212128
343.605591
343.297150
343.883209
343.351105
343.480896
343.659973
343.129395
343.920776
344.078064
343.552032
344.077881
344.403381
344.351868
344.281555
344.541229
344.428009
344.791840
345.073486
345.473602
345.828491
345.650146
345.988586
346.542847
346.425446
346.626587
347.201324
347.540161
347.351227
347.663544
348.043243
348.169983
349.169373
348.673218
348.874268
348.732452
349.030029
349.527069
349.550781
349.946564
349.958649
349.693848
349.882477
350.228699
350.522278
349.979187
350.034973
349.992584
350.406158
350.159241
349.877319
350.018036
350.037842
349.812134
349.477295
349.569824
349.328430
348.735229
349.308624
348.671143
348.311310
348.642059
347.736176
347.910583
347.406006
347.142212
347.697083
346.905426
346.766296
346.694794
346.366730
346.228271
345.992493
345.910675
345.531281
345.587799
345.271179
344.915344
344.673492
345.155975
344.403625
344.987946
344.125916
344.550262
343.740845
344.548981
344.290253
343.907135
344.516632
343.999023
344.265259
344.271149
344.028931
344.323090
344.733795
344.783539
345.029266
345.188782
345.555328
345.791595
345.667053
346.562256
346.120026
346.629730
347.047272
347.093536
347.392548
347.675568
347.646606
347.962616
348.006775
348.348969
348.367065
348.534332
348.967926
349.228394
349.325653
348.845703
349.637604
349.660980
349.344635
349.707214
349.965027
350.304871
350.178314
349.879059
350.198059
349.727203
350.149628
350.018463
349.771820
349.669189
349.922546
349.788239
349.048523
349.078369
348.863251
348.308685
348.017731
348.126343
347.895386
347.423340
347.491058
346.893860
347.317291
346.377045
346.260925
345.614197
345.598083
345.293823
345.147369
345.193085
344.802429
344.592773
344.097107
343.976135
343.922638
344.298248
343.703552
343.866821
343.647095
343.978088
343.732605
343.993164
343.835388
343.683716
343.802216
343.994354
344.186401
344.134308
344.711090
345.066498
345.532715
345.641907
346.391937
346.702271
346.211029
346.878723
347.621552
348.100006
347.937378
348.292755
349.400726
349.642212
350.286987
350.499207
350.769379
350.869293
351.600342
351.629608
351.561493
351.570618
352.050995
351.733002
352.161682
351.181549
350.987335
350.764465
349.959778
349.607300
348.778809
347.810211
346.591400
345.682220
343.949493
342.923859
341.259430
339.326569
337.096161
335.122925
333.099884
330.536194
327.914093
325.263397
322.403961
319.421021
316.252747
312.925232
309.381622
305.769073
301.770569
297.749420
293.648224
289.679321
285.512665
280.782715
276.550903
272.164459
267.939850
263.525482
259.020172
254.448975
250.025330
245.920242
241.240784
237.189346
233.133606
229.000092
225.130310
221.413177
218.159210
214.883301
211.651886
208.766617
206.119781
203.391724
201.480316
199.597351
198.065613
196.698181
195.391068
194.898651
194.016052
194.740417

220.702301
184.685043
185.464050
185.905640
187.065750
188.397369
189.921173
191.592712
193.470474
195.757690
197.981323
201.030273
203.461380
206.615219
209.998703
213.271240
216.628021
220.304214
224.201248
228.138336
231.876541
235.486328
239.598740
243.767532
248.185349
252.008743
256.175201
260.073334
263.783875
267.861908
271.518768
275.636200
279.203583
282.930695
285.693085
289.483582
292.489929
295.562134
298.821564
301.445190
304.062805
306.505554
308.827209
311.022308
313.323120
315.148102
316.456238
317.970337
319.558716
320.831635
322.048157
322.920197
324.263733
324.970093
325.529114
326.409332
326.411316
327.201813
327.214050
327.421234
327.502380
327.724426
327.804382
327.574982
327.473663
327.291626
326.871307
326.280853
326.371185
325.904297
325.678436
325.376526
325.083710
325.268127
324.591980
324.336670
323.819611
323.804138
323.295624
323.190796
322.987518
322.461731
322.752197
322.186096
322.313934
322.061951
321.943756
321.727234
322.109497
321.795197
322.201019
321.695312
322.541229
322.166138
322.521576
322.213440
322.888031
322.985382
323.082733
323.585999
323.623505
324.163574
324.225708
324.832520
325.019073
325.586945
325.774323
326.253937
326.754669
326.809326
327.007385
327.375732
327.743469
328.039337
328.228821
328.980408
328.682251
329.115723
329.092957
329.105988
329.806183
329.685120
329.995972
330.341797
330.311493
330.323517
330.290619
330.208771
330.427429
330.061890
330.139893
329.824005
329.764191
329.263550
329.539551
329.325043
329.119049
329.083099
328.959259
328.307312
327.894501
327.626556
327.535736
326.902466
327.283325
326.694580
326.568726
325.866699
325.621124
325.283203
324.935547
324.735107
324.692810
324.360413
324.200989
323.927673
323.456177
323.065735
322.941895
322.751648
322.824677
322.803223
322.636536
322.543945
322.200531
322.260529
322.253723
321.974548
322.315887
322.008850
322.217865
322.257690
322.681885
322.478638
322.711334
322.942108
323.154846
322.940979
323.737854
324.152374
323.788818
324.526917
324.582520
325.065613
325.606201
325.722687
325.882263
326.129211
326.276184
326.872986
326.935150
327.254517
327.606049
328.057587
328.308868
328.833282
329.264587
329.041870
329.628479
329.695679
330.221863
330.135010
330.626465
330.277832
330.717224
330.576721
330.981049
331.045898
331.059814
331.291901
330.734589
331.195099
331.226929
330.823822
331.012421
330.785645
330.479309
330.959320
330.356018
330.336151
330.269440
329.616089
329.699738
329.244141
329.027740
328.742798
328.157715
328.069244
327.704315
327.423676
326.755798
326.649475
326.707703
326.461761
325.979065
325.437469
325.604401
324.950470
324.895355
324.395813
324.121948
323.977631
323.702454
323.165283
323.031158
323.376740
323.126038
322.445190
322.977234
322.831055
322.198456
322.008118
322.215332
322.334503
322.398468
322.155060
322.117950
322.247375
322.233368
322.487640
323.024261
322.732422
323.022858
322.372650
323.430389
323.424866
323.831970
323.443420
324.136841
324.609070
324.277496
324.574310
325.165649
325.105896
325.649414
325.813690
326.066254
326.234741
326.357574
326.353058
327.060272
327.597748
327.499603
327.810760
328.063904
328.536194
328.277313
328.602112
329.001617
329.533844
328.774841
328.891266
329.410370
329.329163
329.629517
329.632202
329.718079
329.237335
329.544830
329.829865
329.686554
329.260925
329.393280
329.273102
329.401184
328.777527
328.912811
328.754333
328.587799
328.482178
328.207977
328.188904
327.733429
327.799896
327.385803
327.266663
326.979492
326.581818
326.538788
325.894104
326.178802
325.629730
325.529877
325.553772
325.020935
324.515381
324.293488
324.595245
324.276947
323.921631
323.293671
323.781464
323.410248
323.682770
323.609528
323.354248
323.106598
323.043121
323.247375
323.197357
323.123199
323.224854
322.948181
323.303406
323.189880
323.487976
323.766998
323.893677
323.808197
323.778595
324.316620
324.630554
324.135376
325.079834
324.867096
325.395050
325.963074
325.829895
326.047607
326.740082
326.504913
326.785522
326.989838
327.404114
327.876190
328.199768
328.089813
328.520264
328.275299
329.036804
328.984161
329.436218
329.968628
329.953552
329.916779
330.166809
329.771759
330.354736
330.326416
330.359985
330.861603
330.776886
331.187439
330.918671
330.926575
330.848389
330.985321
331.146637
330.897217
330.579712
330.781586
330.453613
330.655884
330.747681
330.214600
330.054199
329.661621
329.243225
329.575043
328.999817
328.885956
328.548218
328.773895
328.657349
328.247498
328.297119
327.654785
327.334412
327.182434
326.906616
326.706787
326.674713
325.924469
326.042175
325.862335
325.734802
325.956085
325.579102
325.440674
325.308197
325.278168
325.081207
324.823486
325.093414
324.826447
325.015350
324.716553
325.142212
324.912628
324.890961
324.989136
325.329590
325.485870
325.463928
325.446594
325.802643
326.122375
326.265320
326.015198
326.718109
326.503784
327.180542
327.140594
327.321350
327.534088
327.613739
328.195282
328.173950
328.172363
328.873688
328.772034
329.261902
329.507324
330.000763
329.669556
330.574097
330.757385
331.143707
331.022583
331.287537
331.405945
331.871796
331.423645
332.239777
332.244110
332.774231
332.280975
331.927429
332.084503
332.296234
332.108063
332.701141
332.701019
332.368622
332.356445
332.497284
332.466614
332.719604
332.057343
331.712952
331.973511
331.700714
331.319733
331.444122
331.253815
331.177216
330.806763
330.741638
330.528473
330.332153
330.300720
329.758392
329.933319
330.201141
329.260376
329.823853
328.573059
328.589813
328.428589
328.151093
328.371460
327.820251
328.324799
327.886658
327.568512
327.752319
328.094299
327.832916
327.410217
327.067078
327.693420
327.613831
328.038116
327.487427
327.590576
328.011566
328.084656
328.358551
328.023346
328.234253
328.659515
328.530548
328.980927
329.141724
329.387573
330.022919
329.742065
330.006805
330.462280
330.827515
330.981171
331.618195
332.043213
331.951782
332.468292
332.875702
333.200287
333.240662
333.619019
333.617310
334.190735
334.334106
334.449646
335.151978
335.303558
335.743256
335.919952
336.006409
336.028656
336.672363
336.332550
336.777496
336.606750
336.818176
337.242096
337.255951
337.270844
337.008850
337.115295
337.553284
337.475800
337.480438
337.591125
337.147491
337.375916
336.950165
336.898743
336.758057
336.150513
336.313568
335.967285
335.878906
335.440796
335.370880
335.696899
334.872070
334.604034
334.169434
334.066803
334.284637
334.028412
333.562164
333.322174
332.906097
332.711548
332.518860
332.311340
332.364227
332.442352
331.785889
331.761292
331.677521
331.375397
331.660339
331.179718
331.396912
331.179810
330.878540
331.277344
330.915924
330.955688
331.664764
331.512268
331.710541
331.939758
331.332123
331.536255
331.934692
331.994446
332.239929
332.394989
332.683990
332.836487
333.303406
333.730072
333.807068
334.312103
334.485840
334.743256
334.917755
335.105988
335.833588
335.986145
336.612549
337.023804
337.127472
337.586487
337.981018
338.279907
338.239594
338.352539
339.728149
339.174652
339.577332
340.118195
340.103516
340.446838
340.864899
340.414215
340.720306
341.171478
341.048035
341.398865
341.050201
340.985596
341.293945
341.215637
341.554901
341.608643
341.007385
341.228394
341.273682
341.509796
341.570618
340.436768
341.038574
340.694305
340.576019
339.992523
339.638306
339.452087
339.336975
339.180573
339.053314
338.472504
337.917908
337.839691
337.749268
337.116180
337.051117
336.913788
336.404236
336.238037
336.120087
335.807892
335.791718
335.788544
334.971954
334.944641
334.484558
334.077972
333.999695
334.147186
333.781708
333.484406
333.592865
333.519867
332.767548
333.396545
333.757477
333.417084
333.371460
332.931519
333.476440
333.553955
333.261322
333.215637
333.877380
333.949646
333.890747
334.039642
334.366364
334.401367
334.387726
335.243622
334.638763
335.073669
335.207458
335.849304
335.858002
336.203857
336.447784
336.977295
336.991119
337.392090
337.567993
337.744751
337.981354
338.468506
338.485687
339.188232
339.109131
339.559845
339.676544
339.765594
340.079315
340.341370
340.288574
340.174713
340.467499
340.424835
341.011627
340.396149
340.643036
340.786560
340.787872
340.659271
340.716583
340.779358
340.496552
340.614044
340.758148
340.205658
339.850525
339.975098
339.840912
339.680145
339.385651
338.990753
338.959534
338.540802
338.625275
338.151794
338.265656
337.619873
337.503845
337.558258
337.145599
337.037354
336.950012
336.694580
336.483582
336.369751
335.759186
336.038574
335.747192
335.268341
334.907623
334.973663
334.866150
334.711334
334.742615
334.430725
334.211884
334.536346
334.698761
334.793671
334.858002
334.309692
334.647522
334.951202
334.896729
335.135345
335.077667
334.783203
334.761353
335.373322
335.349426
335.872498
336.049927
336.117859
336.297607
336.379700
336.863800
336.985504
337.139374
337.334625
337.302399
337.874908
337.628174
337.984100
338.386810
338.215302
338.827118
338.710480
339.011719
339.087738
339.443634
339.689911
339.327393
339.435638
339.653107
339.323212
339.780762
339.838654
339.814362
339.565643
339.998657
340.020477
340.074524
339.758331
340.126129
339.582550
339.688141
339.554230
339.128601
339.565643
339.338135
338.967346
339.018738
338.491913
338.412659
337.930145
337.664703
337.742676
337.091705
336.579987
336.404999
336.560730
336.215149
336.295990
335.932465
335.369110
335.855621
335.183258
335.195496
334.436920
334.540283
334.557281
334.811584
334.519501
333.622650
334.006104
333.773651
333.653351
333.528595
333.955505
333.560883
333.839966
333.303436
333.877472
333.749908
334.101440
334.026062
333.647217
333.970093
333.905090
334.365448
334.323639
334.425751
334.379791
334.614014
335.197998
335.271210
335.595123
335.435516
336.213501
335.885162
336.126221
336.788544
337.009979
337.318604
337.212616
337.417816
337.831207
337.936798
338.083771
337.990509
338.000061
338.153198
338.689087
338.748657
338.455505
338.549988
339.222961
338.667480
339.240112
339.194824
339.072418
339.042603
338.770782
338.436005
337.934906
338.546570
338.025177
337.856628
338.314911
337.603546
337.809174
336.985229
336.890106
337.003571
336.655853
336.485779
335.801208
335.523163
335.380219
335.262177
335.073303
334.843475
334.317902
334.336243
333.645264
333.421539
333.669922
333.255249
333.013916
333.122437
333.285126
333.258362
332.592987
332.810394
332.451141
332.453430
332.664978
332.801941
332.416626
332.910431
332.874176
333.150909
333.481140
333.868042
333.614838
334.094299
334.860199
334.642151
335.579437
335.262634
335.897034
336.630035
336.426025
337.595642
337.546539
337.890839
338.714081
338.412903
338.617157
339.154541
339.732880
339.626038
340.476227
340.445435
340.219360
340.348175
339.672791
339.861267
339.751404
339.333954
338.931793
338.781311
338.037537
337.267639
336.489380
335.230133
333.906647
333.235046
331.311951
329.937378
328.357483
326.480194
324.358704
322.182312
320.171234
317.641815
314.640137
312.115753
309.253754
305.805603
302.755310
299.048065
295.422363
291.478333
287.645508
284.062775
280.098633
275.851990
271.898285
267.388306
263.468445
259.403564
254.783722
250.745468
246.159668
242.240601
237.851746
234.216614
229.583450
225.637833
221.822327
217.960144
214.512527
211.041550
208.119797
205.199081
202.294266
199.730545
197.510803
195.175385
193.666229
191.919083
190.614441
189.485687
188.715668
188.575745
188.320023

226.600464
185.286697
186.037628
186.482727
187.663269
188.990417
190.513718
192.168503
194.077988
196.371094
198.577377
201.621201
204.107407
207.235870
210.614929
213.903427
217.263687
220.931763
224.863571
228.793350
232.507492
236.161240
240.273514
244.451797
248.859100
252.682281
256.900269
260.795258
264.509308
268.606262
272.262329
276.397308
279.949066
283.730225
286.445648
290.253815
293.269928
296.383545
299.617645
302.263214
304.885223
307.328857
309.700775
311.850281
314.207886
316.057800
317.339355
318.855835
320.426086
321.735931
322.947174
323.851166
325.245178
325.902496
326.442047
327.338440
327.380157
328.148529
328.178741
328.389526
328.527893
328.689209
328.795441
328.549774
328.458008
328.306122
327.875153
327.260040
327.375061
326.938446
326.677734
326.392639
326.135132
326.236176
325.589172
325.327606
324.833710
324.830444
324.228760
324.193207
323.977081
323.459839
323.758972
323.191803
323.317993
323.020020
322.912292
322.699005
323.018555
322.707275
323.108765
322.561768
323.421661
323.102844
323.425446
323.098846
323.753204
323.919617
323.938477
324.430023
324.409698
325.007172
325.030212
325.632477
325.804047
326.328064
326.519165
326.998016
327.460876
327.551178
327.764954
328.037323
328.420471
328.623932
328.813416
329.620331
329.288269
329.690796
329.641998
329.647430
330.374176
330.205322
330.482849
330.819122
330.808655
330.814941
330.764740
330.669861
330.844360
330.433899
330.589905
330.214905
330.127380
329.635651
329.914581
329.684570
329.464569
329.376282
329.246185
328.620819
328.179291
327.885986
327.794769
327.128448
327.509979
326.932312
326.724884
326.070465
325.819305
325.469055
325.184052
324.873260
324.861969
324.474854
324.306335
324.044189
323.567139
323.195679
323.076599
322.856506
322.936798
322.900299
322.711609
322.639221
322.275024
322.312988
322.258362
321.988708
322.323517
322.021820
322.184082
322.269653
322.698395
322.486145
322.732544
322.949341
323.119568
322.944031
323.691437
324.145508
323.764557
324.494629
324.578949
325.046326
325.538391
325.668793
325.846161
326.060425
326.208710
326.796539
326.847137
327.165558
327.540680
327.988831
328.232208
328.754608
329.177521
328.978302
329.520935
329.574554
330.120422
329.987000
330.506866
330.116364
330.571106
330.409058
330.843567
330.909241
330.880402
331.143616
330.568787
331.021637
331.063019
330.633362
330.855774
330.610046
330.291931
330.770203
330.138184
330.111877
330.060211
329.394409
329.498444
328.980011
328.809052
328.502472
327.899567
327.806824
327.429382
327.152802
326.488037
326.404755
326.420319
326.166351
325.690399
325.154816
325.306610
324.627319
324.592102
324.092255
323.796661
323.666901
323.369354
322.837524
322.693726
323.043549
322.820831
322.104736
322.627380
322.478668
321.855072
321.675171
321.874298
321.990387
322.050873
321.824554
321.889008
321.907196
321.882965
322.150543
322.678253
322.379913
322.667786
322.046295
323.084686
323.111847
323.510284
323.123260
323.829193
324.305237
323.964722
324.271027
324.872467
324.845886
325.366852
325.518036
325.830231
325.953064
326.110626
326.148529
326.857727
327.377136
327.294373
327.615906
327.870514
328.371460
328.131836
328.468323
328.851166
329.415039
328.706299
328.808594
329.350525
329.276550
329.601562
329.639679
329.752228
329.274200
329.570709
329.851624
329.773438
329.354584
329.464752
329.387024
329.531891
328.932159
329.086609
328.952301
328.798065
328.699799
328.449036
328.466034
328.011780
328.103302
327.698700
327.630310
327.365479
326.979248
326.920349
326.298523
326.615051
326.113312
325.981506
326.067108
325.547272
325.007050
324.880524
325.105438
324.829926
324.536438
323.877991
324.382904
324.020203
324.314880
324.295624
324.043335
323.812439
323.716370
323.925659
323.932373
323.884216
323.988770
323.727844
324.098663
323.972015
324.272644
324.553009
324.680237
324.644073
324.561005
325.182312
325.455322
324.967163
325.900757
325.733948
326.248047
326.826141
326.677979
326.878540
327.606018
327.306091
327.632599
327.846344
328.253754
328.717041
329.027863
328.921570
329.318420
329.126373
329.848785
329.796295
330.218231
330.776855
330.751740
330.694305
330.968384
330.556396
331.115753
331.069611
331.083466
331.606964
331.479431
331.887726
331.593750
331.532257
331.534943
331.660675
331.772400
331.540039
331.205627
331.380371
331.045898
331.220764
331.295441
330.708282
330.566071
330.175323
329.733398
330.037842
329.438660
329.340973
328.981781
329.208252
329.062897
328.610535
328.671631
328.003540
327.673859
327.489868
327.188019
326.987091
326.916809
326.181488
326.266205
326.073792
325.944305
326.126984
325.743195
325.617493
325.442322
325.409119
325.201996
324.929504
325.194305
324.908020
325.102142
324.792694
325.203583
324.964508
324.930420
325.016418
325.325928
325.491699
325.456360
325.451874
325.761658
326.102417
326.231995
325.971893
326.685730
326.445709
327.120605
327.068604
327.271484
327.481750
327.575409
328.133881
328.106873
328.115753
328.806183
328.714935
329.199829
329.461487
329.960632
329.601898
330.532898
330.710510
331.111481
330.969208
331.241791
331.371246
331.851715
331.399048
332.225220
332.213867
332.762604
332.284027
331.942383
332.116577
332.311615
332.134674
332.733673
332.759033
332.443939
332.431183
332.561584
332.553009
332.801025
332.143036
331.841095
332.092865
331.806488
331.463928
331.611328
331.440369
331.363098
330.993134
330.920135
330.712555
330.536804
330.531494
329.997559
330.181427
330.429169
329.516113
330.089233
328.861420
328.890747
328.724915
328.479706
328.685730
328.154083
328.682281
328.229370
327.920502
328.123596
328.470795
328.214661
327.809357
327.513824
328.110748
328.029968
328.273071
327.933990
328.041565
328.423035
328.545990
328.793823
328.459320
328.663635
329.130859
329.017548
329.442261
329.624725
329.913849
330.529510
330.237518
330.513489
330.960358
331.344849
331.509216
332.120422
332.558807
332.481903
332.962952
333.417114
333.752075
333.770752
334.109344
334.159363
334.716583
334.872711
335.006317
335.683014
335.804779
336.248047
336.457489
336.532013
336.518097
337.199432
336.824188
337.266510
337.106567
337.313507
337.735962
337.755280
337.753632
337.485840
337.607391
338.053253
337.982269
337.979370
338.077148
337.633057
337.884186
337.405273
337.355713
337.226196
336.594360
336.751434
336.406403
336.355560
335.852509
335.784943
336.122650
335.306122
335.010498
334.612762
334.482574
334.682892
334.433624
333.956543
333.694092
333.258362
333.076752
332.884338
332.671783
332.702576
332.789459
332.120300
332.085205
331.994049
331.692688
331.970703
331.477692
331.689758
331.485199
331.148193
331.563660
331.198792
331.227142
331.932526
331.755890
331.951019
332.184204
331.589600
331.768066
332.159271
332.222382
332.485687
332.610016
332.868652
333.035858
333.502960
333.922333
333.963715
334.457764
334.621155
334.883423
335.076141
335.230560
335.984802
336.092224
336.740753
337.111115
337.211884
337.653046
338.011078
338.332428
338.305450
338.414215
339.777649
339.209473
339.591736
340.126129
340.098511
340.463806
340.851044
340.396149
340.687531
341.127808
341.009094
341.353119
341.009277
340.901581
341.207855
341.143677
341.443939
341.510376
340.891785
341.103851
341.156433
341.374146
341.412323
340.271484
340.897675
340.503448
340.382904
339.817932
339.436340
339.250000
339.126495
338.966583
338.822937
338.243500
337.673462
337.574860
337.475891
336.824310
336.763397
336.607605
336.115906
335.929901
335.797668
335.473785
335.461823
335.456604
334.638000
334.573303
334.132538
333.707031
333.625427
333.756958
333.387817
333.084747
333.216248
333.118103
332.376648
332.988464
333.325256
333.000092
332.933746
332.515686
333.053925
333.108429
332.817657
332.754242
333.400970
333.492981
333.405273
333.551758
333.876099
333.919617
333.915894
334.744904
334.150879
334.579590
334.686951
335.363037
335.390778
335.713531
335.946442
336.470886
336.523621
336.911041
337.053558
337.232391
337.518951
337.967712
338.007202
338.707977
338.610962
339.068817
339.197113
339.272186
339.586670
339.860046
339.784180
339.696625
339.944702
339.919464
340.553040
339.943390
340.165955
340.321899
340.296783
340.198944
340.269653
340.299377
340.066589
340.164886
340.318695
339.761444
339.412781
339.516083
339.397247
339.224304
339.002106
338.570312
338.551880
338.136688
338.227478
337.749359
337.842804
337.255249
337.089722
337.170471
336.780914
336.706085
336.605560
336.298889
336.094208
335.997955
335.448242
335.708252
335.384949
334.920349
334.588684
334.554474
334.559662
334.381012
334.431641
334.149872
333.902313
334.255341
334.420868
334.466858
334.575562
334.017334
334.326447
334.672852
334.596313
334.859711
334.819366
334.517456
334.491577
335.124756
335.119629
335.641724
335.803772
335.873169
336.046753
336.171204
336.645477
336.786560
336.896790
337.096161
337.066650
337.657837
337.382996
337.746216
338.155884
338.029205
338.626770
338.513947
338.846558
338.896057
339.240997
339.494934
339.149475
339.260345
339.462494
339.153320
339.617401
339.664368
339.644623
339.396759
339.839935
339.843109
339.948578
339.575989
339.982941
339.443359
339.521576
339.409302
338.971741
339.376190
339.200012
338.814728
338.865448
338.372894
338.260193
337.817749
337.551056
337.612091
336.975983
336.458069
336.272156
336.416260
336.092499
336.137543
335.808563
335.232727
335.741821
335.038574
335.095551
334.339722
334.400543
334.452148
334.708740
334.435547
333.517761
333.885956
333.661255
333.557739
333.406555
333.851166
333.486084
333.780640
333.206207
333.786469
333.675629
334.025177
333.922333
333.581085
333.895844
333.839020
334.293030
334.232666
334.341797
334.302277
334.538513
335.148590
335.216827
335.556213
335.359283
336.159729
335.837616
336.054260
336.754974
336.955566
337.266754
337.137054
337.346924
337.783691
337.881897
338.031006
337.952759
337.949402
338.118652
338.640137
338.700378
338.409180
338.496613
339.166382
338.630890
339.189545
339.148224
339.032349
339.001099
338.734344
338.417206
337.921387
338.505249
337.980896
337.816406
338.283020
337.581055
337.764069
336.969055
336.860229
336.997742
336.630707
336.434723
335.760437
335.490417
335.343811
335.221985
335.055878
334.814819
334.287903
334.293915
333.623352
333.400848
333.648407
333.208221
332.963257
333.098999
333.219208
333.231781
332.552032
332.771759
332.396576
332.404388
332.615753
332.753204
332.347046
332.840973
332.789185
333.094482
333.404510
333.791901
333.530304
334.017914
334.776093
334.566650
335.496857
335.176727
335.811218
336.534515
336.292297
337.500610
337.462830
337.771881
338.586426
338.298248
338.523315
339.031403
339.588806
339.497620
340.330505
340.285492
340.054993
340.202271
339.508179
339.727600
339.592529
339.175781
338.728149
338.590668
337.856079
337.067780
336.281891
335.029602
333.715515
333.022430
331.106842
329.720703
328.163574
326.263611
324.121552
321.941772
319.943481
317.402954
314.390778
311.861725
309.017578
305.540436
302.479797
298.778473
295.147278
291.221924
287.389648
283.778442
279.822540
275.567871
271.617676
267.107544
263.189606
259.115356
254.502563
250.446579
245.850723
241.944656
237.545593
233.897415
229.271210
225.328568
221.509399
217.622055
214.186707
210.730957
207.788437
204.875702
201.974823
199.395233
197.204453
194.841629
193.351807
191.590347
190.296524
189.167786
188.387482
188.249039
188.056610

