251.833923
172.858810
173.160141
173.898010
174.979401
175.996948
177.390457
178.834412
180.821579
182.706482
184.973740
187.371674
190.068451
192.815460
195.613785
198.888657
202.324509
205.699570
209.059586
212.565857
216.210129
219.744690
223.469177
227.448135
231.167496
234.803696
238.680756
242.356171
246.215088
250.108871
253.418610
256.806915
260.370209
263.641632
266.519226
269.870911
272.982269
275.933868
278.192719
281.180176
283.458801
285.725067
287.667755
290.307770
291.950043
293.980927
295.693268
296.920258
298.342621
299.430573
300.913544
301.892609
302.899628
303.591217
303.950378
304.708374
304.957336
305.297485
305.939026
306.410187
306.131226
306.190582
306.309326
306.172394
305.819000
306.544006
305.973877
305.664520
305.610626
305.285339
305.076050
304.883911
304.847260
304.463715
304.016724
303.721283
303.726959
303.397430
302.977081
302.997925
302.740967
302.595886
302.325836
302.773682
302.303650
302.245239
302.407166
302.238464
302.190338
302.263092
302.014435
302.484375
302.751007
303.161041
303.131378
303.209381
303.556335
303.951050
303.941345
304.609009
304.697784
305.013123
305.319733
305.747406
305.831940
306.614716
306.658905
307.026672
307.315033
308.032623
308.169312
308.409821
308.915985
309.251160
309.428192
309.326263
310.200012
310.567902
310.410675
310.874786
310.932922
311.576416
311.394196
311.871338
311.706207
311.720459
311.830750
312.014709
311.669098
311.887360
311.741028
311.509155
311.918549
311.702545
311.677032
311.508881
311.478302
310.891754
311.343231
310.989044
310.623444
310.362671
310.401154
309.676086
309.687225
309.479858
308.870270
309.323578
308.640106
308.559631
308.223541
307.936981
307.936646
307.556183
307.185455
307.182648
307.197754
307.115173
306.763855
306.906982
306.590057
306.394714
306.145752
306.242889
306.336517
306.350616
306.106720
306.295166
306.337006
306.596344
306.696228
306.502594
306.817413
306.861023
307.495911
307.740601
307.829376
308.107941
308.309235
308.695679
308.949921
308.937195
309.425293
309.932037
310.248871
310.351135
310.477875
311.223267
311.625732
311.995178
312.133789
312.657227
312.564789
313.175568
313.868683
313.904572
313.796173
314.531799
314.532928
314.934784
315.398956
315.294525
315.400970
316.070709
316.456421
315.762268
316.302155
316.627197
316.063538
316.690155
316.731873
316.965332
317.071411
317.093811
316.717133
316.437744
316.498596
316.381165
316.409302
316.360535
315.922729
316.137329
315.514282
315.922882
315.766418
315.381744
315.507111
314.839935
314.708557
314.174469
313.846741
313.686218
313.592865
313.095001
313.111206
312.960388
312.135284
312.684875
312.240997
312.220062
311.619263
311.598267
310.824829
311.257324
310.859344
311.208374
310.685455
310.200714
310.288330
310.658691
310.364868
310.203735
310.225586
310.015076
310.339935
310.364594
310.423523
310.551361
310.455444
310.795135
310.598450
311.043457
311.806915
311.220123
311.383179
311.739716
312.196106
312.786804
312.552002
312.491516
313.050354
313.448273
313.501282
314.464050
314.348145
314.773987
314.938019
315.058014
315.518341
315.582611
316.031860
316.329590
316.383606
317.016418
317.429596
317.406647
317.707245
318.198792
318.218445
318.742401
318.657501
318.625336
318.663788
319.229248
318.984711
318.941803
319.210846
318.819244
319.316711
319.333649
319.019928
319.486237
319.089417
319.429596
319.053986
319.073517
319.075897
319.066895
318.953278
319.006805
318.676483
318.584595
318.141876
318.040710
317.734344
317.653320
317.410980
317.548615
316.868713
316.613770
316.753937
316.482391
316.283081
316.154816
316.217926
315.873596
315.777222
315.352661
315.234344
315.421875
315.132751
314.950806
315.020264
314.790833
314.748108
314.890961
314.372314
314.686157
314.686249
314.488586
314.903931
314.863739
315.156891
314.863312
314.842407
315.126556
315.064362
315.418365
315.851624
316.382416
316.320801
316.605225
316.450256
316.939972
317.732727
317.426147
317.482147
317.860992
318.306000
318.488220
319.121735
319.354828
319.491425
319.187897
320.680481
320.590118
320.959534
320.790527
320.769958
321.283844
321.733032
321.725555
322.166748
322.093597
322.383514
322.807556
322.928162
323.308472
323.298401
323.633240
323.933044
323.876099
324.136749
323.878937
323.579529
324.270966
324.046112
324.043213
323.917938
323.446411
324.030701
323.869232
323.608612
323.310791
323.649445
323.262817
323.347748
323.006744
322.803711
322.837708
322.468170
322.370331
322.279541
322.371582
321.504272
321.930908
321.443054
321.304352
321.216125
320.714172
320.827881
320.694336
320.011230
320.321777
320.201447
319.852936
320.057953
319.653717
319.614441
319.451355
319.182007
319.390350
319.553436
319.191650
319.087036
319.466949
319.634888
319.521973
319.283234
319.395996
319.293030
319.288025
319.647614
319.814362
320.318451
320.480652
320.182678
320.727081
321.108917
320.923706
321.212219
321.305756
321.851227
321.960449
322.336823
322.681976
323.177521
322.872925
323.398895
323.716522
324.270477
323.892365
324.399017
324.573853
324.794128
325.058319
326.043365
325.756226
326.327179
326.441650
326.546082
326.732605
326.707367
327.304535
327.248016
327.215485
327.344513
327.871399
327.846802
328.112488
328.037201
327.898438
327.792084
328.623352
328.332397
328.178009
328.521423
327.859985
328.233398
327.784088
327.724945
327.646057
327.566132
327.576172
327.367676
327.212097
327.107269
327.155060
326.824432
326.206299
326.247589
326.355072
326.299042
325.819855
325.873230
325.877655
325.568146
325.459503
325.275696
325.136963
325.389984
324.930634
324.638977
324.427094
324.864410
324.806000
324.980652
324.629028
324.911011
325.420105
324.818695
324.984253
325.096832
325.407959
325.154663
324.805023
325.332672
325.685913
325.865234
326.195221
326.383484
326.727783
326.845947
327.345032
327.722931
327.654724
327.648590
328.240906
328.606995
328.721619
329.353058
329.398926
329.909729
330.280029
330.600006
331.419891
331.539581
332.025116
332.259552
333.036041
332.938873
333.167236
334.010712
333.711304
334.404572
334.826111
335.259033
335.103638
335.401337
335.293152
335.363068
336.410370
336.373322
336.312988
336.789001
336.876831
337.036133
337.032288
337.077362
337.052765
337.217773
336.800049
337.494354
336.769592
337.006958
337.021545
337.226013
336.989746
336.899963
336.904266
337.065613
336.363434
336.350616
336.734039
335.931580
335.765961
335.977081
335.750366
335.239258
334.960266
335.078735
334.870636
335.213928
334.548676
334.276672
334.177979
333.962860
333.971161
333.935730
333.329437
333.955383
333.454407
333.372101
333.319031
333.523193
333.252777
333.873322
333.450500
333.507538
333.796875
333.568054
333.799133
333.701508
334.601715
334.589935
334.205414
334.875336
334.824341
335.171722
335.510773
335.582672
336.027954
335.968811
336.514771
337.117737
337.009979
337.807281
337.863190
338.124207
338.901733
339.023682
339.628540
339.806061
340.470428
340.906067
341.256439
341.012970
341.692810
342.344818
342.572845
342.848572
343.662872
343.387238
343.962372
344.510223
344.447632
345.333954
345.325500
345.392822
345.708160
345.842499
346.142456
346.243317
346.747925
346.992523
346.518494
346.897278
346.659546
346.852356
346.737885
347.109985
346.635284
346.774292
346.574738
346.762848
346.427246
346.368408
346.398132
346.290955
345.858826
345.709747
345.216187
345.362000
344.729706
344.682953
344.381378
344.281464
344.044037
344.172516
343.494537
342.715118
342.942047
342.869476
342.421112
342.520508
341.851257
341.677887
341.778778
341.283539
341.324280
341.022583
340.877991
340.902252
341.084900
340.453186
340.330841
340.635345
340.129761
340.691406
340.406738
340.280884
340.386810
340.468781
340.821838
340.772156
340.802032
341.024811
341.426147
341.296356
341.422211
341.346893
341.698639
341.859314
342.254150
342.636566
342.575043
343.041565
343.583008
343.849457
344.015045
344.357758
344.684784
344.541199
345.684296
345.505219
345.891205
346.183533
346.625854
346.773193
347.343018
347.560089
347.200653
348.377655
347.842590
348.162415
348.882416
348.662231
348.957062
348.819672
349.129395
349.238678
349.677765
349.570892
349.516174
349.688812
349.837555
349.753052
349.875793
349.621033
349.348816
349.522736
349.454865
349.520569
348.824249
349.191803
348.453552
349.049255
348.687408
348.764008
348.474396
347.824249
348.222107
347.656647
347.357819
347.514221
347.272705
346.743713
347.174347
346.916229
346.076080
346.221008
345.792389
345.586121
345.796600
345.327850
345.297455
345.177795
345.312439
344.698090
345.023926
344.775604
344.353088
344.670868
344.154419
344.260620
344.605042
344.716064
344.686951
344.543701
345.041382
344.602417
344.559570
344.822327
344.959015
345.351440
345.231964
345.782379
345.661194
346.114624
346.034668
346.384552
346.032562
346.757690
346.692200
347.475159
347.277863
347.539215
347.882660
348.474884
348.226471
348.183899
348.793732
348.739624
349.125031
349.444092
349.948273
349.670197
349.872955
350.028656
350.123871
350.341064
350.437500
350.493103
350.549927
351.159790
350.471558
350.900665
350.262024
350.469177
350.626617
350.711121
350.684906
350.623749
350.230530
349.873657
349.764069
349.776184
349.745422
349.594879
349.167114
348.990631
349.338165
349.127289
348.526154
348.089569
348.131317
347.883484
347.950745
347.715454
346.987762
346.838440
346.421936
346.351715
346.098633
345.851685
345.921234
345.060486
345.205688
345.145020
345.064301
344.652893
344.847412
344.764221
344.576843
344.839783
344.399719
344.564331
343.981232
344.398590
344.111847
343.856903
344.331055
344.094330
344.378418
344.725250
344.394440
344.849670
344.893219
345.568604
345.155792
345.641632
345.680511
345.737610
346.404449
346.723358
346.523376
346.828796
346.869080
347.011475
347.295868
347.757721
348.059845
348.202209
348.387238
348.473907
348.590790
349.171906
349.038513
348.895203
349.304596
349.707581
349.558411
349.577545
350.158875
350.124054
349.976044
349.946625
349.641449
349.617737
349.958618
349.837280
349.250488
349.693451
349.446960
349.357117
349.297058
348.798615
348.634125
348.092712
348.263977
348.070374
347.828461
347.748962
347.627258
346.850555
346.951904
345.997040
345.870300
345.958710
345.288818
345.440918
345.484253
344.438690
344.666809
344.373688
344.468872
343.978271
343.981934
343.435944
344.087128
343.769806
343.555603
343.286621
343.375183
343.393921
343.944519
343.856567
344.076416
343.899200
344.189087
344.814850
344.867706
344.832550
345.100159
345.388672
346.255737
346.790405
347.066254
347.182770
347.233276
348.180328
348.749939
348.838745
348.831665
349.552063
349.683411
350.894745
351.235748
350.893341
351.079407
351.964813
351.275848
351.359100
351.806641
351.397827
351.087036
351.241913
351.247711
350.441681
350.188690
349.432709
348.819458
348.265686
347.302643
345.937958
344.176727
342.982452
341.454681
339.851105
338.033325
335.936951
333.342590
330.886414
328.312958
325.991577
322.392303
319.517853
316.310425
312.874664
309.265289
305.957550
301.997131
297.783325
294.140137
289.542480
285.717529
281.424377
277.111176
272.663269
267.899445
263.545258
259.135193
254.686096
250.074173
245.969299
241.919037
237.507965
233.160355
229.398758
225.495880
221.785202
218.483383
214.747345
212.252228
208.841354
206.540146
203.815353
201.726425
199.873856
198.073593
196.808411
195.795868
195.031158
194.542007
194.792770

245.705048
173.349884
173.661652
174.376526
175.474014
176.475037
177.873260
179.340683
181.339005
183.231812
185.514343
187.891418
190.569534
193.340637
196.141251
199.425247
202.860413
206.245667
209.632172
213.138474
216.779388
220.309036
224.088470
228.050400
231.792053
235.421173
239.297806
243.018295
246.885300
250.780579
254.101822
257.458374
261.052032
264.381500
267.240509
270.625793
273.710999
276.685577
278.971893
281.960754
284.233368
286.526703
288.467010
291.090698
292.751801
294.802216
296.542053
297.750153
299.220703
300.299530
301.772186
302.802399
303.780853
304.483215
304.841278
305.615021
305.887909
306.227386
306.825348
307.315491
307.062836
307.106506
307.250092
307.109406
306.732544
307.472809
306.880005
306.582916
306.532532
306.208649
305.961670
305.796997
305.729523
305.351532
304.932373
304.608246
304.615143
304.243835
303.819611
303.842041
303.599731
303.404938
303.138947
303.571625
303.101593
303.020630
303.194672
302.991425
302.930084
302.995575
302.699158
303.166138
303.411835
303.822754
303.771454
303.850220
304.157074
304.536713
304.491364
305.137665
305.254608
305.487030
305.788300
306.201172
306.259186
307.029175
307.047272
307.386353
307.631744
308.359253
308.443268
308.662994
309.174835
309.457916
309.611542
309.503052
310.359100
310.682983
310.503052
310.943787
310.997528
311.595825
311.393555
311.873657
311.659515
311.671692
311.750122
311.908356
311.567352
311.753357
311.576813
311.322388
311.723450
311.500244
311.440643
311.250549
311.234436
310.626343
311.042450
310.687225
310.307617
310.032379
310.062897
309.320770
309.314697
309.076721
308.473389
308.918793
308.240051
308.137634
307.802460
307.494812
307.488129
307.098846
306.735718
306.712128
306.708038
306.651031
306.286835
306.426300
306.100006
305.924164
305.685699
305.783142
305.867920
305.891266
305.639679
305.828888
305.883606
306.151215
306.295502
306.100494
306.437042
306.479034
307.123810
307.362488
307.464447
307.731934
307.966614
308.378357
308.623199
308.626709
309.143372
309.658478
309.976562
310.096161
310.247314
311.011383
311.413849
311.800140
311.949921
312.466949
312.446655
313.058563
313.791534
313.836121
313.723206
314.511139
314.493561
314.906403
315.386230
315.305084
315.461395
316.125214
316.539337
315.899200
316.456024
316.758606
316.206818
316.848389
316.955872
317.190491
317.282837
317.315796
317.021942
316.747314
316.789764
316.680634
316.739319
316.701935
316.320648
316.487671
315.900757
316.361389
316.179749
315.857910
315.965942
315.323914
315.181213
314.708649
314.380524
314.249725
314.131226
313.689453
313.696198
313.536316
312.757660
313.273560
312.815308
312.852753
312.298981
312.270477
311.490051
311.948456
311.538940
311.924866
311.389008
310.937561
310.989380
311.386292
311.079956
310.878448
310.978180
310.759735
311.118744
311.137177
311.193695
311.357574
311.209991
311.569916
311.393219
311.833954
312.549072
311.983185
312.155121
312.544525
313.006500
313.584534
313.357117
313.299042
313.854645
314.231842
314.299408
315.286530
315.151184
315.605499
315.776764
315.849487
316.325623
316.410095
316.841400
317.173889
317.200256
317.849518
318.247833
318.229462
318.551910
319.025391
319.035187
319.582489
319.508514
319.475800
319.524567
320.012177
319.838165
319.781250
320.062866
319.689819
320.147614
320.195465
319.837799
320.316498
319.921478
320.272522
319.890564
319.932007
319.939209
319.902222
319.875000
319.914246
319.549347
319.432495
318.992981
318.886963
318.577240
318.541656
318.286407
318.388428
317.671448
317.450409
317.625946
317.357697
317.144867
317.025482
317.070251
316.753265
316.571014
316.212402
316.099854
316.279694
316.020386
315.824982
315.866852
315.653076
315.575409
315.781830
315.239532
315.524597
315.507599
315.298401
315.767334
315.695282
315.989197
315.737671
315.693726
315.945526
315.892853
316.245697
316.698761
317.178436
317.140228
317.422394
317.244232
317.774323
318.511108
318.205383
318.257843
318.641998
319.064453
319.255829
319.864105
320.086761
320.243103
319.955109
321.374054
321.350647
321.670624
321.454834
321.463013
322.004089
322.399597
322.340942
322.865997
322.707336
323.010406
323.422607
323.522919
323.901825
323.891693
324.211182
324.472534
324.420502
324.644257
324.384003
324.128021
324.723511
324.520660
324.498230
324.382538
323.897614
324.443604
324.287018
323.996674
323.657959
324.038788
323.635681
323.715942
323.345398
323.142700
323.125977
322.805756
322.680237
322.567627
322.610962
321.748779
322.229065
321.690247
321.526794
321.411072
320.869324
321.021973
320.847687
320.120819
320.435638
320.309235
319.974609
320.165009
319.790283
319.704498
319.516083
319.236298
319.471222
319.619843
319.220642
319.152283
319.487335
319.697144
319.539490
319.330078
319.367188
319.269897
319.261993
319.637421
319.776123
320.261047
320.486481
320.137451
320.719482
321.055817
320.826324
321.146118
321.268097
321.778442
321.913269
322.274536
322.638489
323.118561
322.797607
323.354279
323.639313
324.250488
323.818604
324.333832
324.527954
324.721924
325.010864
325.969604
325.763611
326.285004
326.406342
326.481934
326.675690
326.685394
327.265411
327.242584
327.171295
327.344940
327.852844
327.807770
328.114685
328.058929
327.907135
327.816986
328.653259
328.374084
328.199249
328.555389
327.882874
328.273407
327.828705
327.766449
327.687897
327.635193
327.643921
327.462677
327.301636
327.190094
327.256836
326.921570
326.309753
326.356476
326.444580
326.408386
325.953522
326.002411
326.013733
325.693848
325.613708
325.392639
325.241486
325.527557
325.098938
324.798035
324.580292
324.995697
324.961243
325.134827
324.805817
325.081818
325.576080
324.970856
325.122803
325.184296
325.579346
325.316223
324.988739
325.488007
325.870026
326.032501
326.378876
326.559204
326.911224
327.014343
327.486359
327.876129
327.824554
327.801880
328.404663
328.772980
328.888580
329.515564
329.549561
330.056458
330.402100
330.743347
331.552826
331.677277
332.153625
332.359039
333.141052
333.045837
333.292053
334.098785
333.800812
334.494476
334.916077
335.339478
335.175720
335.476776
335.351105
335.418213
336.472473
336.435089
336.377869
336.830414
336.910309
337.058075
337.071259
337.126831
337.073639
337.200256
336.817200
337.478790
336.756226
337.007935
337.007874
337.199585
336.966553
336.896912
336.890717
337.032166
336.347015
336.316650
336.679779
335.875732
335.742950
335.940948
335.697266
335.188263
334.896851
335.026276
334.826202
335.162994
334.493347
334.192780
334.113922
333.885773
333.920044
333.869263
333.267212
333.903320
333.399048
333.309662
333.260559
333.465393
333.191406
333.821442
333.407043
333.438812
333.735931
333.499878
333.736145
333.643646
334.546021
334.534943
334.180847
334.813538
334.808655
335.144623
335.509125
335.560394
336.012909
335.977600
336.523010
337.102692
337.010742
337.809814
337.880371
338.142303
338.925354
339.048981
339.665314
339.851013
340.524567
340.927124
341.306152
341.112305
341.768097
342.417511
342.644196
342.951996
343.752777
343.482483
344.072601
344.622986
344.567230
345.449585
345.435425
345.532532
345.858429
345.977631
346.305664
346.368500
346.885223
347.158142
346.694397
347.095551
346.841431
347.047058
346.957489
347.320831
346.848511
347.008942
346.816803
347.001099
346.632874
346.604248
346.646790
346.562866
346.074127
345.973602
345.472961
345.615265
344.990631
344.952637
344.659637
344.564850
344.331909
344.462402
343.812134
343.046814
343.251984
343.186737
342.743958
342.866058
342.176971
341.996185
342.094818
341.602570
341.679932
341.370422
341.210205
341.228668
341.403503
340.799988
340.658386
340.995361
340.504486
341.011353
340.750244
340.633240
340.739105
340.828125
341.143433
341.108917
341.177765
341.361694
341.804504
341.639008
341.739807
341.696411
342.062408
342.180450
342.621338
342.965820
342.964874
343.386780
343.949310
344.155487
344.325317
344.708984
345.005768
344.864166
346.061401
345.846100
346.219025
346.550690
346.985046
347.070129
347.676239
347.865112
347.557129
348.687317
348.207245
348.501923
349.220428
348.980713
349.273590
349.118713
349.418457
349.509827
349.978516
349.828064
349.830414
349.982635
350.130402
350.046722
350.153564
349.894928
349.633606
349.816071
349.721069
349.791168
349.130005
349.495636
348.711823
349.304871
348.990723
349.059845
348.732056
348.103729
348.512573
347.938110
347.623505
347.787323
347.498688
346.996399
347.430054
347.200775
346.302032
346.445343
346.050781
345.822876
346.050415
345.562897
345.539856
345.404755
345.538666
344.972595
345.233887
344.994873
344.560883
344.894287
344.403168
344.448425
344.792786
344.934662
344.907013
344.756805
345.267853
344.816132
344.745544
345.049408
345.150330
345.520966
345.399445
346.000824
345.829987
346.285309
346.232178
346.560120
346.220703
346.919037
346.834412
347.662231
347.439941
347.693237
348.039581
348.637238
348.384674
348.323883
348.930542
348.897217
349.280975
349.607391
350.061798
349.810455
349.996490
350.154480
350.260956
350.472046
350.573547
350.612640
350.665680
351.283722
350.575348
351.001678
350.365082
350.557678
350.744354
350.806702
350.794586
350.725708
350.313232
349.989319
349.862671
349.844482
349.834473
349.684845
349.226257
349.074768
349.400635
349.186859
348.596832
348.140961
348.178223
347.910889
347.991180
347.772491
347.049927
346.883118
346.445007
346.385071
346.128174
345.870941
345.946747
345.083435
345.197449
345.178925
345.060547
344.638763
344.856628
344.770782
344.604492
344.825928
344.420593
344.578217
343.972473
344.400055
344.097748
343.845215
344.329193
344.075500
344.385071
344.697876
344.345703
344.818970
344.848236
345.518616
345.128662
345.614929
345.652740
345.675995
346.341003
346.683624
346.468079
346.738220
346.837280
346.951935
347.260071
347.715729
348.026520
348.134705
348.345734
348.405396
348.521454
349.114471
348.994080
348.814514
349.275940
349.616425
349.505432
349.490601
350.090820
350.047394
349.909271
349.878357
349.581055
349.549164
349.903259
349.791595
349.181976
349.615967
349.386749
349.313507
349.245209
348.759521
348.582733
348.028564
348.173004
348.025665
347.771606
347.709106
347.556854
346.784515
346.891174
345.942932
345.819122
345.867920
345.224457
345.386139
345.397369
344.409149
344.608917
344.313232
344.423828
343.932495
343.923065
343.391876
344.041016
343.692505
343.515015
343.246826
343.327454
343.326447
343.936371
343.829773
344.044098
343.865295
344.177826
344.771881
344.829193
344.818359
345.097961
345.395752
346.263214
346.786438
347.058289
347.190002
347.234253
348.184143
348.742096
348.869110
348.880341
349.579895
349.701843
350.939880
351.243439
350.925415
351.118835
351.998779
351.343506
351.378815
351.840729
351.447998
351.166687
351.313568
351.325989
350.495789
350.269379
349.508453
348.890778
348.356293
347.394287
346.043610
344.271637
343.069550
341.549438
339.979767
338.148621
336.054077
333.433380
331.039215
328.442200
326.113647
322.504822
319.670471
316.422058
312.996063
309.365051
306.101166
302.124817
297.921783
294.297119
289.677765
285.871094
281.581482
277.267273
272.809967
268.067535
263.734467
259.320038
254.865860
250.263123
246.158691
242.104416
237.680618
233.346725
229.579346
225.687805
221.975281
218.659973
214.934174
212.425003
209.050507
206.742096
204.021545
201.937653
200.074982
198.288818
197.014481
196.001144
195.247116
194.738617
195.072998

202.595291
184.638855
185.048523
185.915817
186.671844
188.053238
189.424088
191.049683
192.950546
195.137741
197.542709
200.297180
203.354156
206.166229
209.223129
212.626129
216.223572
219.763321
223.516068
227.245361
231.088699
235.131332
239.115936
242.868195
246.828476
251.058990
254.849121
259.106873
262.911377
266.820129
270.609375
274.600952
277.902130
281.565491
285.098694
287.992859
291.358978
294.296234
296.753510
300.017578
302.740204
304.922607
307.489014
309.699310
311.513977
313.065826
314.928406
316.589264
318.092712
319.528931
320.777802
321.370239
322.354187
323.518677
323.760681
324.532288
324.639313
324.695526
325.435760
325.491760
325.913971
325.582092
325.451233
325.302582
325.557892
325.117004
325.117584
324.820557
324.519867
324.165039
323.981262
323.216522
323.184509
322.558990
322.694427
321.812408
321.405640
321.666870
321.027985
320.715088
320.731628
320.761444
320.557800
320.324738
319.692841
319.915375
319.716309
319.398560
319.636017
319.819763
319.796448
320.031799
319.810028
320.151733
319.924469
320.057831
320.745239
320.603271
320.716858
321.416626
321.639313
321.749878
322.019348
322.028351
323.125916
323.388824
323.303253
323.757751
324.386261
324.279083
324.493103
325.253754
325.674438
325.559296
325.617523
326.124542
326.286591
326.651276
327.242676
327.486694
327.231262
327.600037
327.302032
327.419434
327.282288
327.752777
327.514984
327.977051
327.841248
327.915924
327.945862
327.948029
327.172485
327.295013
326.806183
327.101074
326.699097
326.612457
325.965973
325.884735
325.480377
325.299042
325.196686
324.982758
324.496307
323.990631
323.898529
323.668640
322.946411
322.596252
322.906250
322.593201
321.909088
321.930634
321.652252
321.178345
321.359589
320.890137
320.582458
320.859741
320.199768
319.658539
319.774780
319.824524
319.708405
319.848999
320.011139
319.900360
320.046844
319.890961
320.210144
320.176392
320.346313
320.410492
320.778717
320.745178
320.867401
321.232788
321.520599
321.398376
321.854004
321.997681
322.288818
322.952545
322.719269
323.404358
323.763824
323.665161
324.418304
324.855835
324.846710
325.605469
325.013550
325.980133
326.375702
326.242065
326.531464
327.054962
327.047333
327.783325
327.728455
327.661469
327.746185
328.146637
328.219849
328.537476
328.454529
328.547943
328.629578
328.729218
328.466400
328.926788
328.970154
328.904175
328.607544
328.882111
328.131592
328.397827
328.222534
328.108429
327.604279
327.431000
327.063873
327.166290
326.909637
326.761078
326.556885
326.264862
325.786469
325.297760
325.473541
324.486176
324.214813
323.987335
323.394562
323.292084
322.926483
322.999786
322.696442
322.018463
321.524384
321.434174
321.530212
321.463806
320.832336
321.362640
320.536102
320.551849
320.204376
320.597504
320.588440
320.352356
319.931427
319.917664
319.643524
319.773987
319.947021
319.891296
319.915863
320.108582
320.130768
320.455536
320.556732
320.191772
320.658478
320.629791
321.453033
321.497528
321.597748
321.973785
321.955566
322.165588
322.856873
322.954712
323.064514
323.477112
323.784637
323.929382
324.348389
324.494232
325.035034
324.883484
325.862305
325.903473
325.831696
326.299225
325.591858
326.123260
326.737335
326.920837
326.913483
327.096313
326.852356
326.866669
327.238556
327.096161
327.622101
326.826141
327.083527
327.376953
327.263153
327.060944
327.230988
327.113373
326.928436
326.953186
326.549286
326.135132
326.231934
326.415649
325.980377
325.720184
325.919006
325.310577
324.859863
324.981171
324.695496
324.156921
324.141907
323.968170
323.518494
323.268158
323.177185
322.701721
322.569214
322.527740
322.323944
322.222839
321.744537
321.571167
321.626770
321.329803
321.275635
321.194611
321.319489
321.335297
321.318665
320.955627
320.774872
320.988708
321.217987
320.822845
320.678131
320.521790
321.052795
321.096466
321.416901
321.333344
321.682465
321.722687
322.041290
321.799622
322.470245
323.004211
323.091644
322.813049
323.526642
323.665771
323.691864
323.981537
324.619049
324.778564
324.719513
325.396332
325.506012
325.984650
326.068909
326.231567
326.355865
326.625305
326.690247
327.266968
327.147217
327.447083
327.586426
327.791107
328.103790
328.131897
328.614136
328.469788
328.393524
328.743317
328.833282
328.651611
328.751678
328.827759
328.367249
328.299347
328.492004
328.662781
328.804474
328.420776
327.997253
328.077057
327.796082
327.789429
327.785217
327.403900
327.023743
327.456604
327.020447
326.663574
326.617737
326.450165
326.087860
325.945465
325.682678
325.577881
325.205566
324.995514
324.955505
324.690552
324.186676
324.329285
323.421295
323.884796
323.820007
323.726013
323.370819
323.373535
323.129791
323.204773
323.175537
323.139099
323.252838
322.871460
322.979431
322.782837
323.069031
322.973724
322.697479
323.241364
323.086273
323.125580
323.323120
323.699921
324.063263
324.360077
324.333252
324.707031
324.778412
325.388184
324.969666
325.264893
325.209076
325.898621
326.247772
326.502960
326.900787
326.959412
326.932037
327.274231
328.106232
328.237640
328.164215
328.440918
328.955780
328.866547
329.081177
329.461121
329.250946
329.321777
330.115967
330.263672
330.014801
330.782684
330.220398
330.689362
330.252960
330.673798
330.905579
331.338806
330.493286
330.819458
330.727661
330.541351
330.265442
330.496307
330.244751
329.674927
330.355225
329.758759
329.931854
329.752533
329.459473
329.293091
329.186737
329.078033
328.847870
328.540497
328.610260
328.115540
327.902679
327.867889
327.818481
327.921936
327.122009
327.226776
326.850098
326.721069
326.718964
326.276062
326.293579
326.534027
326.278717
326.250793
326.350128
326.215637
326.084656
325.789948
325.891052
325.857178
327.355011
326.334381
326.431274
326.371399
326.578735
326.893524
326.606842
326.993988
327.258942
327.273895
327.304321
327.984039
327.762573
328.161469
328.218506
328.934204
328.865326
329.303101
329.615326
330.123840
330.083679
330.689178
330.923401
331.373535
331.703949
332.240875
331.991913
332.761780
332.668365
333.557648
333.347107
334.013062
334.194092
334.011139
334.567627
334.547638
334.551666
334.939697
335.641724
335.625549
335.631073
335.618347
335.519714
336.085022
336.071564
336.348694
335.893219
336.208405
336.116669
336.301941
335.486511
335.974060
335.742371
336.317291
336.123962
335.450928
335.526215
335.291168
334.908752
335.010437
334.720642
334.673370
334.082977
334.091003
333.514465
333.580902
333.361267
332.908936
332.743866
332.691681
332.529022
332.476868
332.239777
332.136169
331.470856
331.412048
331.763794
330.937561
331.196167
330.982666
331.042603
330.828857
330.975800
330.627319
330.642090
330.451691
330.654724
330.464386
330.444061
330.544098
330.231415
330.282562
330.960724
331.029572
331.186920
331.001556
331.564301
331.562225
331.813904
332.331238
332.808563
332.897949
332.925140
333.223969
333.602905
334.347534
334.503906
334.747559
334.991577
335.192657
335.448303
335.948242
336.480682
336.877960
336.916351
337.429932
338.000793
338.048279
338.736664
338.815918
339.301605
339.165131
339.730377
339.645660
339.666077
340.180298
340.216431
340.711517
340.644501
340.828186
341.164581
341.502289
341.065399
341.081909
341.138184
341.562622
341.016754
341.038361
340.985321
340.819794
340.729279
340.608887
340.465271
340.714172
340.360413
340.176483
340.054901
339.853180
339.487122
339.120392
338.878296
338.464478
338.331665
338.126190
337.472900
337.848785
337.358246
337.180878
336.587952
336.239197
335.816345
336.078186
335.510712
335.803619
334.987213
334.513702
334.532654
334.352478
334.061859
334.018372
333.963196
333.303619
334.119415
333.325012
333.287384
333.480408
333.380035
333.138641
333.184082
332.940826
333.362000
332.969879
333.108063
333.220581
333.459717
333.428864
333.149597
333.856415
333.740051
333.829559
334.103973
334.478455
334.689240
335.174500
334.973358
335.283875
335.715179
335.773621
336.305664
336.559448
336.559021
336.949188
337.480713
337.724854
337.586090
337.818237
338.202606
338.494415
338.682953
338.955750
338.948792
339.256256
339.792969
340.096375
339.478302
339.791168
339.977570
339.675568
340.106689
340.125732
340.537964
339.730316
340.246246
340.274841
340.030762
340.576813
340.228851
339.769135
339.610260
339.683746
339.423096
339.645416
339.414978
339.142975
338.948547
339.149597
338.213409
338.393158
338.155945
337.998993
337.267273
337.623993
337.294495
336.643402
336.736572
336.827087
336.450439
336.129150
335.906097
335.446075
335.270874
335.130341
334.718445
334.909454
334.984650
334.485992
334.429108
334.322662
334.160461
333.891449
333.618195
333.505341
333.378265
333.695374
333.620850
333.604797
333.711395
333.570618
333.908661
333.852722
333.857361
334.296448
334.060608
334.377991
334.769836
334.782806
335.303253
334.737610
334.963440
335.223816
335.478607
335.544067
335.464630
336.046387
336.236847
336.108948
336.600037
336.686371
336.817535
337.104950
337.369293
337.860413
337.871063
337.983337
338.105255
338.291656
338.593018
338.239014
338.452942
338.627167
338.660370
338.547485
338.977814
338.600342
338.982025
339.012878
338.630920
338.486572
338.435028
338.557526
338.347809
338.358337
338.130829
338.298126
337.781006
337.852356
337.608917
337.569580
337.287872
336.993225
336.382233
336.826752
335.983154
335.840179
335.663879
335.495758
335.670746
335.187988
334.867615
334.201965
334.442596
334.175629
333.889465
333.840118
333.332581
333.187317
333.164825
332.484802
332.541656
332.363586
332.809113
332.044067
332.317810
332.397919
332.266541
332.146881
332.164429
331.959351
331.768921
332.061890
332.579102
332.599182
332.426575
332.573853
332.687866
332.737152
333.042694
333.330383
332.983521
333.191467
333.516052
333.558777
334.016663
334.076019
334.073822
334.287048
334.523254
335.147217
335.225891
335.567535
335.332733
335.556183
335.749756
335.649750
336.262360
336.601501
336.639160
336.651337
336.683777
337.002228
336.954742
337.313080
337.331879
336.963348
336.947052
337.030457
336.883057
336.912201
337.088898
336.801636
337.091309
336.346161
336.473419
336.608490
336.054779
335.250854
335.376373
335.329987
334.796356
334.780212
334.821411
334.316284
334.045380
333.959320
333.620636
333.104462
332.675293
332.495667
332.532593
332.510681
331.892822
331.703522
331.276764
331.285950
331.360504
330.329407
330.621857
330.748383
330.483978
330.492859
330.442047
330.598358
330.375336
330.596588
330.451996
331.092346
330.802216
330.703033
331.260468
331.581238
331.830322
332.188507
332.451782
332.758423
332.845215
333.118927
333.622864
333.843964
334.221191
334.294769
335.096893
335.296814
335.530151
335.958130
336.910461
336.977509
337.252441
337.238922
337.712708
337.860352
337.704529
337.309845
337.702362
337.565094
337.186340
336.977722
336.341827
335.873657
335.231323
334.895569
334.063354
333.250610
332.003326
330.107239
328.703827
327.208862
325.598267
323.909821
321.789642
319.254608
317.683929
314.623596
311.856628
309.540222
306.246246
303.468994
299.982025
296.971893
293.571106
289.583374
285.896057
281.942657
278.023712
273.938568
269.943054
265.640289
261.446777
257.197754
253.019974
248.458862
244.497498
240.397766
235.882111
232.201202
228.197891
224.132614
220.277527
216.508423
212.907471
209.784866
206.549988
203.365585
200.604218
198.102905
195.770691
193.821365
191.965195
190.539581
189.444107
188.150970
187.400818
187.009216
187.173782

202.471375
183.715210
184.094269
184.973999
185.748688
187.085739
188.517654
190.112457
191.991333
194.217651
196.637817
199.375153
202.418839
205.252029
208.318741
211.695007
215.308945
218.838303
222.548553
226.304031
230.123306
234.189026
238.140305
241.943665
245.883270
250.110779
253.889359
258.129028
262.000397
265.850342
269.689911
273.631927
276.946167
280.632172
284.164612
287.113190
290.472015
293.422760
295.825287
299.118652
301.848938
304.049957
306.662079
308.829559
310.629456
312.194794
314.070465
315.767914
317.255646
318.681030
319.954346
320.538452
321.549408
322.736176
322.955658
323.758881
323.815430
323.980164
324.683258
324.755249
325.209167
324.869385
324.745117
324.584991
324.793640
324.399536
324.461456
324.093689
323.849823
323.503876
323.332245
322.538666
322.549530
321.871429
322.069763
321.211670
320.756195
321.030426
320.417175
320.103516
320.182404
320.142578
319.932129
319.659180
319.127502
319.308838
319.080780
318.790161
318.983521
319.183258
319.257355
319.351227
319.188599
319.575745
319.334656
319.471497
320.132324
319.972931
320.113403
320.782196
320.953094
321.106598
321.340942
321.385040
322.466614
322.705627
322.659180
323.074127
323.710358
323.595703
323.779022
324.516235
324.933105
324.880829
324.918854
325.367859
325.571075
325.884155
326.505005
326.754089
326.443054
326.819305
326.547699
326.649231
326.491364
326.920685
326.690155
327.141357
327.024872
327.061340
327.104065
327.067719
326.348633
326.511169
325.988495
326.249542
325.835419
325.774719
325.126984
325.029663
324.597961
324.465668
324.321564
324.066711
323.655670
323.095032
323.025299
322.745483
322.037933
321.732056
321.997131
321.688599
320.979065
321.023743
320.729218
320.292145
320.493073
320.030975
319.692322
320.041931
319.257660
318.755035
318.900055
318.936829
318.812927
318.903900
319.149567
319.071747
319.182343
319.088379
319.348053
319.258545
319.480316
319.549805
319.952850
319.899536
319.964386
320.359589
320.642609
320.529388
320.985138
321.097595
321.446960
322.122406
321.841003
322.535645
322.925262
322.770630
323.549683
324.023560
323.992615
324.761505
324.122467
325.153503
325.530365
325.385651
325.655701
326.199158
326.197693
326.880920
326.881927
326.783997
326.854645
327.298737
327.379181
327.664764
327.598755
327.662384
327.734741
327.833435
327.587585
328.089813
328.000061
327.994781
327.699890
327.971863
327.180573
327.434387
327.255157
327.161926
326.686340
326.510132
326.082306
326.229889
325.968170
325.781433
325.551208
325.271698
324.792603
324.335907
324.464966
323.449432
323.178802
322.906921
322.340698
322.232880
321.911804
321.921570
321.623291
320.942596
320.453857
320.333069
320.417175
320.354431
319.757568
320.226105
319.354218
319.393463
319.062592
319.432983
319.396454
319.164276
318.812103
318.730865
318.454895
318.644043
318.616669
318.698975
318.672546
318.874054
318.898651
319.202240
319.272125
318.942566
319.395020
319.357910
320.194397
320.206299
320.326874
320.675415
320.703064
320.895264
321.581268
321.679352
321.730377
322.181274
322.464050
322.615509
323.072388
323.219971
323.697327
323.605499
324.549835
324.574799
324.522888
324.993988
324.303497
324.817352
325.439850
325.601166
325.635040
325.800018
325.551575
325.609711
325.917175
325.870422
326.347504
325.531586
325.834778
326.159546
326.041931
325.823181
326.029907
325.895630
325.721405
325.727203
325.315063
324.916534
325.053223
325.243042
324.847260
324.575073
324.717346
324.171021
323.730896
323.877747
323.609833
323.046173
323.036011
322.910522
322.445038
322.129364
322.091583
321.664612
321.514923
321.471344
321.265808
321.199921
320.685883
320.537476
320.659821
320.366974
320.277039
320.226593
320.333252
320.385071
320.339569
319.967987
319.783600
320.039642
320.258972
319.854156
319.746155
319.604828
320.099640
320.199951
320.512482
320.342834
320.707245
320.769379
321.109711
320.833405
321.503571
322.007324
322.070801
321.867950
322.560699
322.729156
322.705414
323.016876
323.637543
323.744415
323.739746
324.369934
324.464935
324.950897
325.017151
325.161621
325.290649
325.538422
325.598602
326.152863
325.990356
326.329193
326.456757
326.635132
326.965820
326.972504
327.375031
327.255432
327.202332
327.512848
327.567047
327.389008
327.478149
327.485565
327.070129
326.982605
327.144165
327.280182
327.439178
327.015045
326.572937
326.637207
326.333588
326.290283
326.300171
325.931732
325.507416
325.865082
325.450775
325.116608
325.015778
324.849823
324.508759
324.280518
324.008972
323.948456
323.526184
323.356781
323.284363
322.984741
322.469238
322.555786
321.701996
322.129242
322.061768
321.954163
321.553528
321.584015
321.371674
321.436401
321.345673
321.321716
321.402710
320.999664
321.083466
320.926544
321.216339
321.143219
320.800720
321.332092
321.165588
321.238281
321.377411
321.749542
322.078918
322.419159
322.389862
322.789703
322.792816
323.446167
322.994049
323.264191
323.283600
323.914124
324.278046
324.536194
324.895660
325.011292
324.980988
325.320251
326.114319
326.330719
326.236603
326.534882
327.039703
326.964233
327.239807
327.583435
327.382538
327.452942
328.249847
328.407623
328.094025
328.935730
328.386200
328.872681
328.416565
328.805939
329.103088
329.510376
328.754761
329.021332
328.954102
328.759125
328.512939
328.731506
328.521118
327.915894
328.606354
328.067078
328.293549
328.059326
327.704895
327.653931
327.544922
327.453613
327.262146
326.913025
327.068817
326.529388
326.284058
326.250031
326.257751
326.362152
325.578308
325.692657
325.342957
325.195007
325.261322
324.759033
324.795380
325.013245
324.804352
324.804108
324.933563
324.726288
324.635559
324.349335
324.485809
324.454895
325.256866
324.862396
324.992096
324.994537
325.133118
325.449249
325.181213
325.577454
325.910217
325.874969
325.932465
326.647095
326.367584
326.756775
326.823242
327.534790
327.407318
327.927795
328.189911
328.686676
328.669586
329.236969
329.528076
329.928772
330.301727
330.743408
330.572876
331.290924
331.173187
332.119385
331.876801
332.580963
332.676849
332.528076
333.047516
333.036713
333.053345
333.483063
334.121033
334.117828
334.056732
334.067963
334.006012
334.534058
334.493591
334.795624
334.277954
334.603729
334.536041
334.679474
333.862366
334.383911
334.112946
334.634888
334.440094
333.805145
333.880859
333.591003
333.157928
333.271088
333.027222
332.987671
332.358978
332.328674
331.781281
331.784363
331.612946
331.122711
330.957916
330.933258
330.753662
330.655426
330.430084
330.294037
329.631409
329.588837
329.897552
329.083923
329.341064
329.116119
329.132843
328.986145
329.046875
328.784210
328.747101
328.547607
328.751709
328.566620
328.508362
328.608002
328.275940
328.324799
328.991058
329.011810
329.239380
328.977631
329.531281
329.548126
329.820618
330.329620
330.771332
330.903870
330.913788
331.172760
331.548370
332.306549
332.435516
332.637268
332.886658
333.102722
333.357880
333.855621
334.382050
334.776398
334.784515
335.317963
335.881226
335.911835
336.619080
336.654510
337.186371
337.017151
337.536469
337.528229
337.499420
337.992493
338.074097
338.494598
338.501160
338.677521
339.032104
339.342926
338.886871
338.914185
339.013702
339.403351
338.872162
338.872101
338.818604
338.685303
338.542511
338.430450
338.335358
338.575104
338.194000
338.027130
337.906097
337.680695
337.297638
336.974701
336.702179
336.311859
336.204071
335.954315
335.289032
335.708344
335.274567
335.035797
334.497894
334.130951
333.726471
333.951874
333.413635
333.732239
332.849548
332.427795
332.451172
332.290375
332.024506
331.949249
331.855682
331.256104
332.043457
331.253845
331.244019
331.455658
331.343231
331.103607
331.085144
330.863892
331.360016
330.983521
331.118103
331.159332
331.469147
331.442902
331.174683
331.912994
331.767700
331.888397
332.176544
332.521057
332.765839
333.241302
333.081787
333.399780
333.838989
333.917328
334.461700
334.743530
334.750031
335.106781
335.675964
335.951599
335.786469
336.002777
336.409607
336.698792
336.920410
337.186127
337.197144
337.537781
338.002441
338.388458
337.795197
338.085052
338.294525
338.001892
338.453857
338.493927
338.917633
338.109253
338.628632
338.641388
338.499329
339.018158
338.662689
338.182007
338.004974
338.140625
337.882172
338.080017
337.892517
337.659637
337.530914
337.702881
336.798370
336.927368
336.748962
336.600739
335.858765
336.293457
335.893555
335.349915
335.389832
335.470184
335.127869
334.793701
334.583008
334.158630
333.957153
333.800079
333.449890
333.585541
333.674469
333.230347
332.980621
333.093048
332.980865
332.745911
332.415771
332.315277
332.174225
332.523407
332.472687
332.414062
332.544312
332.411194
332.739502
332.704865
332.744690
333.111389
332.934540
333.228485
333.588287
333.651642
334.175873
333.616821
333.848694
334.047577
334.383118
334.421295
334.351685
334.919739
335.133698
335.020477
335.485718
335.581512
335.673431
336.016663
336.293152
336.724396
336.771179
336.832794
337.024963
337.174042
337.472626
337.042816
337.334564
337.503235
337.551208
337.411285
337.865509
337.476044
337.864136
337.886566
337.539062
337.382507
337.257721
337.392517
337.201477
337.187958
337.003845
337.169983
336.640656
336.674377
336.403595
336.399994
336.160980
335.841797
335.267944
335.680176
334.796906
334.634918
334.455200
334.362183
334.491791
334.007538
333.687408
333.009827
333.318390
332.978302
332.718689
332.654724
332.123444
331.968719
331.937531
331.292542
331.279724
331.120605
331.578827
330.830963
331.072235
331.132751
331.020355
330.878571
330.917725
330.681549
330.505737
330.791473
331.315552
331.347900
331.149689
331.287537
331.438385
331.457245
331.795471
332.043610
331.716827
331.909698
332.211212
332.288727
332.688507
332.765991
332.768524
332.959534
333.251038
333.825439
333.916229
334.277191
334.018616
334.226562
334.444183
334.348877
334.980743
335.256195
335.278961
335.323120
335.337402
335.665100
335.649597
335.953247
335.957428
335.664734
335.648468
335.698608
335.556366
335.518890
335.711548
335.422058
335.707397
334.997650
335.085876
335.237915
334.695129
333.815857
333.983521
333.986389
333.438110
333.414398
333.471863
332.940369
332.638184
332.556763
332.287720
331.725769
331.289581
331.094604
331.176636
331.120148
330.530945
330.371613
329.887787
329.895630
329.949677
328.948090
329.279480
329.356659
329.113525
329.106598
329.065277
329.188904
329.074768
329.188263
329.066956
329.698120
329.438568
329.306641
329.878296
330.170532
330.437622
330.774170
331.060120
331.345367
331.447113
331.691925
332.218384
332.410736
332.837982
332.873383
333.694885
333.868713
334.147461
334.590607
335.471497
335.586609
335.834076
335.821564
336.286865
336.437805
336.234863
335.896362
336.276306
336.140747
335.782135
335.553619
334.915894
334.450195
333.811646
333.489563
332.648376
331.839050
330.584625
328.686584
327.330811
325.811066
324.171692
322.531403
320.388336
317.810638
316.285553
313.223724
310.474457
308.164886
304.867157
302.106079
298.648712
295.624390
292.210724
288.234131
284.531616
280.597961
276.694763
272.674103
268.608582
264.355408
260.184631
255.906403
251.747894
247.173233
243.248566
239.148361
234.665054
230.991135
226.968079
222.950272
219.043228
215.348923
211.703827
208.600983
205.377853
202.227341
199.474930
196.951309
194.638580
192.677826
190.836731
189.374619
188.303360
187.042908
186.291595
185.885773
186.090759

