295.096069
174.111099
174.522064
175.056183
175.923477
177.193176
178.499222
180.093079
182.013931
184.038910
186.243393
188.746658
191.303925
194.291046
197.189514
200.372589
203.662521
207.063690
210.547073
213.886932
217.702545
221.328476
225.019699
229.154846
232.610199
236.614380
240.329178
244.235397
247.783646
251.476944
255.077881
258.641846
262.081818
265.097412
268.610596
271.496948
274.569916
277.522339
280.111206
282.429871
285.639923
287.840973
289.785339
292.123077
294.008759
295.606506
297.544220
298.760773
300.189423
301.395874
303.069611
303.354584
304.366302
305.069366
306.293030
306.371826
307.070679
307.522675
307.458618
308.165375
307.984497
307.732117
308.071350
307.963104
307.807648
307.794342
307.606140
307.365784
307.376160
307.010223
306.772705
306.671326
306.136871
306.042908
305.709808
305.665405
305.606873
305.288361
305.323425
304.632385
304.549744
304.120758
304.064514
304.634521
304.076172
304.191406
303.935455
303.867096
303.744751
303.986969
304.187073
303.773560
304.743256
304.359619
304.736389
304.632080
304.914490
305.700043
305.451416
306.015442
306.160278
306.806915
307.192139
307.141296
307.642120
307.824219
308.250458
308.409912
309.386414
309.236511
309.398712
310.091858
310.411438
310.770905
311.335785
311.180634
311.790649
311.749298
312.524536
312.306854
312.782593
312.744965
312.805878
313.207428
313.394073
312.915375
313.079193
313.368011
313.392059
313.102264
313.183411
313.402283
313.406036
313.569305
312.958832
312.805908
313.175781
312.827515
312.447815
312.027802
312.136932
311.729004
311.388367
311.850555
311.158722
310.719086
310.754852
310.571075
310.575897
309.758911
310.119904
309.293671
309.052795
308.988800
309.128815
308.707703
308.242432
308.268799
308.209290
308.014832
307.614899
308.027679
307.775146
307.942261
307.789032
307.780090
307.560730
307.529327
307.791870
308.035553
308.119446
307.853455
308.036072
308.331268
308.901154
309.143036
309.114594
309.235352
309.670929
309.973022
310.525360
310.342102
310.748444
310.961090
311.785339
311.722870
312.173035
312.301331
312.501160
313.341644
313.645660
313.753174
313.812897
314.889832
314.983948
315.572937
315.453094
315.997711
316.057556
316.497070
316.672424
316.792877
316.973450
317.599854
317.454193
317.656555
317.927032
317.881927
317.978485
318.678833
318.463898
318.538422
318.344574
318.499298
318.707184
318.349365
318.301910
318.360138
318.066315
318.058105
317.814514
317.777679
317.296936
317.271729
317.204498
316.543884
316.875488
316.626160
316.167145
316.209503
315.773682
315.392944
315.283875
315.145325
314.667816
314.379089
314.467682
314.324890
314.025055
313.672638
313.311310
313.179108
312.752197
313.079254
312.886780
312.728149
312.252747
312.067535
312.220459
312.264618
311.984070
311.980927
312.146240
311.918854
312.179688
312.452515
312.388123
312.352081
312.507477
312.920105
312.565826
312.988983
313.109222
313.110504
313.922913
313.828339
313.857178
314.226807
315.142700
314.701813
315.217896
315.243073
315.713867
316.179077
316.078674
316.836670
317.051941
317.245026
317.707458
317.878967
318.330322
318.655579
319.231232
318.845062
319.414612
320.028870
320.110962
320.120758
320.211670
320.754395
321.079498
321.116669
320.824097
321.673553
321.630646
321.751770
321.899261
321.462433
322.065186
321.732666
321.986786
322.026062
321.785767
321.807587
321.762268
321.623016
321.643066
321.468750
321.167267
321.495178
321.250824
321.017456
320.738342
320.772797
320.564667
320.257080
320.180420
319.704041
320.057495
319.751892
319.670135
319.608612
318.773865
318.953094
318.830688
318.837402
318.729736
318.182129
317.960052
318.330292
317.894867
318.093506
318.093994
317.569794
317.384460
317.554962
317.630737
317.696503
317.459900
317.700775
317.651642
317.758118
317.990936
318.122314
318.089050
317.922058
318.367615
318.882294
318.658600
319.234619
319.604584
319.354340
319.962280
320.504852
320.671692
320.693604
321.134766
321.588684
321.830841
321.960724
322.276581
322.669128
323.252319
323.174255
323.076660
324.187805
324.134827
324.437134
324.788147
325.077179
325.534790
325.600281
325.697357
326.050232
326.393616
326.562408
326.253937
326.875000
327.093445
327.019714
327.402283
327.072113
327.286682
327.305481
327.927673
327.610687
327.570557
327.865814
328.007446
327.641235
327.954376
327.691864
327.469666
327.457092
327.352722
326.902802
327.081940
326.800110
326.598053
326.606506
326.173553
326.148407
326.214905
326.091156
325.629852
325.175995
325.084015
324.913422
325.350433
325.025818
324.537903
324.370605
324.397888
324.101288
324.165161
324.002502
323.573761
323.355164
323.428253
323.666809
323.204712
323.403595
323.180023
323.171631
323.120941
323.319366
323.167389
323.319153
323.484436
323.357697
323.877045
323.830505
323.566650
324.070892
324.400726
324.459442
324.464020
324.289917
325.030273
325.109558
325.656494
325.825073
326.190765
326.150208
327.078461
326.972229
327.273682
327.542358
327.638794
328.274536
328.242371
328.563904
329.000916
329.562103
329.470062
329.816010
329.778900
330.581116
330.663727
330.365753
330.473938
331.017029
331.510437
331.720520
331.766541
332.205444
331.851562
332.399231
332.244598
332.344299
332.827179
332.037689
332.382416
332.714386
332.547638
332.903503
332.606110
332.197083
332.564514
332.122192
332.104187
332.005402
331.620544
331.638275
332.106659
331.516266
331.491577
331.425476
330.909760
331.289490
330.787415
330.638214
330.299774
330.203308
330.524536
329.885681
330.069580
330.282471
329.940369
329.258698
329.731293
329.072418
329.579315
329.500397
329.181702
328.891693
328.743805
328.831909
328.851318
328.917908
328.960480
329.499603
329.167572
329.296631
329.144562
329.635132
329.819122
329.914886
330.241089
330.633392
330.811798
330.617859
331.226288
331.250244
331.636169
331.851654
332.549561
332.502045
332.910980
333.323761
333.598541
334.085938
334.184937
334.345032
335.305023
335.185059
335.900116
336.109497
336.571533
336.562866
337.307983
338.006805
337.512268
337.940552
338.602722
338.886200
338.963409
339.343445
339.804169
340.079926
340.225739
340.222046
340.639862
340.511230
340.869171
341.148224
341.248199
340.773773
340.997223
341.717957
341.182129
341.336426
340.792816
341.177704
341.245697
341.179565
340.853851
341.294586
340.782166
340.587006
340.375793
340.228668
340.253998
340.709808
339.613892
339.621094
339.754211
339.540375
339.095520
338.944122
338.715210
338.725739
338.480377
337.913239
337.851196
337.860596
337.853516
338.477386
337.731354
337.478180
337.105713
337.444672
337.414154
337.336060
336.783356
336.705231
336.879730
337.412811
336.911865
336.933746
336.965240
337.003845
337.533508
337.450165
337.092224
337.562866
337.931549
338.339142
338.215240
338.603241
338.946411
338.999939
339.306793
339.518982
340.514465
340.236572
340.604218
341.226227
341.668396
342.314758
342.620728
342.590454
342.932007
343.453552
343.789001
344.346863
344.907135
345.086487
345.305664
345.885681
345.848480
346.500671
346.588470
346.968536
347.542236
347.944641
347.858246
348.229492
349.113281
349.047668
348.552765
349.031799
348.960144
349.117554
349.484436
349.487457
349.457306
349.253601
349.563141
349.834320
349.732147
349.670044
349.438477
349.328186
349.030029
348.973236
348.888306
348.742523
348.647858
348.544434
348.199738
347.660675
347.711273
347.623260
347.052643
347.359039
346.826385
346.147522
345.964630
345.228302
345.375000
345.152008
345.336121
344.294678
344.217560
344.152710
344.298889
343.750549
343.474121
343.315887
343.246338
342.999908
342.924194
342.519775
342.915497
342.533936
342.636749
342.307495
342.382416
342.088287
342.487671
342.290192
342.353027
342.255676
342.639252
342.394196
343.127106
342.855499
342.864716
343.521881
343.511108
343.882233
344.042419
344.299377
344.223145
344.154785
345.165039
345.053986
345.639801
345.994537
345.796936
346.335236
346.528137
346.834229
346.955719
347.569153
347.692078
347.936401
348.181580
348.450470
348.363098
349.200073
349.226532
349.190643
349.866608
349.944885
350.114960
350.232147
350.698334
350.334259
350.491364
350.616180
350.278992
351.012817
350.479523
350.569275
350.840057
350.839752
350.739075
351.088745
350.531891
350.491425
350.066895
350.287170
349.784088
350.065338
349.739319
349.633972
349.530365
349.181213
348.799652
348.778015
348.749237
348.412079
348.111847
348.127960
347.562073
348.036530
347.615845
347.248749
346.829895
346.968750
346.646149
346.845734
346.191193
345.807129
345.962250
345.796204
345.537384
345.862701
345.632019
345.416382
345.256744
345.242188
345.118286
345.013336
345.327759
345.056091
344.957489
345.375092
345.187988
345.320740
345.504150
345.458282
345.951599
346.160828
345.887543
345.938263
346.210358
346.570099
346.601349
347.247803
347.300446
347.801361
347.721344
347.893433
347.738953
348.318146
348.532806
349.157959
349.256165
349.532318
349.284821
349.626160
350.101715
350.032043
350.280853
350.129791
350.715424
350.809326
350.498322
350.618347
350.518250
351.364624
350.773712
351.503418
351.331299
351.508362
351.118805
351.464417
351.302704
351.182709
350.744171
350.746429
350.954376
350.468628
350.268677
350.704346
350.196442
350.482117
350.097748
349.461639
349.180206
349.176025
348.703583
348.917969
348.316895
347.922882
348.466766
347.928925
347.685211
347.381927
347.228851
346.407715
346.886444
346.333160
346.345123
345.830353
345.786591
346.138123
345.665894
345.634094
345.425507
345.523651
345.546814
345.182037
345.200104
345.000214
345.029266
344.881744
345.063721
345.481049
345.358246
345.266724
345.303253
345.700653
345.280640
346.113190
346.311554
345.947083
346.678741
346.652405
347.308289
347.249664
347.069183
347.169128
347.851044
347.893341
348.298676
348.399078
348.860596
348.900665
349.540619
349.537781
349.774780
349.929230
350.168823
349.861908
350.519257
350.872650
350.970642
350.474518
350.853577
351.036499
351.473633
351.613251
351.445068
351.230072
351.127533
351.171417
350.995453
350.970001
350.587341
351.415741
350.464996
350.292206
350.499146
349.587952
349.911652
349.958771
349.436951
349.485352
348.730743
348.503052
347.966461
347.773132
347.652069
347.300385
347.035980
346.727020
346.953644
346.073730
346.434845
346.210663
345.859589
346.352173
345.544128
345.536163
344.908722
344.921051
345.425354
345.126099
345.290436
345.482300
345.254608
345.411987
345.022278
345.265259
345.419373
345.393829
345.872528
346.313629
347.021698
346.694183
347.237366
347.720093
347.796356
348.419189
348.588379
349.507721
349.700012
350.201569
350.697144
351.065094
351.726288
351.908752
352.578156
352.352600
353.167328
353.129791
353.137451
353.531921
353.913879
353.631195
353.570435
353.742126
353.567505
353.154175
352.679718
352.180237
351.547760
350.625458
350.044586
348.905396
347.777863
346.272797
344.998718
343.820831
341.752258
339.759705
338.223633
335.243652
333.046692
330.485718
327.484650
324.855560
321.691132
318.429504
315.158875
311.483185
307.658325
303.827362
300.073700
295.941589
291.887085
287.313202
283.170288
279.256104
274.403839
270.230042
265.430817
261.117523
256.333771
252.159836
247.777542
243.561264
239.321381
235.181519
230.930832
227.394882
223.504562
219.883865
216.630646
213.439392
210.463547
207.904236
205.393463
203.385025
201.514969
199.831039
198.426529
197.390793
196.530823
196.072693
196.544052

292.613617
174.062424
174.504013
175.012131
175.884659
177.164856
178.485275
180.078445
182.012573
184.035080
186.253876
188.751831
191.336960
194.335709
197.262390
200.426193
203.763260
207.163086
210.690079
214.053009
217.884995
221.528992
225.227631
229.391998
232.859619
236.897873
240.632965
244.545685
248.114502
251.835495
255.466629
259.064484
262.517700
265.572998
269.092438
272.020050
275.115845
278.128510
280.741119
283.105103
286.322845
288.539215
290.510956
292.907501
294.788757
296.449280
298.439575
299.649475
301.103027
302.353546
304.068756
304.384766
305.366486
306.134827
307.359894
307.474457
308.216858
308.696808
308.635437
309.371185
309.246368
309.001251
309.382660
309.246124
309.127655
309.169739
308.958679
308.744110
308.758362
308.438995
308.192383
308.153290
307.632355
307.499847
307.199677
307.164551
307.095215
306.769989
306.873230
306.144592
306.084351
305.639893
305.640442
306.194672
305.628174
305.782257
305.488647
305.442444
305.303345
305.568512
305.733917
305.330048
306.308105
305.894012
306.264984
306.158264
306.421112
307.221436
306.918182
307.489960
307.640228
308.254211
308.640686
308.561646
309.050568
309.207977
309.651886
309.763489
310.717163
310.569641
310.703156
311.335663
311.624146
311.989716
312.545197
312.343719
312.982239
312.878815
313.619141
313.373901
313.811646
313.783203
313.816437
314.194000
314.324432
313.846252
313.944763
314.228943
314.219360
313.897980
313.956757
314.128937
314.109039
314.279480
313.636475
313.424530
313.747620
313.367950
313.004272
312.550812
312.630768
312.189056
311.810822
312.272461
311.533691
311.078613
311.089294
310.864197
310.829102
309.998383
310.332886
309.479218
309.207977
309.149963
309.246948
308.819519
308.326477
308.320862
308.236328
308.018402
307.616699
308.002838
307.736725
307.893188
307.710999
307.702667
307.451080
307.413910
307.669495
307.889740
307.942352
307.682831
307.852203
308.138000
308.683655
308.932892
308.893402
309.021912
309.411682
309.706116
310.246155
310.106842
310.464539
310.681458
311.499939
311.448273
311.905670
312.019806
312.211700
313.076019
313.362305
313.454590
313.521698
314.636139
314.717773
315.299683
315.179321
315.742981
315.810425
316.256897
316.438232
316.539062
316.759094
317.369934
317.236206
317.436462
317.720062
317.666626
317.757263
318.491119
318.302399
318.375854
318.204712
318.385803
318.561493
318.238190
318.220734
318.264160
318.008118
318.011169
317.785950
317.734406
317.310242
317.257629
317.233521
316.589874
316.936920
316.707947
316.243134
316.306641
315.871094
315.509766
315.430878
315.316101
314.829498
314.571381
314.693176
314.543884
314.269135
313.972137
313.625580
313.500610
313.086975
313.422119
313.229095
313.102509
312.668732
312.507935
312.653351
312.701721
312.468903
312.482544
312.694702
312.451599
312.764160
313.031982
313.014038
312.994202
313.178253
313.642975
313.276367
313.700592
313.881805
313.875488
314.705688
314.625610
314.666931
315.076874
316.000519
315.604248
316.128204
316.182465
316.644470
317.127502
317.065277
317.871887
318.073730
318.299927
318.792999
319.015411
319.484131
319.804596
320.405334
320.060913
320.644562
321.254791
321.367920
321.412994
321.536743
322.106659
322.421417
322.510590
322.212402
323.139435
323.078369
323.235748
323.373047
323.036591
323.648651
323.319977
323.576569
323.592072
323.395721
323.403381
323.403137
323.260651
323.327698
323.177948
322.868317
323.246216
323.024963
322.829865
322.562286
322.577393
322.441742
322.096375
322.004242
321.567688
321.948792
321.649200
321.616791
321.514069
320.706726
320.964996
320.813171
320.819275
320.698608
320.139893
319.973938
320.318085
319.953674
320.162079
320.129425
319.645538
319.462860
319.637115
319.694794
319.772095
319.608612
319.804352
319.759583
319.887390
320.102722
320.208099
320.142792
320.018585
320.522919
320.985901
320.747070
321.359833
321.706482
321.460632
322.080811
322.580750
322.728424
322.700562
323.204285
323.594360
323.883240
323.876221
324.220520
324.613037
325.206329
325.069122
325.001984
326.097900
326.074677
326.323792
326.645050
326.934174
327.282532
327.389709
327.513031
327.808746
328.142029
328.214752
327.983337
328.537262
328.777161
328.667633
328.998383
328.656250
328.813660
328.798157
329.431519
329.084351
329.058136
329.349701
329.442200
329.031097
329.304901
329.032410
328.699097
328.738281
328.540680
328.078003
328.193634
327.930237
327.698364
327.693726
327.223602
327.200684
327.216797
327.067993
326.525116
326.085663
325.990692
325.749878
326.176147
325.822357
325.285004
325.093140
325.123657
324.785248
324.803864
324.614960
324.221069
323.929840
323.938751
324.178131
323.692322
323.852570
323.664917
323.588623
323.515442
323.685364
323.502686
323.679138
323.789948
323.669342
324.151947
324.057587
323.795197
324.262543
324.612915
324.611847
324.614868
324.433990
325.111420
325.233551
325.721008
325.891968
326.256775
326.216339
327.108429
327.021301
327.279419
327.527679
327.609375
328.246246
328.231476
328.514313
328.955078
329.480499
329.410919
329.722931
329.707550
330.488129
330.565247
330.253754
330.345551
330.930054
331.400085
331.596741
331.638367
332.087311
331.725891
332.279846
332.132324
332.211578
332.703857
331.920715
332.260498
332.549072
332.420227
332.785858
332.451538
332.074097
332.432159
332.024719
331.979675
331.872894
331.487305
331.513519
331.989227
331.406342
331.384888
331.309418
330.824860
331.197021
330.691345
330.563019
330.202667
330.117584
330.437469
329.806000
329.992584
330.209015
329.861816
329.152527
329.667175
328.984772
329.510284
329.453369
329.145020
328.834106
328.692261
328.799103
328.791962
328.826935
328.917694
329.436401
329.123627
329.227661
329.087189
329.591034
329.777527
329.847656
330.192566
330.582367
330.765747
330.582245
331.181763
331.187958
331.599945
331.783966
332.491577
332.456268
332.836761
333.268768
333.522339
334.003479
334.111694
334.283752
335.223969
335.113434
335.809021
336.026367
336.476044
336.472809
337.171936
337.913177
337.396667
337.829254
338.470337
338.731995
338.846039
339.226501
339.655640
339.913483
340.057495
340.061768
340.465302
340.323486
340.685516
340.933380
341.045013
340.558746
340.821655
341.506409
340.943176
341.100159
340.534363
340.935303
341.002045
340.917725
340.573578
341.027039
340.525330
340.331573
340.074646
339.937561
339.970245
340.401154
339.303864
339.335938
339.429352
339.225220
338.756195
338.623474
338.370392
338.382568
338.142822
337.541718
337.471832
337.463806
337.484802
338.077759
337.328613
337.105927
336.726837
337.059082
337.011292
336.925171
336.401245
336.295715
336.460602
337.020203
336.523224
336.525604
336.551941
336.583862
337.108826
337.015137
336.689575
337.123657
337.497742
337.929230
337.779907
338.155762
338.507111
338.570801
338.890930
339.109222
340.072571
339.801453
340.199463
340.809082
341.261383
341.850037
342.200195
342.187103
342.525208
343.073151
343.404877
343.980713
344.521729
344.702454
344.907532
345.502411
345.487640
346.100952
346.232544
346.588135
347.166962
347.597504
347.525177
347.851379
348.751373
348.723480
348.234863
348.668579
348.614044
348.789551
349.158691
349.186890
349.150269
348.960419
349.261078
349.564911
349.423950
349.403900
349.130341
349.048248
348.764038
348.706329
348.654144
348.498383
348.404633
348.322784
347.988647
347.411072
347.497009
347.449524
346.833740
347.149506
346.643341
345.954254
345.778748
345.062103
345.192535
344.983582
345.172089
344.133606
344.049835
344.013367
344.164368
343.626282
343.350861
343.185242
343.119934
342.878082
342.811157
342.411591
342.790405
342.427734
342.543793
342.172211
342.270264
341.985413
342.374573
342.212402
342.279022
342.216309
342.547577
342.340118
343.059479
342.799774
342.774750
343.487457
343.469940
343.806915
344.008392
344.276947
344.162994
344.136108
345.128693
345.002991
345.596649
345.947235
345.780060
346.348175
346.502930
346.815094
346.964905
347.522736
347.714569
347.917786
348.202393
348.429413
348.364471
349.195343
349.219269
349.202179
349.872620
349.938049
350.174835
350.273468
350.704468
350.322876
350.496063
350.633057
350.297607
351.051239
350.526794
350.606323
350.854950
350.839294
350.757538
351.127960
350.575623
350.536102
350.100281
350.312073
349.843384
350.080170
349.725220
349.670227
349.592285
349.225342
348.817688
348.817078
348.786896
348.450836
348.167816
348.165497
347.601044
348.075317
347.675781
347.312988
346.872833
347.031677
346.699554
346.896790
346.245819
345.866058
345.983948
345.838562
345.600525
345.890808
345.694824
345.489594
345.288269
345.262634
345.151337
345.045929
345.385010
345.115143
344.993652
345.406616
345.225708
345.367706
345.535736
345.520508
345.978607
346.185974
345.931091
345.964935
346.264069
346.594574
346.630798
347.283844
347.337952
347.826019
347.774261
347.906586
347.777405
348.335449
348.578491
349.201843
349.237427
349.575623
349.327179
349.610809
350.110718
350.036621
350.285461
350.183502
350.750366
350.810669
350.520142
350.626373
350.535370
351.387329
350.819092
351.520294
351.327728
351.557343
351.103088
351.469543
351.302795
351.182831
350.726471
350.759766
350.942963
350.469635
350.295471
350.698914
350.173828
350.484497
350.104523
349.477905
349.150238
349.189087
348.712341
348.934662
348.335510
347.911896
348.460205
347.941254
347.681946
347.381927
347.202118
346.435303
346.888458
346.337067
346.373932
345.840546
345.821259
346.160919
345.700928
345.666595
345.449280
345.544037
345.606354
345.165009
345.221375
345.043396
345.031128
344.905640
345.081665
345.495880
345.385376
345.298004
345.351715
345.740112
345.266083
346.113068
346.339294
345.952209
346.718994
346.670563
347.346893
347.259918
347.099884
347.215027
347.886749
347.948486
348.349243
348.473907
348.878052
348.970703
349.585510
349.598541
349.807159
349.986206
350.229218
349.898346
350.582672
350.908295
351.049286
350.523834
350.898926
351.101288
351.560486
351.646484
351.497101
351.261688
351.167938
351.230408
351.028961
350.981812
350.657135
351.479401
350.506287
350.378052
350.539520
349.648254
349.946533
350.035736
349.525055
349.547394
348.795502
348.573853
348.035889
347.863037
347.715057
347.383240
347.105927
346.788391
347.010040
346.160797
346.497162
346.265808
345.932251
346.440796
345.627502
345.575897
344.993622
344.977661
345.490265
345.207916
345.355530
345.516174
345.292297
345.494019
345.071747
345.349823
345.479675
345.495605
345.907257
346.381927
347.089539
346.795288
347.312866
347.784149
347.847870
348.476471
348.679840
349.581390
349.760376
350.226837
350.754456
351.114441
351.768372
351.967499
352.653290
352.387421
353.247498
353.175873
353.168945
353.605103
353.967896
353.686554
353.655914
353.791046
353.619751
353.186432
352.766205
352.225433
351.597839
350.706085
350.087952
348.964783
347.865234
346.305511
345.046875
343.889709
341.793793
339.811768
338.254822
335.304260
333.105438
330.529999
327.499451
324.934723
321.739838
318.457092
315.216125
311.495697
307.687653
303.860626
300.122070
296.022278
291.943359
287.351990
283.217010
279.298248
274.442932
270.282837
265.481720
261.148834
256.390259
252.198425
247.818787
243.596405
239.364822
235.224609
230.979324
227.434814
223.542313
219.919754
216.660446
213.520996
210.525482
207.936554
205.435120
203.430191
201.564316
199.886002
198.472076
197.438690
196.576843
196.110504
196.623260

217.839340
183.432434
183.964615
184.386856
185.348312
186.807358
188.164993
189.933044
191.906616
194.129349
196.406265
198.956284
201.723816
204.819458
208.118195
211.297028
214.765671
218.395813
221.900482
225.922363
229.753159
233.460938
237.572495
241.507874
245.491165
249.483490
253.420822
257.556824
261.218109
265.247589
268.996643
272.692932
276.344116
279.784210
283.133087
286.288269
289.730255
292.421448
295.319946
298.079865
300.873322
303.418915
305.489532
307.568390
309.608185
311.600891
312.951630
314.917877
316.258392
317.491333
318.006226
319.465546
320.584686
321.203308
322.003479
322.461914
322.674072
323.291473
323.666321
323.798828
323.730988
323.772949
324.029205
323.263550
323.657990
322.872131
323.014282
323.449005
322.364410
322.392792
322.025665
321.255707
321.323151
320.788635
320.259399
320.236572
319.653931
319.756470
319.249908
318.999908
318.733521
318.403687
318.482849
318.384399
318.184204
317.641937
318.100830
317.364777
317.597900
318.017731
317.813110
318.054474
317.563629
317.821198
317.889252
317.928986
318.601044
318.731018
318.993500
319.242737
320.152069
320.077972
320.482452
320.331482
321.072327
321.009583
321.137756
321.241180
322.241150
322.014343
322.493317
322.713470
323.013306
323.441345
323.344025
323.788239
324.435333
324.611694
325.120453
324.854584
325.071167
325.121368
325.132538
325.195740
325.516968
325.394073
325.121582
325.731262
325.400299
325.721100
325.183716
325.421875
324.867798
324.936584
325.043304
324.752167
324.295227
324.031708
323.510590
323.695892
323.756531
323.062103
322.893005
322.595306
321.858337
322.253143
321.291656
321.396698
321.242920
320.671875
319.959747
320.429535
319.988708
319.694916
319.369263
319.138855
318.888336
318.466278
318.133301
318.402039
318.106995
318.231018
317.595428
317.750000
317.770325
317.357025
317.446045
317.558868
317.233582
317.577026
317.965485
317.972076
318.189575
318.058746
317.888458
318.513977
318.815369
318.803650
318.719696
319.451660
319.830841
319.560181
319.703857
320.066162
320.469635
320.722015
321.446350
321.934998
321.803040
321.936096
322.635162
322.746918
323.266998
324.051300
323.800507
324.172363
324.709320
325.147430
324.913422
324.952545
325.083954
325.632721
325.488007
325.945343
326.099121
326.585815
326.496735
326.502838
326.571075
326.822021
326.839966
326.521942
326.364777
326.636444
326.294830
326.529510
326.682404
326.011200
325.628540
325.644318
325.910187
325.239258
325.294739
325.187012
324.626617
324.529572
323.739288
323.882416
323.264557
323.208710
323.221680
322.614532
322.280609
321.829224
321.752533
321.920502
321.501770
320.948761
321.014648
320.199646
320.192017
320.079407
319.820770
319.575775
319.396637
319.526367
319.164520
318.881012
318.837921
318.725861
318.667877
318.672150
318.668976
318.411835
318.576813
318.459686
318.356720
318.253296
318.390106
318.763306
319.124084
318.658173
319.394409
319.283905
319.630981
319.560150
319.741028
320.118958
320.577026
320.253815
320.913971
321.209778
321.273071
321.755310
322.098938
322.105499
322.403412
323.028107
322.887115
323.340454
323.832367
324.032379
324.054962
324.729492
324.600403
325.162933
324.815216
325.739471
325.285950
325.670349
326.099487
326.055756
326.008270
326.035950
326.569244
326.881805
326.644409
326.528473
326.390259
326.619385
326.578857
326.342621
326.293030
326.046814
325.867157
326.256256
326.086273
325.905396
325.840881
325.516052
325.457611
325.533661
325.006256
324.951569
324.309021
323.842896
324.404877
324.331329
324.141693
323.588623
323.164642
323.662231
322.884644
322.910095
322.476135
322.071381
322.302216
322.195374
321.322632
321.665253
321.440643
321.462799
321.372467
321.483398
321.068298
321.563507
320.880493
320.984497
320.646362
321.173859
321.152863
321.407501
321.393677
321.367706
321.633606
321.272339
321.878723
321.402496
322.051819
322.183441
322.427826
322.473389
322.690125
322.957794
323.464569
323.531952
323.419586
323.468201
324.756500
324.692596
324.516693
325.124542
325.593781
325.889038
325.951660
326.040619
326.412506
326.953339
327.232605
327.607147
327.384583
327.944977
327.928925
328.363403
328.771942
328.824829
329.090820
329.522095
329.138947
329.706787
329.899872
329.593201
329.702637
329.746490
329.911041
329.705872
329.685364
329.620667
329.997803
329.433472
329.472900
329.637665
329.603058
329.569000
329.463837
329.042175
328.971924
328.776886
328.246155
328.414886
328.003510
328.052704
328.032654
327.514191
326.944458
327.290710
327.245575
326.876709
326.525299
326.252472
326.242981
326.219788
326.020416
325.648529
325.429321
325.251465
325.407623
324.967194
324.787842
324.889069
325.053772
324.481384
324.678040
324.756683
324.539764
324.428345
324.344086
324.521332
324.618652
324.608429
324.912994
325.043152
325.288330
325.464600
325.115234
325.682678
325.587372
325.713745
326.215576
326.368164
326.580200
326.576721
326.655731
327.286163
327.224060
327.695190
327.810303
327.983765
328.046631
328.779388
328.970306
329.433258
329.289276
329.933960
330.106293
329.785614
330.546631
330.758942
331.413147
331.284332
331.143524
330.979675
331.505707
331.857330
332.044037
332.331696
331.950195
332.241608
332.078400
332.619568
332.502472
332.650269
333.058716
332.223175
332.360077
332.521118
332.433533
332.478516
331.898285
331.819366
331.953796
331.908234
331.675690
331.266754
331.349609
331.579315
331.058228
330.898773
330.277893
330.050690
330.050995
330.200256
329.854858
329.763611
328.963379
329.231750
329.043274
328.817078
329.002350
328.944641
328.265930
328.166412
328.220795
327.948547
327.787933
327.792938
327.802734
328.308014
327.665344
327.696198
328.215790
327.457825
328.567780
327.945953
328.068298
327.848755
328.303772
328.379059
328.558990
328.292297
328.440063
329.192444
329.143372
329.361755
329.526093
330.028503
330.497742
330.317719
330.818542
330.756378
331.870026
331.400879
332.323700
332.273285
332.695892
332.872040
333.271881
333.436066
334.032257
334.270355
334.442505
335.051910
335.007294
335.588654
335.469055
336.397644
336.195374
336.701447
336.949585
336.778259
336.997223
336.855072
337.267670
337.623871
337.747009
337.728363
337.696167
337.628662
337.730255
338.137115
337.665253
337.661682
337.752258
337.715149
337.429047
337.268188
337.286102
337.117615
337.088623
336.788116
336.531097
336.284149
336.064484
335.734131
335.727631
335.580200
335.710968
334.617706
335.206268
334.760040
334.275543
334.400909
334.088531
333.681091
333.576447
332.993530
333.394623
332.923889
332.713928
332.614288
332.603394
332.370514
332.257599
332.113617
331.761902
331.532166
331.805237
331.718689
331.873260
331.749969
331.989014
331.744690
331.880341
331.621429
332.013428
332.090057
332.548126
332.327820
332.457977
332.956451
332.955139
333.629364
333.044525
333.928497
334.009033
334.475098
334.519379
334.613953
335.169220
335.547363
335.834381
336.439972
337.197937
336.885956
337.378418
337.631073
337.821136
338.410675
338.688049
338.609924
339.202271
339.849335
339.692719
339.733093
340.591919
340.907196
340.942261
341.096130
341.210815
341.313995
341.437225
341.301086
342.069855
341.662018
342.086700
341.900116
342.181702
341.586121
341.326019
341.511780
341.260315
341.320953
341.218445
341.452271
341.105194
340.728943
340.549622
340.311310
340.053101
339.726196
339.309631
339.248169
339.189911
338.821838
338.379791
337.702972
337.863403
337.377167
336.857056
336.722717
336.663361
336.122559
335.780304
335.094330
334.777344
335.096405
334.876526
334.392395
334.548828
334.347382
333.915375
333.622589
333.447693
332.984680
333.304138
332.773193
333.019073
332.798309
332.312439
332.779816
332.737671
332.107971
332.154938
332.376099
332.611420
332.262756
332.720520
332.354462
332.992493
332.672699
332.701019
333.252106
333.278687
333.307190
333.124847
333.373962
333.831940
333.761475
334.683655
334.634644
335.020447
335.070404
335.558014
335.963531
335.640778
336.087952
336.108582
336.531311
336.428619
336.739990
336.765900
337.333344
337.485138
337.599060
338.231110
337.820679
338.005524
338.053650
338.330566
338.617065
338.271240
338.257324
338.484436
338.700470
338.050812
338.219116
338.529999
338.444183
338.379822
337.872070
337.623657
337.612030
337.909729
337.510712
337.437744
337.186859
337.063782
336.889771
336.531616
336.405243
336.078064
335.439911
335.793793
335.491760
335.169312
334.908997
334.315094
334.058777
333.857635
334.042480
333.648804
333.257812
333.004333
332.758911
332.482727
332.209595
332.067719
331.872009
331.887939
331.727142
331.837250
331.593842
331.300629
330.984772
331.515991
331.257050
331.085815
331.318573
331.255493
331.243683
331.346893
331.426819
331.521332
331.409332
331.226532
331.804993
331.796814
331.711548
331.736115
331.729126
332.212799
332.115356
332.739624
333.096436
332.701782
333.578156
333.337799
333.611206
333.733093
333.949860
334.184937
334.306061
334.752472
334.597015
334.586853
334.684814
334.693573
335.353973
335.090820
335.032288
335.563141
335.568604
335.468079
335.766510
335.883270
335.649506
335.919159
336.067535
335.311646
335.647919
335.491608
335.386322
335.095184
334.991364
335.110687
334.549835
334.786621
334.577728
334.617218
334.072113
334.579987
333.347534
333.433136
333.381714
333.001862
332.729797
332.429169
332.645538
332.131714
332.020935
331.541046
330.717712
330.923737
330.825134
330.786163
330.657166
329.806183
330.016113
329.611206
329.641754
329.603729
329.017059
328.875214
329.293762
328.974854
329.126862
328.965454
328.888214
328.538086
328.788574
328.785980
328.792114
329.111633
329.261932
328.839722
329.122406
329.044128
329.213959
329.444794
329.615936
329.987305
330.035675
330.185699
330.759186
330.562744
330.903137
330.629456
331.102417
331.597687
331.514069
331.654297
332.324646
332.131287
332.119049
332.335297
332.831573
333.046326
333.106079
333.443298
333.382324
332.986542
333.727173
333.700195
333.949249
333.567047
333.714783
334.087769
333.910522
333.594666
333.796051
333.731354
333.688568
333.476776
333.692413
332.982330
333.184784
333.039520
332.438904
332.438782
332.481354
331.632080
331.442749
331.138641
331.455200
330.766937
330.468750
330.213806
330.198578
329.772308
329.562592
329.199738
329.046021
328.555023
328.474915
328.326141
328.143341
327.760803
327.758026
327.845703
327.767487
327.479797
327.496246
327.475983
327.304810
327.524170
327.326050
327.820435
327.759033
328.202179
328.496979
328.708496
328.652191
328.991760
328.720306
329.209045
330.004517
329.900726
330.254730
330.529907
331.033630
331.394318
331.888306
332.320892
332.730652
333.114288
333.140717
333.276123
334.175354
334.078247
334.816650
334.450531
335.163422
334.944855
335.550720
334.810913
334.826111
334.556671
334.265717
333.963043
333.807037
333.196472
332.002808
331.536926
330.610840
329.414337
327.791351
326.794617
325.158997
323.384003
321.382538
319.735016
317.651825
314.941132
312.949127
310.113983
306.994232
304.474792
301.234650
298.400665
294.781189
291.400177
287.840637
283.871948
280.526703
276.084534
272.431244
268.159302
264.050293
259.837830
255.538620
250.835846
247.009842
242.534195
238.852341
234.517593
230.337219
226.413742
222.716644
219.040070
215.201279
211.618118
208.250000
205.153290
202.348923
199.642715
196.929291
194.690308
192.533249
190.820038
189.415573
188.290863
186.994080
186.121338
185.766815
185.630127

220.302963
183.869415
184.391571
184.804428
185.788940
187.241623
188.613266
190.400253
192.345337
194.572952
196.850418
199.420792
202.179672
205.287079
208.584473
211.788345
215.292694
218.889557
222.432846
226.446579
230.303009
233.977097
238.129883
242.071854
246.062302
250.075943
254.022125
258.160645
261.843536
265.862732
269.636383
273.357788
277.018677
280.457947
283.831604
287.009613
290.438995
293.165253
296.046844
298.836456
301.654297
304.244232
306.306213
308.375397
310.448212
312.455566
313.863129
315.793091
317.147339
318.381561
318.929565
320.400177
321.539673
322.159851
322.982178
323.431030
323.679077
324.289795
324.717194
324.834747
324.793060
324.869202
325.079407
324.291901
324.736267
323.959442
324.105164
324.592804
323.473511
323.525909
323.125153
322.400024
322.479462
321.934937
321.396027
321.461945
320.810822
320.942993
320.493591
320.158661
319.938141
319.562256
319.689667
319.572449
319.412109
318.891998
319.313538
318.519714
318.772308
319.171234
318.995239
319.226379
318.756744
318.997314
319.041565
319.091705
319.789490
319.878540
320.164368
320.371521
321.317627
321.195312
321.635742
321.451263
322.145020
322.166595
322.281433
322.329132
323.336792
323.065033
323.589600
323.747803
324.057404
324.510529
324.356812
324.786255
325.448029
325.644867
326.171539
325.876709
326.046082
326.099670
326.080933
326.157410
326.472168
326.349823
326.028473
326.665985
326.284027
326.617889
326.037415
326.284729
325.740753
325.784454
325.885742
325.575653
325.135254
324.844238
324.296448
324.506104
324.543304
323.854187
323.649902
323.394867
322.611877
322.995789
321.980927
322.128357
322.007812
321.377533
320.670013
321.114960
320.642456
320.357605
320.014221
319.788696
319.526886
319.132782
318.805481
319.048065
318.715393
318.865173
318.186157
318.360291
318.389404
317.934448
318.039673
318.156677
317.802032
318.122253
318.563507
318.533142
318.763214
318.597626
318.442139
319.045807
319.381744
319.304047
319.230194
319.974579
320.341278
320.070526
320.207947
320.557648
320.954834
321.201874
321.915619
322.417694
322.269348
322.395111
323.098083
323.230957
323.734100
324.485779
324.253723
324.610199
325.140747
325.573975
325.325928
325.379791
325.521667
326.030792
325.883972
326.351929
326.472504
326.963867
326.884064
326.842133
326.933228
327.142242
327.140961
326.855042
326.655579
326.980560
326.603027
326.834930
326.980621
326.289642
325.922699
325.913513
326.171448
325.502106
325.540344
325.436462
324.835632
324.741547
323.972992
324.092438
323.465759
323.395264
323.415527
322.801514
322.437347
321.977020
321.909729
322.051300
321.635559
321.085480
321.157715
320.298950
320.307373
320.195496
319.933563
319.685486
319.490784
319.608948
319.246765
318.944794
318.907196
318.782471
318.707489
318.735596
318.721313
318.468323
318.604492
318.510803
318.325165
318.272766
318.386932
318.769012
319.138214
318.677399
319.402802
319.294281
319.640991
319.596191
319.744812
320.135040
320.593445
320.266724
320.935516
321.228394
321.279846
321.788300
322.115112
322.131958
322.443604
323.061218
322.955322
323.393616
323.869812
324.106995
324.132782
324.807037
324.686707
325.261383
324.937988
325.839417
325.423523
325.799591
326.245453
326.213043
326.159973
326.218414
326.750305
327.094849
326.884827
326.725922
326.627960
326.865540
326.845398
326.611755
326.584106
326.365570
326.204834
326.590424
326.436554
326.263153
326.200928
325.887024
325.858521
325.942963
325.432831
325.375580
324.737549
324.278290
324.858490
324.804291
324.648407
324.100433
323.687714
324.204407
323.446625
323.477631
323.055420
322.663330
322.909088
322.820312
321.972809
322.305328
322.097748
322.120117
322.034576
322.153412
321.752899
322.237671
321.590912
321.698700
321.371368
321.857239
321.877441
322.121460
322.105804
322.110809
322.387360
322.047760
322.643768
322.163696
322.804108
322.909515
323.185791
323.211212
323.464722
323.722595
324.217346
324.269379
324.151672
324.200226
325.478851
325.427856
325.251831
325.861511
326.308655
326.583954
326.671143
326.727661
327.082703
327.609528
327.880798
328.252045
328.012299
328.577209
328.536499
328.936432
329.356934
329.419525
329.640442
330.046906
329.658234
330.202606
330.378571
330.049744
330.158112
330.202972
330.317261
330.091583
330.083038
329.991760
330.347321
329.761963
329.793030
329.925110
329.878357
329.812500
329.714386
329.235992
329.140686
328.952087
328.396088
328.510925
328.088562
328.140411
328.100433
327.561310
326.957306
327.294495
327.212769
326.839111
326.459717
326.184906
326.160248
326.084442
325.891418
325.474731
325.260101
325.058685
325.192871
324.732422
324.539032
324.609283
324.779144
324.194885
324.363525
324.431152
324.208832
324.079071
323.970856
324.144867
324.248138
324.193787
324.499084
324.601746
324.842346
325.002838
324.637878
325.212891
325.108307
325.236542
325.707214
325.885345
326.100708
326.060516
326.122467
326.740631
326.711212
327.158173
327.283508
327.449371
327.526825
328.239716
328.447235
328.889160
328.786957
329.394745
329.565491
329.233337
330.009338
330.214264
330.897095
330.766266
330.605988
330.465424
331.032837
331.361237
331.560242
331.821228
331.480865
331.761353
331.603821
332.151825
332.070099
332.195709
332.593079
331.785431
331.921204
332.127960
332.042175
332.088715
331.537018
331.468658
331.582001
331.553680
331.311951
330.954437
331.010284
331.270630
330.765381
330.602966
329.986877
329.773315
329.765289
329.958282
329.624451
329.516083
328.758392
329.012024
328.813416
328.579193
328.834015
328.765411
328.119110
328.020782
328.075470
327.838165
327.675598
327.645874
327.708344
328.198059
327.591187
327.618408
328.132629
327.379822
327.968597
327.894440
328.051422
327.821991
328.244476
328.339172
328.553680
328.259796
328.422424
329.173737
329.147614
329.377167
329.520691
330.040375
330.520966
330.338898
330.838348
330.774475
331.884033
331.464905
332.321014
332.296387
332.729950
332.880035
333.287231
333.464996
334.066925
334.293640
334.477112
335.072601
335.015259
335.607910
335.475952
336.396118
336.219025
336.712158
336.993317
336.772034
337.030365
336.877930
337.248932
337.631836
337.691467
337.724213
337.673920
337.597290
337.703552
338.133575
337.632202
337.615387
337.678131
337.638306
337.378998
337.186707
337.212097
337.050781
336.975677
336.704956
336.421448
336.171326
335.941895
335.594360
335.593201
335.449097
335.568939
334.462738
335.041626
334.579559
334.105408
334.210114
333.875061
333.463501
333.348267
332.784119
333.176880
332.685394
332.490356
332.357605
332.351837
332.121399
332.007141
331.819489
331.478699
331.226501
331.496399
331.414703
331.556396
331.418060
331.668732
331.453613
331.535004
331.253967
331.675446
331.724701
332.175049
331.932739
332.067719
332.552063
332.554871
333.223633
332.614746
333.504852
333.562958
334.030609
334.080017
334.157898
334.709045
335.075684
335.378387
335.957825
336.712158
336.378784
336.895020
337.139832
337.307587
337.896240
338.147339
338.069092
338.653442
339.274384
339.136566
339.196411
340.043915
340.327026
340.374908
340.533508
340.637390
340.718323
340.849854
340.712769
341.495178
341.072113
341.487610
341.285217
341.585754
340.955383
340.697723
340.886169
340.626404
340.677399
340.556885
340.782196
340.449493
340.104980
339.885193
339.626740
339.381287
339.053741
338.638916
338.586609
338.502350
338.146790
337.722290
337.035004
337.188690
336.698975
336.174896
336.025299
335.942383
335.414093
335.076263
334.393524
334.066284
334.371796
334.209778
333.680145
333.848389
333.668427
333.213226
332.930878
332.764648
332.289734
332.613678
332.100861
332.356232
332.142395
331.610229
332.084290
332.060699
331.419800
331.466705
331.690887
331.957550
331.614563
332.049652
331.719299
332.368744
332.029633
332.098663
332.621674
332.671570
332.679871
332.521881
332.800873
333.260834
333.190857
334.110077
334.063904
334.456390
334.494843
335.010345
335.400116
335.107605
335.563446
335.606079
336.035797
335.909485
336.280731
336.279236
336.850189
337.061096
337.129395
337.803009
337.407104
337.604095
337.661438
337.929810
338.255768
337.872528
337.895020
338.161469
338.383423
337.711731
337.918121
338.208588
338.128693
338.082031
337.621918
337.358490
337.349518
337.639282
337.293091
337.210693
336.957977
336.842712
336.711212
336.378754
336.236328
335.906799
335.294342
335.691803
335.363647
335.059784
334.797791
334.248566
333.981781
333.809937
333.999237
333.582092
333.215454
333.017700
332.758179
332.478241
332.235535
332.067810
331.897949
331.708893
331.795258
331.880890
331.635040
331.372253
331.054443
331.604462
331.355560
331.189087
331.446533
331.345551
331.371796
331.507690
331.594055
331.639771
331.567352
331.435699
331.964020
331.948486
331.869751
331.927521
331.929413
332.421692
332.319214
332.935730
333.310852
332.932831
333.788452
333.558807
333.840790
333.956207
334.166901
334.428802
334.525879
334.975433
334.849854
334.830963
334.943237
334.936920
335.569061
335.343384
335.256195
335.798096
335.815308
335.707245
336.012695
336.096008
335.886688
336.151123
336.300323
335.543121
335.880157
335.711426
335.616547
335.323212
335.224426
335.328339
334.766571
335.011200
334.782196
334.817383
334.288818
334.771149
333.557404
333.665222
333.600769
333.211212
332.928131
332.628815
332.850006
332.345398
332.195190
331.722870
330.892242
331.079010
330.987946
330.966034
330.826569
329.986725
330.190552
329.751068
329.804047
329.767303
329.149628
329.006073
329.411438
329.112946
329.236298
329.093994
329.026123
328.633362
328.886505
328.884521
328.886139
329.225342
329.351074
328.938507
329.217773
329.145416
329.303436
329.517517
329.705994
330.066528
330.108856
330.255432
330.811340
330.618286
330.955902
330.702545
331.165833
331.656006
331.589508
331.702576
332.408539
332.164429
332.162018
332.356628
332.880859
333.060303
333.133331
333.463745
333.408691
332.997559
333.750458
333.708466
333.970459
333.582520
333.744568
334.099854
333.916321
333.607269
333.816162
333.737183
333.706635
333.493744
333.688080
332.972839
333.174164
333.025452
332.429535
332.437836
332.490784
331.642761
331.424225
331.149933
331.432678
330.777863
330.434906
330.183929
330.181824
329.744995
329.559906
329.208221
329.028320
328.569733
328.463043
328.292084
328.137604
327.726837
327.755920
327.800751
327.741089
327.463898
327.445404
327.421753
327.288727
327.492157
327.309814
327.797485
327.739319
328.192688
328.478455
328.682068
328.602173
328.995331
328.684692
329.173859
329.967102
329.871765
330.229736
330.482422
330.983124
331.353210
331.843781
332.278564
332.707031
333.089691
333.123444
333.244049
334.132812
334.045929
334.802002
334.424622
335.143036
334.921967
335.508545
334.785950
334.810913
334.523621
334.244476
333.919983
333.748901
333.149475
331.977478
331.510651
330.566315
329.364319
327.766113
326.733032
325.104980
323.343140
321.361725
319.706329
317.621552
314.906525
312.904175
310.082672
306.964630
304.439911
301.187927
298.380371
294.742981
291.365173
287.793732
283.839325
280.483398
276.051849
272.395996
268.108124
264.018768
259.803680
255.504089
250.810257
246.986450
242.493118
238.810242
234.484039
230.285217
226.385284
222.678513
218.992844
215.164978
211.593597
208.220261
205.104645
202.314972
199.591171
196.894989
194.656097
192.500473
190.765060
189.387329
188.247833
186.938492
186.096527
185.729477
185.591354

