264.982117
174.080750
174.588577
175.064880
176.109360
177.242935
178.504974
180.179626
182.165405
184.051407
186.457596
189.042236
191.471970
194.229355
197.596878
200.424744
203.691833
207.100357
210.613785
214.225403
217.791061
221.423370
225.272049
229.369476
232.824646
236.773499
240.418503
243.986908
247.904968
251.617584
254.938782
258.661713
262.079590
265.609680
268.658997
271.781860
274.671844
277.881531
280.137848
282.934692
285.285126
287.751770
290.079987
292.029968
293.998932
295.764130
297.728363
299.392426
300.025970
301.591278
303.222534
303.985870
304.752716
305.489960
306.137329
306.731995
307.210876
307.072296
307.551605
308.017456
308.417664
307.993622
308.355713
308.161011
307.928497
307.669830
307.967651
307.510498
307.430725
306.631439
306.977997
306.646729
306.594482
306.005829
305.800873
305.568939
305.482910
304.925873
305.116913
304.559387
304.884521
304.257660
304.050781
304.032349
304.118683
303.916656
304.033478
304.036560
303.937195
304.289948
303.795959
304.250244
303.962006
304.437408
304.641510
304.829224
305.326569
305.724854
305.648590
305.772797
306.334351
306.580017
306.665497
307.203033
307.524597
308.055817
307.878143
308.846741
308.916168
309.498993
309.676056
309.768402
310.527191
310.519714
311.109863
311.426239
311.593475
311.966980
312.146210
312.034546
312.448303
312.675934
312.589081
313.328217
313.058990
313.132202
313.240448
313.387238
313.292145
313.523682
313.665771
313.425049
313.026337
313.236664
313.153168
313.093018
312.635834
312.463837
312.262268
311.919617
312.089600
311.275024
311.535645
311.251831
310.853851
310.664703
310.379974
310.380859
309.864014
309.804138
309.378784
309.654999
309.208435
308.767212
308.691803
308.520782
308.477966
307.762329
307.882446
307.891174
307.845581
307.498474
307.570221
307.303528
307.535828
307.526550
307.399261
307.645935
307.166504
307.888611
307.833893
307.702911
308.623779
308.212677
308.524323
308.854980
308.491943
309.183685
309.054382
309.605804
309.702362
310.439240
310.666992
310.939301
311.442200
311.370087
311.949524
312.154266
312.551453
313.078522
313.698853
313.871948
314.117218
314.336029
314.320618
314.672272
315.168671
315.543274
315.659058
316.659485
316.785950
316.764252
317.221802
317.373260
317.320099
317.412872
317.994293
317.992279
318.006470
318.052979
317.885773
317.796844
318.329376
318.347290
318.242218
318.211334
318.290436
317.586334
317.898041
317.219513
317.291077
317.664642
317.319763
317.419586
316.451904
316.586945
316.387299
316.061279
316.104736
315.754089
315.341675
314.845703
314.861755
314.824036
314.876831
314.250488
314.049713
313.857239
313.384186
313.125916
312.941986
312.583557
312.875122
312.249237
312.136292
312.101746
311.828857
311.858276
311.711395
311.810181
311.752045
311.832703
311.772980
311.879761
311.453644
311.707520
311.730347
311.850647
312.367249
312.715424
312.397919
312.777618
312.570648
312.739044
313.074188
313.258698
313.631104
313.725220
313.996552
314.352814
314.723022
315.033630
315.358521
315.542755
316.069611
316.378723
316.428314
316.882385
317.200836
317.838135
317.530060
318.084839
318.611816
318.567200
319.171692
318.897797
318.986816
320.026093
319.627625
320.101898
320.405212
320.599792
320.261322
321.037689
321.111938
321.027100
321.315582
321.270203
321.187347
321.118958
320.924896
321.388275
321.152313
321.103485
321.034882
320.768890
321.009399
321.083954
320.444458
320.828613
320.323914
320.317291
320.479156
319.632141
319.860565
319.718445
319.517242
319.544098
318.942474
319.308624
318.533600
318.728668
318.641876
318.448120
318.125946
317.867340
317.831757
317.554504
317.490051
317.388214
317.985657
317.334656
317.254517
317.373291
316.961639
316.851624
317.063110
316.582397
317.213348
317.516541
317.368073
317.333557
317.480560
317.447540
317.788025
317.657806
317.937622
317.753021
318.295197
318.450623
318.904388
318.641998
318.993256
319.495850
319.656830
319.897583
320.182220
320.341187
320.681030
321.223358
321.495026
321.755524
321.793854
322.154236
322.754730
323.015991
323.455444
323.675751
323.706512
324.737183
324.334961
324.343048
325.337006
325.147125
325.755127
325.908112
325.665985
326.041016
326.396393
326.358490
326.816010
326.872375
326.726776
326.919556
327.404266
326.739410
327.158417
327.209381
327.036743
326.884399
326.768219
326.683899
326.770294
326.980743
326.434692
326.462128
326.460205
326.018585
326.175323
325.981171
325.805908
325.407806
325.400269
325.359039
325.148041
324.637787
324.301880
324.657043
324.170990
324.022980
323.495087
324.173767
323.993805
323.388092
323.706268
323.173615
322.868622
322.804535
323.138336
322.459564
322.906342
322.653564
322.491577
322.580383
322.159851
323.047333
322.800140
322.685181
322.454407
322.861237
323.513092
323.007935
323.793304
323.764557
324.095184
323.883911
324.066742
324.037628
324.665070
324.707062
324.767029
325.032745
325.384827
326.000580
325.518433
326.329071
326.568085
326.703705
327.191528
327.644653
327.641022
328.117767
328.021484
328.495056
329.180084
329.250580
329.580170
329.880432
330.067780
330.335297
330.482361
330.973877
331.130341
331.219482
331.450256
331.747620
331.564880
331.713287
331.540375
331.694702
332.019104
332.015991
331.915466
331.821991
331.818634
332.089752
331.975677
331.925537
332.347504
331.744324
332.054657
331.728943
331.585083
331.532532
331.259155
330.958038
330.990570
331.130432
330.488251
330.462830
330.635254
330.261993
330.500458
329.726990
329.472473
329.978699
329.745453
329.443115
329.162872
329.089081
329.750885
328.619507
328.363251
328.619629
328.827667
328.596527
328.636566
328.281403
328.757843
328.553406
329.135132
328.222900
328.853973
329.470276
329.063110
329.672943
329.565155
329.616150
329.770782
329.829773
330.330048
330.657318
330.943695
331.092834
331.611694
331.107788
332.007843
332.341736
332.617859
333.068176
333.295715
333.963470
333.690155
334.428467
334.416992
335.137146
335.450348
335.676788
336.110321
336.987366
337.210114
336.981689
337.310852
337.782104
337.780548
338.296936
338.826294
339.098145
339.539734
339.559845
339.898590
340.214966
340.340637
340.570374
340.490570
340.677246
341.198486
341.020416
341.300323
341.314819
341.186432
341.184113
340.812256
340.881317
341.048492
341.140289
340.778412
340.912079
340.896545
340.390930
340.659271
340.431946
340.417877
339.989594
340.152374
339.318909
339.529846
339.381317
339.609772
339.030731
338.404480
338.564453
338.618988
338.352448
338.169678
337.894104
338.151947
337.520172
337.699585
337.506165
337.106689
337.229919
337.490021
336.798065
336.787231
336.980713
337.039215
337.014099
337.327789
336.864563
337.083984
337.240173
337.502960
337.359833
337.883667
337.960663
338.249023
338.214600
338.342499
338.799744
339.257324
339.370667
339.563080
339.875427
340.081543
340.561646
340.682159
341.444092
341.576050
341.761414
342.380463
342.557587
343.216492
343.230042
344.403900
344.496033
344.800262
344.965576
345.443359
346.307220
346.234772
346.537567
346.736816
346.970612
347.631500
347.923645
348.061127
348.923004
348.461121
348.660675
349.415131
349.245789
349.354431
349.586548
349.712799
349.819733
349.485077
349.582397
349.590851
350.017456
350.036194
349.236176
349.662109
349.473755
349.304901
349.206085
349.167328
349.013611
348.994110
348.577881
348.396149
347.915100
348.102661
347.813965
347.789886
347.066895
346.881927
346.436615
346.432220
346.084167
345.751953
345.289215
344.950439
345.375122
345.242493
344.468933
344.378113
344.101013
343.848602
343.687073
343.549713
343.290192
343.421600
342.969482
343.009308
343.224274
343.117340
342.782227
342.528839
342.300018
342.875946
342.777618
342.885986
342.693848
343.197174
342.983459
342.803345
343.160034
343.738678
343.533112
343.586395
344.058746
344.084106
344.218933
344.553558
345.529266
345.530457
345.690094
345.920288
345.835419
346.448212
346.623657
347.409546
347.252075
347.628235
347.960022
348.342926
348.122711
348.497986
349.018646
349.027893
349.153778
349.299835
350.331604
350.024078
350.447296
350.672913
350.965393
350.710449
351.065735
351.012726
351.076324
351.374939
351.700134
351.614075
351.200195
351.318634
351.084595
351.133301
351.030151
351.331543
351.154999
350.711060
350.496155
350.640076
350.461670
350.364136
349.822601
350.422241
349.896454
349.217865
349.380219
349.463715
348.958771
349.037720
348.429199
348.222534
347.949585
347.900665
347.898804
347.742554
347.009857
347.181396
346.656860
346.293457
346.881897
346.205200
346.142059
346.224945
346.270721
345.980072
345.773102
345.764099
345.770233
345.604980
345.452271
345.590607
345.433228
345.738373
345.448151
345.786499
345.738434
345.893433
345.895996
346.774872
346.321198
346.449890
346.920624
346.889923
346.888000
347.680725
347.602753
347.543304
348.327942
348.356201
348.086609
348.952087
348.482880
348.754333
349.516510
349.387360
349.914368
350.045776
350.275757
350.118866
350.157471
350.876221
351.253265
351.276581
351.575745
351.822968
351.292236
351.823090
351.490173
351.621399
351.541290
352.202179
352.048157
351.980164
351.753113
351.193787
351.789062
351.086365
351.458191
351.227142
351.376678
350.994202
350.673645
350.531494
350.419922
350.442200
349.940247
349.824585
349.571960
349.113647
349.494629
349.130219
349.035645
348.808746
348.227753
347.945740
347.518250
347.400635
347.789337
346.985687
346.803375
346.476959
346.727386
346.329376
345.930328
346.057556
346.240631
345.711243
346.193359
345.582062
345.600677
345.290649
345.455414
345.469696
345.209351
345.572906
345.706055
345.986115
345.746796
345.972687
345.952332
346.126343
346.316254
346.708466
346.711487
346.378235
346.955261
346.756622
347.258240
347.587799
347.470673
347.868134
348.215393
348.098358
348.496338
349.009308
348.952484
349.392578
349.313416
349.777252
349.904816
349.846436
350.154480
350.403290
350.506500
351.033813
351.465332
350.864014
350.704987
350.669189
351.347595
351.001953
351.318787
351.166962
351.248657
351.145874
350.952118
351.048676
350.783630
350.354126
350.755188
350.066956
350.164246
349.756805
349.308289
348.966583
348.882050
348.894012
348.779907
348.163483
348.247955
347.697449
347.711151
346.984131
347.008240
346.721161
346.628510
346.102295
346.015503
345.395813
345.756378
345.510315
345.419952
345.001526
345.282867
345.288025
345.249023
344.862396
345.088898
344.679199
345.206116
345.466125
345.400085
345.349854
346.157837
346.469147
346.417572
346.457031
346.773743
347.461365
347.423676
348.013123
347.869568
348.631805
349.647766
349.548859
350.070282
350.250214
350.421326
350.662659
352.135681
352.202026
352.591095
352.917786
352.388672
352.889221
353.552460
353.464417
353.727600
353.777557
353.129974
353.575104
352.852142
352.826691
352.081207
351.770935
350.934479
350.110809
348.765167
347.523743
346.333344
344.823334
342.722626
341.565552
339.512512
337.127747
335.131287
333.112671
330.197510
327.336456
324.636444
321.510773
318.503143
314.773468
311.044250
307.566528
303.616791
299.868408
295.550415
291.535065
287.266541
282.744476
278.490662
274.171539
269.418823
265.564819
260.863495
256.314270
252.036942
247.354065
243.080811
238.941742
234.623016
230.714569
227.214539
223.308121
220.044662
216.564362
213.435379
210.570404
207.879959
205.412064
203.220688
201.274109
199.655579
198.341537
197.203964
196.605591
195.948883
196.237137

262.091980
174.039810
174.535675
175.010223
176.052429
177.204361
178.470474
180.189316
182.143661
184.056625
186.460281
189.046280
191.499771
194.256958
197.646957
200.509796
203.772079
207.176636
210.732956
214.343475
217.957870
221.590744
225.460892
229.590164
233.070419
237.045334
240.707932
244.309692
248.214981
251.960754
255.318802
259.072327
262.469452
266.080902
269.140930
272.298309
275.214508
278.453766
280.742950
283.553192
285.941071
288.417755
290.786682
292.764893
294.748322
296.552795
298.553925
300.242523
300.909515
302.501038
304.138824
304.950806
305.737610
306.500214
307.164215
307.785400
308.301117
308.171753
308.686829
309.150848
309.599548
309.187775
309.550720
309.410828
309.172028
308.969116
309.252075
308.809784
308.784271
308.003326
308.327026
308.065277
307.968201
307.426239
307.190094
306.994873
306.907593
306.342957
306.560608
306.018524
306.335663
305.698730
305.496979
305.479065
305.565308
305.348236
305.492188
305.513519
305.395538
305.759521
305.237671
305.684357
305.401093
305.875427
306.059235
306.237122
306.753937
307.128632
307.043121
307.144226
307.701721
307.903961
307.995880
308.498322
308.785156
309.291718
309.119232
310.066193
310.133698
310.673370
310.854248
310.885864
311.631012
311.597656
312.143921
312.445251
312.609070
312.953552
313.093353
312.977509
313.324402
313.544128
313.431030
314.146637
313.869659
313.907166
313.972595
314.083710
313.970703
314.165375
314.296295
314.008057
313.599792
313.782684
313.662079
313.543549
313.105499
312.893616
312.653046
312.270813
312.408691
311.588287
311.822693
311.516693
311.087067
310.872589
310.553558
310.506683
309.996765
309.905365
309.460815
309.715332
309.242065
308.760101
308.688995
308.479980
308.406616
307.689026
307.778809
307.758087
307.724243
307.370087
307.407318
307.110382
307.338593
307.303497
307.147003
307.410522
306.894836
307.615265
307.545288
307.420837
308.333527
307.917725
308.209381
308.525116
308.189087
308.851227
308.723541
309.245697
309.365753
310.083557
310.308197
310.560699
311.077118
310.991241
311.571045
311.802246
312.202118
312.710175
313.318695
313.518188
313.754028
313.995331
313.976318
314.324554
314.829651
315.221008
315.325134
316.308350
316.480927
316.454376
316.919830
317.091309
317.067902
317.132263
317.743713
317.752411
317.762909
317.844971
317.687225
317.624359
318.185242
318.174133
318.086639
318.076111
318.184845
317.462036
317.781616
317.130219
317.191345
317.609467
317.285095
317.399963
316.444153
316.601044
316.420654
316.095856
316.177460
315.824280
315.449615
314.956024
314.996857
314.975098
315.055328
314.470886
314.259735
314.081238
313.638947
313.396454
313.220734
312.845490
313.203674
312.573364
312.499207
312.471588
312.246368
312.268463
312.156067
312.273956
312.218689
312.345673
312.304199
312.449371
312.021362
312.294800
312.343140
312.496826
313.003052
313.367035
313.069550
313.476105
313.296021
313.492218
313.848694
314.067688
314.458466
314.584473
314.876465
315.242950
315.610291
315.970886
316.316956
316.478180
317.022614
317.402161
317.445007
317.949493
318.254028
318.908386
318.603546
319.203918
319.754730
319.764191
320.389313
320.121246
320.231445
321.258240
320.913849
321.443970
321.725250
321.889709
321.600403
322.403168
322.499695
322.465271
322.761261
322.734772
322.692474
322.645905
322.398010
322.971283
322.683014
322.695526
322.600281
322.381439
322.670227
322.745819
322.087219
322.517578
321.996338
322.013885
322.206421
321.390259
321.628998
321.493805
321.313538
321.361115
320.748779
321.128906
320.364807
320.567535
320.522980
320.361359
320.040680
319.753784
319.720673
319.526978
319.415802
319.300385
319.928101
319.295319
319.166382
319.288483
318.922455
318.847778
319.038208
318.570953
319.199432
319.568970
319.350342
319.309296
319.460815
319.466217
319.762482
319.645538
319.900848
319.756927
320.280945
320.448639
320.863831
320.535675
320.938202
321.431885
321.573547
321.811066
322.047791
322.273956
322.602142
323.093201
323.379883
323.636505
323.658783
324.063416
324.548035
324.812164
325.224060
325.429230
325.442566
326.471283
326.136780
326.046204
326.969543
326.793854
327.380951
327.564911
327.278564
327.631073
327.930908
327.909058
328.325592
328.364746
328.194214
328.366882
328.815765
328.087769
328.532959
328.568085
328.353546
328.145416
328.021729
327.915863
328.011383
328.153992
327.628510
327.585297
327.513367
327.051483
327.243469
327.000946
326.779999
326.385834
326.322968
326.207001
325.994324
325.490265
325.117523
325.449493
324.901642
324.733429
324.147125
324.821228
324.616699
324.071198
324.288971
323.757324
323.418488
323.311371
323.653290
322.935333
323.338898
323.060425
322.878235
322.933380
322.536926
323.368561
323.089233
322.926422
322.733368
323.083435
323.721954
323.214844
323.986908
323.961426
324.237885
324.022186
324.204193
324.162231
324.743134
324.811798
324.834045
325.104309
325.395447
326.036774
325.506897
326.321350
326.542755
326.683624
327.128510
327.582855
327.553253
328.043091
327.927307
328.416290
329.078064
329.145050
329.450714
329.766815
329.942688
330.213989
330.333771
330.836609
330.971893
331.064484
331.305389
331.619751
331.398926
331.551239
331.394409
331.531738
331.861420
331.871338
331.748230
331.685852
331.671387
331.947418
331.821777
331.786072
332.195435
331.598541
331.911804
331.576324
331.450104
331.390472
331.127441
330.837341
330.873291
330.995392
330.378906
330.353699
330.515320
330.149109
330.382874
329.620514
329.385223
329.891052
329.649445
329.363739
329.076294
328.994324
329.668823
328.528168
328.282013
328.552704
328.756195
328.526917
328.574951
328.210999
328.701752
328.505829
329.075134
328.171661
328.800232
329.401123
329.002014
329.624908
329.508636
329.559387
329.722656
329.785797
330.286041
330.599792
330.903198
331.067993
331.571136
331.059540
331.953705
332.292145
332.570068
332.999695
333.236877
333.893707
333.606750
334.356445
334.337585
335.048187
335.367798
335.579102
336.012299
336.890015
337.100372
336.874481
337.208740
337.667633
337.634857
338.190979
338.682831
338.960022
339.376831
339.403778
339.764374
340.040619
340.181488
340.396210
340.307709
340.508240
341.021149
340.849487
341.103485
341.103088
340.983429
340.937988
340.544495
340.628448
340.827942
340.898010
340.538300
340.644440
340.642090
340.131805
340.369019
340.169952
340.137085
339.693878
339.852478
339.022156
339.226929
339.075806
339.302582
338.704712
338.089478
338.229828
338.287079
338.022095
337.801636
337.546051
337.793854
337.174316
337.361298
337.156311
336.751251
336.830170
337.141693
336.431946
336.412109
336.582123
336.638824
336.648529
336.965454
336.472656
336.692169
336.858795
337.095917
336.948364
337.489838
337.565887
337.855560
337.817902
337.973938
338.395721
338.862000
338.971619
339.186798
339.495422
339.723999
340.175690
340.279968
341.075409
341.215118
341.391571
342.017181
342.221466
342.858673
342.877441
344.044556
344.162201
344.476044
344.614655
345.102417
345.968140
345.923706
346.205933
346.422180
346.652252
347.330261
347.620178
347.768738
348.621582
348.168915
348.380890
349.137329
348.956696
349.071075
349.335938
349.449890
349.575409
349.244873
349.314209
349.338165
349.812561
349.790253
349.005249
349.466858
349.264740
349.113403
349.028839
348.984467
348.856812
348.810974
348.406372
348.229645
347.780945
347.959412
347.661163
347.645264
346.916901
346.713898
346.302368
346.312378
345.971161
345.656189
345.213501
344.848816
345.270416
345.138702
344.362579
344.311737
344.007843
343.788574
343.628632
343.488342
343.252167
343.362610
342.927216
342.954987
343.221741
343.061890
342.755371
342.486389
342.282074
342.846344
342.780579
342.892426
342.680542
343.199432
342.956116
342.816376
343.148743
343.714783
343.548248
343.614960
344.082489
344.093353
344.224304
344.592255
345.543579
345.542969
345.711823
345.955933
345.878418
346.479126
346.659912
347.403839
347.331451
347.689545
347.991333
348.357422
348.188049
348.528809
349.109528
349.103546
349.192749
349.345703
350.384369
350.058899
350.510132
350.762238
351.032257
350.775421
351.137146
351.091705
351.126404
351.453461
351.790344
351.680542
351.278839
351.344238
351.132324
351.199768
351.081421
351.386444
351.246429
350.787933
350.571716
350.722015
350.547302
350.428864
349.897247
350.479156
349.945129
349.246033
349.433899
349.523987
349.038452
349.097443
348.484192
348.305725
348.025360
347.959076
347.993500
347.794159
347.062378
347.250671
346.716675
346.327484
346.918335
346.279053
346.186401
346.337585
346.323090
346.021454
345.810944
345.800079
345.817078
345.647034
345.479645
345.629486
345.470764
345.763458
345.485504
345.830994
345.794678
345.938019
345.922333
346.824280
346.377106
346.452698
346.944122
346.923737
346.919525
347.700897
347.599670
347.588135
348.367249
348.374207
348.113831
348.996429
348.514313
348.777191
349.571899
349.424194
349.945831
350.080200
350.297791
350.158997
350.188660
350.886688
351.269836
351.307922
351.599396
351.814087
351.312988
351.811218
351.512054
351.608124
351.539276
352.204742
352.060394
352.006042
351.769653
351.191498
351.800171
351.109192
351.500214
351.247040
351.424286
351.000366
350.672272
350.548523
350.430298
350.423370
349.953278
349.836700
349.572632
349.095734
349.524261
349.125702
349.016663
348.830017
348.254791
347.953552
347.533997
347.383545
347.799896
346.979980
346.821106
346.517548
346.758087
346.341248
345.957916
346.081909
346.245056
345.727722
346.229279
345.594330
345.638702
345.318024
345.466980
345.488251
345.223785
345.585785
345.755920
345.999817
345.788086
345.999939
345.969269
346.166748
346.319031
346.729919
346.728119
346.418457
346.994843
346.807068
347.282806
347.585938
347.507416
347.936615
348.243622
348.144287
348.549683
349.083374
349.019501
349.461578
349.322327
349.817017
349.952423
349.876648
350.210144
350.443298
350.563171
351.106506
351.496674
350.908020
350.764465
350.727661
351.390289
351.047089
351.377502
351.194061
351.285645
351.195892
351.008301
351.104095
350.789276
350.384247
350.804108
350.112183
350.207458
349.826752
349.391235
349.004150
348.963806
348.922821
348.830383
348.208710
348.275391
347.763306
347.765961
347.015869
347.047699
346.790009
346.679657
346.133667
346.073090
345.444733
345.770782
345.562500
345.458618
345.034698
345.310822
345.313110
345.327423
344.877350
345.115662
344.731171
345.225250
345.504669
345.440460
345.392914
346.176636
346.456360
346.457184
346.499817
346.787842
347.485840
347.449890
348.049469
347.874817
348.672394
349.626373
349.597778
350.092346
350.283478
350.442017
350.671051
352.154968
352.212708
352.595154
352.911163
352.404663
352.915283
353.563721
353.466461
353.733093
353.796204
353.126831
353.597473
352.827942
352.817383
352.075348
351.752106
350.918091
350.139526
348.769379
347.493652
346.328369
344.812469
342.699219
341.576965
339.492645
337.087097
335.100861
333.093750
330.190399
327.316132
324.615082
321.485107
318.482544
314.749969
311.015076
307.548309
303.596375
299.838165
295.511871
291.501404
287.245972
282.726196
278.466400
274.134491
269.382050
265.530121
260.831665
256.291321
252.009293
247.319031
243.049301
238.916077
234.595215
230.670212
227.185883
223.257584
220.006500
216.529205
213.404755
210.525711
207.836792
205.375870
203.177780
201.244019
199.628983
198.319077
197.165878
196.558182
195.913162
196.220963

218.017624
183.208145
183.816223
184.234085
185.340500
186.627975
188.079834
189.547211
191.807770
193.786438
196.169876
198.951981
201.773483
204.667587
207.703430
211.206787
214.497620
218.167480
221.617844
225.579575
229.396210
233.788651
237.572754
241.590942
245.457840
249.641891
253.484741
257.341614
261.219330
265.024719
268.783844
272.533295
276.213501
279.505585
283.383118
286.012726
289.420624
292.443817
295.692230
298.196442
300.777832
303.236694
305.417511
307.897461
309.247406
311.257294
312.946594
314.564270
316.244965
317.660126
318.047668
319.359375
320.380798
320.960052
321.636627
322.236603
322.700684
323.089020
323.298248
323.427856
323.346497
323.307404
323.786316
323.517975
323.127411
322.889221
322.979950
322.771790
322.092957
322.132874
321.804871
321.383820
321.288818
320.795837
320.202637
320.109375
319.767578
319.832947
318.930969
318.935486
318.695190
318.263580
318.233093
317.934204
317.693604
317.587982
317.883179
317.514648
317.690491
317.537018
317.369171
317.531219
318.008484
318.233002
318.168884
318.008911
318.021729
318.518738
318.746918
319.025360
319.302246
319.475800
320.109161
319.919739
320.773468
320.665680
321.394470
321.235626
321.879089
322.194061
322.304932
322.470673
322.843048
322.805634
323.624847
323.540588
324.047607
323.881775
324.025269
324.313110
325.085327
325.018524
324.899963
324.841431
325.241089
325.041504
325.162323
324.952209
325.036682
325.161621
324.945526
324.808411
324.148438
324.866730
324.172607
324.034637
324.119751
324.216919
323.774231
323.806488
323.064362
322.502838
322.606567
322.135040
322.212860
321.583679
321.194916
320.745636
320.750336
320.337372
320.115448
319.868164
319.570160
319.036224
318.920746
318.800751
318.301147
318.317352
318.271973
317.824066
317.405090
317.869049
317.532349
317.199005
316.973328
317.079559
317.126099
317.348907
317.429016
317.652588
317.655457
317.617401
317.714539
317.902313
318.266785
317.985077
318.047363
318.214386
318.380371
319.290222
318.991302
319.433624
320.242981
319.833557
319.746765
320.982513
321.118011
321.285675
321.482941
321.617065
322.432831
322.445526
322.639893
323.614502
323.432404
323.578705
323.731232
324.466278
324.754578
324.897064
325.184235
325.301697
325.802887
325.656403
325.309357
325.881775
326.261414
326.013275
326.068970
325.995758
326.178253
325.877289
326.110474
325.734070
326.412720
326.040466
325.782257
325.578400
325.507629
325.797455
325.396179
325.049957
324.430359
324.752014
323.930664
324.276215
323.855743
323.564636
323.098083
322.662903
322.898773
322.334442
321.678986
321.840607
321.117798
321.001617
320.575745
320.055603
319.912689
319.738800
319.513611
319.525909
319.088470
319.601776
318.468292
318.788300
318.627747
318.423737
318.169098
318.148346
317.949615
317.467896
318.088745
317.663330
317.688568
317.787048
317.814240
317.773560
317.985901
318.016022
318.214417
318.376556
318.342957
318.567902
318.784119
319.003510
319.609528
319.554718
319.571686
319.769104
320.097839
320.037567
320.666962
320.736023
321.551880
321.759674
321.679230
322.071686
322.438202
322.613007
322.944031
323.046570
323.049652
323.641541
323.884308
324.300201
323.931488
325.110474
324.985718
325.036865
325.342651
325.192810
325.622986
325.553009
325.662384
325.364075
325.613403
325.309723
325.848175
325.733704
325.746033
325.408997
325.744415
325.367126
325.046051
325.181763
325.319641
324.502441
324.921173
324.370789
324.716400
324.356445
324.308044
323.618774
323.955688
323.590393
323.239929
322.738403
322.987366
322.498688
322.527954
321.794464
322.288818
321.868683
321.809448
321.572723
321.271210
321.021820
320.887695
321.018341
320.592316
320.630920
320.503723
320.133301
320.363983
319.933044
319.967560
320.284027
319.903595
319.964935
319.591675
319.651764
320.216553
320.042572
320.137054
319.897736
320.466431
320.532074
320.850555
320.929260
320.906189
321.350037
321.788696
321.660278
322.200836
322.248260
322.406769
322.646912
323.124908
323.688568
324.160370
323.918610
324.247864
324.562286
325.024994
324.795776
325.734985
325.631317
325.920624
326.104523
326.386322
326.895386
327.063965
327.343140
327.254059
327.736633
328.040100
328.302826
327.826691
328.000305
328.388916
328.224762
328.477295
328.397766
328.256744
328.649628
328.677826
328.423035
328.785797
328.850922
328.382446
328.177704
328.288391
327.853088
328.253540
327.802460
327.113312
327.435822
327.365448
327.245789
326.459625
326.592743
325.906097
326.058655
326.122986
326.127899
325.860840
325.414490
325.560028
325.228455
324.991638
324.286072
324.304108
324.150085
324.197021
323.541016
323.692444
324.073212
323.846466
323.377686
323.746429
323.453857
322.858337
323.120911
322.923584
323.220642
323.127045
323.423248
322.868134
323.214661
323.221558
323.551758
323.384644
323.620056
323.719330
324.063416
324.071442
324.604889
324.431671
324.449036
325.053833
324.870514
325.732208
325.994019
326.080811
326.052612
326.420441
327.227844
327.432953
327.405609
327.561310
327.923004
328.102051
328.380646
328.371094
329.069000
329.403259
329.450409
329.754486
329.885468
330.261078
330.239532
330.234314
330.470062
330.227448
330.693420
330.988037
331.179199
330.952332
331.198425
331.445160
331.090424
331.355499
331.240662
331.354248
330.771912
330.982788
330.854828
330.942993
330.292114
330.899139
330.676117
330.202728
330.437683
330.126434
329.950378
329.990631
329.518677
329.507874
329.002045
328.859833
328.686646
328.559143
328.396545
328.114166
328.193634
328.050110
327.404846
327.523285
327.828247
327.026520
327.202240
326.730560
326.631134
326.874878
326.588593
326.641144
326.648285
326.680969
326.418335
326.785645
327.103333
327.349762
326.605469
326.914886
326.746582
327.174866
327.096069
327.297394
327.647339
327.795197
327.763977
328.060059
328.327698
328.890381
329.185577
329.253143
329.634186
329.877899
329.834106
330.079407
330.855713
331.052521
331.290955
331.335876
331.799805
331.987457
332.347870
333.146637
332.985138
333.598267
333.598999
333.893341
334.349396
334.906952
335.000732
335.275299
335.178406
335.831940
335.988617
336.149933
336.090637
336.150391
336.281860
336.604218
336.390747
336.856201
336.571167
336.685913
336.880463
336.898132
337.021667
336.938751
337.048065
337.170532
336.692657
336.115326
336.372528
336.284485
335.927734
335.972168
335.110626
335.279724
334.862976
335.243225
334.505646
334.611084
334.367554
333.861572
333.714935
333.701691
333.475403
333.139038
333.042664
332.574799
332.871094
332.427368
332.340393
331.558746
331.797394
331.662170
331.290344
331.308502
331.324921
331.141449
330.812561
331.273712
330.762177
330.797241
331.169891
330.911438
330.860901
330.858765
330.975037
331.121460
331.836792
331.158173
331.982086
331.702301
331.953339
332.407684
332.601410
332.904236
333.117706
333.649445
333.784637
334.355164
334.235382
334.435394
335.324524
335.302338
335.932251
336.123657
336.839264
336.814636
336.994934
337.448059
337.583893
337.927460
338.403259
338.237488
338.346008
339.866333
339.496429
339.858154
339.763672
340.472198
340.997620
340.448792
341.044373
340.857971
340.834473
341.205292
341.470581
341.147491
341.092468
341.685364
341.257782
341.601501
341.195618
341.474976
340.818481
341.138000
340.991058
340.427032
340.631073
340.369995
339.903595
339.997772
340.072845
339.249603
339.398285
338.368744
338.931152
338.225159
337.884491
337.570465
337.588379
337.144989
336.812225
336.564148
336.326752
335.712952
335.918335
334.799286
335.075806
334.895203
333.825409
334.053284
333.867035
333.392761
333.155640
332.799347
333.252472
333.201294
332.859955
332.529938
332.083801
332.296631
332.266296
332.061981
331.925842
331.907227
332.159485
332.231781
332.226196
332.870972
332.659607
332.792206
332.514374
332.679535
333.091217
332.618378
332.931335
333.162964
333.690582
334.115112
333.991028
334.335510
334.865051
334.822144
335.412537
335.228577
335.386230
335.841980
335.827484
336.074310
336.301147
336.583191
336.837524
337.416412
337.155304
337.456329
337.639801
337.870544
337.892517
338.027405
338.037933
338.050140
338.283325
338.301056
338.242645
338.206787
338.357361
338.447784
338.586823
338.544861
338.327881
338.088226
338.383636
337.956635
337.734436
337.484985
337.409149
337.174225
337.153870
337.139740
336.705322
336.426727
336.349762
336.188843
335.776672
335.295044
335.395142
334.947327
334.988556
334.537384
334.201813
333.847015
333.782043
333.402649
332.978790
332.817749
333.078369
332.604492
332.085907
332.484711
331.970673
331.649567
331.532928
331.613129
331.527069
331.738892
331.275879
331.253723
331.061951
331.269989
331.028961
331.181763
331.112091
331.353912
331.137024
331.270111
331.503998
331.111603
331.488220
331.572632
331.820251
331.796570
332.249878
331.863190
332.516174
332.244293
332.849701
332.593567
333.046173
333.499268
333.920441
333.289703
334.121307
333.949524
334.503387
334.002319
334.155945
334.627899
334.938446
334.929565
335.543457
335.491699
335.082092
335.478668
335.218658
335.629395
335.105560
335.395325
335.536804
335.623627
335.646210
335.104095
335.616699
335.555389
335.185425
334.840942
334.769073
334.659821
334.804291
334.469238
334.251007
334.450073
333.931549
333.979553
333.540833
333.197144
333.125916
332.633545
332.310608
332.192596
331.782104
331.490479
331.670288
331.253937
330.777588
330.517487
330.368561
330.294525
329.680634
329.693298
329.789581
329.332123
329.694458
328.902954
329.175262
328.933624
328.633636
328.716675
328.316742
328.550629
328.208282
328.780121
328.226746
328.403168
328.346222
328.253082
328.218628
328.739197
328.104736
328.560211
328.376434
328.892548
328.737427
328.883881
329.375610
329.512115
329.691803
329.998260
330.305725
330.259888
330.791656
330.705688
331.436462
330.800140
331.746918
331.601349
331.956787
331.852631
332.634491
332.369293
332.659821
332.705994
332.713257
332.606384
332.692902
332.942657
332.597107
332.911560
332.929626
333.022766
332.978058
333.122345
333.301636
332.753998
332.728455
332.791656
332.591187
332.290222
332.314850
332.272644
331.928986
331.575439
331.346649
330.909729
330.969940
330.497833
330.328339
329.994568
329.738617
329.446686
329.101990
329.038239
328.625580
328.816284
328.109222
327.745361
327.636505
327.112427
327.080322
327.128510
326.997711
326.917023
326.756500
326.722900
326.558197
326.635193
326.822815
326.672943
326.373230
326.431030
326.778748
327.117615
327.353027
327.214874
328.074371
327.897949
327.753021
328.934113
328.858887
329.133270
329.439362
329.516266
330.291351
330.874390
331.144653
331.439117
332.007294
332.034058
332.214935
332.482086
333.252777
333.611053
333.502655
333.854858
333.725189
334.224976
334.159546
333.949615
333.983185
333.914093
333.452148
333.048340
332.590698
331.670776
331.089081
330.623627
329.864136
328.406769
326.878387
325.945770
324.247131
322.555603
320.556885
318.419006
316.517303
314.029938
311.736755
308.951965
306.472473
303.219269
300.621429
297.261841
294.019775
290.454895
286.845825
283.080017
278.975800
275.437561
271.159668
267.628906
263.096191
259.111237
254.991318
250.548691
246.211395
242.029449
237.784500
233.894379
229.617828
225.933395
221.942017
217.905258
214.465256
210.929596
207.393860
204.819275
201.633087
198.906479
196.346436
194.186249
191.953796
189.928009
188.653046
187.239410
186.511734
185.506073
185.166046
185.298935

222.092300
183.783997
184.384186
184.796631
185.921112
187.179779
188.667587
190.131989
192.361206
194.373260
196.742889
199.547180
202.363052
205.290497
208.298141
211.829987
215.105988
218.803757
222.230606
226.218521
230.025742
234.423447
238.241974
242.258286
246.152832
250.338089
254.165619
258.065674
261.924957
265.792969
269.543945
273.298859
277.001892
280.309052
284.181305
286.800659
290.250061
293.275909
296.550812
299.076050
301.620514
304.107330
306.274170
308.793945
310.164215
312.204010
313.852051
315.497650
317.201324
318.606323
319.009735
320.367615
321.363800
321.987274
322.698944
323.318176
323.744476
324.136353
324.294556
324.490570
324.430664
324.360107
324.811066
324.623138
324.226105
324.035431
324.129089
323.898163
323.275574
323.327728
322.924957
322.541443
322.444885
321.956696
321.386169
321.301483
320.892120
320.974579
320.059631
320.121674
319.837830
319.341644
319.372711
319.132080
318.821564
318.745239
319.010712
318.651459
318.823486
318.637329
318.468933
318.627625
319.147339
319.351288
319.302521
319.141113
319.107574
319.562073
319.794189
320.076782
320.311432
320.502808
321.166321
320.941895
321.797577
321.636322
322.374146
322.193024
322.881866
323.169769
323.246887
323.448578
323.769836
323.706055
324.555450
324.432526
324.923981
324.761353
324.872223
325.160248
325.933868
325.836731
325.707458
325.639709
325.981567
325.836761
325.879700
325.686157
325.786407
325.884308
325.706177
325.516327
324.820831
325.529968
324.804260
324.703033
324.735199
324.859344
324.397797
324.437500
323.687256
323.110352
323.181274
322.736938
322.813629
322.171783
321.704041
321.265198
321.332397
320.871307
320.622925
320.377502
320.055359
319.549622
319.403198
319.260590
318.753876
318.769806
318.715607
318.262360
317.823669
318.301483
317.999969
317.665955
317.371735
317.459412
317.510498
317.728455
317.814819
318.020416
318.048889
317.982391
318.084015
318.243347
318.611877
318.351715
318.439423
318.546356
318.667419
319.593536
319.327789
319.755035
320.541412
320.132355
320.049774
321.238159
321.434326
321.564270
321.793915
321.878143
322.697174
322.686554
322.893860
323.898193
323.688965
323.812622
323.976471
324.732635
324.981262
325.104462
325.415771
325.507050
325.996857
325.866455
325.509369
326.083282
326.420166
326.212982
326.255157
326.180695
326.330566
326.046844
326.288788
325.888428
326.543884
326.173981
325.927704
325.704742
325.633240
325.912689
325.518829
325.133301
324.543823
324.836731
324.020050
324.351624
323.912476
323.620483
323.144775
322.704498
322.966705
322.364624
321.695129
321.857300
321.121490
321.030609
320.572906
320.052917
319.897675
319.720917
319.487427
319.503906
319.066254
319.561951
318.409363
318.756653
318.583435
318.375397
318.104004
318.062042
317.891724
317.400421
318.023285
317.593353
317.609070
317.724548
317.735046
317.682129
317.899384
317.930450
318.149475
318.282745
318.261658
318.474823
318.707550
318.914581
319.511841
319.488617
319.487030
319.682251
320.039734
319.970581
320.609283
320.687134
321.494904
321.687225
321.631531
322.023926
322.396820
322.597504
322.919830
323.058472
323.070496
323.640533
323.907074
324.340790
323.973907
325.163025
325.086426
325.127197
325.423187
325.286835
325.727600
325.672455
325.798920
325.497711
325.783875
325.497101
326.009460
325.943665
325.962128
325.652740
325.998962
325.658295
325.337372
325.468750
325.637482
324.845001
325.270294
324.734009
325.114075
324.745758
324.712036
324.065887
324.394897
324.064514
323.708710
323.244873
323.444214
323.012360
323.031219
322.333435
322.861267
322.470886
322.407623
322.186615
321.881287
321.682800
321.535919
321.660065
321.264679
321.312653
321.213226
320.864410
321.065063
320.699646
320.685547
321.039032
320.673218
320.758698
320.367188
320.412781
320.989441
320.881073
320.946625
320.697662
321.273865
321.356903
321.677368
321.752777
321.713165
322.189026
322.633942
322.512329
323.043213
323.044586
323.249115
323.452484
323.943451
324.531738
325.011383
324.746155
325.086212
325.360077
325.854218
325.589294
326.543762
326.446167
326.711853
326.897125
327.166565
327.667389
327.810242
328.091675
327.981567
328.430176
328.727539
328.984985
328.499817
328.667694
329.029114
328.867859
329.081207
329.020569
328.825012
329.221619
329.228180
328.972015
329.293060
329.337677
328.867462
328.657257
328.745880
328.298004
328.641510
328.187805
327.498108
327.839355
327.733704
327.561493
326.779114
326.899841
326.166687
326.313599
326.371582
326.347565
326.069031
325.615143
325.726013
325.398804
325.125336
324.404480
324.383759
324.220428
324.258636
323.600922
323.751495
324.100159
323.858398
323.362457
323.687469
323.396210
322.783386
323.042542
322.852478
323.105621
323.019501
323.303528
322.730530
323.079132
323.049042
323.406036
323.202057
323.436310
323.533417
323.872620
323.880249
324.387360
324.209747
324.225281
324.825684
324.640625
325.484711
325.757874
325.830261
325.822357
326.164124
326.981110
327.188934
327.129181
327.295990
327.660706
327.848877
328.162964
328.116608
328.828461
329.154602
329.225525
329.507538
329.647125
329.984802
330.004639
330.020325
330.240051
330.013611
330.517273
330.783936
331.000610
330.768890
331.033386
331.285980
330.949799
331.215302
331.096985
331.211914
330.647308
330.902313
330.763641
330.850708
330.209564
330.845520
330.596100
330.167847
330.403961
330.086182
329.893188
329.949005
329.513336
329.515411
329.003052
328.899017
328.742310
328.592560
328.462341
328.182495
328.271851
328.137909
327.495941
327.664001
327.981781
327.188934
327.361908
326.863831
326.836273
327.024353
326.762726
326.823822
326.843323
326.915283
326.651550
327.035126
327.341095
327.223358
326.843658
327.161835
326.998505
327.426727
327.356964
327.573395
327.929993
328.105713
328.035370
328.320160
328.648071
329.181122
329.510406
329.556885
329.935669
330.205505
330.117310
330.416779
331.201355
331.370056
331.607697
331.678864
332.130280
332.346100
332.673920
333.451538
333.326202
333.950073
333.942261
334.224365
334.678192
335.235962
335.303467
335.607056
335.511993
336.142853
336.314850
336.415100
336.403778
336.458649
336.567505
336.884583
336.687744
337.132568
336.844910
336.966370
337.139069
337.150085
337.304993
337.193512
337.315125
337.423889
336.933624
336.359161
336.597595
336.510559
336.146271
336.182098
335.332458
335.498199
335.083374
335.431488
334.664093
334.779694
334.528992
334.017059
333.867737
333.858276
333.612152
333.283905
333.201752
332.696808
332.992401
332.535553
332.434875
331.648895
331.914795
331.736786
331.357513
331.358215
331.384430
331.187134
330.879669
331.322876
330.789368
330.848999
331.157166
330.901947
330.846985
330.849243
330.954712
331.127045
331.813049
331.124969
331.916382
331.667633
331.882172
332.352753
332.551208
332.829529
333.027222
333.561310
333.679321
334.245148
334.118317
334.315399
335.199402
335.153809
335.786255
335.969727
336.656677
336.640564
336.828644
337.245056
337.385223
337.721222
338.180206
338.035553
338.143799
339.643219
339.252625
339.589661
339.491058
340.215759
340.740112
340.190643
340.732544
340.564819
340.552338
340.906219
341.170532
340.850006
340.762085
341.349213
340.926849
341.260620
340.839447
341.116486
340.457458
340.778351
340.608368
340.020966
340.243835
339.965729
339.512970
339.588867
339.661804
338.837463
338.930603
337.947083
338.476227
337.803680
337.445862
337.129272
337.145294
336.683777
336.338501
336.076019
335.837341
335.220093
335.414429
334.291809
334.580292
334.373077
333.310547
333.545013
333.366669
332.893036
332.616852
332.288055
332.736664
332.686096
332.335358
331.986694
331.565521
331.775879
331.776703
331.548706
331.381012
331.395142
331.637329
331.707916
331.703003
332.350189
332.103699
332.245300
332.017883
332.160339
332.556152
332.086823
332.421173
332.647827
333.188599
333.615509
333.470245
333.859802
334.344421
334.326508
334.945221
334.733429
334.903900
335.360870
335.364746
335.624237
335.849274
336.122589
336.398682
336.986389
336.698181
337.031128
337.223541
337.470306
337.452209
337.618958
337.630646
337.644226
337.885712
337.923096
337.830627
337.841949
337.967499
338.126190
338.245911
338.198547
338.019257
337.734802
338.081940
337.656677
337.437775
337.208344
337.132111
336.899536
336.899536
336.888092
336.448486
336.167236
336.094666
335.966583
335.583313
335.081299
335.214386
334.724945
334.822998
334.358948
334.063568
333.698059
333.637268
333.284393
332.875732
332.705414
332.967285
332.489349
332.011108
332.415649
331.884735
331.445892
331.457611
331.574982
331.484894
331.722626
331.264130
331.196442
331.024048
331.254211
330.980469
331.180908
331.127014
331.368164
331.151276
331.301910
331.494690
331.150421
331.506256
331.620148
331.848907
331.872223
332.286896
331.897583
332.593811
332.313080
332.906891
332.669922
333.109741
333.568329
333.999298
333.375153
334.230988
334.066833
334.591583
334.084320
334.231903
334.727325
335.042694
335.036285
335.639771
335.571686
335.198853
335.610748
335.324310
335.728333
335.230011
335.494995
335.651123
335.752808
335.719116
335.217499
335.716431
335.674957
335.314392
334.944366
334.889191
334.775238
334.892242
334.580078
334.341797
334.565338
334.034454
334.091003
333.656952
333.306519
333.229553
332.739777
332.402069
332.304199
331.869232
331.592712
331.759552
331.339783
330.873627
330.604248
330.468048
330.367462
329.755707
329.755981
329.862274
329.402954
329.792908
328.971222
329.266510
328.983917
328.720032
328.791840
328.398254
328.622284
328.268463
328.842712
328.280151
328.456024
328.424225
328.326599
328.277710
328.795563
328.152069
328.616364
328.432129
328.946747
328.783661
328.930206
329.445251
329.581482
329.744720
330.051086
330.350586
330.309967
330.839355
330.741730
331.501953
330.836304
331.792908
331.643188
331.993378
331.892487
332.694336
332.405243
332.694366
332.758606
332.761871
332.653625
332.744446
332.994812
332.649109
332.944611
332.986298
333.078827
333.031311
333.151825
333.356750
332.817078
332.760468
332.843292
332.637054
332.334076
332.330109
332.317474
331.944214
331.627930
331.369507
330.950867
331.002716
330.536560
330.367889
330.024689
329.774353
329.497986
329.126068
329.064392
328.664917
328.846161
328.136871
327.784088
327.660156
327.138824
327.113983
327.141785
327.033112
326.938873
326.778381
326.735321
326.554993
326.647491
326.841278
326.697449
326.361359
326.445282
326.804108
327.138123
327.376434
327.201538
328.076782
327.897888
327.756805
328.926819
328.855927
329.121399
329.432678
329.510010
330.264191
330.840088
331.111725
331.420410
331.996460
332.011261
332.189178
332.464630
333.234680
333.587860
333.471252
333.843170
333.689819
334.176208
334.109222
333.912628
333.976471
333.879517
333.400543
332.997009
332.549103
331.624146
331.024414
330.559906
329.805939
328.354767
326.817688
325.862366
324.182953
322.510712
320.503815
318.346039
316.431244
313.971069
311.656860
308.856689
306.386871
303.116150
300.533539
297.154999
293.924103
290.372040
286.741882
282.990540
278.873383
275.341583
271.055267
267.530151
262.983276
259.019836
254.894669
250.458405
246.104980
241.911621
237.688324
233.802628
229.506683
225.825958
221.828171
217.804733
214.352234
210.820358
207.266464
204.708603
201.511719
198.798538
196.223160
194.062393
191.830566
189.817719
188.527908
187.119049
186.399353
185.399170
185.034988
185.177811

