259.149658
174.231308
174.646255
175.148468
176.234344
177.291412
178.866394
180.192963
182.177353
184.340302
186.456482
189.055496
191.741745
194.574677
197.315063
200.660782
203.910370
207.070114
210.762009
214.551941
218.074677
221.925598
225.788925
229.354370
233.289856
236.986877
240.669037
244.566956
248.289291
252.175613
254.979492
259.110229
262.733307
265.742584
269.116821
271.993774
275.244598
278.308929
280.746643
283.501282
286.179657
288.280457
290.379089
292.556305
294.657196
296.500061
297.806915
299.756439
300.934387
302.130737
303.069000
303.945557
304.873322
306.002655
306.324860
306.857605
307.704437
308.099030
308.363129
308.170197
308.589722
309.140564
308.589874
308.671936
308.626129
308.451752
308.579285
308.028961
308.358826
307.421753
307.609009
307.281525
306.510773
306.774719
306.620270
306.030762
305.839233
305.528503
305.697601
304.953369
305.188934
304.881073
304.690552
304.705322
304.532532
304.709869
304.406067
304.767365
304.586182
304.457367
304.506989
304.624023
305.067200
305.033203
305.296570
305.719940
306.092377
306.511658
306.285400
306.617920
306.872559
306.996857
307.488373
307.859253
308.206604
308.689240
309.286194
309.167877
309.744507
309.745117
310.463867
310.473175
311.116821
311.004211
311.883881
311.806305
312.478882
312.400604
312.906006
312.936615
313.652557
313.291504
313.487335
313.349457
313.774536
313.849609
313.835449
314.240112
313.649231
313.497833
314.179047
313.821320
313.740479
313.705719
313.700653
313.508362
312.881622
313.054565
312.832275
312.643036
312.469727
312.121826
311.638733
311.614105
311.710724
311.405853
310.930817
310.740845
310.911072
310.309967
310.329529
309.858948
309.375702
309.260101
308.732330
308.930817
308.746490
308.715179
308.536469
307.997009
308.305634
308.458771
307.969971
308.075714
307.746613
308.266357
307.975555
308.370392
308.179840
308.171753
308.479340
308.415466
308.396851
308.959442
308.797058
309.271271
309.422119
309.763824
309.720093
310.130493
310.322083
310.517212
311.436493
310.998810
311.674683
311.994232
312.116364
312.769897
313.206451
313.294037
313.949280
313.930878
314.437469
315.090637
315.141113
315.406219
315.931427
316.028442
316.145813
316.743561
316.977417
317.448364
317.194366
317.353607
317.554077
318.196960
318.049377
318.438873
318.158356
318.224701
318.387939
318.841522
318.493347
318.506287
318.755432
318.638794
318.308472
318.359833
318.197845
317.916229
317.886353
317.785980
317.545746
317.532593
317.515167
316.740234
316.815277
316.549316
316.275085
316.108307
315.942291
315.311737
314.876007
315.080292
314.733429
314.617737
313.960632
313.834259
313.367065
313.482361
313.226196
313.005432
312.841400
312.768768
312.581879
312.492371
311.941406
312.030396
312.170349
311.906738
312.083862
311.663422
311.974426
311.878479
311.577545
311.709686
311.946625
312.043732
312.346771
312.382080
312.196198
312.532715
313.049133
313.004578
313.355560
313.422791
313.660156
313.803284
314.147705
314.226868
314.252136
314.945557
315.169220
315.820465
315.889404
316.160400
316.178925
316.432465
316.847107
318.046692
317.588959
318.084412
317.915558
318.852417
318.491150
318.874603
319.413788
319.220154
319.723999
320.112183
319.603455
320.272705
320.312653
320.400055
320.974487
320.687347
320.888306
320.996124
320.909241
321.082520
320.869659
321.423096
320.900940
320.974701
320.579224
320.921112
320.273468
320.648132
320.198822
319.978424
319.931458
319.888519
319.472687
319.708710
319.581451
319.204285
318.954376
318.649200
318.385010
318.456665
318.569641
317.875916
317.745361
317.736237
317.429688
317.333710
316.886902
316.973846
316.759674
316.471558
316.511963
316.689606
316.063690
316.391357
316.097717
316.128296
316.175659
316.421051
315.823639
316.261414
316.093750
316.055450
316.395081
316.282501
316.546661
316.374298
316.825653
317.288696
316.885834
317.455811
317.732910
317.780762
318.076477
318.130981
318.861237
318.567566
319.307190
319.402802
319.673248
319.732697
319.936218
320.813232
320.888611
321.291168
321.365601
321.556335
321.566040
322.295074
322.679962
322.624939
322.992279
323.302673
323.741547
323.736176
324.017426
324.370758
324.388397
324.743805
324.858307
324.792877
325.215637
325.401642
325.335083
325.474152
325.497742
325.476044
325.230255
325.108917
325.340027
324.963989
325.450226
325.209442
325.312805
325.381744
324.711090
324.535980
324.847565
324.417603
324.478821
324.031982
323.524292
323.714783
323.751190
323.337769
323.379639
323.245636
322.598358
322.597778
322.644165
322.205933
322.030914
321.902557
321.419891
321.738220
321.218994
321.066620
321.006592
321.030273
320.866974
320.853485
320.392700
321.057861
320.359375
320.849304
320.714172
320.386200
320.611633
320.595001
320.788055
320.646759
321.147552
321.245148
321.379333
321.527283
321.276245
321.440796
321.840881
321.855835
321.895172
322.450470
322.908508
323.060638
322.718384
323.369598
323.708466
323.829224
324.290344
324.464386
324.943085
325.329224
325.373444
325.703613
326.053619
326.485199
326.513916
326.633270
327.099792
327.487122
328.030273
328.148621
328.278229
328.344116
328.640869
328.331207
328.728790
329.023438
328.942383
329.321472
328.855774
329.586945
329.590271
329.495789
329.467194
329.696198
329.396942
329.757965
329.623291
329.442566
329.819641
329.650421
329.343292
329.114136
329.232086
328.888580
328.742645
328.642853
329.065826
328.453278
328.209229
327.891663
327.986237
327.745148
327.618011
327.351898
327.216339
327.257507
326.879486
326.970062
326.859863
326.620728
326.742981
326.688263
326.199463
326.200928
326.320465
326.132050
326.378357
325.751892
326.458008
325.911774
326.195374
326.506775
326.447418
326.702698
326.424194
326.490173
326.936859
327.191040
327.645111
327.654327
328.224701
328.264008
328.145081
328.646027
328.788391
329.128418
329.603699
329.651917
330.169556
330.966431
330.985962
331.419556
331.440033
332.112823
332.303406
332.605011
332.858337
333.971466
334.191010
334.148590
334.519135
335.182068
335.415131
335.283539
336.223297
336.443329
336.659149
336.953156
336.791962
337.546234
337.433167
337.947601
338.416565
338.572815
338.063721
338.608215
338.578461
339.043976
338.941406
339.061462
338.777924
339.176544
338.992340
339.250580
339.276123
338.974335
338.915863
338.750549
338.537048
338.740265
338.861237
338.751190
338.268616
338.032837
337.970734
337.635162
337.123413
337.876648
337.481781
336.795135
337.026001
336.902252
336.740448
336.547058
336.334595
336.212860
336.331116
336.161591
336.314178
335.641144
335.432892
335.577271
335.803284
335.317932
335.555756
335.784973
335.138397
335.538788
335.926086
335.519928
335.617493
336.232208
336.044220
336.327148
336.010620
336.258850
336.449738
336.973236
337.063416
337.307007
338.007629
338.599030
338.331299
338.933807
338.892303
339.188110
339.654572
340.259796
340.319122
341.072052
341.783691
341.526703
341.739014
342.329742
342.890594
343.162537
343.714478
344.145355
344.857391
345.242554
345.396637
345.679718
345.725891
346.217743
346.670044
347.177765
347.631378
347.657837
347.947784
348.170380
348.634521
348.447266
349.127930
349.018433
348.933228
349.116821
349.513306
349.712921
348.925385
349.726654
349.565552
349.606415
349.343079
348.419312
349.374451
349.027130
348.788879
349.324890
348.204224
347.979248
347.879700
347.687958
347.632263
347.454071
347.478302
347.147186
346.476562
346.375488
346.138824
346.216400
345.593964
345.202271
345.177582
344.970917
344.440063
344.822876
344.590607
344.586578
343.871002
343.894012
343.827454
344.067596
343.301392
343.072906
343.060486
343.394257
343.309631
343.350006
342.800568
342.837494
343.038422
343.029510
343.447235
343.366089
343.368561
343.214966
343.715881
343.909058
344.019073
343.934296
344.140167
344.341003
344.803253
345.533081
345.257233
345.620789
345.830505
346.193970
346.623657
346.480438
347.154968
347.588898
347.672974
347.808289
348.290741
348.541992
349.234314
349.008057
349.823364
349.585938
350.638550
350.175079
350.714783
350.324310
351.048828
351.495880
351.362427
351.099152
351.912323
352.157135
351.863800
352.220886
351.980225
352.297821
352.426514
352.476837
351.979370
352.481323
352.099182
352.518921
351.866760
352.127136
352.026367
352.286774
351.874878
351.612671
351.652740
351.366577
350.770325
351.227448
350.558868
350.482788
350.362427
350.036957
350.141205
349.841705
349.367218
349.270813
349.065002
348.889526
348.421783
348.855499
348.439026
347.972107
348.354614
348.193634
347.717377
348.113251
347.945740
347.841675
347.674316
347.254822
347.151764
347.217102
347.213745
347.141968
347.018524
346.634338
347.267700
347.358734
347.058929
347.301056
347.510437
347.506165
347.390228
347.907806
348.254089
348.440399
348.193024
348.684296
348.622253
349.003967
349.174805
349.881195
349.818420
349.795654
349.849915
350.468689
350.601654
350.509552
351.027740
351.324951
351.412659
351.839172
351.919861
351.862274
352.519135
352.374695
352.477417
352.816406
353.146027
352.888092
353.089752
353.169342
353.348328
353.440033
353.328308
353.118866
353.068695
353.108765
353.319397
352.694031
353.268402
353.032898
352.767609
352.204163
352.562866
352.188538
352.164154
351.987640
351.878967
351.236115
351.355530
351.457397
351.156982
350.602264
350.343536
350.364594
349.470917
349.759155
349.336975
349.348602
349.012634
348.912476
348.338043
348.155365
348.376129
348.197083
348.072357
348.135864
347.480438
347.489960
347.193176
347.394409
347.247650
347.032166
346.541748
347.004608
347.106995
346.953705
347.091095
346.954498
346.720520
346.997711
347.473206
347.145538
347.566742
347.862579
348.083618
347.697479
347.688690
348.057831
348.161774
348.445526
348.554047
349.024750
349.736145
349.639526
349.531830
350.192841
350.328766
350.420044
350.928558
351.177612
351.276062
350.936066
351.698120
351.864258
352.095520
352.220734
351.990082
351.990723
352.181000
352.462585
352.328461
352.153961
352.707153
352.782532
351.999268
352.550873
352.063934
352.032990
352.185211
352.029755
351.628754
352.032227
351.189484
351.252991
351.019196
350.823608
350.547974
350.485840
349.785431
349.417999
349.461823
349.266083
349.021851
348.703430
348.127045
347.859100
347.882690
347.441864
347.013580
346.780701
346.745453
346.691162
346.751526
346.663971
346.626770
346.147583
346.015900
345.880890
345.622162
345.820465
345.989105
345.765594
346.273041
346.145599
346.571228
346.180603
346.823700
346.696686
347.531281
347.665497
347.965515
348.331329
348.776764
349.030090
349.335907
350.280457
350.211945
350.804779
350.628021
351.728851
351.690033
352.318085
352.552704
353.160492
353.571747
353.567841
353.633270
353.713867
354.512512
354.423798
353.902832
354.131927
353.695312
353.429016
353.138184
352.851715
351.858154
350.826324
350.041809
348.908539
348.081970
346.164978
344.910767
343.478607
341.575836
339.985596
337.262238
335.425446
333.247772
330.079010
327.627594
324.506500
321.210022
318.279816
314.461731
311.253082
307.497681
303.627289
299.882721
296.123993
291.987091
287.278839
283.041107
278.286530
274.085663
269.890198
265.354156
260.869202
255.990234
251.799988
247.114120
242.963272
239.050598
234.492081
230.759689
226.996689
222.997177
219.487640
216.316315
213.152496
210.204193
207.503891
205.087234
202.970657
200.980240
199.270340
197.977646
196.882843
196.022369
195.778336
195.615082

254.189224
174.518494
174.898621
175.432617
176.503830
177.548279
179.134186
180.475174
182.458450
184.655350
186.747711
189.356033
192.042847
194.910645
197.660568
200.990143
204.253967
207.438171
211.143280
214.935333
218.462509
222.334381
226.205566
229.768677
233.713196
237.449921
241.129623
245.049210
248.760056
252.675751
255.515594
259.655121
263.273193
266.311005
269.712646
272.593170
275.854279
278.969299
281.404816
284.175720
286.891602
288.968781
291.074036
293.271912
295.395325
297.264679
298.578461
300.522980
301.726715
302.926300
303.888153
304.777008
305.679871
306.863037
307.205536
307.732910
308.557465
308.977234
309.282684
309.096161
309.513458
310.089172
309.505096
309.644135
309.615082
309.412292
309.548523
308.991882
309.317169
308.415588
308.555725
308.242096
307.495544
307.751862
307.609863
306.991699
306.825684
306.487640
306.689270
305.904022
306.141113
305.782135
305.659027
305.628174
305.490082
305.632507
305.334320
305.666626
305.486572
305.339417
305.394501
305.480652
305.940369
305.862793
306.111023
306.508057
306.832001
307.251282
307.052704
307.325653
307.567383
307.666626
308.172363
308.510498
308.838715
309.317932
309.883636
309.720917
310.281769
310.276886
310.971130
310.975525
311.596222
311.457336
312.287476
312.210419
312.846497
312.741913
313.266693
313.226074
313.932404
313.550171
313.745239
313.567383
313.964905
314.016144
313.966644
314.348480
313.712006
313.622742
314.236084
313.851837
313.741302
313.675751
313.692352
313.462494
312.835083
312.982941
312.728210
312.520050
312.343140
311.973907
311.484192
311.415100
311.517426
311.194519
310.692810
310.514191
310.669556
310.051971
310.047943
309.557007
309.062622
308.957550
308.421631
308.589172
308.420044
308.386627
308.188934
307.625153
307.930908
308.102692
307.633270
307.694061
307.357635
307.893463
307.602509
307.979706
307.817627
307.802551
308.108032
308.036957
308.037628
308.558716
308.414337
308.922394
309.073883
309.426544
309.381226
309.794006
309.970734
310.194366
311.157806
310.720551
311.345734
311.752747
311.881805
312.518982
312.957153
313.044800
313.673065
313.711639
314.218811
314.904907
314.979950
315.220062
315.768127
315.885040
316.017548
316.623688
316.871521
317.360931
317.130981
317.292725
317.515198
318.164581
318.037170
318.432922
318.158142
318.247101
318.407959
318.914551
318.582977
318.591980
318.852386
318.738495
318.431702
318.531494
318.384369
318.075531
318.095215
318.001862
317.771667
317.767212
317.807526
317.009949
317.053802
316.825653
316.574799
316.414948
316.229126
315.627563
315.232635
315.432953
315.073608
314.966095
314.351715
314.262543
313.783966
313.905029
313.654602
313.432648
313.290894
313.214020
313.006622
312.962921
312.437622
312.509186
312.682587
312.458832
312.621765
312.171356
312.493134
312.420502
312.102478
312.268372
312.504456
312.603333
312.882599
312.980194
312.813751
313.126831
313.623840
313.615173
313.955536
314.010284
314.277039
314.427948
314.768463
314.881500
314.882874
315.598541
315.796509
316.472992
316.558502
316.848969
316.839752
317.097870
317.531616
318.748566
318.273407
318.769989
318.611023
319.599884
319.222351
319.623962
320.153992
319.944519
320.481201
320.812286
320.384857
321.077942
321.101471
321.170776
321.773560
321.492493
321.683899
321.817169
321.746155
321.889771
321.729279
322.262115
321.758759
321.849548
321.428101
321.807068
321.119232
321.515747
321.099304
320.864563
320.826477
320.809540
320.399811
320.635742
320.511566
320.124512
319.891449
319.583466
319.348297
319.394592
319.538910
318.861603
318.720673
318.704590
318.444580
318.364746
317.929901
318.020935
317.761169
317.542450
317.498810
317.714783
317.048676
317.423401
317.102753
317.178772
317.238281
317.466095
316.923462
317.330566
317.173950
317.081635
317.428436
317.373749
317.594208
317.458893
317.884247
318.298798
317.969818
318.539734
318.787994
318.843567
319.189850
319.159912
319.893066
319.617310
320.358734
320.490326
320.706238
320.807556
320.938721
321.859619
321.917847
322.304840
322.375885
322.547363
322.550354
323.298950
323.690674
323.617310
323.921478
324.230652
324.705048
324.725555
324.984406
325.333435
325.309753
325.690247
325.768768
325.663849
326.079498
326.224274
326.211914
326.288727
326.331116
326.293762
326.035187
325.874817
326.095459
325.728912
326.201233
325.912506
326.008087
326.060181
325.380707
325.171570
325.487244
325.046173
325.100922
324.620209
324.132599
324.286987
324.303253
323.899323
323.893433
323.755188
323.092041
323.067902
323.082977
322.653076
322.478882
322.354706
321.801056
322.137634
321.614471
321.438751
321.354401
321.349396
321.207947
321.211426
320.659882
321.349884
320.630432
321.106750
320.963257
320.639130
320.821808
320.806091
320.968109
320.823425
321.280823
321.409760
321.475372
321.638428
321.419189
321.582886
322.008453
321.975983
322.023743
322.523376
322.994049
323.157928
322.780365
323.418579
323.768219
323.895081
324.370117
324.499908
324.977051
325.401764
325.423401
325.724396
326.057861
326.517548
326.536804
326.684906
327.094482
327.535217
328.008026
328.158539
328.253937
328.340698
328.665833
328.333984
328.732300
329.028137
328.927063
329.306488
328.893219
329.577118
329.603912
329.510223
329.477478
329.688385
329.413635
329.741669
329.645020
329.465027
329.849274
329.687408
329.359314
329.112610
329.278076
328.910797
328.755432
328.681488
329.100250
328.494019
328.235504
327.967651
328.032562
327.792084
327.696747
327.419067
327.257660
327.346313
326.928986
327.030182
326.930542
326.657867
326.801025
326.747589
326.277954
326.294067
326.400024
326.197266
326.458557
325.809998
326.518250
325.985229
326.256866
326.586548
326.425507
326.764801
326.505615
326.595093
327.028778
327.282104
327.727173
327.728973
328.281799
328.314941
328.229553
328.718475
328.846802
329.181274
329.649506
329.705109
330.225159
331.017700
331.024780
331.456482
331.484344
332.146515
332.328918
332.644135
332.872528
334.024445
334.201447
334.147247
334.518707
335.159973
335.447357
335.273132
336.217896
336.436371
336.635681
336.935669
336.777893
337.505127
337.376648
337.905640
338.373627
338.531952
337.997986
338.538239
338.532135
338.940582
338.850555
338.997498
338.697479
339.080902
338.905518
339.146332
339.174377
338.863525
338.790253
338.624176
338.437775
338.627106
338.744019
338.632935
338.157562
337.938049
337.833405
337.532349
336.977936
337.739685
337.316559
336.661377
336.896790
336.753967
336.575073
336.408661
336.211365
336.052429
336.168304
336.016968
336.171692
335.518585
335.271759
335.425232
335.656891
335.180237
335.390625
335.645447
335.009033
335.409515
335.811310
335.379730
335.483429
336.078583
335.928436
336.201080
335.855835
336.132233
336.333832
336.884949
336.914795
337.214478
337.880554
338.493103
338.282806
338.816101
338.826843
339.090027
339.594910
340.207397
340.272247
340.993225
341.749512
341.460907
341.729156
342.298309
342.861267
343.151855
343.684143
344.145569
344.816040
345.252594
345.382477
345.658264
345.709045
346.253937
346.682953
347.208710
347.666656
347.673309
347.977814
348.181427
348.654144
348.521545
349.208893
349.063171
349.007324
349.206909
349.623352
349.819885
349.009094
349.848572
349.669739
349.742584
349.444946
348.550293
349.478577
349.157623
348.911041
349.458954
348.339172
348.140472
348.057312
347.833160
347.791321
347.625793
347.664551
347.312622
346.661346
346.548706
346.301849
346.376862
345.767029
345.391449
345.364105
345.184143
344.628326
345.010620
344.841980
344.788055
344.080383
344.091583
344.014587
344.280518
343.503662
343.292847
343.310333
343.622833
343.524078
343.588165
343.048584
343.073883
343.310577
343.245087
343.691376
343.544830
343.596344
343.466675
343.950287
344.114960
344.264893
344.179565
344.368286
344.587372
345.037659
345.776215
345.530731
345.831024
346.081665
346.417297
346.839355
346.719513
347.411194
347.825928
347.930573
348.066101
348.503418
348.752289
349.522034
349.213715
350.047882
349.821869
350.900726
350.391815
350.942657
350.549622
351.284607
351.682373
351.621918
351.335419
352.171783
352.378693
352.155212
352.485504
352.199799
352.503693
352.639832
352.713196
352.211548
352.744873
352.313263
352.758789
352.078033
352.339874
352.252686
352.529968
352.102234
351.828522
351.895142
351.584534
350.994141
351.430939
350.767456
350.645050
350.561523
350.233948
350.349518
350.029388
349.588776
349.491394
349.282104
349.084076
348.662140
349.071320
348.652557
348.169037
348.564087
348.417328
347.950592
348.318298
348.134247
348.048492
347.886627
347.448212
347.339111
347.376434
347.385193
347.290863
347.207367
346.820923
347.469788
347.507446
347.233337
347.469910
347.701813
347.680817
347.538574
348.089722
348.411865
348.631348
348.335327
348.834839
348.808838
349.160492
349.318665
350.020752
349.991455
349.949615
349.981384
350.602295
350.725769
350.635498
351.143799
351.457581
351.535950
351.974792
352.029449
351.975433
352.623505
352.471649
352.597565
352.943634
353.239624
352.987762
353.170349
353.242828
353.414795
353.521393
353.414886
353.194519
353.142273
353.172211
353.403290
352.759430
353.319733
353.087311
352.843414
352.248871
352.590729
352.246002
352.211517
352.045258
351.896942
351.250214
351.364044
351.460327
351.182251
350.573425
350.350159
350.362549
349.464111
349.746887
349.337097
349.372589
348.997681
348.886322
348.306519
348.165985
348.370331
348.147888
348.043915
348.089203
347.413208
347.450348
347.151520
347.339050
347.159058
346.985291
346.485199
346.932678
347.025848
346.897644
347.011169
346.867188
346.633881
346.909119
347.399933
347.057343
347.478973
347.780029
347.970673
347.613831
347.558929
347.974731
348.051788
348.338593
348.441742
348.921234
349.647034
349.537201
349.401825
350.100525
350.194458
350.272980
350.823334
351.064056
351.148590
350.821564
351.558350
351.750549
351.970337
352.102386
351.846649
351.845093
352.054932
352.359161
352.185028
352.049194
352.583099
352.654297
351.888733
352.445221
351.966705
351.931946
352.071411
351.934204
351.542145
351.901520
351.082123
351.145935
350.904419
350.721344
350.442017
350.412140
349.708466
349.312164
349.379608
349.194916
348.940002
348.616180
348.052765
347.774689
347.831573
347.364319
346.941681
346.718445
346.674438
346.652252
346.692230
346.644012
346.563690
346.124084
345.977570
345.872162
345.628113
345.829742
346.001038
345.780914
346.264648
346.160614
346.581421
346.183502
346.867432
346.730713
347.573578
347.719910
348.045776
348.437988
348.854034
349.073120
349.410553
350.372437
350.302399
350.897797
350.732849
351.873108
351.816895
352.456757
352.707886
353.309479
353.722076
353.731506
353.771545
353.885620
354.670074
354.636749
354.078491
354.343567
353.894104
353.663635
353.386993
353.079010
352.087616
351.072784
350.258240
349.190399
348.365723
346.416290
345.183075
343.776733
341.856903
340.324646
337.552460
335.759918
333.574585
330.411530
327.984528
324.859406
321.575043
318.620361
314.799561
311.628479
307.896088
304.016846
300.252380
296.514465
292.373352
287.673248
283.446960
278.707458
274.489716
270.295044
265.783600
261.316101
256.447845
252.242294
247.552490
243.396378
239.503540
234.936340
231.203522
227.435364
223.442627
219.963181
216.789032
213.625000
210.657440
207.989090
205.574554
203.453537
201.473801
199.756851
198.434052
197.382019
196.514938
196.268692
196.247238

196.368683
185.364929
185.595062
186.238190
187.010147
188.323929
190.066330
191.663513
193.592117
195.958603
198.420135
200.850388
203.544144
206.727112
210.042191
213.323486
216.952011
220.718277
224.202011
227.810410
231.954346
235.873581
239.999695
244.136780
248.115311
251.993988
255.933670
260.457764
263.821838
267.930542
271.787323
275.689606
279.566101
282.926544
286.541412
289.259308
292.545471
295.784515
298.796356
301.277496
303.949188
306.642151
308.767731
311.085541
312.335968
314.814850
316.589355
318.140961
319.096436
320.544678
322.009491
323.274323
323.536926
324.482941
325.411804
325.805328
325.863525
326.610382
327.178558
327.364563
327.157074
326.978577
327.316254
327.363861
327.088409
326.565765
326.691345
326.106659
326.018036
325.764496
325.082458
324.927765
324.809601
324.374481
324.247040
323.584167
323.765259
322.994019
322.605499
322.802795
321.982666
321.850098
321.656006
321.326904
321.483246
321.684937
321.388336
321.412445
320.904053
321.222076
321.453827
321.645020
321.294769
321.683380
321.251099
321.892242
322.108429
321.866882
322.740051
322.187042
322.959930
323.514832
323.366272
323.897797
324.176575
324.504395
324.913513
325.427185
325.859192
325.845917
326.035400
326.601044
326.917511
326.923767
327.467224
327.285400
327.856812
328.148590
328.524078
328.740662
328.626282
328.432709
329.229736
328.753540
329.136536
329.664978
328.864380
329.066559
328.855408
328.985413
329.023560
328.939301
328.666840
328.533051
328.459686
328.365814
328.255157
328.013824
327.514893
327.854858
326.881775
326.560120
326.720032
326.077118
326.093719
325.437958
325.306335
324.912048
324.673798
324.806335
324.018524
323.963898
323.667572
323.236298
322.849030
322.544006
322.478790
322.589844
322.231567
321.903473
321.900421
321.343262
321.602264
321.663300
321.287048
321.421936
321.524658
321.344269
321.344330
321.694550
321.105774
321.650696
321.969696
321.347015
321.706696
322.309875
322.717010
322.130585
322.608673
322.995697
323.413605
323.822418
323.638245
324.030457
324.260284
324.664551
324.793152
325.288208
325.794830
325.997742
326.449738
326.472198
326.593353
327.347137
327.762482
327.822601
327.771759
328.634247
328.666809
329.287231
328.975739
329.785522
329.809662
329.987671
330.002045
330.088562
330.429443
330.550354
330.472137
330.643341
330.392365
330.379395
330.582428
330.366699
330.328156
330.721985
329.989227
329.802155
329.619354
329.687317
329.141785
328.988525
328.850433
328.605896
328.519714
327.994110
327.506653
327.557587
327.330902
326.794800
326.996399
326.629547
326.143646
325.842163
325.950500
325.369873
325.268616
324.265411
324.256744
324.275848
323.464569
323.430817
323.334473
322.744019
323.184235
322.425873
322.465576
322.224121
322.097809
322.117767
321.959381
321.785156
321.716003
322.066559
321.486511
321.942322
321.965210
321.950989
322.231079
322.424896
321.864624
322.491058
322.177002
322.451172
322.794800
322.848236
322.957245
324.092499
323.581482
323.935394
324.196503
324.793823
324.680481
325.207489
325.367737
325.447784
325.711060
325.822693
326.257751
326.762238
326.866760
327.294800
327.396820
327.664978
328.070129
327.895599
328.001404
328.329285
329.079437
329.071075
328.796112
329.000092
329.297455
329.094025
329.962036
329.354950
329.833954
329.366425
329.497223
329.543396
329.761444
329.091003
329.277496
328.916931
329.233643
329.154205
328.569061
328.439667
328.411224
328.223572
327.996796
328.043304
327.478241
327.275879
327.509521
326.925323
326.850586
326.755615
326.188354
326.748871
325.768402
325.494019
325.345398
325.039001
324.841064
324.487030
324.722565
324.553101
324.477753
323.887115
324.126740
323.581482
323.392548
323.286621
323.229675
323.112885
322.781921
323.348602
322.963196
323.139954
323.285919
322.773315
323.193115
323.336243
323.321869
323.041473
323.480713
323.811768
323.614685
324.120972
324.467682
324.351440
324.519745
324.841888
324.927490
325.382385
325.148895
326.021942
325.958649
326.708496
326.493408
326.959869
327.219757
327.513092
327.373657
327.962799
328.516663
328.481415
328.235107
329.168488
329.015839
329.542267
329.589630
329.630524
329.620209
330.591858
330.309631
330.219696
330.531250
330.707428
331.161163
330.823334
330.880829
331.086823
331.358521
330.858246
330.752075
330.956085
331.066254
331.185211
330.929535
330.695892
330.467682
330.059387
330.601501
329.813660
329.202332
329.797638
329.615295
328.887878
329.191498
328.807617
328.504944
328.187744
328.548553
327.937439
327.553070
327.461823
327.280884
326.980133
326.550262
326.346893
326.547333
326.170013
326.221954
326.035583
325.704071
325.673584
325.665527
324.883575
325.248169
324.435730
324.953033
324.527557
325.023346
325.254578
324.822357
325.220215
325.176331
325.026947
325.013336
324.929962
325.226776
325.326935
325.739441
325.720886
325.703827
326.114960
326.237549
326.477966
326.632599
326.593903
327.377686
327.341156
327.237427
327.925232
328.052460
328.250336
328.753021
328.664307
328.822205
329.142212
329.561249
329.798950
330.052551
330.228790
330.806030
330.561707
331.191589
330.962341
331.111053
331.694885
331.828308
331.410187
332.120483
332.315247
331.856445
332.574646
332.515106
332.344025
331.988708
332.348450
332.624573
332.664581
332.348877
332.362183
332.096069
332.304596
332.270172
331.726715
331.919495
331.730682
331.728973
331.481903
331.430328
331.056183
331.067474
330.953766
330.054626
330.181152
329.839661
330.206726
329.871826
329.346375
329.378418
329.023132
328.521210
328.573547
328.626190
328.540894
328.505432
328.143311
327.995819
327.758179
327.532013
327.752869
327.361938
326.995789
327.756805
327.329102
327.377563
327.765411
328.398682
327.436859
327.673798
327.638611
327.592896
327.832001
328.074005
328.344696
328.897491
328.933014
329.095276
328.982300
329.073303
329.792664
329.981567
330.065002
330.539490
330.831451
331.026581
331.451385
331.683960
331.923187
332.715820
332.428528
333.173523
333.526550
333.631531
334.072388
334.019196
334.240631
334.785919
335.056152
335.461761
335.575836
336.281464
335.908264
336.449188
336.498901
336.740326
336.892670
336.784637
336.744751
337.060425
337.555695
337.266998
337.412689
337.288147
337.410675
337.265717
337.614807
337.159668
337.624512
336.985382
336.798706
336.909119
336.712311
336.609741
336.812958
336.653351
335.946899
335.794769
335.582336
335.182648
335.107391
334.788635
334.697601
334.505890
334.209167
333.676727
333.784149
333.617279
333.598724
332.821136
332.522003
332.534607
332.351807
332.663483
332.343903
331.621521
331.459442
331.477753
331.460480
331.640717
331.492279
331.784912
331.386475
331.235901
331.348053
331.197083
331.257751
331.498383
331.881378
331.517029
332.000854
331.786682
332.167206
332.714966
332.203888
332.966187
333.121857
333.142151
333.188080
333.736694
333.975525
334.524750
335.039124
335.092804
335.369934
335.468079
335.942383
336.048706
337.012421
336.985779
337.518829
337.503937
338.109497
338.595856
338.431030
339.129028
339.664886
339.331543
339.762238
339.980591
340.070953
340.541199
340.868713
341.240997
341.083038
341.369843
340.817535
341.873383
341.745056
341.830933
341.856659
341.711456
342.306213
342.447937
341.970703
341.928558
341.777008
342.051117
342.166962
341.361725
340.800690
340.916931
341.064301
340.229950
340.199219
340.366241
339.662415
339.625702
339.544769
339.117645
339.042145
338.607361
337.829407
337.726044
337.936676
337.046875
336.912476
336.634430
336.306610
336.287140
335.911163
335.556793
335.269470
335.530975
335.052979
334.609039
334.614136
334.438446
334.641937
334.070557
334.129852
333.952576
333.942535
333.823883
333.978333
334.240204
333.669403
333.761444
333.585968
334.017273
334.012573
333.873657
333.995758
334.389404
334.633667
334.549286
334.750641
335.218506
335.201691
335.933289
335.953186
336.213684
336.438385
336.586609
336.736725
337.087311
337.203369
337.375000
337.684692
337.962006
338.241364
338.563660
339.073547
339.163513
339.063629
339.774475
339.747589
339.904602
340.151093
340.358154
340.461426
340.529205
340.949799
341.111420
341.125763
341.009399
340.866364
341.078857
341.068817
341.227997
341.667053
341.364197
341.622009
340.851959
341.194824
341.001190
340.937775
340.952515
340.894318
340.358368
340.002075
340.373779
340.326477
339.962433
339.876678
339.173859
339.138641
338.763062
338.649139
338.352417
338.561218
338.254639
338.009216
338.010712
337.413513
337.016541
337.365204
336.690796
336.058990
336.669098
336.715698
336.177246
336.074646
335.555359
335.441681
335.525146
335.372345
335.448456
335.158722
335.089111
335.409851
334.976166
335.282349
335.179352
335.209412
335.335846
335.262512
335.570709
335.305817
335.936523
336.037659
336.390991
336.353241
336.542328
336.321533
336.418549
336.648926
336.534668
337.174988
337.215332
337.474945
337.514099
338.138947
338.314606
338.349976
338.766693
338.559113
338.769592
339.312286
339.526642
339.346863
339.545807
339.669342
340.278442
340.105530
339.809082
340.018616
339.925171
340.238831
340.185028
340.611603
340.388550
340.514618
340.250580
340.137421
340.106659
340.185303
339.925415
339.817932
339.708405
339.793610
339.690308
339.033691
339.591736
338.981049
338.699463
338.468262
338.604156
337.955475
337.726654
337.455231
337.155731
336.826263
336.606750
336.529358
336.161316
336.036896
335.662720
335.668091
335.471588
335.197998
334.819366
335.068298
334.659088
334.338440
334.221039
334.154694
334.100555
333.739349
333.898804
333.654785
333.570251
333.572144
333.675598
333.526947
333.579163
333.229675
333.670258
333.369904
333.390411
334.007294
333.778412
334.078796
334.301270
334.055145
334.484985
334.557526
334.814270
334.835876
334.960297
335.219727
335.422333
335.528473
335.840607
336.131012
336.444794
336.522980
337.001312
336.434967
337.339203
337.696289
337.145325
337.841370
338.282166
338.082275
338.216919
338.203247
338.080902
338.112610
338.611725
338.491241
338.295074
338.108276
338.479523
338.174255
338.050934
337.855988
337.917725
337.725586
337.284210
337.386841
337.224030
337.160126
336.689758
336.071838
336.343262
335.699524
335.568085
335.239532
334.648987
334.546448
334.254822
334.202911
334.687927
333.868622
333.478394
333.519409
333.223846
332.796234
332.891113
332.247803
332.167450
331.944397
331.857117
331.807587
331.324524
331.478333
331.381714
331.451202
332.092255
331.501831
332.066833
331.551025
331.721558
331.834473
332.534729
332.534698
333.229767
333.498718
333.250122
333.778931
333.926331
334.184631
334.683838
335.158539
335.372589
335.372314
336.675354
336.693970
337.470612
336.739410
337.729156
337.607819
338.439819
338.400452
338.728455
338.908142
338.860840
339.437225
338.455353
338.493195
338.488159
338.051758
338.046875
337.156036
336.683685
336.291351
334.893219
334.122223
333.048615
331.443726
329.991974
328.913239
327.267120
324.824951
322.990601
320.764435
318.887177
315.821869
313.596252
310.576874
307.647736
304.411407
301.041473
297.754150
294.330688
290.679382
286.738464
282.626801
279.094543
274.707886
270.686066
266.786041
262.404510
258.049591
253.959061
249.852402
245.473358
241.174774
236.809799
233.013199
228.615555
224.879257
221.202438
217.390671
213.742416
210.147110
207.257919
204.304260
201.340881
198.809891
196.574677
194.358582
192.734177
191.093613
189.931244
188.795090
188.036346
187.471664
187.643539

197.707581
185.517120
185.757660
186.402939
187.168076
188.478760
190.238724
191.843033
193.737213
196.143875
198.620789
201.038986
203.737595
206.903473
210.225800
213.498337
217.136383
220.913986
224.405746
228.015427
232.179764
236.112411
240.208557
244.369781
248.331009
252.234222
256.183380
260.730042
264.078033
268.209198
272.056915
275.968597
279.863434
283.249084
286.850220
289.564880
292.883514
296.121155
299.160065
301.617554
304.319794
307.007538
309.161530
311.429352
312.688965
315.180023
316.969452
318.553284
319.518005
320.968414
322.426361
323.699921
323.970245
324.891449
325.829224
326.247742
326.283905
327.041504
327.615662
327.796631
327.611359
327.384033
327.786499
327.817017
327.544556
327.019104
327.148193
326.609283
326.488953
326.217865
325.559265
325.405151
325.289490
324.833008
324.740204
324.068604
324.212921
323.424774
323.040283
323.233276
322.460175
322.256866
322.115112
321.780548
321.955933
322.088013
321.811707
321.835083
321.336609
321.600830
321.893158
322.014191
321.729828
322.063385
321.614899
322.294403
322.525513
322.239899
323.048309
322.511658
323.312195
323.864594
323.699982
324.203827
324.454651
324.840302
325.202942
325.717804
326.140350
326.130157
326.254669
326.860016
327.182190
327.206848
327.675964
327.464600
328.083038
328.343262
328.739410
328.922852
328.820404
328.594421
329.422150
328.934021
329.286713
329.839172
328.994476
329.212128
329.030884
329.132782
329.152710
329.073883
328.782440
328.614136
328.585083
328.498810
328.371399
328.179199
327.629883
327.923645
327.002625
326.675690
326.832214
326.194489
326.191528
325.556580
325.420776
325.022766
324.773315
324.932220
324.139038
324.121521
323.784943
323.370392
322.976257
322.704773
322.642334
322.750397
322.358795
322.052399
322.059967
321.519836
321.785431
321.873871
321.463989
321.613983
321.708679
321.534058
321.549957
321.882660
321.322540
321.866455
322.190338
321.567902
321.944794
322.543823
323.001221
322.392883
322.859558
323.294403
323.673981
324.078125
323.907440
324.294250
324.571136
324.957611
325.115234
325.608490
326.141785
326.345764
326.792908
326.828552
326.958649
327.699921
328.126984
328.200134
328.152588
329.021149
329.057983
329.676788
329.349030
330.165771
330.225372
330.410278
330.390320
330.471039
330.843018
330.954437
330.878296
331.045135
330.812317
330.773163
330.991241
330.764404
330.754974
331.142670
330.393616
330.178009
330.024017
330.095062
329.523102
329.380371
329.238647
328.996277
328.884949
328.390289
327.870209
327.918884
327.691864
327.173035
327.346252
326.965942
326.495087
326.192841
326.260742
325.700775
325.579529
324.606506
324.576965
324.558380
323.767426
323.703827
323.596344
323.017944
323.437317
322.669830
322.699524
322.450531
322.314331
322.353882
322.158508
321.972931
321.897400
322.245758
321.672791
322.097443
322.065369
322.113556
322.389069
322.552277
321.977570
322.607330
322.297089
322.554993
322.898682
322.947327
323.066010
324.188354
323.676758
324.027618
324.266815
324.849091
324.725555
325.258972
325.416138
325.493439
325.762787
325.860992
326.309418
326.797180
326.908905
327.323486
327.421509
327.688873
328.104340
327.906158
328.042053
328.359985
329.120758
329.088928
328.821320
329.019714
329.315857
329.127625
330.029602
329.425568
329.870270
329.432007
329.559418
329.606842
329.843933
329.163147
329.357208
329.001312
329.294006
329.228943
328.663574
328.547699
328.526001
328.312592
328.108612
328.159302
327.589539
327.426208
327.672729
327.069611
327.010223
326.939697
326.376984
326.933136
325.962097
325.649353
325.544922
325.238831
325.025665
324.693542
324.949249
324.764923
324.721863
324.118958
324.380676
323.861481
323.634918
323.556854
323.502228
323.394104
323.060150
323.629303
323.239380
323.427429
323.597992
323.087494
323.506073
323.649323
323.633698
323.333954
323.784149
324.141632
323.938110
324.432526
324.808655
324.644897
324.853821
325.175568
325.240448
325.687012
325.490112
326.353943
326.253082
327.053711
326.802002
327.278351
327.529724
327.814606
327.664703
328.258850
328.823792
328.776031
328.546143
329.428589
329.285614
329.792358
329.849243
329.852570
329.850006
330.810150
330.523193
330.436218
330.738922
330.910950
331.346771
330.988861
331.046204
331.239197
331.501801
331.010742
330.888336
331.081940
331.160065
331.281067
331.004608
330.773926
330.550873
330.120239
330.646881
329.844421
329.228180
329.823212
329.638336
328.889893
329.192749
328.794678
328.505859
328.156281
328.513245
327.860474
327.521088
327.380463
327.214325
326.874207
326.477570
326.262695
326.408936
326.055054
326.108551
325.901794
325.544128
325.521271
325.517151
324.724152
325.079895
324.280182
324.793030
324.349060
324.843140
325.074158
324.650146
325.038727
324.988708
324.845398
324.815277
324.734222
325.015015
325.127777
325.543976
325.509918
325.508484
325.929840
326.063934
326.289673
326.446686
326.401794
327.200958
327.147858
327.044586
327.766266
327.908997
328.073578
328.601410
328.523773
328.681274
329.014587
329.440430
329.680389
329.951355
330.108398
330.723572
330.487946
331.100311
330.893005
331.066223
331.664368
331.798248
331.384277
332.109985
332.307434
331.866669
332.575714
332.538666
332.363037
332.068817
332.412140
332.656464
332.763245
332.435638
332.432861
332.236298
332.425873
332.421539
331.891266
332.070679
331.907379
331.907837
331.646698
331.664551
331.242249
331.253937
331.175751
330.296600
330.430969
330.123657
330.464447
330.129822
329.620911
329.656677
329.302002
328.833954
328.880829
328.955933
328.897797
328.859467
328.486511
328.337402
328.101288
327.861023
328.100525
327.748322
327.341064
328.143677
327.713135
327.737061
328.159698
328.251831
327.863342
328.049072
328.005646
327.993408
328.236481
328.462708
328.772125
329.239532
329.362183
329.512512
329.395599
329.454315
330.200592
330.359283
330.462708
330.916168
331.214325
331.400604
331.814178
332.044434
332.280304
333.079010
332.763855
333.502960
333.838104
333.938019
334.385193
334.326508
334.534973
335.101288
335.331146
335.758728
335.835815
336.518677
336.195984
336.690063
336.738617
336.963623
337.096436
336.988770
336.957520
337.241577
337.754913
337.467316
337.519196
337.453003
337.573853
337.369659
337.725403
337.270630
337.720032
337.073547
336.855743
336.975098
336.794800
336.675751
336.831512
336.675262
335.973785
335.783722
335.565704
335.164734
335.068726
334.764832
334.642975
334.459534
334.161102
333.610901
333.717651
333.544373
333.502960
332.711548
332.385132
332.429352
332.227356
332.513977
332.208832
331.460388
331.318542
331.329468
331.284882
331.455414
331.304382
331.604919
331.178558
331.029999
331.140228
330.975739
331.042267
331.282776
331.664215
331.258972
331.767548
331.536530
331.936401
332.468048
331.947205
332.686066
332.825409
332.862091
332.913849
333.456482
333.688446
334.250214
334.744354
334.794098
335.055573
335.200195
335.647308
335.754028
336.700500
336.680023
337.218933
337.175201
337.796478
338.269165
338.114075
338.845581
339.347321
339.020477
339.430603
339.638123
339.737030
340.220215
340.533630
340.896576
340.748962
341.057739
340.507294
341.534241
341.411652
341.494781
341.545166
341.396240
341.984680
342.116272
341.650452
341.610321
341.452972
341.735840
341.864502
341.042908
340.479462
340.586304
340.741486
339.912506
339.884521
340.032257
339.341766
339.296539
339.231323
338.810608
338.734100
338.306000
337.550751
337.412140
337.646149
336.756439
336.654114
336.347168
336.054352
336.026123
335.608521
335.299469
334.984344
335.260712
334.768341
334.370483
334.365662
334.163605
334.387177
333.805206
333.845734
333.718414
333.692352
333.556488
333.764252
333.987732
333.447937
333.549072
333.375519
333.802887
333.810394
333.667877
333.813385
334.177490
334.459564
334.375641
334.569702
335.031036
334.990936
335.743835
335.782684
336.041504
336.297058
336.439545
336.623627
336.932129
337.067566
337.262543
337.550873
337.838898
338.129547
338.459778
338.984131
339.051605
338.958649
339.701233
339.645691
339.872681
340.104553
340.290588
340.383514
340.490723
340.922913
341.074799
341.113739
340.998505
340.837646
341.019623
341.029449
341.231812
341.643341
341.369171
341.604218
340.878723
341.219971
341.032959
340.973083
341.009430
340.953644
340.410156
340.073730
340.417358
340.375702
340.023132
339.944031
339.274567
339.215942
338.882721
338.765686
338.467407
338.668945
338.373199
338.161255
338.143341
337.540680
337.127014
337.489624
336.830353
336.171265
336.799652
336.869781
336.306305
336.243652
335.522217
335.621796
335.661469
335.517517
335.623993
335.340546
335.255463
335.577087
335.186890
335.443207
335.369659
335.407135
335.516876
335.434448
335.759277
335.474518
336.136139
336.242340
336.586365
336.566010
336.747223
336.498657
336.617065
336.868744
336.756500
337.396179
337.400360
337.712585
337.731323
338.368744
338.530182
338.535706
338.947205
338.771820
339.003723
339.513031
339.757812
339.527985
339.750671
339.877533
340.504974
340.310181
340.016449
340.240784
340.129974
340.465088
340.396423
340.791229
340.609100
340.724640
340.454803
340.352020
340.307831
340.374847
340.128662
340.038025
339.919678
340.026642
339.898224
339.236694
339.789673
339.180206
338.913361
338.667999
338.817810
338.145569
337.944244
337.636597
337.333893
337.001312
336.806427
336.737366
336.353485
336.244293
335.862152
335.880432
335.652069
335.392548
335.006683
335.245087
334.868713
334.526520
334.428467
334.348846
334.285370
333.931030
334.074585
333.846893
333.762268
333.756317
333.859222
333.727753
333.769989
333.417969
333.863922
333.549805
333.610931
334.190552
333.977295
334.269562
334.496490
334.258148
334.692230
334.767944
335.022583
335.052246
335.161499
335.431030
335.642792
335.721802
336.057281
336.365662
336.647003
336.721924
337.234802
336.656677
337.549622
337.917175
337.362854
338.060852
338.492401
338.322449
338.457550
338.432953
338.309906
338.342102
338.832886
338.700592
338.532288
338.360077
338.704346
338.400696
338.261475
338.089661
338.128174
337.954285
337.488220
337.615051
337.424347
337.380768
336.934784
336.304352
336.593903
335.931274
335.798370
335.486633
334.883301
334.783539
334.501862
334.410675
334.880890
334.067261
333.706177
333.739502
333.449585
333.027252
333.109711
332.442749
332.375580
332.149048
332.053192
331.995178
331.541534
331.688812
331.588989
331.650513
332.277374
331.696442
332.262024
331.725311
331.914398
332.001068
332.699707
332.723450
333.396606
333.646149
333.400482
333.929932
334.073273
334.306976
334.828735
335.319977
335.514679
335.512482
336.797729
336.822937
337.578033
336.860840
337.831116
337.713379
338.546600
338.518036
338.832611
338.999176
338.954834
339.545166
338.561798
338.574463
338.546448
338.147797
338.125244
337.231018
336.728790
336.344147
334.948883
334.149994
333.089142
331.452087
330.034149
328.930145
327.322235
324.854767
323.018311
320.812164
318.905945
315.847626
313.625183
310.597839
307.651489
304.428619
301.046753
297.733673
294.328949
290.657501
286.724945
282.572693
279.084900
274.657288
270.656158
266.752563
262.381561
258.013458
253.895889
249.817230
245.417435
241.114944
236.754242
232.967880
228.570847
224.815948
221.156998
217.323044
213.676926
210.091446
207.183212
204.238449
201.268555
198.751129
196.494736
194.289139
192.645248
191.022049
189.845734
188.719559
187.939560
187.394577
187.589111

