289.145874
173.159042
173.383713
174.084854
175.035446
176.272446
177.481812
178.958588
181.071671
183.090805
185.300079
187.882965
190.558472
193.120605
196.392700
199.088913
202.395950
205.868347
209.618225
212.980957
216.768295
220.526001
223.955276
227.793549
231.778168
235.344391
239.266296
243.086319
246.842972
250.352798
254.108505
257.387665
260.844513
264.007751
267.563354
270.390625
273.198059
276.317932
278.869446
281.794159
283.986420
286.405914
288.970184
290.871338
292.603790
294.566223
296.402679
297.353271
298.779266
300.437653
301.107697
302.447632
302.913086
304.260132
304.948975
305.172211
305.429871
306.262390
306.652740
306.667664
306.763824
306.623871
307.109985
307.086395
306.986450
306.526917
306.350769
306.434174
305.606598
305.913788
305.681305
305.297424
305.146912
304.925964
304.739258
304.229584
304.025635
303.872711
303.660889
303.459381
303.212677
303.155365
302.632141
302.774414
302.718079
302.750305
302.729218
302.732147
302.946899
302.994537
302.971069
303.000122
303.313690
303.272705
303.253876
303.878082
304.087006
303.861298
304.511719
304.647552
305.501953
305.703857
305.792450
305.898712
306.630554
306.751038
307.510986
307.476196
307.754303
308.357391
308.581177
308.771057
309.166595
309.552307
310.201904
310.516022
310.596313
310.739746
310.691589
311.264618
311.636749
312.029968
311.815399
312.270264
312.151337
312.057037
311.701965
312.753082
312.420227
312.928558
311.609222
312.209991
312.141968
312.422211
311.862396
312.059296
311.757263
311.721741
311.304047
311.094666
310.671906
310.471008
310.626495
310.316467
310.112640
310.133209
309.698059
309.117035
309.212372
308.806854
308.850128
308.785858
307.953094
307.829254
307.522675
307.792603
307.545715
307.454865
307.218811
306.963806
306.779755
306.835266
306.652557
306.847870
306.790253
306.815338
306.798431
307.146759
306.911652
307.684296
307.198456
307.621063
307.530914
307.701447
307.695435
308.123322
308.251709
308.332794
308.571442
308.983948
309.367859
309.733368
310.003448
310.271484
310.797180
310.855957
311.466949
311.585938
312.624786
312.518463
312.830841
313.279633
313.423218
313.680511
314.301849
314.190552
314.886932
315.136810
315.367157
315.589874
316.426361
316.583801
316.625031
316.635406
316.967987
317.151062
317.251251
317.156494
317.190063
317.814850
317.823364
317.663483
317.851929
317.541779
317.744171
317.705780
317.568176
317.163483
316.952911
317.212219
316.958099
317.004700
316.376190
316.730927
316.286804
316.233398
316.069885
315.485687
315.880371
315.002258
315.270599
314.791321
314.590881
314.423828
314.106201
314.105988
313.784424
313.664337
313.098694
312.716248
312.629272
312.463623
311.895691
312.233917
311.826172
312.132172
311.924774
311.860931
311.304932
311.354614
311.486572
311.358337
311.614502
311.344269
311.762543
311.800018
311.833374
311.581177
312.069214
311.931305
311.750031
312.247223
312.749542
312.532867
312.860199
313.059692
313.259033
313.701843
313.966156
313.983856
314.629303
314.654449
315.107483
315.193024
316.049347
315.988708
316.406708
316.224030
316.994873
317.171326
317.757568
317.888153
318.318207
318.451843
318.871490
318.391083
319.372772
319.796936
319.258179
319.772217
320.085907
320.357391
320.232056
320.532593
320.826965
320.733917
321.132812
320.748840
320.977417
321.002930
321.357361
321.163513
321.365662
320.977814
320.897125
320.945770
320.473511
320.396515
320.361755
319.951752
320.047211
320.011780
319.995880
319.506104
319.411865
319.148651
319.543060
318.930634
318.777344
318.686493
318.301117
318.707642
317.657837
317.665497
317.608002
317.592133
317.467346
317.386993
317.379333
317.287201
317.046936
316.945190
316.687836
316.737915
316.821594
316.635040
316.780579
316.659424
316.335083
316.478668
316.916809
317.132965
316.957367
316.822632
317.205078
317.193787
317.032349
317.369598
318.136749
317.757538
317.971863
318.435181
318.762756
319.019836
319.144714
319.469208
319.759338
319.851105
320.355560
320.744232
320.671692
321.455597
321.376282
321.479279
322.093628
322.310028
323.165558
323.212067
323.230316
323.411377
323.942566
323.960388
324.181976
325.120300
325.451660
324.528229
325.086182
325.640686
325.527649
325.620636
325.482910
325.633698
325.935669
326.070496
325.906494
326.402130
326.152649
326.359558
325.953766
326.164429
325.956543
326.318756
325.772705
326.085358
325.911560
325.315399
325.199493
325.093384
325.342041
324.975098
325.020111
324.452637
324.647522
324.248077
324.041901
323.722168
323.349426
323.314087
323.237976
323.209290
323.001892
322.957275
322.703674
322.356659
321.673828
321.959473
321.403015
321.562286
321.662506
321.734833
321.384918
321.600067
321.906494
321.419342
321.422852
321.435486
321.534485
321.647949
321.606323
321.647919
321.971375
321.929504
321.648651
322.107666
322.200897
322.484436
322.656891
323.102142
323.022247
323.229858
323.911499
323.707336
324.067871
323.977966
324.847992
324.725372
324.960266
325.196411
325.602325
326.118011
326.455627
326.975037
326.711578
327.068695
327.476166
327.628113
327.992432
328.057526
328.507690
328.588043
328.927002
329.304382
329.372253
328.960999
329.892975
329.581909
329.616364
330.109924
330.028473
330.049408
330.270203
330.461151
329.958405
330.587616
330.371277
329.835114
329.826965
330.210663
330.238007
329.541412
329.739716
330.031830
329.847809
329.325287
329.212280
329.608398
329.374298
329.102386
328.859100
328.798706
328.735992
328.289124
328.109161
328.323456
328.054504
328.009857
327.624481
327.186798
327.362671
327.059174
327.028809
327.120667
326.643799
326.942566
326.936584
326.828247
327.109070
326.704926
326.704590
326.813599
326.712128
326.655273
326.805023
326.711426
327.331177
327.244141
327.540741
327.541626
327.578522
328.164795
328.493713
327.980652
328.699554
328.623840
329.142548
329.374512
329.497162
330.189301
330.208710
331.060883
331.166534
331.469971
331.597260
332.611115
332.600616
332.499908
332.974060
333.863342
334.133209
334.125671
334.984711
335.026337
335.495453
335.639465
335.923798
336.396423
336.824585
336.685730
337.276520
337.721161
337.676971
337.778778
338.174011
338.194275
338.293610
338.446564
338.572388
338.789459
338.849884
338.684326
338.735168
339.058319
338.771088
338.875275
338.960571
339.005219
338.631958
338.304657
338.674133
337.971954
338.724396
338.127228
338.107697
338.063110
337.904846
337.133179
337.262665
337.109863
336.419769
336.861298
336.380615
335.842804
335.996124
335.797699
336.012238
335.330170
335.651398
335.344208
334.937256
334.867615
334.799622
335.090912
334.903961
334.679260
334.452759
334.686798
334.694244
334.280731
334.387787
334.666656
334.833496
334.717896
334.581024
334.917755
335.187317
335.457703
336.115906
335.846039
336.037781
336.135498
336.555695
336.261871
337.041718
337.720490
337.737122
338.109589
338.786743
339.072052
339.041931
340.010010
340.025909
340.693726
340.908051
341.031311
341.497772
341.883179
342.308533
342.581879
342.995819
343.372528
343.690460
343.814514
344.436035
345.009888
345.288788
345.581940
345.451996
345.777344
345.921265
346.468079
346.349579
346.543213
346.862152
346.802063
347.276093
347.248474
347.372467
346.720154
346.460510
347.583038
347.194763
347.226257
347.095032
346.722137
347.169586
346.613556
346.556000
346.267456
346.034912
345.750183
345.719910
345.691010
345.318604
345.053528
345.253265
344.542572
344.334259
343.663177
343.386200
343.051025
342.923065
342.834808
343.052521
342.448303
342.323395
341.959381
341.439789
340.961060
340.804260
341.248566
340.919128
340.681763
340.126495
340.191742
340.091949
340.118866
340.370544
339.461914
339.906281
339.989716
339.819763
340.150635
339.868835
340.014526
339.940674
340.334839
340.205231
340.263763
340.769104
340.650909
341.084198
341.063629
341.438873
341.772766
342.163635
342.320068
342.649200
342.927124
343.720184
343.182007
343.966797
344.093323
343.993469
344.615021
344.932587
344.614197
345.553497
345.592133
345.847900
346.162689
346.693573
346.596191
346.727570
347.103577
347.378265
347.765778
347.667664
348.396240
347.602448
347.824921
348.155945
348.678833
348.146851
348.497894
348.677826
348.778717
348.292633
348.538635
348.702118
348.347809
348.392761
348.297485
348.116699
348.013794
347.940704
347.732941
347.719391
347.516022
347.383362
347.240479
346.822449
346.723053
346.275177
346.376038
346.408966
346.171906
345.725464
345.545959
345.543457
345.081482
345.132050
344.654022
344.475159
344.295441
344.065826
344.022583
344.059814
343.772675
343.850372
343.912476
343.932037
343.822113
343.501007
343.572968
343.023834
343.257233
343.345215
343.358673
343.501404
343.709045
343.750488
343.203247
343.908997
343.905548
344.114746
344.373718
344.617035
344.190063
344.605652
345.352783
344.912476
345.025604
345.795166
345.320526
345.730499
346.341858
346.641205
346.791504
347.079559
347.288239
347.613800
348.122498
347.309052
348.270416
348.213501
348.257324
348.968872
348.781952
349.060547
349.148804
349.343109
349.206787
349.396271
349.631958
349.576508
349.557007
349.887451
349.909027
349.959106
350.020325
349.673920
349.843903
349.860779
349.188721
349.529846
349.457489
348.571747
349.061188
348.356842
348.728851
348.339172
348.131836
347.551971
348.013672
347.565552
347.737671
347.253235
346.744965
346.643982
346.307281
346.107971
345.567291
346.021790
345.273956
345.409698
345.269623
344.831848
344.910187
344.602783
344.092865
344.559967
344.407196
344.038635
344.128815
343.869629
344.021423
343.701477
343.724487
343.787903
344.094238
343.899811
344.096832
344.037384
344.150360
344.231415
344.208862
344.778381
345.184875
345.011108
345.023621
345.340485
345.255890
345.462616
345.781769
345.894775
346.157776
346.551849
346.667450
347.124481
347.268921
347.472229
347.821747
347.739380
348.407379
348.523499
348.678284
349.006622
348.997772
349.135101
349.226868
350.053589
349.716431
349.583771
349.957031
350.051056
349.679413
350.394287
350.358948
350.011505
350.029755
349.913727
349.603729
349.360352
349.611023
349.431946
349.426697
348.732819
349.163940
348.431000
348.274261
348.465698
347.937134
347.636688
347.291534
347.206329
347.213348
346.624115
346.404144
345.929169
346.159180
345.454926
345.026093
345.351074
344.722778
344.418060
344.556641
344.617859
344.327881
344.337311
343.932373
344.322510
344.073761
343.848114
344.203705
344.000183
344.297211
344.724731
344.245636
344.220001
344.952881
344.898315
345.095276
345.608337
346.044281
346.368835
346.857574
347.138489
347.299042
347.976807
348.463745
348.903076
349.202667
349.721436
350.126678
350.590088
350.952698
351.435730
351.495544
351.799713
351.948700
352.326874
352.881073
352.469788
353.094543
352.447357
352.460968
352.599426
352.353943
351.878906
351.220520
350.753815
349.816406
349.031006
348.067230
346.680237
345.196014
344.480988
342.486603
340.903595
338.566986
336.926117
334.633148
331.818817
329.591736
327.221375
323.760498
321.354126
317.563110
313.864563
310.619781
306.750793
302.762573
299.060486
295.428772
291.308075
286.690826
282.610229
278.213959
273.625061
269.278046
264.525726
260.296692
255.705215
251.396759
246.843887
242.976517
238.396957
234.748901
230.830704
226.663757
222.826797
219.504318
215.949234
212.935318
210.225952
207.323807
204.841888
202.706055
200.901550
199.024857
197.716965
196.688873
196.110809
195.660065
195.829834

289.557312
173.058090
173.306259
174.011246
174.942917
176.182022
177.425385
178.900085
181.025055
183.049240
185.282776
187.851715
190.555908
193.128967
196.422714
199.135956
202.474686
205.950409
209.729095
213.106033
216.924942
220.703217
224.155045
228.029938
232.033203
235.615448
239.573593
243.418137
247.201752
250.724976
254.520569
257.844360
261.339050
264.546021
268.107117
270.983246
273.820038
276.971527
279.556000
282.522522
284.748230
287.206024
289.794586
291.717896
293.490631
295.514862
297.370575
298.354950
299.799469
301.506378
302.204346
303.583588
304.070374
305.467194
306.224091
306.451111
306.771637
307.595795
308.007050
308.044861
308.204712
308.064514
308.602173
308.624542
308.502502
308.129425
307.961426
308.058167
307.275024
307.570068
307.410858
307.025970
306.904449
306.690521
306.554413
306.054535
305.860046
305.721985
305.505707
305.304077
305.110046
305.023499
304.525452
304.677795
304.659119
304.676575
304.627594
304.650238
304.898041
304.960236
304.932190
304.944550
305.259460
305.194214
305.212158
305.834564
306.030090
305.771362
306.431366
306.541748
307.419647
307.601654
307.679657
307.763763
308.461304
308.599762
309.321503
309.272919
309.568176
310.130798
310.347870
310.523804
310.911407
311.245483
311.864685
312.201416
312.222015
312.358337
312.276550
312.799774
313.160248
313.520752
313.277313
313.703766
313.583496
313.487244
313.070953
314.095703
313.705658
314.208405
312.855194
313.413116
313.323364
313.595459
313.000458
313.137024
312.824768
312.787354
312.330536
312.048645
311.611755
311.401672
311.499634
311.144348
310.955078
310.918121
310.449097
309.845062
309.894165
309.474213
309.482300
309.392365
308.544189
308.397278
308.069641
308.286407
308.012665
307.912140
307.645721
307.371857
307.127747
307.214447
306.955750
307.139099
307.070648
307.082367
307.026001
307.351654
307.099426
307.853302
307.360199
307.753296
307.645752
307.805817
307.780090
308.197540
308.273132
308.351318
308.593933
308.987640
309.373718
309.729919
309.964935
310.225555
310.740234
310.802765
311.390900
311.518250
312.521667
312.420746
312.735138
313.179779
313.293640
313.571167
314.175415
314.035187
314.766296
315.013824
315.219971
315.464478
316.286774
316.459930
316.498169
316.480652
316.829651
317.013428
317.129364
317.057770
317.058228
317.701294
317.689392
317.538635
317.754425
317.429688
317.645294
317.614594
317.482849
317.069702
316.892670
317.147614
316.936981
316.959930
316.385376
316.736328
316.269775
316.217438
316.090637
315.497681
315.897522
315.074402
315.320984
314.883453
314.700653
314.524567
314.229248
314.248413
313.924164
313.826324
313.279663
312.907959
312.835205
312.712616
312.133301
312.502167
312.127502
312.427124
312.268738
312.210022
311.673126
311.738647
311.912170
311.779022
312.058014
311.797943
312.230133
312.298370
312.366058
312.102173
312.648315
312.488739
312.367371
312.902924
313.388214
313.225403
313.519836
313.750427
313.956665
314.412903
314.762970
314.802704
315.511444
315.532288
316.002136
316.116699
316.955750
316.989441
317.411255
317.234497
318.034241
318.232147
318.833252
318.976715
319.492676
319.633972
320.125793
319.605042
320.618622
321.096466
320.553467
321.124817
321.424500
321.764099
321.630096
321.977356
322.289520
322.208130
322.679749
322.278473
322.540100
322.643921
322.963989
322.841766
323.032104
322.668610
322.636200
322.742004
322.230713
322.169495
322.238098
321.809387
321.850128
321.922882
321.959106
321.443726
321.418549
321.206238
321.558990
321.017334
320.864502
320.768890
320.392334
320.865234
319.868652
319.822113
319.728485
319.751953
319.633545
319.618073
319.601013
319.544434
319.302673
319.230957
318.997955
318.989136
319.148926
318.947296
319.157379
319.003693
318.667053
318.810028
319.331573
319.494904
319.407990
319.259186
319.612854
319.632202
319.447021
319.748474
320.581940
320.200928
320.340057
320.831543
321.159332
321.426361
321.491516
321.900085
322.140991
322.230408
322.822205
323.132324
323.003082
323.795868
323.744781
323.744293
324.380219
324.611053
325.466736
325.466736
325.477295
325.652710
326.173615
326.175720
326.338379
327.337769
327.587189
326.675995
327.213318
327.736938
327.533569
327.686523
327.490265
327.626770
327.895935
328.047852
327.833405
328.273193
328.008789
328.143433
327.733551
327.894440
327.773041
328.077454
327.480927
327.780548
327.581055
326.916260
326.784149
326.671661
326.854309
326.437744
326.531952
325.871613
326.072998
325.641357
325.390472
325.026947
324.678711
324.571991
324.446533
324.401855
324.168518
324.085541
323.771179
323.418549
322.704834
323.033600
322.412903
322.533051
322.592834
322.575531
322.248260
322.464111
322.709320
322.224792
322.145050
322.181824
322.209106
322.327576
322.238525
322.245148
322.577454
322.497345
322.149414
322.660217
322.746582
323.001068
323.117676
323.558533
323.457428
323.651093
324.271973
324.033752
324.381439
324.333649
325.139648
325.013855
325.212433
325.456146
325.819244
326.348846
326.661469
327.144379
326.880280
327.240631
327.653992
327.733704
328.105652
328.156067
328.624481
328.687836
328.997284
329.375214
329.401978
329.002991
329.916290
329.631317
329.639648
330.127930
330.033722
330.033630
330.288055
330.448364
329.937714
330.588715
330.325378
329.802551
329.787720
330.177368
330.194824
329.497070
329.698883
329.983978
329.795074
329.260345
329.152496
329.545685
329.327637
329.023315
328.789642
328.744263
328.672852
328.199493
328.035370
328.241699
327.964233
327.928192
327.543335
327.112549
327.275513
326.979401
326.950195
327.021423
326.555359
326.862183
326.835846
326.724304
327.014862
326.607666
326.601776
326.704254
326.611267
326.544342
326.731934
326.582672
327.201324
327.108398
327.398163
327.393799
327.430084
328.021851
328.366150
327.827850
328.566956
328.463684
328.977661
329.196014
329.325104
330.013611
330.033508
330.869171
330.946136
331.253052
331.372406
332.406860
332.376709
332.277710
332.748962
333.598572
333.884521
333.895416
334.753387
334.762665
335.221863
335.371429
335.630249
336.089233
336.537537
336.369598
336.970520
337.393127
337.345795
337.429901
337.855743
337.826050
337.903900
338.062592
338.204041
338.401459
338.428558
338.291260
338.326141
338.642883
338.329285
338.415375
338.535278
338.538177
338.187500
337.830841
338.176819
337.487244
338.261871
337.658752
337.614197
337.553009
337.394775
336.580902
336.761932
336.590332
335.884094
336.334869
335.815796
335.266785
335.472809
335.236237
335.444672
334.768646
335.059998
334.760101
334.364502
334.311523
334.238434
334.513519
334.328583
334.081055
333.844452
334.076782
334.097290
333.686371
333.811798
334.101746
334.204254
334.107056
333.987000
334.309143
334.618927
334.846893
335.555115
335.224915
335.427490
335.548706
335.974182
335.667908
336.457153
337.143707
337.136353
337.545105
338.227570
338.492035
338.479126
339.451935
339.461853
340.143707
340.347809
340.497894
340.976166
341.345917
341.811920
342.071136
342.470306
342.901276
343.189636
343.339844
343.962952
344.520050
344.777069
345.097046
345.029083
345.315735
345.487885
346.026611
345.923431
346.106232
346.427429
346.418854
346.892120
346.844574
346.974091
346.342285
346.088196
347.222961
346.875366
346.887543
346.783051
346.387817
346.859344
346.297699
346.276703
345.973846
345.736206
345.492004
345.440613
345.436584
345.062836
344.818604
345.022003
344.290619
344.131134
343.452362
343.174133
342.854858
342.722839
342.648590
342.900116
342.242096
342.168427
341.780762
341.337921
340.805756
340.662292
341.118622
340.801178
340.574493
339.985596
340.094727
339.980530
340.037964
340.291626
339.350128
339.844177
339.936035
339.791016
340.082489
339.816284
339.969727
339.919006
340.314667
340.182343
340.242279
340.738037
340.600983
341.075684
341.023468
341.433746
341.782684
342.173218
342.324219
342.670013
342.927887
343.722412
343.190186
344.006744
344.078613
344.013824
344.611725
344.905792
344.624237
345.581299
345.626556
345.906342
346.200287
346.715393
346.629150
346.759125
347.140442
347.411224
347.806213
347.705048
348.413391
347.622894
347.859772
348.176849
348.718903
348.185242
348.591125
348.754242
348.812042
348.339874
348.574921
348.753235
348.415161
348.445038
348.321259
348.128723
348.061981
347.986511
347.761047
347.739258
347.562836
347.427612
347.269775
346.869659
346.771759
346.278259
346.395599
346.413483
346.226257
345.749542
345.549957
345.573761
345.087280
345.135315
344.648407
344.483765
344.310333
344.034576
344.031006
344.065399
343.760773
343.833252
343.908173
343.891541
343.810181
343.489014
343.541870
342.998596
343.200500
343.308563
343.310364
343.437164
343.647583
343.686523
343.178558
343.865204
343.865051
344.017517
344.298523
344.542877
344.128296
344.548889
345.258911
344.841980
344.945129
345.695251
345.196686
345.630951
346.250183
346.542175
346.700317
346.989014
347.155762
347.468903
348.009277
347.156342
348.143311
348.081665
348.129150
348.838867
348.642120
348.912994
348.982056
349.172424
349.030487
349.266754
349.472595
349.424744
349.386627
349.725861
349.732056
349.802704
349.837341
349.524963
349.651611
349.670105
349.008667
349.327637
349.263855
348.406799
348.879669
348.145874
348.539154
348.125275
347.919312
347.343719
347.810974
347.370392
347.544403
347.040588
346.566528
346.414703
346.092590
345.901581
345.342590
345.835785
345.066986
345.207947
345.046051
344.606873
344.709717
344.411713
343.867645
344.319763
344.187225
343.840454
343.905640
343.666321
343.790710
343.474335
343.483612
343.593262
343.881348
343.671448
343.890045
343.850800
343.934845
344.000549
344.003235
344.541138
345.012299
344.811432
344.820892
345.155090
345.059845
345.265900
345.609985
345.700836
345.976807
346.361969
346.469604
346.921539
347.101776
347.263550
347.665741
347.545746
348.243866
348.365631
348.525940
348.822174
348.841980
348.961609
349.076050
349.895416
349.528778
349.453369
349.820770
349.878784
349.549377
350.225220
350.170380
349.893219
349.877472
349.790314
349.452271
349.237335
349.473450
349.296722
349.321808
348.618988
349.057617
348.357330
348.181030
348.346039
347.834198
347.518646
347.207489
347.083191
347.080353
346.508789
346.341431
345.837067
346.072906
345.408752
344.910187
345.279907
344.636261
344.363098
344.496643
344.539612
344.260468
344.271271
343.875946
344.253479
344.032715
343.811615
344.144745
343.893829
344.233856
344.660919
344.193054
344.157135
344.903259
344.866364
345.076843
345.578888
345.989868
346.358185
346.834229
347.140289
347.261444
347.950012
348.462830
348.875031
349.186340
349.704163
350.094635
350.597198
350.967010
351.441772
351.496613
351.808167
351.957642
352.323853
352.887482
352.485016
353.090332
352.459198
352.493500
352.596039
352.351013
351.910522
351.252655
350.773773
349.832367
349.029510
348.125214
346.710052
345.204498
344.494171
342.521210
340.931091
338.588318
336.959961
334.658905
331.855713
329.615173
327.242645
323.801392
321.378906
317.601044
313.892914
310.667053
306.793335
302.786896
299.106415
295.460571
291.363831
286.746613
282.643372
278.249084
273.662201
269.326721
264.595093
260.336517
255.755493
251.450256
246.894028
243.026398
238.464661
234.821320
230.889404
226.725571
222.890564
219.566559
216.004105
213.009216
210.291992
207.370438
204.906265
202.752609
200.976089
199.091721
197.772018
196.755142
196.171219
195.701157
195.916077

217.343887
183.558075
183.830750
184.361221
185.336548
186.603546
187.968292
189.651474
191.839676
194.062515
196.435547
199.002289
201.759811
204.879181
207.776260
211.432556
214.840714
218.335709
221.871521
225.796051
229.595123
233.151688
237.721237
241.281204
245.508835
249.705872
252.912476
257.716003
261.392578
265.519623
269.312347
272.893951
276.368256
279.861389
283.425934
286.762207
289.493561
292.876709
295.425476
298.338745
300.751678
303.421173
305.662079
307.442932
309.703094
311.784271
313.155457
314.855652
316.132416
317.652008
318.756042
319.769135
320.653931
321.275085
322.160339
322.904083
323.374329
323.776917
324.056122
323.847046
323.739746
323.871704
323.488495
324.032928
323.775085
323.332306
323.176056
323.321869
322.915833
322.562927
322.182800
322.229248
321.236053
321.617950
320.785309
320.485840
320.533630
320.264984
319.404938
319.342682
318.780426
318.995697
318.795929
318.370300
318.502869
318.614563
318.477234
318.457703
318.390320
318.744019
318.499573
317.965607
318.579224
318.262207
318.924957
319.378510
318.492249
319.104126
319.142426
319.771606
319.835388
320.480591
320.826263
320.960663
321.812317
321.259094
322.449341
322.647369
322.615753
323.149536
323.580780
323.903229
323.619354
324.445557
324.205750
324.352509
324.754517
325.107727
325.134796
325.464630
325.827393
326.005890
326.207123
326.140930
326.448792
326.312256
326.181213
326.088501
326.400574
326.278564
326.428894
326.062500
325.820435
325.940063
325.631042
325.245483
325.331512
325.064240
324.806091
324.480377
324.446167
323.879242
323.546082
323.733459
323.234070
323.179626
322.418152
322.337494
322.199036
321.693481
321.404846
321.021973
320.540283
320.088745
320.088226
319.982941
319.661560
319.887573
319.239227
319.094147
319.203156
318.592712
318.670959
318.925568
318.763855
318.990540
318.546844
318.711884
318.865204
318.675446
318.709045
319.017487
319.022278
319.260803
319.161621
319.433258
319.812531
319.994293
320.542297
320.467896
320.762268
320.958344
321.437561
321.383514
321.571991
322.166962
322.347839
322.651947
322.675293
323.409393
323.877075
324.343750
324.557312
324.628937
324.920441
325.424286
325.678009
325.500092
326.216309
326.492065
326.584625
326.497070
327.158691
327.092926
327.382202
327.416687
327.251068
327.457642
327.837189
327.910370
327.410034
327.626740
327.630005
327.840668
327.763763
327.853638
327.187927
327.323975
326.972595
327.419830
326.505402
326.583984
325.796631
325.912567
325.901367
325.887360
325.371429
325.031036
324.595490
324.729462
324.330261
324.399933
323.392334
323.065918
322.503632
322.379639
322.445770
321.898041
321.809845
321.804871
321.294434
321.298553
321.129669
320.772186
320.435272
320.160889
320.686127
320.014069
320.062012
320.057770
319.994019
319.309845
319.298981
319.119232
319.395477
319.605286
319.686798
319.891388
319.849365
319.719238
320.055481
319.996185
320.165405
319.828369
320.506836
320.967224
320.657043
321.616608
321.608215
321.931427
321.968964
322.135742
322.715546
322.804047
322.751221
323.451691
323.675781
323.982117
324.300323
324.428711
324.650696
324.820618
325.270203
325.235626
325.446686
325.904572
326.194183
326.411285
326.471558
326.208099
327.045258
327.099640
326.871918
327.287079
327.531921
327.709381
327.168915
327.102234
327.358093
327.102264
327.502686
327.191772
327.321991
327.179077
327.123047
327.044495
326.953491
326.682251
326.636139
326.818939
326.204041
326.446045
326.035889
325.862946
325.757965
325.373779
325.423706
325.081268
324.827850
324.275452
324.312164
324.139618
323.935455
323.507812
324.075043
323.500153
323.207916
322.904724
322.603149
322.709259
322.614532
322.526917
322.399323
322.060425
321.918213
321.695618
321.613098
322.104736
322.253174
321.558655
322.011597
322.263153
322.036285
321.982422
322.263855
322.095551
322.553101
322.411285
322.716125
323.070068
323.154724
323.299652
323.598480
323.702026
323.893616
324.540955
324.479431
324.753998
324.906067
325.312622
325.590424
325.817017
326.200195
326.561676
326.862885
327.269806
327.091522
327.828552
327.768402
328.246582
328.627838
328.678741
328.753510
328.887878
329.036224
329.839142
329.597656
329.843597
329.589478
330.399902
329.450348
329.894318
330.305634
330.349243
330.576630
329.900757
330.208069
330.292664
330.242004
330.372559
330.585327
329.991913
329.954712
329.639221
329.818817
329.716461
329.613739
329.345947
328.421143
328.545044
328.707703
328.293121
327.871063
328.157257
327.725830
327.361969
327.341858
327.357391
326.865875
326.980896
326.464081
326.361237
325.910889
325.721588
325.701691
325.236694
324.980377
324.920166
324.904480
325.002319
324.259186
324.864563
324.807434
324.599731
324.630432
324.255554
324.540863
324.410095
324.562683
324.407623
324.600220
324.607391
324.810242
324.835083
325.147522
324.842987
325.481812
325.618591
325.559601
325.749359
326.278229
326.235321
326.728790
327.018372
327.033783
327.409424
327.904694
328.053497
328.032043
328.946869
328.613922
328.774017
328.915802
329.402832
329.622375
329.817657
330.657440
330.564697
330.740387
330.554749
331.125732
331.326599
331.043610
331.617218
331.657288
331.482635
331.323151
331.559753
331.574677
332.240601
332.210022
332.284821
332.120911
332.346100
332.285583
331.979309
331.513702
332.002625
331.795349
331.724457
331.520813
331.089447
331.274994
331.362701
331.145416
330.923553
330.101868
330.410522
329.660095
329.722931
329.629181
329.495300
329.393402
329.240997
328.966644
328.810699
328.850006
328.265106
328.167969
328.431061
327.954132
327.657196
327.786407
327.463928
327.452942
327.112793
327.333344
326.843933
327.130280
327.216522
327.199066
326.871307
327.781891
327.145294
327.328827
327.428925
327.464294
327.340912
327.769897
328.000000
328.047668
328.081848
328.484955
328.095123
328.849548
329.086548
329.525940
329.881348
330.009430
330.430115
330.564240
330.765015
331.294525
331.530029
331.983643
331.903931
332.434448
332.539581
333.033325
333.525360
333.770477
334.179047
334.649750
334.548248
334.981903
334.761688
334.959381
335.476318
335.599670
335.618744
336.029419
336.226562
336.301025
336.209534
336.606476
336.420807
336.995361
336.726135
336.562012
336.693359
337.199219
336.757477
336.360931
336.317596
336.164673
336.433197
336.331512
336.169128
336.169342
335.663055
335.725861
335.597900
335.217377
334.971252
334.587067
334.098969
334.231323
333.946350
333.347748
333.560455
333.450165
333.171906
332.504364
332.517487
332.532654
331.964508
331.597473
331.898834
331.464661
331.134399
330.693298
331.473389
330.981232
330.662415
330.776184
330.451935
330.115356
330.388763
330.287659
330.563690
330.272583
330.306885
330.490967
330.234467
330.569550
330.670990
330.965118
331.193451
331.321136
331.412750
331.661987
331.462982
331.873444
332.651550
332.941925
332.111298
333.122925
333.607849
333.799042
333.789917
334.686584
334.819733
335.113739
335.851257
335.899841
335.944397
336.686005
336.740387
337.177704
337.419006
337.301483
337.944946
338.219421
338.061127
338.313812
339.045105
338.872345
339.378571
339.134766
339.456238
339.435913
339.889404
339.894348
339.528564
340.437622
340.362122
340.107239
340.189240
339.948090
340.210754
340.006531
339.590057
339.481354
339.671265
339.374084
339.140778
339.162323
339.173401
338.671814
338.366730
338.040863
337.961670
337.406281
337.702759
336.710327
336.291138
336.193878
335.795593
335.541046
335.463470
335.387787
334.938324
334.225952
334.226135
333.921661
333.828735
333.129425
333.142334
333.205963
332.542389
332.246002
331.689758
331.732300
331.502838
331.062134
331.487030
331.509613
331.416901
331.306824
331.309052
331.292542
331.210876
330.752869
331.300659
331.071014
331.437775
331.304840
331.648071
331.459137
332.048828
331.783417
331.680145
331.769958
331.654663
332.329590
332.717133
332.545319
333.043610
333.560730
332.963745
333.801514
333.979736
334.331940
334.666351
334.842957
335.508209
335.975922
335.523682
335.527588
336.265045
336.396851
336.435974
336.679688
336.595581
336.895233
337.121887
337.173737
337.320923
337.707275
337.736542
337.615021
337.881592
337.657410
337.891846
337.668640
337.367767
337.858337
337.588409
337.882141
337.699738
337.079285
337.548767
337.027740
337.011810
336.903564
336.593201
336.633209
336.460693
336.197357
335.994904
335.888184
335.258423
335.018219
335.274750
334.701782
334.258881
334.057037
333.815491
333.631744
333.496094
333.193817
332.899628
332.752350
332.685822
332.783203
332.400055
332.388428
331.920258
331.680267
331.351318
332.087738
331.547668
331.253693
331.234741
331.304108
330.921326
331.205322
331.014313
331.029480
331.359344
330.768585
331.732758
330.820831
331.334717
331.642914
332.061188
331.707214
332.142975
331.893341
332.324341
332.016205
333.107971
332.607941
332.848694
332.784668
333.143829
333.721619
333.662659
333.950317
334.170044
334.027771
334.423828
334.654663
335.052277
334.802094
335.333496
335.153748
335.341431
335.584412
335.248383
335.904419
335.674866
335.823547
335.564880
336.041321
336.070343
335.806488
336.252869
336.167816
335.734650
335.725098
336.105194
335.555481
335.912048
335.472534
335.280640
335.106018
334.804352
334.708313
334.806671
333.882965
334.432892
334.023376
333.391754
333.668274
333.327515
333.085876
332.533752
332.584137
332.473053
332.083252
331.624390
331.637695
331.683777
331.174927
330.856873
330.291412
330.206268
330.586060
329.871918
329.739380
330.040131
329.852844
330.078156
329.712433
329.163361
329.446625
329.312012
329.633331
329.290283
329.613495
329.141357
329.593872
329.829895
329.725464
329.962311
330.041382
330.105286
329.843018
330.255157
330.526428
330.747070
330.806976
331.164551
330.838715
331.277283
331.579407
331.957489
332.239807
332.254272
332.356781
333.215393
332.865509
333.438721
333.495026
333.648682
333.707184
333.821106
334.174347
334.185852
334.252319
334.448029
334.308258
334.208405
334.810486
334.684235
334.221649
334.587433
334.490234
334.420074
334.424774
333.905273
334.071625
333.941620
333.793549
333.936646
333.663300
333.677429
333.446320
333.083984
332.393646
332.352692
332.152344
332.024628
332.020569
331.464386
330.951355
330.998627
331.045380
330.371002
330.577057
329.661713
329.489624
329.600250
329.471375
329.002167
328.701477
328.993530
328.833954
328.630157
328.665588
328.502869
328.928619
328.592041
328.577484
328.634369
328.923737
328.667938
328.926422
329.169617
329.326447
329.561401
330.032928
330.762177
330.360748
330.733154
331.132019
331.667023
331.652618
332.311401
332.926300
333.156036
333.604279
334.230377
334.479950
334.974487
335.128510
335.185944
335.622223
335.760529
335.971771
336.123138
336.238037
336.709625
336.423370
336.328735
335.998352
335.805298
335.007294
334.764252
334.076813
333.767029
332.658264
331.620331
330.742828
329.436554
328.112701
326.490356
324.731140
322.692444
321.044373
319.067474
316.683777
314.092194
311.652649
308.654694
305.832306
302.333832
299.521454
296.048615
292.724457
288.979950
284.968262
281.265717
277.493988
273.427216
269.111664
265.141541
260.874054
256.195343
252.397903
248.486328
243.788406
239.733994
235.825211
231.543900
227.320419
223.557556
219.491425
216.080933
212.626434
209.347000
205.869781
203.307343
200.434525
198.115845
195.316711
193.527115
191.683701
190.048416
188.991821
187.879959
187.462494
186.872681
186.328918

220.606934
183.673981
183.956360
184.488953
185.432800
186.718399
188.072952
189.776154
191.966156
194.193512
196.540939
199.122864
201.915878
205.015533
207.921844
211.565643
214.996109
218.508194
222.053986
225.948395
229.778366
233.340576
237.869339
241.469742
245.689178
249.875046
253.068542
257.918579
261.608368
265.718597
269.562714
273.095459
276.586548
280.088562
283.668030
287.005737
289.732391
293.127228
295.703827
298.595551
301.004517
303.683075
305.960388
307.714355
309.983246
312.102600
313.429504
315.129608
316.484924
317.953217
319.076813
320.088806
321.000366
321.582703
322.478485
323.260803
323.664001
324.076141
324.380615
324.181274
323.977844
324.202942
323.831512
324.348541
324.117798
323.642731
323.463013
323.671600
323.234406
322.918579
322.546204
322.554993
321.544983
321.890869
321.091187
320.755402
320.838593
320.580231
319.707428
319.601044
319.099426
319.306824
319.052917
318.681519
318.747070
318.921082
318.725769
318.680908
318.663971
318.982483
318.709839
318.165192
318.768921
318.450226
319.073273
319.562347
318.646240
319.250427
319.326294
319.904572
319.991241
320.615417
320.927155
321.106689
321.895355
321.351868
322.524628
322.751343
322.691071
323.263947
323.607880
323.981201
323.641479
324.388275
324.256042
324.332062
324.724365
325.047119
325.107788
325.442657
325.771027
325.986328
326.150696
326.096344
326.375793
326.243011
326.090027
326.024780
326.323151
326.187317
326.273285
325.983551
325.691650
325.821075
325.516205
325.093262
325.250580
324.935028
324.673737
324.354553
324.334167
323.751648
323.423798
323.594208
323.086945
323.034607
322.281830
322.171600
322.050385
321.537201
321.263397
320.862244
320.379425
319.999512
319.960022
319.897766
319.558563
319.730988
319.111664
318.959229
319.081085
318.493103
318.570465
318.857544
318.702728
318.895325
318.457092
318.628204
318.780640
318.606201
318.664703
319.002869
319.001221
319.248138
319.156006
319.410248
319.817383
320.017975
320.535309
320.486694
320.764496
320.979462
321.462677
321.412720
321.648804
322.226532
322.404907
322.698456
322.732727
323.496460
323.960785
324.429443
324.646637
324.729797
325.031891
325.544922
325.782623
325.628906
326.349548
326.640686
326.723541
326.622040
327.345337
327.237732
327.539948
327.591339
327.415863
327.604553
328.008392
328.089478
327.574493
327.793304
327.782898
328.004669
327.937622
328.028168
327.371796
327.466125
327.150085
327.614838
326.668701
326.745361
325.932922
326.060822
326.066833
326.029846
325.517731
325.140228
324.732361
324.860748
324.462036
324.535767
323.504883
323.190643
322.605377
322.494843
322.540558
321.988708
321.908264
321.872559
321.377258
321.345917
321.182526
320.819366
320.482391
320.189789
320.712677
320.042908
320.068237
320.071075
320.024719
319.323669
319.265594
319.095154
319.367157
319.593872
319.661438
319.858917
319.810883
319.657593
319.991272
319.936096
320.094696
319.754639
320.412079
320.876556
320.577454
321.525848
321.523224
321.838989
321.862122
322.016968
322.606201
322.673920
322.638214
323.339355
323.559845
323.876801
324.171265
324.318909
324.525055
324.711975
325.148865
325.108795
325.334595
325.773590
326.072601
326.277832
326.349426
326.087158
326.936859
326.997040
326.771698
327.190887
327.424896
327.614807
327.083405
327.019806
327.269958
327.036865
327.409485
327.126343
327.283325
327.145233
327.088287
327.045715
326.936035
326.663788
326.643311
326.827728
326.219391
326.474854
326.056824
325.901672
325.792633
325.429565
325.487732
325.138214
324.889404
324.388611
324.400757
324.216492
324.065826
323.617035
324.229218
323.633484
323.369812
323.082367
322.784363
322.905731
322.762115
322.705383
322.595673
322.268860
322.113678
321.894592
321.782959
322.344849
322.486816
321.806976
322.249084
322.509033
322.269470
322.239532
322.509247
322.374573
322.839600
322.663300
322.985443
323.357666
323.429443
323.601746
323.880249
324.008942
324.187439
324.829224
324.782928
325.083893
325.231873
325.622101
325.921967
326.174377
326.483459
326.872925
327.150818
327.571869
327.424591
328.111542
328.056458
328.528046
328.878143
328.954803
329.027222
329.122406
329.299805
330.081146
329.838684
330.085815
329.834198
330.618042
329.669464
330.096619
330.533783
330.541138
330.722198
330.049438
330.362701
330.471344
330.404297
330.524017
330.756744
330.132385
330.064575
329.735962
329.921753
329.806152
329.687805
329.426636
328.473511
328.607849
328.758850
328.353699
327.896484
328.171143
327.753693
327.400177
327.360718
327.368286
326.865845
326.960907
326.437286
326.349426
325.874786
325.677582
325.670715
325.161621
324.923950
324.857971
324.843475
324.916046
324.172028
324.786438
324.716064
324.525757
324.548737
324.161255
324.435272
324.326508
324.487610
324.319519
324.503418
324.515259
324.693970
324.747131
325.059509
324.759308
325.380859
325.518433
325.466766
325.677765
326.212006
326.161621
326.654602
326.952972
326.978973
327.374603
327.843414
328.017975
328.006622
328.914642
328.600708
328.756073
328.936249
329.394226
329.625153
329.815582
330.681549
330.599091
330.780090
330.603333
331.185333
331.392670
331.115417
331.689606
331.739258
331.591614
331.429688
331.712280
331.716492
332.393219
332.378021
332.465271
332.335358
332.536224
332.490021
332.176086
331.756561
332.246277
332.063873
331.973694
331.797699
331.378204
331.604065
331.687103
331.427307
331.261963
330.441101
330.785095
330.064484
330.127686
330.011261
329.892273
329.785828
329.646484
329.373993
329.251038
329.266083
328.699860
328.579437
328.868225
328.398499
328.147614
328.264587
327.936493
327.934723
327.595490
327.820953
327.348602
327.641174
327.727020
327.691162
327.406921
327.875488
327.684235
327.833710
327.957947
327.977570
327.831329
328.299011
328.518951
328.535797
328.603973
329.000702
328.601532
329.365417
329.645508
330.016479
330.342072
330.515015
330.929718
331.086029
331.256622
331.775757
331.976868
332.419067
332.365051
332.873779
333.013367
333.484833
333.970490
334.229248
334.585083
335.062653
334.976746
335.383636
335.173889
335.348572
335.869141
335.990326
335.994354
336.372925
336.555298
336.650482
336.576324
336.955688
336.744202
337.310516
336.981445
336.849304
336.977570
337.479797
337.013000
336.618835
336.547241
336.390533
336.642731
336.540924
336.362885
336.335602
335.861725
335.903534
335.769897
335.388458
335.119995
334.705872
334.200317
334.345428
334.068329
333.463745
333.649719
333.539154
333.246002
332.587769
332.570312
332.590179
332.011597
331.637787
331.933044
331.476837
331.140289
330.702850
331.462921
330.972229
330.629028
330.776581
330.439270
330.087463
330.350739
330.247253
330.509949
330.208923
330.232971
330.440308
330.154541
330.503326
330.606415
330.891785
331.088593
331.208496
331.322601
331.576233
331.348846
331.757996
332.539246
332.817719
331.965393
332.976685
333.473572
333.665741
333.632660
334.534454
334.650085
334.959839
335.699646
335.739502
335.757233
336.520782
336.585175
337.024780
337.258362
337.120270
337.764160
338.034393
337.896820
338.138580
338.869537
338.690765
339.198181
338.965393
339.247925
339.241760
339.700897
339.699707
339.345215
340.227020
340.175812
339.901550
339.987762
339.752747
340.023651
339.792572
339.386688
339.270477
339.477936
339.179871
338.930695
338.965149
338.984894
338.480652
338.153656
337.849945
337.777252
337.200439
337.499298
336.494904
336.070526
335.990234
335.572815
335.309143
335.248352
335.157318
334.736206
334.005432
333.990601
333.723633
333.623901
332.898468
332.923645
332.967102
332.328278
332.005676
331.482208
331.499420
331.281555
330.838684
331.259003
331.302673
331.207428
331.095490
331.101746
331.084167
330.995911
330.551453
331.091919
330.875793
331.244812
331.093750
331.415131
331.243530
331.834900
331.613220
331.455292
331.579773
331.433624
332.150360
332.526031
332.338989
332.850433
333.386536
332.762299
333.593140
333.793335
334.138153
334.444305
334.673615
335.330444
335.788330
335.357025
335.371246
336.090759
336.219879
336.285828
336.525848
336.428192
336.739227
336.988556
337.021729
337.177338
337.602661
337.571777
337.503510
337.751343
337.521454
337.770660
337.556458
337.277008
337.722992
337.459625
337.770508
337.605286
336.970978
337.451599
336.907806
336.915253
336.782745
336.511139
336.564911
336.370758
336.118500
335.917236
335.821136
335.194305
334.978760
335.205292
334.633026
334.205292
333.998749
333.739471
333.596344
333.456848
333.170166
332.813171
332.727844
332.671356
332.728882
332.358002
332.366791
331.891876
331.506561
331.359497
332.041962
331.542938
331.216309
331.177094
331.262085
330.911011
331.182495
331.003418
331.020935
331.339233
330.723175
331.734192
330.803101
331.354797
331.598572
332.044708
331.714874
332.145386
331.881470
332.346130
332.031555
333.099335
332.611908
332.825775
332.800140
333.119904
333.725128
333.650299
333.963959
334.172455
334.058533
334.436981
334.653595
335.058441
334.783386
335.370087
335.142242
335.347076
335.609497
335.250793
335.906097
335.678345
335.812653
335.566650
336.025116
336.081696
335.805359
336.269928
336.197998
335.743195
335.732422
336.110413
335.559998
335.921753
335.467560
335.271393
335.109253
334.804688
334.708405
334.818329
333.901520
334.433044
334.020874
333.402496
333.688263
333.333038
333.101410
332.556946
332.619812
332.477631
332.104309
331.645813
331.656036
331.692505
331.188660
330.868805
330.307709
330.234131
330.605560
329.903900
329.763306
330.068970
329.898224
330.115265
329.740692
329.205902
329.483948
329.370422
329.674957
329.340302
329.658600
329.194427
329.649506
329.901550
329.787781
330.021423
330.106995
330.157837
329.909241
330.307983
330.585449
330.806458
330.877319
331.225159
330.921783
331.360046
331.658966
332.058899
332.337677
332.343994
332.439575
333.294861
332.961792
333.544159
333.616180
333.737061
333.819336
333.930847
334.293457
334.315948
334.360535
334.554993
334.431458
334.330231
334.904907
334.824921
334.346161
334.708740
334.621826
334.551941
334.547028
334.017548
334.204681
334.083435
333.934570
334.070007
333.794250
333.822510
333.574951
333.202667
332.533600
332.490753
332.284668
332.144440
332.139832
331.605499
331.115631
331.142242
331.167236
330.508972
330.699432
329.776031
329.631256
329.698517
329.601471
329.121246
328.808533
329.146790
328.939545
328.728699
328.778015
328.607849
329.014038
328.678528
328.674500
328.725067
328.988525
328.750336
329.004700
329.241150
329.411102
329.638977
330.104401
330.823547
330.409485
330.788361
331.196503
331.734833
331.711151
332.347809
332.969849
333.158722
333.613037
334.233093
334.483978
334.962952
335.119812
335.175690
335.627625
335.725739
335.948761
336.109253
336.205536
336.680389
336.396729
336.305054
335.943115
335.741272
334.956024
334.687836
334.006042
333.688568
332.582214
331.516144
330.652344
329.346893
328.017761
326.376740
324.597565
322.580872
320.908264
318.929962
316.552094
313.968872
311.502747
308.482086
305.686035
302.182007
299.354828
295.887238
292.546448
288.800049
284.783081
281.086487
277.305145
273.217499
268.881378
264.949036
260.643158
255.985504
252.171860
248.258667
243.541153
239.503937
235.577560
231.309158
227.095306
223.323059
219.247101
215.826859
212.351166
209.098022
205.611847
203.046555
200.178589
197.843491
195.054306
193.274185
191.411026
189.792511
188.731613
187.604340
187.209686
186.603760
186.089706

