313.327118
172.177246
172.777039
173.116150
174.327530
175.232941
176.773453
178.174881
179.984375
182.195801
184.340073
187.021378
189.388275
192.361130
195.286438
198.531586
201.592896
204.913879
208.473221
211.900162
215.543167
219.264084
222.867981
226.719315
230.440079
234.117889
238.208069
241.720291
245.605850
248.746185
252.616776
256.079224
259.449829
262.664948
266.209534
269.269745
272.352356
275.329895
277.916351
280.565765
282.924866
285.521973
287.535156
289.181305
291.278107
292.992706
295.268127
296.449188
297.824707
299.171051
300.078766
301.203583
302.028595
302.722473
303.659027
303.824493
304.458984
304.769623
305.170807
305.361847
305.770020
305.805817
305.837067
305.486572
305.986237
305.947266
305.405548
305.190582
305.193481
305.170776
304.539215
304.681366
304.259735
303.807129
303.200348
303.647614
303.426331
302.803436
302.739532
302.553131
302.330597
302.327667
302.208435
302.179199
302.215515
302.062195
302.014984
301.745117
302.132477
302.010773
302.005768
301.809814
302.588226
302.466156
302.571228
302.703766
303.164185
303.116150
304.064697
303.939240
304.628510
304.614105
305.069611
305.365723
305.854950
306.312958
306.503326
306.994904
306.961060
307.590027
308.097992
307.700470
308.582825
309.082458
309.617950
309.373108
309.543701
310.105469
310.452393
310.554932
310.645966
311.244629
310.884308
311.479980
311.476471
311.748840
311.548340
311.695465
311.817169
311.901611
311.924591
311.983124
311.627136
311.643646
312.020721
311.536957
311.001221
311.205353
310.632141
310.781738
310.381805
310.261047
310.422943
309.594421
309.578461
309.529419
309.117676
308.941620
308.414673
308.507965
308.164062
307.826294
307.761505
307.857147
307.599335
306.963135
306.790344
306.677338
306.527771
306.390289
306.435394
306.417267
305.923401
305.901825
305.881226
306.484436
305.985077
306.036102
306.247223
306.090454
306.534698
306.555817
306.781189
307.151825
306.975342
307.542145
307.607513
307.923492
308.068146
308.114502
308.692596
308.611267
309.472748
309.407227
309.912598
310.290588
310.830627
310.700043
311.041260
311.436340
311.922638
312.039398
312.687897
313.108734
313.287445
313.821045
314.287445
314.310608
314.511475
314.756104
315.232452
315.267273
315.459137
315.693634
316.233185
316.328247
316.109467
316.319702
316.361877
316.445160
316.322479
316.439575
316.420837
316.210602
316.395935
316.714569
316.672211
316.272461
316.232483
315.915924
315.765472
315.679474
315.563995
315.507751
315.277405
315.155853
314.980438
314.472778
314.045502
313.809814
313.794006
313.575958
313.381409
312.926453
312.383453
312.527435
311.781830
312.291840
311.889160
311.473602
311.252960
311.090515
311.087280
310.577667
310.652557
310.208649
309.852814
310.253113
309.935974
309.718475
310.102722
309.958252
310.122772
309.702393
309.898102
310.203766
309.950073
310.075256
310.293671
310.559662
310.330414
310.476105
310.679413
310.820923
311.230896
311.760559
311.427765
311.808502
312.082611
312.455383
312.748749
313.043243
313.518311
313.627502
313.608826
314.123932
314.578949
314.577942
315.024292
314.960785
315.205841
315.600159
316.244049
316.151825
316.935089
316.743835
317.035187
317.367676
317.498413
318.130005
317.708923
317.828369
318.137329
318.618195
318.943268
318.613586
318.383148
318.785400
318.841949
318.460663
318.772919
319.057648
318.488983
318.857727
318.658203
318.602295
318.840820
318.336609
318.238190
317.947815
317.941223
317.669312
318.027283
317.169739
317.106567
316.982239
316.946411
316.616455
316.139282
316.411377
315.896637
315.665985
315.473602
315.197083
315.287537
315.154480
315.058411
314.516357
314.455383
314.325226
314.081329
314.109528
314.460724
314.139374
313.995941
314.122925
313.655914
313.498566
313.621460
313.749023
314.041351
314.221924
314.049835
314.402924
314.532410
314.893311
314.752716
313.978760
314.913116
315.002625
315.330078
315.637451
315.187195
315.872223
316.122681
316.299103
316.457672
316.784882
317.098633
317.566528
318.419250
317.728027
318.492371
318.822876
319.046997
319.358643
319.446411
319.772675
319.823273
319.923981
320.281403
321.145508
321.040588
321.322632
321.290680
321.496704
321.957703
322.061218
322.348907
322.426086
322.347015
322.586487
322.460693
322.964081
322.590149
322.653595
322.418091
322.577484
322.600769
322.568726
322.915985
322.244812
322.476318
322.109192
321.737244
322.338928
321.887421
321.859863
321.461273
321.437408
321.323761
321.380646
320.663910
320.842560
320.840515
320.064850
320.054199
319.490875
319.275482
319.049988
319.043182
319.101929
318.988007
318.917938
318.524384
318.384033
318.541565
318.071869
317.799438
318.143341
317.827667
317.625641
317.629639
317.410797
317.538361
317.694092
317.566284
317.881866
317.361664
317.908783
317.986420
317.870880
318.098907
318.226624
318.573517
318.371155
318.993347
319.185120
319.181122
318.949463
319.809540
320.090332
320.125732
320.186798
320.411041
320.638672
321.318878
321.693909
321.375458
321.599915
322.219086
322.349304
322.917419
322.496582
323.287750
323.511688
324.011749
324.153748
324.236145
324.272034
324.469971
324.523132
324.521118
324.745789
325.328644
325.412079
325.783997
325.704498
325.478973
325.756866
326.038635
325.709595
325.947571
325.529358
325.704224
325.869049
325.827850
325.786835
325.717529
325.672760
325.626251
325.369110
325.234039
325.082520
325.063629
325.009613
324.530884
324.706055
324.236725
324.107788
323.949249
323.814331
323.484344
323.602081
323.368866
322.969879
323.024719
322.870392
322.230804
322.493866
322.321167
322.248444
322.190186
322.133820
322.098419
321.695923
322.100647
322.128876
321.929688
321.765991
321.875031
322.189728
321.847260
321.951660
322.013000
322.517273
322.732513
322.745667
323.246063
323.284760
322.518402
323.658813
324.112518
323.939026
323.876129
324.514099
325.126465
325.247742
325.621033
325.816986
326.460297
326.742645
326.957703
327.088867
327.594757
328.287689
327.968170
328.778381
328.855255
328.999298
329.722229
330.025146
330.521393
330.969574
331.038025
331.381561
331.799927
332.109100
332.549164
332.488617
332.925964
332.606323
333.143250
333.221832
333.386353
333.200134
333.852509
333.641144
334.042328
333.606201
333.715485
334.186096
333.994720
333.880249
333.911102
333.625366
333.773987
333.673187
333.322998
333.445068
333.052948
333.068756
332.940002
332.733124
332.541870
332.757935
332.091705
332.024506
332.023621
332.040863
331.570831
331.053070
331.071411
330.589081
330.743988
330.796936
330.942047
330.512238
330.340759
329.928497
330.285431
329.988464
329.916901
330.014709
330.192322
330.104095
330.362183
330.269226
329.955505
330.385956
330.459045
330.795532
330.712616
330.806763
330.511597
330.964661
330.943359
331.342438
331.340057
331.817810
332.500122
332.242737
333.016754
333.453094
333.676239
333.854767
334.192047
334.762390
334.914764
335.304169
335.434143
335.985565
336.391418
336.825165
337.305969
337.869049
338.470703
338.598053
339.361359
339.561066
339.927948
340.677032
340.627899
340.471893
341.142883
341.622528
341.942322
342.247986
342.131958
342.631409
342.583618
342.689514
343.342133
343.406006
343.729004
343.669861
343.977661
343.938416
343.435883
343.699768
344.108734
344.153748
343.416077
343.449554
343.625275
343.261536
343.650238
343.282440
343.288391
342.937561
342.782135
342.407654
342.244537
341.712982
341.495300
341.731689
341.554932
341.346832
340.990387
340.843231
340.457184
339.965485
339.800659
339.391693
339.690033
339.152985
339.014252
338.630676
338.393890
338.316650
338.543854
338.724274
338.152802
337.907410
338.372223
337.815247
337.889374
337.779327
337.924072
338.052551
337.548462
338.264923
337.309265
338.181335
338.204681
338.164459
338.482819
338.404663
338.931305
338.918854
339.295288
339.795898
339.754761
340.117126
340.476624
340.883270
340.977997
341.460663
341.837128
342.023987
342.083740
342.419342
342.329407
342.923615
343.577545
343.743256
343.937347
344.498444
344.535706
344.786072
345.278320
345.512695
345.634033
345.868073
346.135284
346.453918
346.700592
346.977478
347.094025
347.430481
347.128815
347.068207
347.597595
347.761993
347.649628
347.890778
347.594757
347.570770
347.713135
347.688568
347.402069
347.304840
347.405457
347.547333
347.402008
346.610535
346.632446
347.142822
346.647552
346.358490
345.894440
346.053864
345.814423
346.015625
345.449219
345.024109
345.186432
344.986877
344.641541
344.659698
344.370331
344.235321
343.901825
343.813904
343.831543
343.472656
343.188599
343.482880
343.250244
343.440125
343.358948
343.395142
343.215393
342.987976
343.075043
342.798492
342.929962
342.956818
342.830383
342.911438
342.759979
343.212158
343.652771
343.525452
343.888489
344.167419
344.074127
344.419922
344.522644
345.223999
344.537872
345.242676
345.576660
345.782745
345.731110
346.087341
346.184845
346.752716
346.680389
347.085388
347.478516
347.250671
347.326721
348.353729
348.172485
348.190887
348.932465
349.005768
348.880829
349.414917
349.427063
349.473755
349.419250
349.502747
349.861786
349.860260
349.901276
349.687134
349.617798
350.012329
349.773987
349.786377
349.726379
349.250549
349.531219
349.372314
349.112518
348.750488
348.811737
348.676270
348.733032
348.331909
348.313324
347.779083
347.728210
347.976898
347.012451
346.986267
347.161987
346.776093
346.148407
346.050690
345.937561
345.583191
345.618469
345.130005
344.788605
344.904877
344.743378
344.284027
344.713074
344.355011
344.596100
343.984344
344.090576
344.309021
344.009247
344.023102
344.204895
344.475037
344.338257
344.471741
344.085541
344.235809
344.590546
344.425507
344.913025
344.700684
345.671204
345.167480
345.486084
345.743011
345.830566
346.075897
346.319489
346.319733
346.684296
347.103882
347.036224
347.488434
347.503021
347.722687
348.282135
348.369263
348.475311
348.409088
349.447937
349.242065
349.442200
349.452209
349.634796
349.486359
349.902863
349.777649
349.811371
349.881866
349.597504
349.766632
350.679749
349.802094
349.979797
349.780334
350.011719
349.723785
349.296875
349.340088
349.128387
348.931824
348.417145
347.980621
348.496307
347.664215
347.400635
347.311554
346.980042
346.675232
346.599884
345.869965
345.776031
345.963043
345.611969
345.422668
344.493317
345.096161
344.947266
344.153564
343.932220
343.656738
344.007874
343.972565
343.668182
343.481598
343.544128
343.345886
343.512115
343.731537
343.725555
343.795532
344.241730
344.378998
344.946320
344.530457
344.836365
345.546692
345.542114
345.974304
346.087280
346.581818
347.613190
347.741913
347.577209
348.358917
348.542664
349.003113
349.706848
350.238312
349.911865
350.675629
351.126801
351.313324
351.591187
351.429565
351.619934
351.726349
351.469543
351.676971
350.968567
350.821991
350.116150
350.101776
349.340912
348.802704
347.820496
346.775116
345.461121
344.133057
342.675018
341.316467
339.493347
337.467621
335.357880
333.198090
330.612305
328.114777
325.214783
322.496155
318.944763
316.206085
312.402252
308.994843
305.242676
301.827637
297.681824
293.634705
289.617523
285.075623
280.846924
276.494446
272.240967
267.719147
262.949554
258.840790
254.185501
249.892380
245.347290
241.103348
237.138046
232.759689
228.890579
224.810089
221.500961
217.706635
214.378296
211.269882
208.421707
205.924301
203.349350
201.040451
199.339111
197.425995
196.198853
195.199326
194.529800
193.853104
194.064514

304.655518
172.449417
173.030716
173.379898
174.604965
175.474884
177.058670
178.466171
180.287567
182.501007
184.622681
187.339249
189.675491
192.681915
195.630844
198.864914
201.936371
205.256973
208.834457
212.282379
215.899353
219.614746
223.241516
227.115250
230.885056
234.546646
238.640854
242.146591
246.059265
249.217239
253.115189
256.601013
259.958282
263.180084
266.724030
269.826263
272.924896
275.916260
278.516541
281.142334
283.499847
286.136627
288.147400
289.793365
291.896088
293.631927
295.920135
297.147369
298.507812
299.874603
300.814545
301.929901
302.765991
303.435669
304.419006
304.572235
305.227142
305.549744
305.942444
306.150360
306.561707
306.600250
306.611328
306.259674
306.764130
306.720001
306.165619
306.003784
305.974121
305.959381
305.303894
305.497589
305.052338
304.544342
303.961823
304.427612
304.200653
303.574310
303.481079
303.302551
303.061157
303.057343
302.930267
302.887451
302.896484
302.737122
302.693237
302.395325
302.771667
302.626434
302.627014
302.377716
303.162537
303.020630
303.131927
303.231812
303.656036
303.594421
304.509125
304.385406
305.051697
305.034302
305.434204
305.717590
306.196655
306.631287
306.790222
307.250793
307.191040
307.812927
308.302521
307.897736
308.737671
309.194183
309.698090
309.448273
309.629883
310.116455
310.456451
310.520813
310.588959
311.181030
310.787140
311.349884
311.326508
311.571289
311.358490
311.511414
311.578522
311.646912
311.648743
311.692108
311.327393
311.306030
311.652710
311.154663
310.636383
310.808197
310.191833
310.330109
309.921356
309.788605
309.928406
309.088531
309.032837
308.983429
308.551697
308.394745
307.850952
307.933228
307.552063
307.242188
307.164124
307.249939
306.987457
306.333405
306.156403
306.051636
305.871185
305.759552
305.830597
305.761841
305.265320
305.256470
305.201630
305.845947
305.344391
305.393677
305.629456
305.439575
305.897766
305.923584
306.151978
306.568176
306.333130
306.951111
307.023376
307.341492
307.473846
307.562988
308.156860
308.057220
308.952637
308.895935
309.388092
309.800537
310.337769
310.245850
310.589294
310.998932
311.504150
311.626984
312.299530
312.748871
312.951294
313.473907
313.914062
314.029205
314.214203
314.510437
314.976074
315.024475
315.214386
315.486450
316.065094
316.171478
315.942505
316.162231
316.255219
316.331787
316.288330
316.339325
316.378113
316.186798
316.372864
316.722351
316.704163
316.286926
316.294067
316.000214
315.848969
315.811829
315.676697
315.639862
315.453796
315.344360
315.190918
314.682556
314.256165
314.040680
314.054169
313.859253
313.673523
313.253326
312.682251
312.855408
312.125397
312.588074
312.261261
311.867371
311.615417
311.468597
311.499939
310.998291
311.070496
310.636017
310.320526
310.717865
310.410461
310.229370
310.563568
310.451416
310.607605
310.224792
310.420837
310.710754
310.472168
310.604736
310.848846
311.126099
310.873627
311.031982
311.262238
311.427948
311.834473
312.341248
311.996979
312.420197
312.708527
313.099640
313.361450
313.670197
314.150238
314.294922
314.282806
314.761322
315.242462
315.239197
315.687683
315.630798
315.856079
316.298187
316.933746
316.864960
317.648102
317.441803
317.705078
318.120697
318.210693
318.840485
318.436279
318.548340
318.875641
319.355316
319.711792
319.400513
319.183014
319.514862
319.606720
319.271729
319.546204
319.866943
319.242645
319.655304
319.461060
319.402344
319.671021
319.132446
319.063110
318.780151
318.776489
318.506592
318.887604
318.020081
317.954376
317.825836
317.809296
317.508209
316.993256
317.300507
316.740875
316.555328
316.372559
316.114594
316.160675
316.067200
315.955109
315.417969
315.371704
315.225586
315.059113
315.006805
315.389404
315.035522
314.883301
315.064301
314.603638
314.424988
314.537994
314.663635
314.965210
315.155334
315.001312
315.330719
315.427216
315.823792
315.655975
314.914276
315.800964
315.910431
316.229309
316.557129
316.109833
316.780975
316.998016
317.158325
317.366791
317.624268
317.992889
318.469086
319.275513
318.571259
319.342224
319.643005
319.897003
320.166412
320.274109
320.565765
320.623779
320.751678
321.074890
321.900513
321.791656
322.048248
322.058167
322.234161
322.687561
322.736511
323.058624
323.075104
322.998779
323.229248
323.083679
323.603271
323.181610
323.200806
322.972931
323.149628
323.179993
323.072968
323.426117
322.706665
322.986816
322.566986
322.146027
322.722260
322.332855
322.310669
321.883759
321.823639
321.600159
321.698975
321.046722
321.129211
321.117859
320.330322
320.342194
319.748962
319.515472
319.271271
319.251068
319.276581
319.152863
319.106873
318.710602
318.515961
318.661530
318.147858
317.846436
318.240509
317.892578
317.637787
317.685516
317.445038
317.476807
317.695160
317.571442
317.807495
317.303253
317.869537
317.938782
317.808044
318.036652
318.129120
318.516144
318.267212
318.900055
319.122406
319.058289
318.852509
319.681427
319.998657
319.965546
319.980408
320.271423
320.461487
321.195343
321.574951
321.187897
321.439667
322.059418
322.159821
322.764587
322.306915
323.127838
323.328766
323.843597
323.994019
324.066254
324.110382
324.299438
324.376770
324.339142
324.599335
325.180054
325.267670
325.614899
325.549103
325.318115
325.600098
325.858856
325.572632
325.836884
325.390320
325.577759
325.718262
325.722107
325.637146
325.595581
325.597412
325.523895
325.295288
325.117157
325.033783
324.971283
324.964722
324.476929
324.634796
324.173492
324.059998
323.897461
323.762268
323.420135
323.538300
323.319733
322.929382
322.996643
322.859833
322.219299
322.493073
322.294098
322.248718
322.186859
322.149506
322.132202
321.731720
322.125977
322.159180
321.935333
321.803741
321.923584
322.227692
321.759644
322.012421
322.046906
322.565460
322.766052
322.805847
323.298553
323.341034
322.589172
323.727844
324.176392
324.031555
323.943329
324.575134
325.179688
325.327087
325.680084
325.870667
326.556335
326.804901
327.000031
327.163879
327.658447
328.382507
328.019348
328.848969
328.910675
329.060455
329.801483
330.082855
330.595215
331.035431
331.076904
331.449982
331.824341
332.157196
332.588531
332.544189
332.949799
332.641876
333.188141
333.267212
333.410889
333.197571
333.888519
333.667206
334.077362
333.629028
333.732269
334.170349
334.021545
333.869507
333.899628
333.610687
333.784668
333.664978
333.310669
333.427094
333.032776
333.031342
332.883118
332.708344
332.514923
332.705048
332.047119
332.002380
332.008392
332.000824
331.542877
331.012238
331.043945
330.552917
330.695862
330.765839
330.887939
330.458618
330.287231
329.873840
330.221924
329.932007
329.864685
329.970764
330.146637
330.059723
330.319214
330.215881
329.893494
330.327698
330.416748
330.728302
330.678436
330.746643
330.458832
330.910278
330.872833
331.301422
331.296661
331.800659
332.442383
332.212799
332.979156
333.391846
333.627747
333.818542
334.143494
334.720795
334.912476
335.272583
335.402496
335.938812
336.373260
336.781708
337.283325
337.859314
338.483154
338.583130
339.362030
339.518250
339.912140
340.656067
340.618958
340.455902
341.168610
341.641968
341.951904
342.253540
342.149536
342.622864
342.637756
342.706482
343.369873
343.423981
343.769775
343.722260
344.020935
343.976135
343.486206
343.747345
344.163513
344.206116
343.507904
343.498566
343.702881
343.284119
343.688171
343.340973
343.346466
343.016266
342.852112
342.444366
342.285919
341.806702
341.558868
341.778595
341.596405
341.399109
341.022705
340.874512
340.469421
340.050293
339.871063
339.456726
339.724274
339.179474
339.107605
338.696320
338.474976
338.393219
338.609222
338.775604
338.188477
337.961731
338.400330
337.875549
337.968475
337.825287
337.929565
338.124359
337.586945
338.329987
337.356232
338.242065
338.227783
338.182556
338.564667
338.420197
339.024048
338.966125
339.300842
339.856140
339.789886
340.144165
340.491699
340.932129
341.047974
341.544830
341.877625
342.061920
342.139343
342.458740
342.358765
342.984802
343.636414
343.774292
344.018127
344.564209
344.576904
344.857330
345.320892
345.558380
345.643311
345.919617
346.181305
346.482025
346.695312
347.025787
347.140289
347.509094
347.180023
347.142639
347.606018
347.820740
347.708893
347.953247
347.652496
347.616302
347.771729
347.724243
347.496826
347.362793
347.433136
347.570557
347.465210
346.645294
346.712585
347.233795
346.686768
346.446228
345.942200
346.097260
345.864258
346.060760
345.495941
345.098206
345.274536
345.066559
344.702576
344.746246
344.464020
344.313477
343.959534
343.946106
343.879425
343.590576
343.254547
343.569397
343.351471
343.536591
343.438171
343.488129
343.282471
343.092468
343.170227
342.916718
343.049957
343.046875
342.944336
342.995178
342.848206
343.330078
343.726288
343.631256
343.991180
344.308624
344.200684
344.528534
344.645844
345.346832
344.635559
345.365295
345.711975
345.902283
345.860901
346.195618
346.272064
346.853851
346.791016
347.200592
347.575378
347.375580
347.450531
348.480438
348.262299
348.314545
349.025665
349.110352
348.972321
349.522858
349.502197
349.570099
349.522583
349.584442
349.943909
349.963013
350.013367
349.782837
349.708252
350.097076
349.842560
349.868591
349.779694
349.324951
349.597107
349.444946
349.180908
348.855530
348.853668
348.747986
348.805664
348.387970
348.362305
347.823181
347.761902
348.036865
347.054321
347.016815
347.196655
346.833984
346.182648
346.105560
345.963165
345.600800
345.651337
345.143768
344.811829
344.915253
344.762268
344.275726
344.716339
344.356049
344.600281
343.954834
344.073883
344.289001
344.002228
344.002991
344.174500
344.439819
344.300751
344.426147
344.047760
344.202271
344.547729
344.377228
344.862244
344.653839
345.607208
345.141144
345.424408
345.688171
345.733887
346.018402
346.272614
346.238068
346.602905
347.013306
346.954346
347.405914
347.421021
347.657623
348.202148
348.292999
348.389008
348.320892
349.339996
349.168365
349.340546
349.320923
349.528961
349.392212
349.794647
349.662567
349.712830
349.782623
349.485718
349.678680
350.566986
349.674255
349.886810
349.650696
349.934296
349.616516
349.182648
349.236877
349.016205
348.828278
348.314575
347.899719
348.408813
347.559692
347.299194
347.215912
346.863434
346.593781
346.528748
345.804993
345.703552
345.879852
345.550262
345.347778
344.429077
345.031799
344.877930
344.104065
343.867554
343.595032
343.960968
343.928070
343.633575
343.452850
343.528442
343.353149
343.480713
343.700348
343.726593
343.776550
344.233215
344.397217
344.993561
344.540497
344.841827
345.579895
345.584137
346.032990
346.121948
346.648895
347.687347
347.810974
347.670959
348.417511
348.651855
349.098938
349.815369
350.323639
350.018066
350.800079
351.260345
351.428009
351.711731
351.572845
351.780975
351.859711
351.617523
351.876343
351.150269
351.023865
350.332184
350.307068
349.604980
349.041260
348.075806
347.024994
345.683746
344.428528
342.923767
341.595490
339.772919
337.756470
335.650482
333.477264
330.913849
328.427795
325.525818
322.829742
319.297150
316.531250
312.749451
309.344086
305.619171
302.191223
298.070221
294.004852
290.005585
285.459167
281.239075
276.901245
272.655273
268.131927
263.354309
259.252991
254.614624
250.288605
245.794907
241.547867
237.588928
233.202927
229.324570
225.274933
221.966736
218.175568
214.836227
211.735641
208.879517
206.380997
203.827530
201.497559
199.808975
197.902542
196.669327
195.687546
195.004761
194.322769
194.757889

221.444778
183.393188
183.703537
184.274643
185.549393
186.714691
188.136047
189.775757
192.090225
194.472122
196.551346
199.033112
201.834885
204.872940
208.441772
211.547348
215.100021
218.488358
222.164429
226.137955
229.862106
233.643173
237.794266
242.372665
246.075912
249.931015
254.008270
257.753296
261.924225
265.472534
269.046234
273.088898
276.794922
279.782471
283.457184
287.301605
290.115509
293.364227
296.046265
298.949890
301.408356
304.060211
306.322876
308.426056
310.103058
312.590759
314.012207
315.253143
317.203705
318.585571
319.580933
320.086578
321.181763
322.206482
322.759338
323.193695
323.529205
324.007446
324.395111
324.747253
324.730865
325.113678
324.905457
324.788910
324.676575
324.454620
323.975250
324.162567
323.814697
322.781219
323.076477
323.147949
322.493866
321.899536
321.463165
321.072784
321.141754
320.962158
320.750519
320.277710
320.089386
319.597015
319.435394
318.905396
319.103210
319.232727
319.096588
319.566833
319.480591
319.467682
319.441986
319.793976
320.101471
320.185120
319.988281
319.946381
320.760681
320.192932
320.915436
320.859467
321.118195
321.162018
321.674652
321.948669
322.216309
322.506073
322.692627
323.483795
324.013428
324.417999
324.367432
324.561157
324.899628
324.855377
325.676239
326.126068
326.145569
326.418610
326.564423
326.501801
326.170197
326.821167
326.890808
326.826111
326.881683
327.347748
326.960846
326.997406
327.222778
327.202881
326.940125
326.985626
327.341125
326.966614
326.902649
326.731781
326.583252
326.563538
326.511292
326.445435
325.906433
325.663605
324.994324
325.417145
324.548492
323.999908
323.425201
323.435760
323.318085
322.512421
322.389160
322.148987
321.581635
320.719727
321.007141
320.796265
320.684753
320.519958
320.415924
320.625793
320.182159
320.513702
320.276764
320.257843
319.936432
319.476868
319.963379
320.056396
320.145203
320.042175
319.593353
319.875946
319.486053
319.242767
319.788544
319.752502
319.882751
320.277039
320.776825
320.943604
321.533386
322.233643
322.661499
323.088470
322.775940
322.848328
323.160645
323.873871
324.334686
324.752197
324.965454
325.300781
325.410706
325.545868
326.383057
326.374146
326.472382
326.980865
326.943176
327.862701
327.597900
327.586182
327.627075
328.047668
328.070404
328.211029
329.035278
328.639130
328.542786
328.517242
328.430298
328.791962
328.921112
328.886810
328.764069
328.879639
328.749756
328.138519
328.135559
327.656494
327.768890
327.634796
327.021698
326.654999
326.049133
326.168365
326.062836
325.151215
325.260742
324.572968
324.637939
324.819763
323.788696
323.900146
323.676056
323.064484
322.850525
322.585999
322.622681
322.370758
322.217804
321.561401
321.449402
321.378632
321.197784
321.054230
321.043121
320.734650
320.684753
320.345856
320.208893
319.902985
319.663391
319.952332
319.661743
319.988983
319.620941
319.878510
319.889923
320.485413
320.264343
320.181061
320.243530
320.435242
320.763367
321.472168
321.178314
321.662384
322.244080
322.656189
322.991608
322.611511
323.066528
323.204315
323.496643
323.727081
324.349640
324.219696
324.119781
324.465424
324.703552
324.948608
325.705505
325.702820
325.672913
325.916412
325.894196
326.622803
326.833374
326.985107
327.085571
327.105774
327.424652
327.653564
327.347961
327.538300
327.440826
327.937714
327.703979
327.303162
327.236877
326.777161
327.111298
327.462036
327.835815
326.896362
326.769562
327.404846
326.533752
325.826782
326.244415
325.987610
326.089447
325.714813
325.576752
324.946472
324.777100
324.415833
324.644043
324.217468
323.809174
323.604095
323.410767
322.765656
322.812378
322.287598
322.327454
322.179596
322.463928
322.241211
322.016724
321.736755
321.400513
321.669159
321.863342
321.292542
321.310913
321.253632
320.919342
321.136383
321.462280
321.088867
321.420074
321.181946
321.353699
321.192261
321.635376
321.902863
321.616150
322.074615
322.804596
322.303314
322.498535
322.717590
323.105469
323.440186
323.539337
324.163422
324.461395
324.532837
324.825562
325.230652
325.606445
325.642242
325.749207
326.515991
326.339691
326.615082
326.457581
326.652008
326.299316
327.130432
327.256989
327.568207
327.432220
328.459717
328.155701
327.830444
327.793762
328.800842
328.760345
328.773499
328.504913
329.616577
329.710968
329.338135
329.399597
329.738495
329.209808
329.230286
329.012085
328.553162
328.651428
328.579010
328.495331
328.309296
328.037506
327.568909
327.052307
327.238647
326.267853
327.022247
326.380371
326.217224
325.842377
325.316681
325.352692
325.432007
325.470154
325.041962
324.460327
324.568207
324.283844
324.176544
324.094727
323.816559
323.440704
323.590454
323.119751
323.630920
323.098419
322.911102
323.129089
322.775635
322.876892
322.826263
322.957642
322.887634
322.412872
322.475983
322.498901
322.581940
323.008850
323.410583
323.353088
323.312042
323.435760
324.095917
324.409546
323.676331
324.472809
324.930359
325.412598
325.183472
325.888977
326.241577
325.913666
326.199005
326.535675
327.297058
327.322723
327.293671
327.465637
327.743988
327.926514
328.437012
329.210175
329.015289
329.340546
328.928223
328.887207
329.422089
329.530762
329.907318
330.028595
330.355225
330.489502
330.389648
330.331940
330.623993
330.370392
330.762085
330.679413
330.613281
330.731354
330.849213
330.394135
330.392212
330.191864
329.763123
329.908295
329.268066
329.625031
329.481812
329.529266
329.451172
329.143768
328.923676
328.799500
328.204681
328.536163
327.916656
328.018433
327.948639
327.663910
327.285065
327.054657
327.080475
326.187439
326.871429
326.671509
326.164093
326.362518
325.929230
326.360931
325.955414
325.781708
326.052551
325.621460
325.438110
325.869019
325.799286
326.496704
325.615387
325.320862
325.791443
326.182373
326.442200
326.221039
326.526154
326.007904
326.773254
326.745239
327.080078
327.594330
328.531403
328.495117
328.548920
329.107422
329.059082
329.539551
329.786499
330.161499
330.459290
330.997620
330.734863
331.177155
331.525116
332.167694
332.404663
332.513275
332.522034
332.942657
333.629913
333.589752
333.758270
334.091614
333.969025
334.454041
334.932037
334.548981
334.627106
334.614227
335.403137
335.375549
335.728210
335.575562
335.093475
336.095581
336.163330
335.748138
336.368195
336.010834
335.714386
335.929413
336.199432
335.957275
335.556061
334.791565
334.141998
334.570190
333.937927
333.838379
333.430328
333.366760
333.471069
333.331512
333.050385
333.104645
332.607452
332.655945
332.818420
332.004669
332.235443
331.649109
331.411469
331.366028
330.733002
330.748047
330.245453
330.106445
330.903046
330.387390
330.008118
329.826294
329.275391
329.280975
329.450287
329.244629
329.457306
329.567078
329.670959
329.449524
329.582794
329.488525
330.110870
330.661102
330.884155
330.589661
331.034973
331.647400
331.149292
331.710846
332.029999
332.910339
332.241577
332.824066
333.063904
333.421875
333.333008
333.313080
334.238373
334.488647
334.798798
335.781372
335.711151
335.817596
335.995697
336.473785
336.887268
337.335754
337.782440
338.445068
338.661255
339.172546
338.928833
339.073669
339.235168
339.518280
339.570435
339.762939
340.137238
340.202820
339.912201
340.023193
339.487183
339.821503
339.718292
339.881073
339.849609
339.813995
339.422058
339.270325
339.670776
340.110443
340.480530
339.722351
339.332916
338.979492
338.977448
338.625305
338.251587
338.052979
338.080048
337.686096
336.674957
336.816101
336.448181
335.976807
335.424133
334.631836
334.574982
334.235382
334.142548
334.528992
333.941162
333.650665
333.271942
333.237610
332.966461
332.380615
332.179016
332.169891
332.425690
332.211090
332.193298
332.004272
331.583160
331.593170
331.799805
332.085510
331.575409
331.697296
331.910461
331.376343
331.567535
331.544708
331.483337
331.976685
333.087952
332.636902
332.601898
332.866180
333.040863
332.626648
333.438263
333.541077
334.187256
334.324249
334.988831
334.970490
335.303040
335.421112
335.544006
335.912567
335.884247
336.333557
336.603973
337.195038
337.330261
337.655853
337.287811
336.960114
337.908112
337.759796
337.853912
338.009033
338.023865
337.926361
338.268799
338.502472
338.775421
339.104553
338.957733
339.224213
339.617859
339.036865
339.403992
339.433228
339.045502
339.398682
338.893799
338.940033
338.304718
338.107025
338.347809
337.903320
337.759735
337.682556
337.180420
337.426208
337.058960
337.266083
336.890381
336.644806
336.396545
336.239105
336.179932
336.061523
335.515167
335.015411
334.920380
334.774200
333.670288
334.303345
334.329498
333.999176
334.086700
333.422424
333.441406
333.053558
332.869019
332.949432
332.715149
332.820709
332.727386
332.927765
332.171356
332.467865
332.501862
332.262878
332.753448
332.551819
333.351379
333.003998
333.484619
333.485077
333.949005
334.474030
334.757477
334.824158
335.100494
334.791779
334.332214
334.585419
334.922791
335.679260
335.898651
335.522003
335.402313
335.576050
336.263947
336.793610
337.093170
336.906219
337.415375
337.589142
337.668640
337.916016
337.463440
337.643616
337.458435
337.356964
338.019501
338.187683
338.020630
338.573456
338.285797
338.594879
337.924896
337.927765
337.820496
337.706909
337.631378
337.391541
337.274139
337.030426
336.892761
336.595917
336.839752
337.021179
336.302551
336.271545
335.636871
334.870819
334.869263
334.571838
334.737549
334.363739
334.439026
334.229279
333.533234
333.698456
333.514832
333.182190
333.072052
332.687012
332.449097
332.212311
332.123322
331.745361
331.673676
331.938354
332.047241
331.259583
331.346863
331.311035
332.221100
331.769135
331.279388
331.649689
332.065155
331.725525
332.012299
331.929657
331.985077
332.181946
332.395203
332.281097
332.623535
332.670197
332.981873
332.766571
333.001343
333.624054
333.132355
333.468475
333.650299
333.984711
334.844330
334.629486
334.341125
334.804443
335.130951
334.977783
335.610565
336.150879
335.676880
336.238464
336.578583
336.305206
336.112427
336.340881
336.287109
336.575653
336.047668
336.310760
336.246887
336.164825
336.512054
336.666534
336.269470
336.140625
335.586884
335.832520
335.943054
335.792114
335.890533
335.668732
335.118164
335.552734
335.203369
334.270172
334.176483
333.429169
333.161041
332.871216
332.415161
332.236237
332.179718
332.066711
331.171875
331.442993
330.888641
330.592407
330.695282
330.348114
330.736847
330.671753
330.268768
330.225128
330.202850
330.180298
329.941772
329.941559
329.977448
330.191315
329.803619
330.007172
330.537415
331.140991
330.841431
331.435150
331.503357
331.730133
332.549500
332.616089
333.253326
332.983521
333.782532
333.978333
334.303741
334.870850
335.300385
335.699463
336.006348
336.109589
336.154114
337.002075
336.759094
336.894135
337.405579
337.376251
337.304321
336.970856
337.210205
336.831604
336.603790
336.292908
335.719513
335.360840
334.356506
333.765930
332.711670
331.205780
330.083130
328.568298
327.432678
325.196930
323.394958
321.624786
319.267609
316.231201
314.428986
311.726105
309.304810
306.297119
303.186279
299.851349
296.538666
293.102875
289.170441
285.396118
281.627899
277.938782
273.645020
269.719482
265.191437
261.211121
257.040802
252.980911
248.848007
244.197922
239.743851
235.794495
231.755676
227.558228
223.761871
219.819748
215.904831
212.381485
209.132889
205.886337
203.172729
200.502777
197.892288
195.388458
193.576935
191.741669
190.113861
188.945511
187.676315
187.153946
186.676208
186.936127

224.976456
183.761642
184.042786
184.635712
185.907608
187.067184
188.483078
190.148300
192.440704
194.837219
196.928406
199.399124
202.214905
205.273163
208.821487
211.940491
215.488220
218.875992
222.574844
226.562943
230.265121
234.076065
238.224701
242.816254
246.514557
250.396210
254.480942
258.206116
262.389465
265.974396
269.553864
273.602631
277.307770
280.278198
283.960693
287.832214
290.649658
293.931244
296.555450
299.495605
302.012268
304.670288
306.956024
309.025879
310.707062
313.256287
314.655640
315.889313
317.872803
319.225952
320.304840
320.776855
321.874298
322.903290
323.457245
323.876709
324.238464
324.728638
325.099243
325.471863
325.469299
325.851318
325.669006
325.537933
325.434509
325.214752
324.718506
324.894379
324.559509
323.547028
323.830688
323.901764
323.238251
322.664642
322.238068
321.834839
321.931793
321.743286
321.511230
321.056763
320.874756
320.369049
320.170868
319.674072
319.823456
319.981934
319.832550
320.267944
320.201813
320.207947
320.113647
320.493317
320.809082
320.910004
320.686249
320.625122
321.461365
320.881378
321.579346
321.449158
321.768250
321.814514
322.281219
322.560516
322.843597
323.116669
323.301056
324.072876
324.572174
325.033081
324.910553
325.093597
325.401123
325.332733
326.190308
326.638580
326.637421
326.943512
327.063965
326.946075
326.639465
327.242035
327.331787
327.302277
327.292938
327.767548
327.343262
327.419373
327.658936
327.608246
327.310181
327.356201
327.674927
327.365051
327.236115
327.064514
326.947723
326.924744
326.837585
326.770050
326.216949
325.963165
325.274536
325.697754
324.829834
324.260773
323.682861
323.709381
323.620758
322.749664
322.657959
322.369965
321.844727
320.999176
321.258240
321.038910
320.983093
320.769775
320.646637
320.879425
320.425079
320.746490
320.507599
320.509674
320.155975
319.733093
320.188782
320.272339
320.363647
320.297150
319.848816
320.119690
319.721649
319.461517
320.018036
320.008575
320.119659
320.508942
321.020203
321.206665
321.824707
322.497253
322.920135
323.337250
323.027679
323.084991
323.443695
324.143250
324.620117
325.001190
325.234253
325.537354
325.695770
325.805573
326.644440
326.648499
326.714783
327.259949
327.192169
328.128723
327.840454
327.824829
327.883881
328.310669
328.341766
328.438538
329.285004
328.896515
328.773743
328.772064
328.699921
329.044220
329.177032
329.127045
328.991302
329.117676
328.981750
328.360474
328.340363
327.865326
327.973572
327.839630
327.208130
326.842682
326.236786
326.344696
326.234772
325.322144
325.431061
324.729980
324.791565
324.976471
323.932312
324.021484
323.801636
323.175995
322.962280
322.704742
322.739258
322.462677
322.322968
321.655579
321.537628
321.437408
321.260834
321.097778
321.130066
320.769409
320.715637
320.360443
320.239197
319.942596
319.662994
319.963562
319.668549
319.993378
319.598389
319.878387
319.867065
320.473480
320.252655
320.141693
320.232025
320.399139
320.731720
321.460938
321.150055
321.624847
322.210297
322.593628
322.943390
322.576416
323.028137
323.182281
323.452301
323.683685
324.307343
324.189148
324.082367
324.438873
324.688446
324.918793
325.681763
325.683136
325.644287
325.909546
325.892273
326.622894
326.843475
327.030762
327.091248
327.136566
327.476471
327.686432
327.413208
327.588501
327.519135
328.023560
327.776154
327.400726
327.317078
326.895721
327.267426
327.579987
327.978149
327.043091
326.925690
327.581757
326.736816
326.022644
326.459930
326.222748
326.315643
325.949493
325.827057
325.191132
325.053162
324.729126
324.949860
324.521423
324.145111
323.937469
323.749329
323.111816
323.158875
322.689178
322.703857
322.561523
322.853943
322.658264
322.448059
322.153381
321.855621
322.119873
322.291321
321.749664
321.758240
321.719666
321.405273
321.633972
321.947388
321.585236
321.921967
321.724152
321.882904
321.714569
322.157440
322.437012
322.139435
322.600189
323.335419
322.854950
323.024109
323.255859
323.638519
323.978638
324.072876
324.695526
325.015625
325.039490
325.372162
325.744446
326.116791
326.161072
326.254608
327.020050
326.830231
327.131317
326.967316
327.108643
326.779938
327.590332
327.718567
328.002716
327.870056
328.885834
328.559021
328.261200
328.211975
329.218628
329.171082
329.159271
328.843994
329.955261
330.003357
329.671997
329.704285
330.025909
329.485413
329.524994
329.238098
328.776093
328.888580
328.799927
328.661438
328.519348
328.208008
327.725098
327.192963
327.350037
326.384491
327.132263
326.475006
326.298889
325.925049
325.349945
325.399963
325.465759
325.489410
325.035919
324.445404
324.549591
324.238342
324.112152
324.053101
323.742432
323.347321
323.515930
323.022186
323.533875
322.957123
322.752930
323.002960
322.632385
322.740967
322.672180
322.794586
322.716217
322.226166
322.277527
322.308990
322.382080
322.830750
323.191803
323.142761
323.098480
323.216156
323.879639
324.188171
323.455566
324.225983
324.697815
325.199982
324.939850
325.663452
326.019348
325.696228
325.978516
326.325500
327.104431
327.110535
327.091125
327.248901
327.534668
327.742004
328.243927
329.021912
328.854797
329.181122
328.779388
328.724182
329.276489
329.394409
329.792480
329.924408
330.236023
330.367615
330.297852
330.249481
330.541748
330.274200
330.706543
330.596252
330.607819
330.696991
330.832886
330.387665
330.384674
330.232635
329.778564
329.953217
329.335663
329.682587
329.498962
329.580048
329.503601
329.257996
329.024414
328.904175
328.338654
328.660736
328.078339
328.130920
328.122803
327.841309
327.454529
327.224182
327.280853
326.429321
327.083679
326.905579
326.372314
326.598938
326.195160
326.609497
326.188873
326.045410
326.322540
325.897247
325.714233
326.180481
326.092285
326.348541
325.960388
325.611389
326.106110
326.533051
326.768646
326.534180
326.852844
326.343719
327.092041
327.070099
327.396027
327.925781
328.879852
328.828522
328.918915
329.456299
329.393219
329.861206
330.129211
330.497864
330.765869
331.347351
331.056641
331.508667
331.819061
332.471954
332.732300
332.792877
332.832825
333.247253
333.936676
333.860535
334.032410
334.359985
334.239258
334.725800
335.191193
334.809052
334.881836
334.842529
335.617188
335.634247
336.003662
335.784882
335.304169
336.282501
336.388397
335.941772
336.535461
336.189148
335.880859
336.101440
336.384003
336.110992
335.698334
334.943726
334.265350
334.688232
334.052032
333.939941
333.528992
333.462250
333.522705
333.430695
333.096069
333.154205
332.674042
332.674683
332.847656
332.029694
332.253815
331.633820
331.406616
331.363251
330.686035
330.732697
330.206909
330.058502
330.850616
330.324890
329.964142
329.758942
329.210968
329.187927
329.357574
329.152924
329.361786
329.435211
329.546509
329.348816
329.456909
329.365692
329.977753
330.511230
330.728638
330.413635
330.882812
331.490814
330.982666
331.536407
331.845123
332.728790
332.040344
332.608307
332.846283
333.213776
333.105225
333.080170
334.001251
334.251770
334.557861
335.505707
335.465210
335.527222
335.708557
336.217072
336.616882
337.066986
337.518402
338.172119
338.365479
338.878693
338.620880
338.754974
338.937653
339.214111
339.276550
339.441589
339.803589
339.869171
339.602386
339.696594
339.118988
339.459167
339.377960
339.521423
339.530121
339.437927
339.049866
338.919678
339.288574
339.743835
340.100037
339.341614
338.956573
338.603851
338.568420
338.247223
337.879089
337.656403
337.661865
337.265533
336.269714
336.405334
336.052521
335.571686
335.033539
334.203461
334.147186
333.836365
333.755707
334.111908
333.519379
333.247925
332.834229
332.804443
332.538086
331.945099
331.759430
331.776733
332.010345
331.798126
331.765686
331.554718
331.147156
331.158417
331.373840
331.677338
331.158875
331.276672
331.511536
330.983551
331.136688
331.104431
331.068268
331.566040
332.690033
332.234039
332.203827
332.488312
332.653870
332.247833
333.072968
333.155334
333.807434
333.963531
334.636841
334.621277
334.935883
335.059875
335.180237
335.581207
335.554718
336.005707
336.282135
336.884277
337.017914
337.334686
336.993134
336.661041
337.609070
337.467926
337.564636
337.737000
337.750397
337.665985
338.024811
338.257141
338.524139
338.891907
338.717102
338.994934
339.408112
338.844421
339.204620
339.240875
338.882294
339.236877
338.722473
338.768921
338.161896
337.943939
338.193695
337.781769
337.628326
337.549377
337.072418
337.330200
336.960541
337.143616
336.814148
336.540283
336.320648
336.145325
336.146057
336.024963
335.484863
334.987305
334.911285
334.766388
333.650940
334.297516
334.286835
334.006989
334.081482
333.222687
333.434784
333.059113
332.907959
332.972839
332.730133
332.857086
332.755432
332.950867
332.214386
332.520020
332.561188
332.331360
332.845520
332.645050
333.456879
333.131744
333.557861
333.567627
334.077759
334.604828
334.851562
334.954254
335.207489
334.892517
334.445435
334.699585
335.029907
335.782745
336.010590
335.645782
335.500061
335.706177
336.399078
336.910217
337.211029
337.037292
337.551331
337.706879
337.779602
338.029297
337.599426
337.808655
337.579346
337.495148
338.157654
338.329712
338.170746
338.690155
338.420013
338.756195
338.044403
338.040680
337.944366
337.831573
337.776733
337.512848
337.380615
337.157562
337.010834
336.726379
336.942108
337.133453
336.410919
336.383331
335.777466
335.003448
334.988129
334.714325
334.856812
334.476807
334.569183
334.331970
333.649475
333.815521
333.584320
333.318604
333.174103
332.784271
332.565002
332.326752
332.255096
331.835907
331.782532
332.065582
332.139069
331.356506
331.445648
331.428009
332.309021
331.879089
331.408112
331.739838
332.166199
331.818542
332.104797
332.027771
332.059082
332.292358
332.497925
332.369080
332.724304
332.771606
333.095490
332.863617
333.115143
333.731873
333.247925
333.563080
333.750244
334.083740
334.953949
334.726990
334.445679
334.911041
335.243805
335.092102
335.721863
336.264374
335.778564
336.362610
336.677917
336.417114
336.239990
336.450684
336.391785
336.689758
336.146179
336.427521
336.368408
336.275482
336.624146
336.805847
336.392487
336.266876
335.721802
335.959595
336.084412
335.906586
336.014862
335.783447
335.226624
335.668243
335.313110
334.407013
334.281921
333.538391
333.252258
332.977448
332.544128
332.337311
332.286407
332.179779
331.292572
331.557129
331.012085
330.690552
330.800812
330.460663
330.850494
330.781647
330.379456
330.332581
330.295807
330.283112
330.028717
330.035919
330.087067
330.268280
329.889679
330.094208
330.614197
331.220703
330.928070
331.535065
331.569641
331.809021
332.630371
332.670380
333.313995
333.046082
333.849487
334.050842
334.342346
334.932953
335.366547
335.735016
336.050781
336.148651
336.197235
337.034363
336.784149
336.936066
337.444916
337.386810
337.305084
336.977661
337.228790
336.822815
336.591614
336.289734
335.721863
335.369171
334.330078
333.754211
332.708984
331.204742
330.061005
328.548309
327.414490
325.164337
323.357727
321.578766
319.232147
316.181458
314.367249
311.673859
309.247803
306.254120
303.120575
299.786346
296.471527
293.033081
289.102142
285.321686
281.553680
277.859406
273.553345
269.621521
265.103058
261.119324
256.938873
252.898651
248.753418
244.084305
239.632416
235.681778
231.641190
227.433884
223.657532
219.696259
215.791153
212.262894
209.013062
205.777313
203.063873
200.378586
197.773407
195.255219
193.466385
191.622025
189.997925
188.816711
187.551880
187.025253
186.555313
186.819351

