306.731354
172.553665
173.325516
173.808746
174.615112
175.759521
177.340836
179.126434
180.732452
182.936569
185.171371
187.595886
190.203186
192.815353
196.171646
199.191406
202.586945
205.724792
209.404510
212.938446
216.304489
219.965057
223.969177
227.688522
231.384583
235.578415
239.020721
242.814590
246.659500
250.092880
253.726364
257.288971
260.790039
264.025330
267.321594
270.260895
273.381409
276.086029
278.876190
281.538971
284.229095
286.472168
288.522827
290.692505
292.711090
294.315460
296.080780
297.316620
299.133514
300.300598
301.486420
302.252594
303.004974
303.818695
304.716736
305.769104
306.029785
306.425110
306.765137
306.545227
306.709167
306.934235
306.741943
307.033081
306.844421
307.105560
306.558258
306.303589
305.827881
305.956360
305.762421
305.703522
305.581177
305.003571
305.119141
305.042053
304.535767
304.469727
303.916412
303.567200
303.575317
303.382507
303.267761
303.203094
303.328735
302.991760
303.057373
303.027435
303.231934
303.339539
303.490845
303.232910
303.756134
303.481842
303.691620
304.258484
304.322784
304.709686
305.189301
305.456451
305.654510
306.235474
306.346008
306.759674
306.808136
307.119202
307.669495
308.081482
308.557983
308.716431
308.998779
309.389282
309.596069
310.232971
310.601166
310.550476
310.867371
311.246094
311.701447
311.556366
312.089874
312.465424
312.596069
312.331543
312.328033
312.522278
312.772430
312.809082
312.931824
312.818207
312.565308
312.472900
312.716187
312.726074
312.220581
312.273071
312.507355
312.019928
311.803040
311.602081
311.025818
311.080902
310.567871
310.610992
310.682312
310.222626
310.043091
309.336853
309.792114
308.794922
309.035065
308.557312
308.092957
308.217621
308.468231
307.886078
307.655609
307.767883
307.396667
307.096313
307.346527
306.886444
306.872772
306.710297
306.615692
307.005554
306.897705
306.450378
307.262695
307.050659
306.634521
307.172516
307.373016
307.607269
307.713928
308.324707
308.022125
308.916046
308.868835
308.699371
308.997528
309.537262
309.880157
309.789185
310.436615
310.924133
311.246613
311.257935
311.649536
311.703888
312.477539
312.952698
313.492126
313.412598
313.889923
314.052094
314.194641
314.895020
314.546356
315.225616
315.674957
315.573822
315.893494
316.069092
316.058136
316.582428
316.654755
316.542816
316.646576
316.837616
316.947906
316.697540
316.849335
316.575714
316.359863
316.963989
316.274384
317.119110
316.682007
316.470703
316.065002
315.811951
315.605377
315.536896
315.440735
315.322632
314.845062
314.889740
314.427124
314.245026
314.148010
313.807953
313.196259
313.055481
312.480896
312.480072
311.944519
311.929871
311.268555
311.155457
311.337189
310.989868
310.728577
310.536743
310.434021
310.202454
309.866730
309.649567
309.924316
309.733337
309.939728
309.759552
309.843353
309.463928
309.621216
309.560547
310.025757
309.869019
309.927307
309.583191
309.843811
310.274231
310.263458
310.633636
310.749725
310.790283
311.490051
311.316284
311.792084
312.114532
312.032257
312.868408
312.477417
313.188385
313.133087
313.649872
314.231995
314.083435
314.511169
314.476013
314.937256
315.255829
315.779572
315.597595
315.896637
316.610016
316.559479
316.596924
317.184723
317.412109
317.367493
317.379181
317.619293
317.980743
317.967438
318.136963
318.271820
317.965790
317.958008
317.972626
318.287140
317.968414
317.866455
317.929749
317.965668
317.879059
317.389648
317.284180
317.637756
317.556519
317.160095
316.526245
316.832672
317.046631
316.544159
316.277863
315.974731
315.475708
315.521240
315.303650
315.638062
315.030975
314.477478
314.559021
314.464813
314.311951
314.118286
313.581207
313.826874
313.806763
313.678894
313.341370
313.302032
313.218140
313.471893
313.113342
313.151611
313.065552
313.129395
313.077576
313.118225
313.462830
313.422882
313.187103
313.400330
313.810791
313.491394
313.858856
314.558807
314.050446
314.501709
314.739868
314.778137
315.339508
315.111969
315.653839
316.124939
315.949860
316.705261
316.666443
316.746246
317.192902
317.505005
317.535645
318.434143
318.702698
318.584412
319.173065
319.201324
319.379639
319.753021
319.937073
320.215210
320.745575
320.642822
320.859375
321.338928
321.479523
321.273529
321.520416
321.774719
321.824829
321.994110
322.203705
322.179718
322.029510
321.955811
321.997223
321.661346
321.750153
322.020691
321.848602
321.624573
321.598938
321.533234
321.293213
321.655914
321.122253
320.994171
320.899292
320.116669
320.188995
319.995911
320.086273
319.932983
319.863708
319.654419
319.384705
319.122375
318.536591
319.070862
318.911316
318.706818
318.428711
317.829010
317.648468
317.559479
317.785431
317.620483
317.565063
317.680115
317.143372
317.488556
317.302399
317.482819
317.399078
317.341980
317.819427
317.466339
317.799652
317.823212
317.470245
317.925781
318.325317
317.779358
318.429962
318.773163
318.859711
319.406250
319.394196
319.285919
319.739075
320.078186
320.413696
320.509003
320.908844
321.052429
321.166107
321.489868
321.904633
322.370941
322.304138
322.621368
322.787872
323.146362
324.107788
323.871613
324.196106
324.603027
324.417633
324.907349
324.747498
325.077820
325.355377
325.367767
325.286591
325.811584
326.238098
326.154297
326.318390
326.296417
326.675140
326.091187
326.344849
326.105225
326.293854
326.126587
326.163605
326.178223
326.509186
326.058899
325.792419
325.816833
325.590607
325.650848
325.169067
325.083130
324.957428
324.881836
324.842773
324.955078
324.891479
324.507507
324.103088
323.981659
323.421692
323.862366
323.521301
323.150879
323.303741
323.100098
323.247589
323.231598
322.953644
323.225861
322.932800
323.031555
322.689575
322.873688
323.178955
323.033386
323.568848
323.501221
323.312256
323.161499
323.563080
323.938690
323.808167
324.247986
324.009888
324.424652
324.655579
325.047638
325.462982
325.356750
325.975891
325.756653
326.640533
326.774292
327.476868
327.490021
328.224640
328.334808
328.677368
329.210205
329.267761
329.877075
330.359070
330.584961
330.647369
331.093475
331.393005
331.889130
332.367767
332.333679
332.674408
333.196625
333.492371
333.543579
333.824341
334.302216
334.664795
334.832672
334.593201
335.802673
335.162109
335.334473
335.444611
335.341858
335.944702
335.351135
335.695282
335.755219
335.449615
335.206665
335.856598
335.209381
335.037048
334.991730
335.128357
335.068146
334.903503
335.112030
334.372253
334.672211
334.404266
334.276031
333.809601
334.024323
333.717041
333.528412
333.539825
333.167328
333.193115
332.773987
333.075623
332.434021
332.489075
332.305206
332.205353
332.149811
332.252472
332.218903
332.046112
331.492859
332.168335
332.234192
332.046112
332.153900
331.862305
332.330933
332.293396
332.201569
332.541931
332.510773
333.275421
333.485596
333.727142
333.562469
334.317352
334.135406
334.327759
335.115601
335.307770
335.914337
335.945618
336.133850
336.562042
336.483459
336.941193
338.076752
338.188629
338.428467
338.875946
339.595917
339.961121
340.123260
340.809052
341.077087
341.153473
342.336182
342.348236
343.152008
343.154907
343.207611
343.333130
343.877106
343.999481
344.490875
344.909241
345.120087
345.066315
345.715729
345.098999
345.666229
345.571320
346.317200
345.668884
345.643280
345.620270
345.768372
346.052032
345.691772
345.528046
345.346375
345.597473
345.371094
345.171265
345.270844
344.565643
344.470154
344.832153
344.426178
343.818390
344.071045
343.678558
343.718384
342.852844
342.767853
342.061096
342.473083
341.973999
342.013062
341.473419
341.350616
341.422211
341.260529
340.800446
340.488525
340.131317
339.863007
340.329498
339.682587
339.661713
340.002228
339.828766
339.611298
339.754608
339.456116
339.394958
339.723969
340.072235
339.925018
340.335480
339.955078
340.278320
340.063660
340.472321
340.480042
340.753082
341.096069
340.902588
341.765472
341.690979
341.941711
342.389618
342.797668
342.511322
342.816620
343.765991
343.909058
344.106262
344.379822
344.827972
345.005280
345.319733
345.468262
345.529999
346.226074
346.553253
346.770508
347.033203
347.041870
347.479370
347.469055
347.407990
348.298035
348.552490
348.548981
348.903412
348.444763
348.615295
348.778198
348.748138
348.922180
348.980225
348.961731
349.282196
348.825836
349.068726
348.429108
348.642548
348.902863
348.968903
348.172974
347.973083
348.069122
348.027069
347.796387
347.572144
347.360382
347.158203
346.733826
346.567169
346.443848
346.210785
345.936707
346.009247
345.607178
345.321167
345.292450
345.059265
344.598053
344.838898
344.458344
344.520691
344.219238
344.389618
343.920258
344.076813
343.921387
343.633667
343.568359
343.500305
343.885071
343.472626
343.575348
343.567627
343.619598
343.863495
343.425995
344.216034
344.320526
343.921143
344.348938
344.069977
344.522430
344.311401
344.676239
344.883362
345.347626
345.956329
345.974274
345.793427
346.165070
346.058105
346.287903
347.097198
347.206757
347.327881
347.619354
347.402771
348.100677
348.335968
348.343475
348.585510
348.623199
349.192200
348.957245
349.436432
349.444611
349.332672
349.425140
349.456726
349.771332
349.845459
349.697632
349.703247
350.015808
349.847778
349.493103
349.452271
349.613647
349.159607
349.034698
349.045776
349.281494
348.821411
348.749451
348.372772
348.108612
347.724152
348.076019
347.569397
347.453278
347.200958
346.916931
346.545654
346.410004
345.745270
345.816162
345.687714
345.376556
345.220306
344.894165
344.528809
344.696350
344.285065
344.315552
344.258362
343.738861
343.686615
343.731293
343.824371
343.560150
343.414490
343.584747
343.359650
343.904816
343.674377
343.122284
343.320343
343.617920
343.515869
343.835815
344.007690
344.104584
343.907318
344.477478
344.722260
344.315216
344.552277
344.747498
345.586121
345.035583
345.303772
346.010559
346.125305
346.302643
345.942871
346.693573
346.807037
347.039856
347.240479
347.411774
347.784576
347.789886
348.325317
348.548248
348.625031
348.801758
348.741516
348.375977
348.693207
348.731567
348.627594
349.236206
349.136566
348.399139
348.513367
348.820831
348.320984
348.769775
348.369812
348.043427
348.059998
347.492554
347.690277
347.315002
346.855377
346.885345
346.592499
346.459015
345.869263
346.096680
345.656189
345.076477
345.150146
345.112091
344.581543
343.956116
343.822479
343.206238
343.282135
343.073792
342.606506
342.650269
342.652771
342.370636
342.167908
342.244568
342.608978
342.296387
342.307068
342.352814
342.227112
342.424103
342.319336
342.258942
342.862610
342.915558
343.540802
343.305786
343.324585
344.358917
344.535065
344.579224
345.285217
345.476685
346.059601
345.985718
346.721039
347.742645
347.635895
347.644806
348.129272
348.723053
349.032166
349.270630
349.430420
349.917603
349.654877
350.217041
350.288422
349.806488
349.869141
349.437958
349.605377
348.977448
348.484039
347.345245
346.995422
345.603882
345.073334
344.299591
342.732544
340.975281
339.294037
337.802887
335.446289
333.773132
331.507812
329.198364
326.722107
324.010132
320.795471
317.801605
314.553558
310.781891
307.539978
304.296204
300.359039
296.431366
292.136292
288.229340
284.069122
279.533325
275.358154
270.802948
266.427887
262.065918
257.669312
253.127594
248.580719
244.452240
240.486176
235.836868
232.061829
228.024918
224.293716
220.379608
217.102676
213.492599
210.326645
207.861816
204.945343
202.704269
200.234360
198.277054
196.730759
195.781296
194.582870
193.695007
193.516495
193.456039

299.343170
172.557312
173.337204
173.832550
174.597427
175.759750
177.325943
179.149048
180.762787
182.969009
185.195801
187.655563
190.250137
192.891724
196.251068
199.270721
202.703720
205.815613
209.531387
213.058533
216.477859
220.118881
224.170044
227.886887
231.587753
235.826965
239.284576
243.082825
246.918076
250.410706
254.082199
257.623230
261.127350
264.404388
267.709625
270.695007
273.802094
276.539429
279.375793
282.065125
284.791138
287.074036
289.073120
291.271912
293.303497
294.926178
296.734222
297.978180
299.831818
301.016205
302.200531
303.016998
303.733643
304.600739
305.510193
306.597168
306.864349
307.268219
307.619202
307.406921
307.603973
307.835419
307.657654
307.958496
307.787262
308.047302
307.509033
307.252380
306.811462
306.943420
306.725830
306.716736
306.557617
305.989624
306.115295
306.035492
305.535095
305.456177
304.884155
304.585754
304.541565
304.381165
304.240540
304.160767
304.322235
303.983337
304.017670
303.991425
304.157928
304.266144
304.392822
304.143463
304.648132
304.354004
304.535492
305.106110
305.137177
305.538788
305.971008
306.212738
306.407715
306.970490
307.040375
307.459503
307.499359
307.791443
308.304077
308.715820
309.120148
309.299072
309.531464
309.906952
310.105469
310.703644
311.047943
310.970795
311.264343
311.602722
312.017426
311.861694
312.373535
312.714569
312.814331
312.517029
312.515747
312.662689
312.881226
312.911469
312.968353
312.843048
312.554077
312.454712
312.677551
312.659943
312.143585
312.149323
312.345398
311.810669
311.575897
311.360382
310.768646
310.804047
310.242126
310.298279
310.344635
309.849792
309.670074
308.927826
309.344910
308.339935
308.569336
308.068054
307.598877
307.719177
307.923492
307.359467
307.099030
307.177063
306.790466
306.500641
306.718842
306.276581
306.228577
306.043945
305.949646
306.367950
306.248016
305.793091
306.574158
306.365692
305.958557
306.467285
306.711914
306.870087
307.023071
307.623352
307.338531
308.255615
308.164856
308.027740
308.324158
308.876495
309.232117
309.136200
309.797028
310.272217
310.604004
310.660461
311.039978
311.096832
311.882721
312.348969
312.920624
312.866180
313.327759
313.488434
313.631134
314.389893
314.052979
314.748352
315.204163
315.143005
315.454315
315.660400
315.674164
316.213440
316.306213
316.212036
316.281830
316.528259
316.679565
316.445282
316.600555
316.368958
316.183594
316.791504
316.119110
316.946411
316.576752
316.354340
315.990540
315.740845
315.529663
315.501495
315.445618
315.348755
314.921326
314.967072
314.500916
314.339172
314.227295
313.949951
313.342499
313.243469
312.688446
312.712097
312.239471
312.231842
311.579437
311.502136
311.712830
311.394501
311.162201
310.942352
310.867218
310.658905
310.313049
310.133789
310.466614
310.270325
310.517761
310.319977
310.437683
310.112122
310.253357
310.202271
310.743225
310.537628
310.660950
310.334564
310.606293
311.077423
311.044556
311.490021
311.567566
311.662445
312.372131
312.212402
312.692780
313.023956
312.987244
313.863159
313.457520
314.212708
314.153992
314.713715
315.315613
315.149963
315.642792
315.615601
316.087982
316.410278
316.960785
316.778259
317.119324
317.881989
317.780792
317.855621
318.447510
318.665649
318.644745
318.690125
318.926819
319.344971
319.314850
319.539124
319.617004
319.359344
319.357910
319.366943
319.713776
319.435181
319.352264
319.376740
319.470032
319.348450
318.893311
318.833374
319.217682
319.074036
318.724457
318.137024
318.390350
318.637573
318.135559
317.909149
317.586487
317.068909
317.141479
316.932159
317.256470
316.627838
316.117249
316.191650
316.118835
315.995178
315.771515
315.245453
315.532440
315.516937
315.328522
315.043732
314.972931
314.908539
315.150238
314.796631
314.817261
314.737091
314.773193
314.730774
314.839264
315.135132
315.066162
314.798645
315.041870
315.435760
315.098511
315.495209
316.150085
315.670776
316.092499
316.304596
316.328156
316.865387
316.670044
317.181335
317.661865
317.473602
318.236420
318.097748
318.195190
318.656464
318.920715
318.903992
319.771393
320.080017
319.881104
320.508820
320.489594
320.631592
321.001953
321.193298
321.434631
321.924591
321.812469
322.000366
322.457367
322.584900
322.336304
322.586273
322.808167
322.807220
322.942963
323.182831
323.083557
322.936584
322.825592
322.834076
322.476257
322.585815
322.766479
322.558014
322.331451
322.284912
322.220642
321.920105
322.239777
321.695251
321.519470
321.403595
320.599152
320.651764
320.453705
320.467194
320.323547
320.210754
320.006409
319.727997
319.358276
318.806458
319.293518
319.124878
318.863861
318.629272
317.968842
317.763214
317.640076
317.848846
317.664825
317.612061
317.667419
317.126404
317.457947
317.250854
317.432648
317.282837
317.232208
317.692352
317.291565
317.656158
317.662659
317.256775
317.713440
318.155853
317.545441
318.196106
318.529419
318.578583
319.111084
319.114014
318.994232
319.403961
319.787750
320.114777
320.193390
320.578857
320.703491
320.819122
321.169006
321.570923
322.037994
321.955811
322.269531
322.443237
322.787811
323.751709
323.502838
323.828552
324.253143
324.052063
324.584045
324.419586
324.730164
325.037109
325.057617
324.930847
325.497772
325.871979
325.836273
326.016479
325.981750
326.350677
325.781097
326.075775
325.811340
326.013245
325.869965
325.877716
325.911255
326.270569
325.818329
325.539429
325.595459
325.382324
325.449310
324.988708
324.898560
324.790802
324.711975
324.682190
324.818298
324.743011
324.382721
323.998993
323.892761
323.314026
323.748352
323.440613
323.076630
323.248810
323.051208
323.237671
323.184174
322.894989
323.208710
322.904755
323.018494
322.672699
322.873810
323.170074
323.064789
323.594666
323.473602
323.353088
323.202026
323.634277
323.986511
323.861725
324.318146
324.050873
324.470673
324.750214
325.106201
325.538605
325.424591
326.093018
325.858093
326.719757
326.848969
327.574097
327.586304
328.334167
328.425720
328.771454
329.288544
329.364838
329.974060
330.448517
330.672333
330.763000
331.185028
331.478973
331.987152
332.467957
332.396637
332.749329
333.256439
333.593414
333.595886
333.899475
334.385162
334.706604
334.900391
334.633667
335.833801
335.203674
335.353638
335.492859
335.384308
335.971649
335.392120
335.687164
335.744507
335.444641
335.201447
335.852234
335.225861
335.017914
334.962708
335.108795
335.042114
334.876495
335.058350
334.315643
334.622101
334.351929
334.199524
333.739288
333.948334
333.663727
333.451630
333.462097
333.080078
333.091339
332.661682
332.997345
332.347717
332.371674
332.186279
332.092255
332.021332
332.128082
332.125061
331.903687
331.354706
332.028809
332.089996
331.893799
331.998993
331.713104
332.176666
332.174500
332.054871
332.387756
332.327301
333.099152
333.325012
333.576080
333.385437
334.142609
333.943665
334.159271
334.958191
335.109711
335.733337
335.773071
335.963013
336.386627
336.311584
336.767426
337.899292
338.005127
338.258698
338.707977
339.439056
339.788452
339.967499
340.622162
340.893402
341.006653
342.166260
342.194824
342.988403
342.997650
343.076019
343.213440
343.719421
343.868835
344.367676
344.783234
345.006683
344.944519
345.569000
344.940887
345.550995
345.424133
346.164490
345.566437
345.523956
345.509796
345.676788
345.964539
345.586823
345.425110
345.270996
345.500854
345.250488
345.058167
345.187836
344.481232
344.401245
344.738342
344.351166
343.726593
343.980469
343.600494
343.634644
342.805634
342.709564
342.012665
342.438477
341.928253
341.937042
341.440063
341.354095
341.359070
341.236725
340.803162
340.466949
340.130676
339.827148
340.297577
339.674866
339.637634
339.978424
339.832458
339.591858
339.722351
339.435638
339.405518
339.740082
340.090759
339.904266
340.313873
339.958984
340.289429
340.067017
340.443390
340.489471
340.774628
341.128296
340.908020
341.798920
341.706390
341.969360
342.416473
342.863159
342.565094
342.832886
343.778290
343.907593
344.159790
344.427002
344.862732
345.061493
345.356506
345.522980
345.571686
346.280914
346.557892
346.807800
347.087219
347.078949
347.522125
347.520752
347.478882
348.412109
348.608826
348.607727
349.009094
348.512360
348.685455
348.853302
348.811920
349.006500
349.030884
349.062012
349.360687
348.899933
349.138855
348.537598
348.726440
348.984497
349.046722
348.253601
348.087708
348.126495
348.090332
347.907227
347.674255
347.443024
347.214874
346.831238
346.645447
346.523529
346.364075
346.046356
346.113617
345.711853
345.419281
345.436340
345.181671
344.726837
345.001740
344.573090
344.652466
344.363770
344.519897
344.082611
344.218689
344.098724
343.791748
343.700012
343.644379
344.031586
343.656860
343.710815
343.711151
343.776855
344.011017
343.559723
344.407501
344.451508
344.140198
344.521667
344.255554
344.711090
344.480042
344.862335
345.049805
345.577362
346.147095
346.152985
345.945221
346.374512
346.237213
346.459564
347.295105
347.426880
347.520416
347.818695
347.597290
348.313782
348.561157
348.571869
348.807281
348.841888
349.411835
349.195618
349.655487
349.663605
349.550079
349.648285
349.712219
349.998932
350.075195
349.927643
349.905487
350.280884
350.104736
349.753540
349.725647
349.883514
349.411346
349.310608
349.333160
349.529938
349.118042
349.002075
348.646545
348.363922
347.976379
348.366119
347.838776
347.740173
347.454590
347.211914
346.828888
346.710541
346.028839
346.120026
345.964355
345.684265
345.520844
345.173950
344.820587
345.008881
344.586945
344.612793
344.560455
344.067413
344.010376
344.029877
344.147278
343.884552
343.750305
343.902893
343.715027
344.223267
343.988251
343.411316
343.622314
343.952911
343.815643
344.198242
344.356964
344.463989
344.238342
344.824615
345.038696
344.670319
344.901306
345.103516
345.920593
345.373535
345.644073
346.309540
346.432526
346.620117
346.283234
347.051392
347.145660
347.369324
347.602814
347.772339
348.128723
348.120422
348.636932
348.855347
348.950409
349.151855
349.063599
348.700714
349.011414
349.053253
348.953278
349.522705
349.459198
348.731903
348.805878
349.108337
348.612579
349.074341
348.672516
348.361267
348.352020
347.802002
347.969574
347.610260
347.174011
347.195435
346.831299
346.746368
346.131531
346.400208
345.925842
345.333313
345.413910
345.369019
344.816040
344.193634
344.039368
343.486938
343.535522
343.326233
342.869781
342.899200
342.911133
342.578156
342.406738
342.439758
342.814178
342.506470
342.528046
342.540924
342.438293
342.613007
342.480957
342.464233
343.021973
343.121552
343.722534
343.474396
343.500580
344.493500
344.687622
344.738556
345.448120
345.635254
346.221344
346.143616
346.865265
347.866730
347.765686
347.790375
348.250824
348.857727
349.144958
349.382294
349.537384
350.020905
349.753815
350.311066
350.403809
349.893127
349.953491
349.485931
349.688110
349.052673
348.558655
347.400604
347.055359
345.681610
345.138336
344.355316
342.779938
341.034790
339.327759
337.835602
335.457489
333.781494
331.556305
329.210236
326.734711
324.015808
320.808136
317.829498
314.596619
310.771729
307.540802
304.306519
300.369934
296.424805
292.121521
288.206757
284.051636
279.505035
275.344513
270.786560
266.409393
262.045135
257.630371
253.104980
248.560211
244.424286
240.471695
235.796173
232.013046
228.004196
224.252670
220.334747
217.045578
213.443604
210.288925
207.826447
204.908997
202.650101
200.199753
198.245834
196.683670
195.735046
194.524414
193.652435
193.472885
193.408875

220.341965
185.570343
186.189529
186.913025
187.684525
189.113693
190.381195
192.362442
194.122421
196.518967
198.713501
201.649948
204.487854
207.454010
210.776123
213.909607
217.416702
221.265884
224.801453
228.871536
232.499390
236.419617
240.670929
244.259506
248.684967
252.559372
257.352905
260.591095
264.913971
268.609436
272.510712
276.399261
280.172058
283.668457
287.175781
290.162323
293.374268
297.099304
299.560791
302.076416
304.628113
307.498474
309.836975
311.649841
313.994781
316.023560
317.413452
319.064911
320.247406
321.613190
323.031067
324.099335
324.876343
325.917480
326.259308
327.015411
327.103180
327.670044
327.848145
327.704529
327.902863
328.250977
327.829834
328.159973
328.252380
327.889923
327.889954
327.461945
326.948456
326.718140
326.472839
325.572723
325.574982
325.274536
325.149048
325.248444
324.579895
324.224609
323.623871
323.662689
323.143677
323.276611
322.939087
322.749542
322.787140
322.451050
322.741425
322.634430
322.332397
322.390747
322.283600
322.024017
322.470459
322.671356
322.726166
323.037354
323.143951
323.029602
323.218384
323.761444
324.176331
323.863770
324.536926
324.543701
325.120728
325.759308
325.722809
326.371918
326.879150
326.853485
327.395203
327.565369
327.957458
328.434418
328.158508
328.563812
328.478088
328.926086
329.153564
329.848633
329.463562
329.473877
329.708801
329.876099
329.845428
330.076996
329.731628
330.264557
329.971405
330.008087
329.684540
329.510376
329.674225
329.381012
329.164490
328.983673
328.818085
328.458313
328.436523
327.754303
327.768707
327.418274
327.493896
326.967682
326.770386
326.433014
325.637634
325.784607
325.644287
325.002991
324.930359
324.503601
323.887177
323.700897
323.393250
323.541687
323.094604
322.864319
322.228729
322.768585
322.067383
322.261261
321.922424
321.933563
321.656555
321.786926
321.443451
321.529572
322.020874
321.635223
322.004333
321.911377
321.980377
322.303619
322.260468
322.495911
322.420929
322.398956
322.956909
322.974274
323.288177
323.543091
324.119934
324.090881
324.782471
324.790253
325.276947
325.386627
325.886505
326.466858
326.312408
326.967499
327.171173
327.237335
327.630524
327.905304
328.187622
328.532898
328.116669
328.573212
328.932678
329.439514
329.356873
329.228119
329.801025
329.621796
329.975830
330.291534
330.367737
330.204315
330.082825
329.927917
330.217255
330.218567
329.711029
330.100464
330.325806
329.542053
329.345612
328.842072
329.414276
328.887360
328.351318
328.313477
328.105164
328.039398
327.536713
327.446381
326.869324
326.538452
326.144409
325.782715
326.133911
325.314148
325.324646
324.790131
324.553925
323.965973
323.275299
323.617035
322.841278
323.240936
322.947662
322.464020
322.641479
321.847626
321.850739
321.640137
322.219086
321.278046
321.147125
321.637390
321.780060
321.558990
321.398987
321.292786
321.407410
321.099365
321.145782
321.507599
321.703979
321.563782
321.911530
321.784485
321.810974
322.319275
322.157684
323.052307
323.247650
322.934296
323.293152
323.291046
323.440063
323.853241
324.547211
324.195038
325.070435
325.169128
325.427887
325.597992
326.115845
326.183655
326.690521
326.702362
327.024536
327.490173
327.627808
327.724854
327.430420
327.815308
327.842316
328.477051
328.081726
328.406677
328.240967
328.577759
328.716064
328.333008
328.383270
328.451965
328.512451
328.407745
328.552216
328.108124
328.123383
327.989288
327.671417
327.737030
327.422272
327.175018
327.123840
327.124878
327.310242
326.476593
326.355103
326.221344
325.882324
326.043488
325.334503
324.954224
325.014374
324.309967
324.428223
324.376801
324.054016
324.014282
323.739227
323.428650
323.164856
323.417664
323.351837
322.974030
322.649841
322.868225
322.692352
322.214172
322.607788
322.497406
322.551025
322.427948
322.211578
321.961426
322.471832
322.378052
323.140594
322.931396
323.015900
323.140594
323.315491
323.517548
323.360870
323.801605
324.069427
324.478943
324.488220
324.440063
324.915955
325.194824
325.637817
325.658936
325.961212
326.154846
326.406738
326.717102
327.308746
327.416870
328.009155
327.901154
328.197235
328.553986
328.769135
329.355499
329.016815
329.358337
329.333344
330.189575
329.797668
330.013092
330.288666
330.343201
330.421814
330.792145
330.001678
330.467865
331.109314
330.822693
330.566437
330.903076
330.688690
330.534393
330.614410
330.297821
330.434204
329.971619
329.858704
329.782043
329.887268
329.814850
328.989014
329.166595
329.029877
328.758026
328.793274
328.361542
328.179993
327.780853
327.580383
327.399261
326.795563
327.237885
327.132080
326.439697
326.458618
326.062653
326.142426
326.087463
326.187592
325.585632
325.528168
325.238708
325.373688
325.263092
325.298462
325.150574
325.383820
325.167145
324.813660
325.362518
325.292023
325.253143
325.421173
325.366608
325.940857
325.489960
325.894775
325.943634
326.016174
326.558502
326.757721
326.655487
326.830444
327.529388
327.205200
327.231293
327.851227
328.012848
328.555420
328.748108
329.178436
329.319275
329.705719
330.223816
329.993622
330.291199
331.191559
330.549805
330.941803
331.279144
331.437531
331.550079
331.884491
332.322296
332.823761
332.259735
332.585236
332.497589
332.630402
332.887268
332.807617
333.261932
332.559753
332.793579
332.428040
333.097168
333.056824
332.752106
333.370148
332.919891
332.794403
332.702240
332.344513
332.514709
331.730499
332.177979
332.046204
331.387360
331.423126
331.486023
330.943695
330.956268
330.548309
330.588837
330.276367
330.011810
330.136017
329.753510
329.318176
329.576050
329.236786
329.105774
329.004547
328.992279
328.269897
328.660461
328.164886
328.610565
327.977081
328.095215
328.179688
328.072296
328.420502
328.089081
329.367859
328.188782
328.565582
328.664093
328.243866
328.588257
328.725220
328.899811
329.085907
329.331360
329.538177
329.329376
330.067017
330.123657
330.680878
331.120789
331.256134
331.718719
331.842316
332.275543
332.113708
332.655823
332.965027
333.587860
333.603363
333.815216
334.065216
334.700226
334.833527
335.058167
335.592438
335.623810
336.021393
336.417816
336.695923
336.820526
336.583984
337.446259
337.411011
337.588135
337.771973
337.374908
337.431854
337.822266
337.677521
338.115936
338.173950
337.969604
337.640411
338.329163
338.059723
337.727234
337.767151
337.329376
337.730255
337.510345
337.269775
336.878815
336.673889
336.656036
336.319214
336.144562
335.978638
335.995819
335.900909
335.295380
335.145935
334.648254
334.458344
334.517395
334.102905
333.702423
333.004639
333.491486
332.977264
333.365265
332.707855
332.723022
332.827393
332.359192
332.032684
332.233734
332.269531
331.732574
331.861969
331.931946
331.943909
331.809753
331.914001
332.328705
332.101227
332.133362
331.870941
332.382721
332.563782
332.815002
332.875153
333.229034
333.566986
333.613861
333.587250
333.924347
334.569397
334.254089
334.683868
335.225433
335.192596
335.843323
336.087189
336.530426
336.772797
337.394318
337.529999
338.102386
338.195526
338.407288
338.836945
339.139313
339.638062
339.542786
339.947754
340.319855
340.767761
340.578949
341.324677
340.811829
341.670929
341.506348
341.638367
342.270081
342.091614
342.234314
342.366730
342.415619
342.439880
342.117554
342.260468
342.340607
341.873413
342.178223
342.170105
341.624939
341.648682
341.284607
341.479645
341.025330
340.796173
340.479675
340.689667
340.123535
340.082825
339.898438
339.283417
338.744904
339.024017
338.862183
338.293915
337.730225
337.774689
337.423004
337.167358
336.813354
336.716553
336.819244
335.714142
335.524109
335.477020
335.352844
335.535706
335.150726
334.737946
334.465576
334.117737
334.473541
334.017059
334.083862
333.873169
334.107330
334.214935
334.104614
334.009705
334.029449
334.557831
334.288635
334.455505
334.604736
334.355072
334.857178
334.599854
334.894684
335.127563
335.766327
335.078491
335.837616
336.110199
336.975616
337.069702
336.962860
337.433685
337.378998
337.399841
338.261230
337.723541
338.908813
338.528564
339.337097
339.351807
339.456909
339.687195
340.047729
340.012115
340.314941
340.708893
340.580841
341.247528
340.659424
341.484039
341.404572
341.026215
341.237701
341.764954
341.425201
341.211517
341.414734
341.180145
341.205322
341.452393
341.111542
341.561615
341.062317
341.073761
340.807251
341.124908
340.804474
340.386200
340.232788
340.277374
339.596039
339.689056
339.510315
339.296814
339.054962
339.175446
338.691132
338.509583
337.684143
338.122681
337.587158
336.902832
337.024384
336.199646
336.236786
336.147369
336.044312
336.338531
336.001068
335.822968
335.278992
335.390259
335.605133
335.716461
335.126282
335.013580
335.472534
335.357269
335.170563
335.496857
335.374023
335.366638
335.232574
335.494263
335.722382
335.271149
335.460083
336.208527
336.138458
336.220886
336.436920
336.457275
336.638458
337.064301
337.583282
337.649170
337.484314
337.837006
337.925659
338.009705
337.931061
338.201782
338.672852
339.201477
339.544098
339.277679
339.309814
339.933441
339.769196
339.466370
340.143921
340.124359
340.135681
340.078857
339.998627
340.518890
340.428955
339.960571
340.531006
339.949768
340.392242
339.788361
340.123016
339.985199
340.206268
339.508209
339.691620
339.193695
339.407623
339.061676
338.735199
338.557465
338.494659
338.248108
337.830505
337.598602
337.324371
337.035706
336.743011
336.715149
336.453613
336.427643
335.911926
335.238220
335.529358
335.340240
334.766754
335.046997
334.588348
334.773224
333.934540
334.191650
333.500824
333.933838
333.553955
333.933014
333.575989
333.408722
333.531097
333.429474
333.466980
333.112183
333.623566
333.585175
333.463745
333.839050
333.606659
334.020538
333.883209
334.502747
333.803650
334.234924
334.458008
334.567230
335.302124
335.005005
335.407349
335.374298
336.021942
335.716095
336.174591
336.247131
336.588867
336.939331
336.857574
337.309326
337.280090
337.575928
337.532043
338.291046
337.893524
338.062134
338.307343
338.459381
338.382751
338.242737
338.828522
338.591034
338.142700
338.078430
338.375488
338.241791
338.153290
337.976654
337.694183
337.431610
337.472351
337.123016
336.920471
336.383362
336.359589
336.440582
336.421295
336.129395
335.500824
335.447266
335.275360
334.559235
334.540314
334.001923
333.770752
333.418945
332.597443
333.120026
332.807434
332.549194
332.657349
332.207550
332.014618
331.951599
331.734314
331.707733
331.767426
331.705017
331.923523
331.846954
331.722137
331.906189
332.014862
331.919098
332.158875
332.093170
332.690399
333.128693
333.144226
333.510773
333.622223
334.369080
334.596039
335.149231
335.213104
335.413879
335.912903
336.419952
336.824890
337.028351
337.243317
337.359558
338.477936
337.912170
338.632599
338.960052
339.452423
338.881897
339.038055
338.783783
339.001251
338.442047
338.434418
337.718628
337.392456
336.998779
336.234558
335.137268
333.909454
332.800995
331.656830
330.415497
328.360657
326.969910
324.974396
323.632477
320.978241
318.406097
316.236450
313.238708
310.392914
307.892090
304.743256
301.419830
298.022430
294.321594
290.655975
286.883698
283.158630
278.988647
275.258148
270.752014
266.805267
262.296844
258.269745
254.126297
249.489624
245.350769
241.418167
236.767746
232.563370
228.947906
224.925888
221.256805
217.323715
213.746246
210.675446
207.250702
204.417938
201.289185
198.800491
196.717499
194.639893
192.529633
191.294601
189.790192
188.832489
188.155197
187.655090
187.584991

225.960220
186.133530
186.762024
187.475601
188.264053
189.692001
190.962128
192.932281
194.698517
197.106750
199.300278
202.230606
205.081161
208.052841
211.404968
214.517365
218.037582
221.873962
225.450699
229.517166
233.125961
237.097473
241.349014
244.946762
249.355164
253.250534
258.030212
261.280914
265.632874
269.303986
273.209595
277.149841
280.918793
284.434570
287.964508
290.954590
294.181641
297.913757
300.350708
302.897278
305.457642
308.297852
310.662964
312.491669
314.868256
316.871674
318.278564
319.967651
321.153839
322.541748
323.894043
325.039948
325.805267
326.866730
327.204468
327.960388
328.017365
328.572662
328.816589
328.692993
328.877502
329.172729
328.808624
329.198029
329.271088
328.925598
328.883087
328.413422
327.926361
327.745331
327.428131
326.576172
326.533203
326.269897
326.109894
326.189941
325.560547
325.220703
324.653351
324.597687
324.093628
324.236481
323.921722
323.718628
323.721680
323.353638
323.726715
323.592407
323.309204
323.397644
323.212006
322.950684
323.363068
323.546356
323.630127
323.869568
324.019897
323.895782
324.087402
324.574524
325.007507
324.702148
325.332733
325.353394
325.902496
326.492126
326.449951
327.122284
327.579559
327.515503
328.106842
328.261627
328.585358
329.098083
328.808655
329.217865
329.108368
329.526978
329.769440
330.432404
329.995636
330.026611
330.248413
330.359039
330.351562
330.520264
330.217987
330.767151
330.461151
330.454254
330.107391
329.948029
330.052979
329.732697
329.494843
329.336487
329.101776
328.782959
328.709625
328.056030
328.061401
327.676300
327.768280
327.198151
326.983765
326.591064
325.845062
326.021576
325.837616
325.159912
325.064758
324.680359
324.052582
323.840973
323.499329
323.630524
323.212952
322.968475
322.326416
322.841309
322.128235
322.325897
321.947021
321.984619
321.731598
321.861420
321.496246
321.516724
322.087921
321.677948
322.005585
321.901978
321.956940
322.291229
322.235352
322.445404
322.385590
322.371735
322.911804
322.948303
323.236725
323.487244
324.048462
324.034637
324.688019
324.746735
325.191223
325.323914
325.770874
326.354492
326.205322
326.857574
327.070007
327.130737
327.481659
327.786133
328.081299
328.405121
327.996033
328.455292
328.799164
329.290009
329.205017
329.086090
329.628662
329.461884
329.813416
330.110443
330.195282
329.964752
329.897491
329.746613
330.014069
330.011139
329.512177
329.866364
330.121674
329.268616
329.121429
328.640625
329.149658
328.619080
328.121613
328.057129
327.831726
327.779816
327.259796
327.165314
326.559387
326.260773
325.872559
325.487488
325.811035
324.990204
324.995361
324.444885
324.244995
323.621246
322.918854
323.296417
322.506104
322.898468
322.581329
322.112457
322.275360
321.481018
321.494995
321.294250
321.854401
320.916840
320.768372
321.269867
321.418152
321.209564
321.037720
320.930756
321.141418
320.716217
320.773163
321.136963
321.342499
321.186981
321.532593
321.425232
321.448303
321.950317
321.818176
322.738953
322.899109
322.620422
322.954285
322.965637
323.136597
323.531464
324.223755
323.881592
324.796478
324.903809
325.179932
325.334991
325.901337
325.964661
326.466095
326.534210
326.825867
327.300568
327.462799
327.546967
327.299316
327.693207
327.752716
328.380127
328.019287
328.321167
328.207001
328.559143
328.720215
328.338837
328.394440
328.486664
328.562195
328.514496
328.617493
328.245209
328.286835
328.163391
327.851654
327.928558
327.616943
327.387024
327.386536
327.379669
327.602356
326.780182
326.708221
326.589752
326.245087
326.418610
325.726196
325.392548
325.475677
324.713013
324.917633
324.875153
324.550537
324.509613
324.265808
323.995270
323.735962
324.007568
323.934479
323.613983
323.307098
323.558136
323.344666
322.912323
323.304047
323.227875
323.303589
323.199921
322.973572
322.706726
323.234131
323.172913
323.888550
323.735291
323.886932
324.005341
324.128693
324.350250
324.183899
324.683441
324.932648
325.361816
325.354187
325.292755
325.758606
326.058990
326.529816
326.562317
326.843079
327.023865
327.279083
327.600250
328.189392
328.306305
328.856628
328.781860
329.080872
329.427185
329.625488
330.190857
329.855743
330.198151
330.145569
330.987488
330.626495
330.822876
331.113098
331.125732
331.186584
331.548523
330.747192
331.212524
331.760406
331.509949
331.261292
331.596619
331.348236
331.120941
331.232605
330.908936
331.003357
330.561798
330.415009
330.323212
330.423737
330.341431
329.488770
329.656006
329.497162
329.216309
329.230743
328.765778
328.574432
328.152313
327.962738
327.755127
327.147064
327.555847
327.421753
326.713837
326.720825
326.336884
326.385498
326.327698
326.382965
325.789703
325.735352
325.408234
325.540375
325.408722
325.452667
325.278717
325.510254
325.271637
324.897400
325.445984
325.376129
325.299469
325.486023
325.420654
325.989929
325.521576
325.916077
325.940674
326.014008
326.566498
326.755890
326.612183
326.801605
327.507111
327.198608
327.184052
327.841583
327.985962
328.521118
328.711334
329.143341
329.289612
329.672729
330.189240
329.937408
330.229980
331.166290
330.527588
330.893860
331.250671
331.384766
331.534210
331.883667
332.324646
332.807770
332.246521
332.575378
332.501862
332.661957
332.925812
332.837708
333.299103
332.602661
332.869995
332.503448
333.171936
333.132751
332.849152
333.488098
333.017944
332.900208
332.832855
332.523376
332.664825
331.913544
332.344543
332.221039
331.580566
331.635254
331.688171
331.151398
331.198242
330.785797
330.824188
330.544952
330.270752
330.395630
330.041626
329.613800
329.883209
329.560638
329.436737
329.359192
329.350708
328.622528
329.033325
328.521698
328.979004
328.384216
328.509033
328.593231
328.482788
328.859528
328.479614
329.623627
328.629639
328.994873
329.122833
328.694794
329.049103
329.203461
329.360260
329.591522
329.840668
330.044037
329.877411
330.569092
330.631165
331.189362
331.663788
331.769257
332.267639
332.355713
332.827972
332.631805
333.161469
333.471863
334.115540
334.176422
334.370483
334.602722
335.284454
335.383240
335.590149
336.138275
336.169464
336.562256
336.930603
337.254272
337.346069
337.127441
337.983185
337.915009
338.123657
338.287750
337.909698
337.945068
338.319885
338.182404
338.615234
338.653137
338.471558
338.154175
338.858673
338.557983
338.221802
338.276001
337.823822
338.192474
337.975372
337.742096
337.347809
337.131531
337.111664
336.777039
336.587006
336.373962
336.433350
336.336060
335.716827
335.562012
335.046539
334.863434
334.946533
334.469116
334.065247
333.403107
333.844330
333.329254
333.743744
333.058228
333.050598
333.180450
332.691010
332.353760
332.541992
332.561981
332.044708
332.152283
332.276154
332.221436
332.063812
332.194122
332.591675
332.362762
332.393768
332.125854
332.635956
332.807648
333.042877
333.115234
333.437256
333.773193
333.812317
333.773224
334.114655
334.771118
334.446838
334.851807
335.394226
335.370483
335.978638
336.235657
336.667450
336.905853
337.497894
337.634613
338.207794
338.314423
338.509033
338.922363
339.221985
339.699188
339.608521
340.003815
340.374420
340.793518
340.613556
341.340576
340.841248
341.665009
341.499481
341.646393
342.264465
342.073578
342.203522
342.332397
342.340698
342.396881
342.064911
342.178009
342.253906
341.782349
342.073761
342.097900
341.506317
341.522858
341.142303
341.334442
340.879272
340.627075
340.308594
340.536560
339.922485
339.882965
339.714569
339.077484
338.521667
338.795197
338.641022
338.054810
337.487335
337.522522
337.162933
336.890381
336.539978
336.419434
336.531830
335.396790
335.210785
335.155609
335.034271
335.203125
334.822662
334.389648
334.126434
333.771393
334.138489
333.653656
333.728668
333.496765
333.710754
333.822174
333.717712
333.613281
333.639618
334.155121
333.873474
334.036713
334.181213
333.934753
334.440308
334.173553
334.452545
334.655701
335.330688
334.647583
335.366852
335.656738
336.523041
336.619629
336.489410
336.965149
336.897064
336.925873
337.807159
337.243408
338.410095
338.058380
338.857422
338.874542
338.994965
339.208496
339.569946
339.476410
339.848816
340.216095
340.080963
340.771973
340.179382
341.023254
340.921295
340.530762
340.744019
341.242920
340.966736
340.749725
340.930939
340.691559
340.759247
340.992615
340.645325
341.111328
340.585938
340.636902
340.374878
340.667175
340.351990
339.942322
339.823761
339.819946
339.160156
339.267914
339.131470
338.845215
338.634399
338.767303
338.271637
338.110565
337.293640
337.711304
337.164856
336.486969
336.626373
335.839294
335.876984
335.765991
335.636810
335.973083
335.658600
335.369293
334.914764
335.065643
335.255859
335.374298
334.739105
334.695801
335.123291
335.000885
334.813873
335.188293
335.037872
335.068756
334.958496
335.191559
335.410767
334.987152
335.147949
335.947418
335.839020
335.952301
336.173462
336.205688
336.372650
336.797455
337.301392
337.368134
337.249756
337.594513
337.681641
337.767090
337.688751
337.952881
338.438599
338.976166
339.281433
339.017487
339.073761
339.691223
339.556702
339.210907
339.922211
339.908691
339.943420
339.843109
339.780029
340.349976
340.250153
339.763824
340.332245
339.751312
340.192749
339.610413
339.932312
339.809723
340.030823
339.327057
339.519897
339.026947
339.227966
338.867004
338.580505
338.369202
338.310913
338.092316
337.642029
337.452148
337.150787
336.892426
336.605652
336.588898
336.307373
336.245514
335.782166
335.085663
335.361389
335.196411
334.654205
334.909668
334.470184
334.621674
333.825562
334.058533
333.345062
333.802124
333.449005
333.813599
333.438904
333.284027
333.409424
333.313202
333.348206
333.012634
333.531006
333.483032
333.350952
333.714294
333.515594
333.939240
333.792206
334.376984
333.721680
334.167358
334.381836
334.450989
335.231934
334.920105
335.306396
335.303528
335.923309
335.625061
336.100464
336.197479
336.512817
336.870544
336.821930
337.240143
337.212433
337.527191
337.476471
338.235046
337.824402
337.995972
338.261810
338.398163
338.289032
338.197266
338.783630
338.535797
338.125732
338.057495
338.323608
338.209778
338.128601
337.954895
337.665131
337.391998
337.438477
337.060181
336.881073
336.351013
336.313354
336.404358
336.393188
336.100952
335.457825
335.419281
335.252045
334.500183
334.509247
333.954224
333.726288
333.374664
332.546661
333.079987
332.785919
332.518585
332.598541
332.137268
331.961670
331.867615
331.672241
331.625610
331.705414
331.662781
331.880371
331.792145
331.646423
331.836853
331.918915
331.830811
332.064911
332.014923
332.595825
333.038269
333.064972
333.419739
333.510345
334.272217
334.504150
335.055023
335.088196
335.290588
335.772430
336.280182
336.697906
336.882324
337.106812
337.217529
338.337677
337.758728
338.474609
338.803894
339.307373
338.741852
338.900513
338.626160
338.836578
338.283051
338.269135
337.547028
337.191254
336.809326
336.046600
334.941071
333.702606
332.589691
331.448975
330.205811
328.143097
326.761078
324.761536
323.407501
320.753448
318.161530
316.026062
313.008759
310.165802
307.640900
304.488831
301.156891
297.751648
294.071838
290.386444
286.589783
282.868408
278.699677
274.988098
270.478058
266.532928
262.004089
257.976807
253.837402
249.211884
245.066025
241.107498
236.435303
232.277237
228.641800
224.622009
220.950455
217.002304
213.437897
210.358215
206.953476
204.111908
201.004654
198.487946
196.382187
194.317886
192.195663
190.960434
189.464050
188.507523
187.849365
187.326569
187.297943

