288.171417
173.258011
173.619385
174.326340
175.213379
176.264206
177.512604
179.334305
181.111938
183.484619
185.499420
187.941238
190.807953
193.406998
196.482132
199.621414
202.907593
206.213272
209.997391
213.013855
217.008240
220.579605
224.385788
228.038574
232.064575
235.694519
239.267334
243.392197
247.019440
250.550735
254.321701
258.065674
261.196625
264.459381
267.602661
270.849915
273.909637
276.881836
279.765137
282.079895
284.485718
287.001892
289.351715
291.343658
293.230316
295.037598
296.673096
298.309265
299.531158
300.818665
302.010559
303.181488
303.819397
304.629333
305.380920
305.926056
306.958954
306.979431
307.250671
307.153961
307.204498
307.689545
307.579834
307.647430
307.647522
307.557556
306.998779
306.891785
306.522919
306.382416
306.158142
306.401306
305.758362
305.515869
305.290833
305.378571
304.837982
304.949829
304.461639
304.492218
304.232239
303.953003
303.763153
303.652283
304.101868
302.887939
303.527130
303.391510
303.528717
303.450958
303.911011
303.895203
304.074951
304.536041
304.520020
304.873688
304.853973
304.888306
305.630280
305.771881
305.719757
306.317841
306.666443
307.478516
307.654144
307.956360
308.066071
308.794373
308.871338
309.645477
309.604828
309.795593
310.081696
310.632629
310.957550
310.953430
311.161346
311.425171
311.624420
312.378876
312.150208
312.353882
312.531647
312.876984
313.004303
313.079803
312.716248
313.059235
313.201447
313.068146
313.162811
313.002136
313.002869
312.835968
312.870789
312.591034
312.111389
312.321899
312.080902
312.031219
311.880890
311.750916
311.306091
311.103973
310.842133
310.385315
310.038269
309.923309
309.919006
309.560486
309.241272
309.176758
309.278778
308.719574
308.336334
308.225464
308.455444
308.007751
307.747192
307.699249
307.598053
307.374146
306.983185
307.480438
307.325226
307.319183
307.365417
307.580536
307.553986
307.512878
307.829803
307.728058
308.043549
308.219025
307.895538
308.395691
308.611328
308.869049
309.128967
309.368683
309.772461
310.125092
310.477661
310.606018
310.957947
311.144073
311.317322
312.197571
312.113647
312.815369
313.238464
313.549133
313.802673
313.781311
314.407166
314.356323
315.209808
315.301361
315.807861
315.662140
316.215668
316.070892
316.564087
317.179413
317.001953
317.100586
317.307709
317.360687
317.375336
317.730103
317.340271
317.880035
317.275360
318.015045
317.712982
317.227081
316.956360
317.310425
317.110046
317.043549
316.817535
316.938721
316.683289
316.094788
315.832764
315.927826
316.117554
315.390320
315.214874
315.072754
314.243896
314.691620
314.162537
314.260712
313.620148
313.607147
313.043610
313.238403
312.996155
312.416534
312.298981
311.968140
311.444855
311.986450
311.307129
311.704224
311.081451
311.156128
311.184631
310.813629
311.247375
310.986176
311.036346
310.710999
310.665344
310.862671
310.669037
310.888184
311.102325
311.053253
311.385895
311.774567
312.151794
312.098175
312.253235
312.501038
312.477509
313.221588
313.098236
313.650574
313.886444
313.553162
314.379242
314.943939
314.696594
314.949768
315.209747
315.848083
316.037506
316.252625
316.192719
316.521484
317.439514
317.841705
318.020508
318.055847
318.000458
318.419647
318.071747
319.450928
319.029236
319.285461
319.305359
319.493378
319.624878
319.334625
319.788971
319.844604
320.077698
319.915649
319.806671
319.671326
319.608063
319.428986
319.954895
319.393524
319.868347
319.238068
319.253479
319.519623
318.791840
319.024170
318.503296
318.418915
318.201355
318.125885
317.786652
317.703094
317.292175
317.013641
317.427155
317.031281
316.756348
316.526428
316.467010
316.067719
316.210114
315.723328
315.710571
315.457611
315.820953
315.122253
315.286804
315.448456
315.137024
315.083191
314.836731
315.099823
315.051147
315.317230
315.146637
315.283051
315.242065
315.756073
315.534241
315.459045
315.417786
315.950012
315.872894
316.321198
316.292542
316.908783
316.598969
316.833069
317.489166
317.825623
317.857727
318.172302
318.411163
318.769684
319.254944
319.726746
319.560394
319.729614
319.685669
320.558868
320.701324
321.179962
321.862885
321.709930
322.377533
322.118866
322.649506
322.526703
322.669312
323.176178
323.247162
323.358612
323.690704
323.892090
323.612946
323.845490
324.018402
324.054291
324.287994
323.970978
323.913483
324.054993
323.725647
324.362885
324.117340
324.383881
324.344116
323.577179
323.651489
323.438568
323.493561
323.301147
323.422607
322.973785
322.989380
322.911896
322.192383
321.912567
321.944946
321.373932
321.477844
320.889221
321.346588
320.721588
320.688171
320.534607
320.505737
320.293060
320.278992
319.787079
319.914154
319.678436
319.218811
319.453430
319.281189
319.573730
319.137177
319.246063
318.740204
319.034515
318.765747
319.515808
319.497925
319.676331
319.669006
319.541992
320.133850
319.732422
320.196899
320.209076
320.568024
320.676758
320.972900
320.948273
321.265472
321.412994
321.683167
321.670044
322.537201
322.607727
322.561523
323.236298
323.164764
323.454987
323.934753
324.127930
324.424683
324.980804
325.238983
324.503265
325.549255
325.586029
325.817291
325.435394
326.150909
326.629181
326.834473
326.951019
326.866547
327.121155
327.152496
327.557129
326.998657
327.725037
327.613159
327.797333
327.535156
327.099243
327.651184
327.661560
327.567688
327.374390
327.467743
327.252563
327.438843
326.975067
326.720306
326.794922
326.481720
326.510712
326.522034
326.391357
326.288147
325.739166
326.079010
325.127502
325.632751
325.085083
324.878693
324.799194
324.493286
325.244873
325.052063
324.360962
323.896912
323.904938
324.247345
323.815735
323.478485
323.674896
323.879517
323.723602
323.826355
323.719360
323.839417
323.828674
324.238678
323.911987
323.988129
324.201385
324.463104
324.867035
324.556366
325.478149
325.458466
325.556763
325.584290
325.999298
326.053284
326.133057
326.898346
326.962280
327.367432
327.696869
328.378815
328.441101
328.678375
329.182098
329.623596
329.458801
329.959198
330.317200
331.173706
331.107178
331.746521
331.738647
333.026581
332.627502
333.903137
333.328552
333.655151
334.269470
334.413605
334.717865
334.767365
334.427612
334.727539
334.976593
335.540558
335.939819
335.191498
335.501251
335.889587
335.616150
335.957764
336.196045
336.248505
336.218140
335.818359
335.766144
335.604279
336.023865
335.669342
335.246399
335.217560
334.970398
335.069977
334.523651
334.857178
334.809052
334.388062
334.112610
334.075775
334.227692
333.614990
333.778534
333.059540
332.951538
332.546448
332.899445
332.798828
332.530457
332.605530
332.255493
332.341644
332.111359
331.990173
331.744507
331.788269
331.713196
331.919891
331.714661
332.215820
332.268524
332.126160
332.304871
332.622681
332.641632
333.080780
332.570129
333.272491
333.319794
333.613342
334.195435
334.076874
334.118530
334.983093
335.407867
335.672729
335.703094
336.177643
336.259979
336.708191
337.040771
337.431305
337.986938
338.389618
338.933533
339.218964
339.664062
339.953400
340.676788
340.677734
340.712463
341.860626
342.088196
342.653748
342.790924
343.259369
343.221283
343.737701
344.349854
344.104614
344.554077
344.838135
344.856964
344.943939
345.042267
344.968079
345.509949
345.497986
345.433350
345.184143
345.359894
345.609924
345.186523
345.375732
345.472961
345.501038
345.020691
345.778503
345.001434
345.020782
344.881348
344.428741
344.434906
344.003784
343.746704
343.921173
343.451599
343.347076
342.676636
342.545013
342.601685
342.213409
341.887726
341.651276
341.783173
340.679779
340.957733
340.338531
340.760040
340.066254
340.149994
339.927429
339.847961
339.765869
339.613953
339.563721
339.835815
339.173431
339.463501
339.355194
339.513977
339.009796
339.699524
339.518066
339.550293
339.714752
340.147278
340.320618
339.896210
340.434235
340.480652
340.795776
340.954132
341.449799
341.925842
341.965179
341.733063
342.169464
342.511230
343.084869
343.406189
343.444702
343.671722
344.285553
344.256134
344.942841
345.122528
345.143158
345.805481
345.743164
346.163940
346.516113
347.067871
347.184265
347.118866
347.486633
347.677094
347.830292
348.299561
348.508026
348.915649
348.625610
349.142395
348.882599
348.965729
348.926025
349.171448
348.927582
348.969666
349.232483
349.345703
348.913422
349.330048
348.631439
348.520660
349.025177
348.302307
348.288666
347.423523
348.349945
347.750275
347.825592
347.391571
347.377899
347.096222
346.845764
346.499237
346.474762
346.062836
345.980682
345.620087
345.570801
345.398773
345.355347
345.340515
345.139984
344.710571
345.054840
344.658417
345.101959
344.635895
344.645874
344.794586
344.114655
344.305542
343.637329
344.322052
344.926910
344.322388
343.923950
344.105927
344.259888
344.602783
344.873596
344.920319
345.159729
345.181702
345.619598
345.607452
345.454041
345.964935
346.277283
346.154419
346.588135
346.706055
346.946411
347.370361
347.526794
347.670868
348.183319
348.109589
348.127808
348.584991
348.759216
349.214020
348.938995
349.792572
349.877777
350.240112
350.091492
350.147369
350.027832
350.245209
350.470734
350.526917
351.005280
350.999878
350.831940
350.822540
351.189941
350.889771
350.904114
350.953949
350.759216
350.698975
351.027008
350.478210
349.723236
350.281189
349.825623
349.560852
349.679047
349.450348
349.182434
349.487183
348.390259
348.236206
348.386444
348.445862
347.888245
347.370697
347.289124
347.188965
347.328674
346.783539
346.493866
346.544586
346.402222
345.843506
345.970978
345.968323
345.810608
345.454010
345.725128
345.419830
344.847992
344.842987
345.159760
344.954163
345.447510
345.069794
345.046234
345.187561
345.372162
345.789978
345.430267
345.737823
345.568207
345.772064
346.183594
346.365387
346.694977
346.742279
346.855072
347.057312
347.281464
347.764282
347.483429
348.041412
348.021484
348.623749
348.741669
349.129456
349.644104
349.071289
349.753021
350.314606
350.326141
350.564423
350.639862
350.413971
350.882782
350.936340
351.304504
351.325348
351.622742
350.678680
351.487274
351.434143
351.317810
351.476746
350.614929
350.916504
350.776184
350.757294
350.739624
350.756287
350.013428
349.664520
349.717072
349.844940
349.801697
349.251312
348.901428
348.894531
348.385132
347.933838
347.539459
347.643219
347.015472
346.601379
346.916473
346.705017
345.595886
345.797913
345.299713
344.944672
345.807861
345.452789
345.087677
345.332489
345.109985
344.960815
345.356659
344.660675
345.086365
345.108948
345.157379
345.156586
345.396881
345.999786
346.220245
345.838593
346.650146
346.231964
347.413422
347.235504
347.628662
348.325897
348.735046
348.833008
349.587677
349.777435
350.099243
351.060089
350.556396
351.915558
351.282196
351.831696
352.473389
352.489197
352.624084
352.901276
353.439423
353.375061
353.059143
352.578796
352.663696
352.501038
351.750183
351.567200
350.617035
350.104340
349.327545
348.035583
346.784119
345.589813
344.112305
342.289734
340.511627
338.854309
336.944275
334.401886
332.117279
329.642578
326.811951
323.707458
320.834656
317.411407
314.371643
310.210449
306.309296
303.027618
298.851440
294.633728
290.819092
286.615509
282.333282
277.980347
273.090210
268.956970
264.455170
259.919281
255.421921
251.007401
246.700272
242.268066
238.051483
234.102692
230.021622
226.437668
222.325272
218.696793
215.667084
212.431000
209.532730
206.814713
204.322647
202.123322
200.156418
198.637085
197.423874
196.021225
195.350586
195.259338
194.945374

280.675415
173.435791
173.800125
174.497620
175.373306
176.439209
177.692322
179.513596
181.325333
183.702194
185.702621
188.149567
191.035187
193.674301
196.715836
199.850266
203.167969
206.458115
210.266571
213.328644
217.265656
220.881912
224.684738
228.381744
232.385590
236.032440
239.661636
243.773941
247.404434
250.965836
254.737961
258.519928
261.635223
264.926025
268.087494
271.322754
274.386566
277.383118
280.298279
282.607697
285.061371
287.550903
289.909119
291.917297
293.837708
295.655670
297.260193
298.960510
300.168793
301.466095
302.684204
303.877106
304.510834
305.299622
306.095062
306.648926
307.699066
307.707520
308.015991
307.921234
307.963165
308.477875
308.359528
308.430481
308.431152
308.368927
307.790771
307.700714
307.299316
307.154053
306.980316
307.200226
306.586273
306.277832
306.072174
306.153534
305.598663
305.721283
305.233917
305.260803
304.993835
304.659210
304.519104
304.376068
304.808136
303.565979
304.239105
304.072052
304.200867
304.082062
304.552185
304.513702
304.677002
305.137512
305.110596
305.440369
305.403992
305.417480
306.116943
306.257660
306.189514
306.768188
307.091187
307.885162
308.031586
308.333466
308.398590
309.113464
309.164490
309.926758
309.869720
309.981781
310.267609
310.804718
311.112000
311.060364
311.278442
311.496246
311.683990
312.411987
312.167175
312.331726
312.504608
312.809998
312.948975
312.986359
312.607208
312.938354
313.027740
312.885803
312.946381
312.766296
312.730103
312.576691
312.540131
312.282288
311.780212
311.982849
311.686432
311.611115
311.488068
311.314758
310.885529
310.643677
310.341644
309.890686
309.541870
309.401550
309.378662
309.013580
308.694336
308.627136
308.693481
308.127991
307.738617
307.606598
307.852081
307.374084
307.117065
307.063110
306.998474
306.733734
306.345795
306.854492
306.679718
306.691956
306.725708
306.914368
306.911377
306.898773
307.189819
307.099304
307.406219
307.586212
307.258270
307.771332
307.992035
308.284607
308.541840
308.828613
309.174988
309.525146
309.911377
310.056549
310.445587
310.617767
310.804108
311.689850
311.600861
312.344971
312.787415
313.134430
313.378815
313.373291
313.980713
313.964935
314.818176
314.927338
315.456635
315.358398
315.885132
315.755310
316.270111
316.879425
316.756317
316.865234
317.074463
317.182678
317.149445
317.537994
317.165802
317.788239
317.196472
317.923218
317.635406
317.151031
316.901855
317.269073
317.130981
317.049042
316.864502
316.949402
316.720245
316.107025
315.898712
316.004028
316.213043
315.520081
315.349487
315.225922
314.435974
314.836426
314.300964
314.510468
313.817017
313.810120
313.258911
313.491943
313.253571
312.680359
312.589661
312.269226
311.785156
312.328796
311.667908
312.051697
311.485718
311.508240
311.570190
311.213074
311.670563
311.398590
311.467224
311.131958
311.107391
311.337250
311.130371
311.366760
311.603180
311.531555
311.852509
312.277863
312.678894
312.593079
312.777069
313.045563
313.036224
313.742798
313.644653
314.212555
314.459351
314.159058
314.992920
315.552856
315.289642
315.598663
315.826172
316.453186
316.674194
316.908661
316.879669
317.199677
318.124176
318.531067
318.711884
318.758545
318.718475
319.119385
318.788666
320.154999
319.761627
320.018616
320.065399
320.250641
320.426300
320.148865
320.598846
320.636566
320.883026
320.741333
320.655609
320.542236
320.473907
320.286682
320.833893
320.269135
320.729523
320.121429
320.125061
320.405365
319.698364
319.899445
319.428894
319.335449
319.118225
319.090790
318.733887
318.662201
318.275330
317.965881
318.398560
317.992981
317.725586
317.486786
317.462433
317.083893
317.232910
316.735199
316.692535
316.492310
316.854736
316.154602
316.319183
316.478577
316.205139
316.177765
315.902374
316.160187
316.155609
316.422333
316.234375
316.319794
316.332825
316.838074
316.654358
316.530731
316.476288
317.019989
316.927826
317.411530
317.381805
317.962341
317.663330
317.884918
318.547211
318.891846
318.946991
319.251495
319.413605
319.842773
320.260040
320.783600
320.578125
320.759094
320.719391
321.525665
321.716309
322.170197
322.780884
322.647797
323.319305
323.020538
323.600342
323.410706
323.538757
324.057983
324.119019
324.190704
324.551849
324.694427
324.400665
324.675476
324.865692
324.844330
325.034241
324.733917
324.648163
324.746155
324.443207
325.007233
324.766113
325.074677
324.953461
324.194916
324.251923
324.034027
324.067596
323.884399
323.929962
323.464081
323.488220
323.411011
322.661438
322.373108
322.394226
321.796783
321.848694
321.264374
321.768280
321.069641
321.000458
320.866028
320.804504
320.587769
320.532715
319.984161
320.125641
319.897980
319.413788
319.664795
319.405914
319.758942
319.355011
319.337524
318.840363
319.141602
318.864075
319.554779
319.572327
319.719391
319.707153
319.601135
320.134735
319.753510
320.205322
320.192383
320.526093
320.612793
320.907745
320.869080
321.235992
321.339722
321.597412
321.569458
322.451935
322.496399
322.510132
323.140137
323.065613
323.309174
323.824860
323.970398
324.304443
324.853516
325.063171
324.378906
325.456421
325.419250
325.685913
325.293488
326.052460
326.426361
326.698334
326.818939
326.714478
326.941071
327.012299
327.423706
326.835907
327.593597
327.485168
327.697754
327.378387
326.980133
327.558105
327.569733
327.452759
327.269165
327.375580
327.111450
327.328735
326.846741
326.620850
326.742462
326.406830
326.423279
326.479767
326.306030
326.213776
325.703949
326.048065
325.039124
325.544983
325.051605
324.814545
324.761292
324.469513
325.216888
325.039673
324.342499
323.903625
323.908997
324.260773
323.799530
323.507874
323.678467
323.930908
323.758057
323.831146
323.767487
323.895050
323.875061
324.132385
323.941040
324.057800
324.267944
324.508362
324.942627
324.613892
325.542999
325.549896
325.598083
325.664429
326.071869
326.120789
326.193665
326.947906
327.049377
327.460419
327.761719
328.457001
328.524139
328.774841
329.271912
329.674957
329.540192
330.064148
330.404755
331.241150
331.179626
331.816406
331.819855
333.104523
332.674622
333.968292
333.379303
333.699463
334.326233
334.471710
334.753571
334.803619
334.445496
334.772339
335.015656
335.609009
335.975220
335.239777
335.541656
335.894806
335.652252
335.975739
336.249115
336.255402
336.251892
335.845886
335.802063
335.622864
336.044495
335.683044
335.270325
335.215759
334.958344
335.067963
334.538452
334.870148
334.812836
334.378937
334.108368
334.058502
334.224182
333.625488
333.785126
333.052155
332.918427
332.551300
332.925293
332.788879
332.536316
332.592407
332.241516
332.317688
332.109802
331.983795
331.730225
331.759705
331.718475
331.901611
331.733124
332.211731
332.270538
332.099426
332.278839
332.618378
332.670807
333.064636
332.578033
333.274078
333.337799
333.598877
334.179749
334.110016
334.112854
334.973114
335.397797
335.669220
335.729889
336.198730
336.304993
336.712341
337.085846
337.471924
338.022980
338.382202
338.977325
339.254211
339.698883
339.967072
340.713684
340.701080
340.762329
341.895233
342.159027
342.721741
342.835144
343.304993
343.310059
343.782654
344.384399
344.193756
344.565582
344.909760
344.914368
345.002411
345.084869
345.070526
345.574097
345.568939
345.496796
345.235107
345.437927
345.666534
345.258698
345.453278
345.582703
345.612152
345.080353
345.891846
345.093414
345.068237
344.959839
344.534882
344.527679
344.118195
343.855377
343.992798
343.520355
343.383820
342.702820
342.654419
342.757965
342.306946
341.956818
341.749603
341.872894
340.745087
341.022736
340.404694
340.847137
340.208679
340.177826
339.979645
339.894989
339.869476
339.728760
339.658081
339.878479
339.273163
339.542297
339.442108
339.604645
339.057373
339.784332
339.599701
339.571960
339.765686
340.215088
340.377594
340.025024
340.502838
340.561096
340.867371
340.978851
341.504852
342.016083
341.983795
341.788971
342.241272
342.510559
343.115845
343.410614
343.514191
343.745392
344.333038
344.310059
345.000732
345.192200
345.213898
345.865601
345.769623
346.208801
346.534576
347.123779
347.247864
347.141998
347.477325
347.737518
347.838013
348.351685
348.584473
348.936646
348.653473
349.183899
348.917816
349.022858
349.003998
349.243134
348.998413
349.024353
349.314728
349.425385
348.984863
349.387939
348.665436
348.603943
349.075714
348.382812
348.368683
347.504333
348.403687
347.785034
347.900452
347.456085
347.448212
347.179016
346.896454
346.610260
346.551910
346.155304
346.068176
345.747223
345.679199
345.481476
345.457733
345.390320
345.279480
344.828613
345.169312
344.752258
345.186096
344.730530
344.752869
344.891266
344.252014
344.406250
343.735840
344.432739
345.046143
344.427155
344.065002
344.219025
344.377167
344.714752
345.004364
345.059814
345.314209
345.286316
345.762848
345.731354
345.523376
346.065918
346.433960
346.298676
346.746490
346.857758
347.087463
347.464386
347.670471
347.816132
348.365570
348.253540
348.233673
348.750885
348.882324
349.344818
349.083771
349.941925
350.002167
350.364380
350.240173
350.249054
350.175415
350.386047
350.574341
350.644470
351.130890
351.096741
350.947754
350.934814
351.295624
351.016022
351.015045
351.042694
350.847015
350.809235
351.108734
350.562012
349.845032
350.407776
349.916229
349.649414
349.746979
349.569489
349.246124
349.550507
348.449402
348.310913
348.451355
348.492676
347.965576
347.425323
347.335205
347.238434
347.359192
346.826782
346.535614
346.560822
346.435425
345.876923
346.007904
345.985748
345.837097
345.478485
345.749023
345.442322
344.839111
344.842743
345.149658
344.947479
345.420502
345.068390
345.019104
345.139557
345.345123
345.781372
345.420441
345.690491
345.520966
345.729279
346.141327
346.325958
346.633026
346.685028
346.825531
346.995453
347.224518
347.665436
347.424561
347.963593
347.945862
348.564453
348.660461
349.043274
349.555420
348.998444
349.659668
350.233124
350.250977
350.473663
350.571625
350.321777
350.758392
350.839966
351.229950
351.199799
351.529480
350.600128
351.417633
351.326904
351.210999
351.391357
350.525330
350.835358
350.700012
350.689423
350.670349
350.681122
349.930145
349.588226
349.628082
349.773651
349.748840
349.179962
348.832428
348.839752
348.324860
347.882599
347.489716
347.543884
346.964630
346.561981
346.880493
346.665741
345.579010
345.758270
345.264160
344.926208
345.791473
345.467102
345.112396
345.355408
345.146332
344.990448
345.372131
344.671967
345.110352
345.170959
345.205017
345.211731
345.420654
346.046295
346.296967
345.896851
346.764435
346.338715
347.528687
347.350342
347.723572
348.443665
348.875061
348.999817
349.732513
349.933594
350.273468
351.239777
350.732117
352.106201
351.499451
352.022095
352.697815
352.743713
352.887268
353.136078
353.720734
353.630066
353.332947
352.865387
352.993713
352.784760
352.094177
351.885864
350.921692
350.436859
349.672455
348.400818
347.128815
345.938660
344.470001
342.654846
340.882874
339.270569
337.376862
334.826660
332.548492
330.063293
327.230377
324.158203
321.314392
317.879883
314.863708
310.690247
306.786072
303.522430
299.316895
295.179474
291.336426
287.146820
282.866394
278.520538
273.607056
269.501923
265.000427
260.483704
255.962448
251.586716
247.266022
242.840942
238.616623
234.674332
230.607498
227.001434
222.911819
219.309036
216.273209
213.036606
210.123001
207.437149
204.924820
202.736313
200.766769
199.254730
198.052551
196.640244
195.959244
195.887939
195.823120

218.627930
182.994064
183.678177
184.120529
185.158447
186.544708
187.939590
189.446030
191.559052
193.833817
196.311234
198.651932
201.335297
204.759262
207.702072
211.082916
214.365601
218.042358
221.883118
225.772247
229.568176
233.439667
237.575470
241.338409
245.675476
249.504440
253.439514
257.578644
261.249237
265.181671
269.087189
272.423676
276.246490
279.466431
283.285706
286.758942
289.352844
292.545654
295.613770
298.390961
301.006683
303.075623
305.624817
307.976562
309.998016
311.615509
313.582123
314.614410
316.454193
317.903473
318.607391
319.732422
320.282684
321.212433
322.455994
322.940735
323.099640
323.993347
323.445312
324.058319
324.354584
324.221161
324.123505
324.086761
324.050507
323.890656
323.733063
323.201416
322.885529
322.505035
322.186279
322.111115
321.393280
321.373199
321.631042
320.763702
320.564880
320.027466
319.972717
319.665405
319.385681
319.220306
318.967621
318.627533
318.271088
318.423676
318.485138
318.696106
318.601776
318.394623
318.225433
318.077942
318.635498
318.796112
318.987335
319.240021
319.490814
319.574554
319.792572
320.150940
320.079010
320.394684
320.898438
321.136749
321.745270
322.279114
322.445526
322.607758
322.808533
323.430023
323.354919
323.454651
324.019867
324.355804
324.445618
324.858246
325.186218
325.769196
325.835724
326.209595
326.058167
326.045868
326.476166
326.474579
326.477356
326.634735
326.689484
326.475494
326.519196
326.652710
326.313995
326.258881
326.211456
326.072479
325.983948
325.618774
325.735229
325.154633
325.242889
324.484192
324.584412
323.898987
323.697144
323.352081
323.452515
323.044403
322.934082
322.787750
322.327942
322.147644
321.639160
321.277008
321.190948
320.787018
320.722321
320.025421
320.243317
320.116333
319.728516
319.285461
319.803986
319.222595
319.097717
318.638489
318.987488
318.826447
319.036591
318.490845
318.448090
318.868805
318.748291
318.567261
319.199463
319.449921
319.426971
319.752960
319.621429
320.136627
320.320709
320.723938
321.362823
321.153625
321.806305
321.825470
321.833496
322.298218
322.462006
322.697601
323.125824
323.509430
323.859772
324.197266
324.570435
324.978241
324.842224
325.413666
325.656952
325.836945
326.221710
326.598022
326.678223
327.296692
327.317200
327.564697
328.061401
328.129944
327.922455
327.820557
327.906586
328.018738
327.835327
327.760529
327.674591
327.763123
327.700806
327.899078
327.474915
326.934784
327.017578
327.299622
327.055084
326.918854
326.487183
326.108032
325.784576
325.400635
325.363037
325.295959
324.344452
324.793427
324.325500
324.014771
323.924469
323.494049
323.199402
322.821014
322.454834
322.566223
322.021271
321.821899
321.411713
321.135651
320.789948
320.680328
320.519165
320.224976
320.226105
320.028259
319.998352
319.435944
319.684326
319.714996
319.358490
319.534332
319.726135
319.541351
319.353394
319.424957
319.309204
319.629669
320.257294
320.137360
319.945892
320.541382
320.603546
320.933228
321.212921
321.284698
321.142731
321.980621
321.969055
321.840790
322.575409
322.423737
322.746246
323.324829
323.482422
323.679871
324.099579
324.203369
324.765106
324.932648
324.765228
325.201721
325.550446
325.876007
325.915039
326.235565
326.274445
326.699799
326.943024
327.005798
326.803650
327.186584
326.942291
327.105743
327.719849
327.153473
327.321991
327.120605
326.745911
327.232849
326.520721
326.671906
326.904480
326.653900
326.549805
326.252930
326.226196
325.605164
326.110962
325.421356
325.362915
325.157135
325.317108
324.835205
324.708740
324.398895
324.554047
323.987152
323.713013
323.467438
323.237701
322.915863
322.929291
322.867035
322.629852
322.056610
322.161285
322.039001
321.470703
321.624512
321.535706
320.947906
321.664764
321.153717
321.095703
321.092651
321.366730
321.233704
320.775330
321.144440
321.202759
321.215790
321.169556
321.423035
321.708832
321.579315
321.528992
322.115417
321.714569
321.841248
322.464783
322.781769
322.976471
323.156555
323.509430
323.683502
323.969849
324.203125
324.381378
324.964386
325.003326
325.376495
326.030853
326.119049
326.171967
326.597198
326.535400
327.179352
327.519318
327.647491
328.048828
327.785431
328.282074
328.255432
328.321259
328.608643
328.587677
328.971710
328.957092
328.889801
329.057709
328.888153
328.727692
329.250580
328.834412
328.928345
329.030640
328.641144
329.008820
328.707550
328.854370
328.623535
328.253235
328.463043
327.805511
327.786041
327.490204
327.402679
326.784637
326.790283
326.614868
326.471649
326.275177
326.130127
325.304626
325.520020
325.446747
325.360474
325.015015
324.660767
324.709198
324.241852
324.466736
324.021759
323.763397
324.019470
323.330780
323.457153
323.013458
322.735931
323.148468
323.102539
323.474182
323.152222
323.055328
322.798523
323.095947
322.999695
323.076721
323.103546
323.450226
323.413757
323.714844
324.165955
323.966614
324.142761
324.003876
324.192596
324.765381
324.605011
325.244537
325.671844
325.420227
325.823853
326.024780
326.326263
326.554474
326.588898
327.074493
327.316315
327.829712
327.364136
327.834137
328.122406
328.421692
328.615936
328.608490
329.182495
328.997711
329.688477
329.735016
329.548553
330.233734
330.083954
330.053772
330.552094
330.539368
330.094452
330.544128
330.644470
330.692108
330.223450
330.085938
330.318665
330.529877
329.892731
329.720795
329.954132
329.952087
329.578247
329.396454
329.335754
328.751282
328.980713
328.500244
328.313446
328.052124
328.024963
327.884491
327.668671
327.519440
327.589478
327.447449
327.552277
326.636017
326.328156
326.577942
326.277405
326.091980
325.927429
325.719574
325.897919
325.107452
325.500305
325.344543
325.317078
325.110107
325.294983
325.452789
325.500916
326.300903
325.819672
325.525604
325.576172
325.811829
325.657318
325.785248
326.196594
326.253876
326.129364
326.231506
326.209167
326.785461
327.399506
327.650940
327.794434
327.939667
328.224701
328.988007
329.374542
329.298248
329.660034
329.581421
329.979218
330.223877
330.849335
331.387726
331.501343
331.456360
332.151428
332.265991
332.848541
332.788788
332.887726
333.267212
333.517059
334.029205
333.984497
333.962311
334.348083
333.995392
334.610168
334.852753
334.965607
334.866852
335.025696
334.746094
334.942200
334.508698
334.545105
334.499573
334.585327
334.849304
334.393616
334.417297
333.975128
333.940582
333.885284
333.496124
333.480377
333.424194
333.046753
332.861633
332.390411
332.319855
332.373352
332.213989
332.174622
331.543365
331.377533
330.772675
330.979248
330.505341
330.356781
330.150085
329.963654
329.796173
329.298279
329.783234
329.338226
329.112488
328.807709
328.620697
328.799133
328.970123
328.811188
328.808624
328.838776
328.342987
328.676971
328.681702
329.052399
329.493561
329.437775
329.687805
329.567505
329.539368
329.994843
330.244324
330.186249
330.621185
330.927582
331.552246
331.601990
332.039001
332.064209
332.608887
332.864655
333.307312
332.968689
334.078705
334.699982
334.994324
335.116333
335.456696
335.809784
335.988403
336.403107
336.495880
336.707092
336.862946
337.555969
337.375244
337.363831
338.088715
338.074951
338.609314
338.847473
338.649628
338.711243
338.788086
338.749359
339.634186
339.281281
339.387848
339.408997
339.042633
339.551605
339.547150
339.638306
338.651794
338.939026
339.260620
339.048492
338.800751
338.762421
337.966095
337.761536
337.503632
337.209076
337.324371
336.808655
336.510193
335.953156
335.667786
335.440826
335.010925
334.553986
334.465637
334.269073
334.094910
333.786285
333.261261
333.174377
333.169067
332.686218
332.327179
332.327087
331.755371
331.427399
331.611328
331.342773
331.207275
331.126282
331.347687
330.834320
330.878479
330.764069
331.133789
331.059113
331.029114
330.767700
331.261200
331.286835
331.107269
331.196686
331.898834
332.108459
331.808868
331.991241
332.242767
332.421082
332.978668
332.271362
332.893097
333.043121
333.628540
333.867523
334.165009
334.049194
334.577576
334.607361
335.167450
335.092926
335.369843
335.382965
335.765656
336.174194
336.042175
336.168671
336.617889
336.989685
337.148743
337.497467
337.820526
337.895081
337.827820
337.645569
338.199097
338.585297
338.347229
338.150330
337.849182
338.106201
337.817566
338.002014
338.086304
338.085083
337.771423
337.999817
337.810791
337.451355
337.186279
337.097382
336.809937
336.497131
336.330109
336.192200
335.977081
335.964569
335.955139
335.381226
335.230896
335.285980
334.649078
334.656250
334.077667
334.037689
333.091187
333.631592
333.582886
333.372742
332.836517
332.272827
332.633728
332.147461
332.500031
332.218018
331.986084
332.166656
331.625366
331.907837
332.014404
331.397552
331.963684
331.708679
331.981628
331.674622
331.368256
331.623566
332.351807
331.794342
332.230682
332.478363
332.335236
332.450470
332.639008
333.039001
333.153931
333.353882
333.066864
333.704285
334.492035
333.769165
334.341370
334.351349
334.776855
334.788910
335.157837
335.304565
335.423767
335.789764
335.679230
335.828583
336.016235
336.144562
336.161926
336.784302
336.286194
336.795959
336.367126
336.548859
336.832764
337.072968
336.877350
336.834381
336.916962
337.353394
336.679810
336.891998
336.653229
336.727051
336.225922
336.020752
336.128815
335.958923
335.633392
335.250763
335.153625
335.110596
335.059601
334.546875
334.744049
334.109009
333.562469
333.435333
333.382019
333.579132
333.111786
332.582428
332.466705
332.252563
332.264984
331.923279
331.862061
331.710297
331.376801
331.101257
331.250671
331.078522
330.900757
330.827576
330.656494
330.667450
330.598816
330.234131
330.773804
330.716919
330.824402
330.702026
331.247894
330.588776
331.073395
330.716949
330.947388
331.550323
331.694550
331.382141
332.177277
332.126282
331.884491
332.315582
332.292755
332.747711
332.766479
333.243927
333.332153
333.525787
333.597382
333.471466
334.033661
334.320190
334.568054
334.464050
335.244354
334.999664
335.325439
335.216217
336.051575
335.373474
336.028900
336.121887
336.167664
335.700623
336.165253
335.814209
336.035156
336.313110
336.068115
335.853333
335.840607
335.603790
335.238068
334.467804
335.230621
334.698486
334.810059
334.469269
334.573456
333.892578
333.363129
333.252441
332.839905
333.150879
332.402313
332.697418
332.070038
331.600433
331.358948
331.377960
330.797119
330.849854
330.289856
329.804138
330.176758
329.835297
329.991302
329.663025
329.780487
329.753632
329.318909
329.179932
329.642181
329.535706
329.551758
329.661407
330.150024
329.847687
330.565002
330.748260
331.467651
331.406830
331.524780
331.662537
332.168701
332.465851
332.713898
333.093445
333.268250
333.813263
334.602448
334.772736
334.904724
335.440857
335.977631
335.717987
336.149994
336.684570
336.951996
336.870331
336.894623
337.215027
336.847717
336.688629
336.849915
336.155792
335.600281
335.612244
334.789734
334.322876
333.162567
332.483521
331.214294
329.759918
328.114594
327.089691
325.135040
323.175446
321.598755
319.346252
317.146881
314.402100
311.531158
308.989899
306.239899
303.273956
299.906494
296.531067
292.841614
289.050079
285.397797
281.571960
277.651703
273.597046
269.098267
265.432526
261.061035
256.719391
252.435226
248.302185
243.974716
239.695953
235.530060
231.233002
227.679581
223.355637
219.219421
216.092773
212.335159
209.232986
205.810074
202.897705
200.040039
197.590424
195.309174
193.194321
191.559464
189.789948
188.560211
187.462967
186.799469
186.496109
186.322998

219.950821
183.092896
183.780960
184.229340
185.269348
186.642548
188.044846
189.562897
191.680206
193.962204
196.427734
198.773315
201.454529
204.900757
207.838776
211.226288
214.512283
218.181198
222.037857
225.928268
229.734177
233.606293
237.760437
241.525635
245.863098
249.701065
253.636475
257.819244
261.486176
265.414429
269.325195
272.667938
276.488495
279.746277
283.575653
287.027924
289.626129
292.818420
295.909241
298.717621
301.342133
303.384216
305.970703
308.317963
310.345398
311.955994
313.956665
314.999176
316.866669
318.312775
319.025482
320.128143
320.732880
321.630859
322.904297
323.380615
323.549683
324.414246
323.860535
324.514282
324.836121
324.667908
324.595123
324.548981
324.525360
324.404388
324.211243
323.693420
323.393707
323.026886
322.703796
322.657959
321.886322
321.885101
322.135468
321.246307
321.043671
320.529205
320.479919
320.188629
319.893250
319.685699
319.453827
319.129120
318.786316
318.922760
319.007751
319.180176
319.075806
318.867279
318.694855
318.537811
319.074524
319.257019
319.436920
319.694641
319.934143
320.010071
320.227081
320.588440
320.523499
320.833862
321.306824
321.550995
322.159546
322.654449
322.820923
322.993988
323.194000
323.829651
323.744293
323.813629
324.366241
324.698853
324.798126
325.193909
325.543732
326.089569
326.177185
326.517792
326.378906
326.345306
326.797485
326.752533
326.741425
326.908966
326.988403
326.727570
326.787994
326.939209
326.597992
326.524323
326.493622
326.349487
326.268585
325.873566
326.028748
325.436035
325.466797
324.758789
324.842682
324.176941
323.979919
323.629944
323.725464
323.310944
323.181580
323.071167
322.581970
322.445190
321.899231
321.559143
321.462891
321.085327
321.031677
320.316772
320.551025
320.395081
320.039215
319.590820
320.147949
319.521851
319.408081
318.953430
319.331146
319.157104
319.352478
318.859467
318.822174
319.225647
319.133698
318.968628
319.561615
319.825653
319.842468
320.141571
320.057220
320.544006
320.781891
321.144806
321.786316
321.606842
322.264893
322.269073
322.307373
322.767914
322.939270
323.199890
323.638184
324.025330
324.348450
324.715118
325.087891
325.520752
325.365936
325.953705
326.201599
326.354340
326.778107
327.150604
327.230835
327.852631
327.894409
328.094818
328.644104
328.697906
328.489258
328.377808
328.487213
328.589355
328.399536
328.359314
328.222870
328.330048
328.253204
328.468781
328.073669
327.492828
327.566101
327.850922
327.633423
327.457428
327.035706
326.653168
326.343109
325.926361
325.900330
325.806213
324.856506
325.275879
324.830078
324.510895
324.412506
323.981049
323.667389
323.277954
322.906250
323.032471
322.462494
322.254333
321.830200
321.559875
321.193451
321.090454
320.916656
320.637146
320.613007
320.394653
320.354828
319.769287
320.025238
320.051239
319.683716
319.819916
320.014160
319.816162
319.500153
319.705109
319.595703
319.895203
320.525391
320.393463
320.175598
320.751862
320.825439
321.165405
321.433472
321.471313
321.342529
322.153625
322.149200
322.020081
322.748596
322.581573
322.906494
323.466064
323.640320
323.830444
324.244598
324.342438
324.864899
325.075348
324.897583
325.334656
325.681122
325.994476
326.039520
326.364563
326.377747
326.812744
327.054565
327.122772
326.924316
327.287659
327.068176
327.230072
327.819702
327.277557
327.437561
327.241760
326.871460
327.362793
326.644104
326.821320
327.047943
326.801178
326.686340
326.409546
326.378296
325.756378
326.254883
325.570221
325.530151
325.368835
325.505402
324.989929
324.922607
324.578308
324.753113
324.196045
323.939575
323.673370
323.471588
323.114380
323.168304
323.117981
322.878876
322.293213
322.432739
322.293549
321.723328
321.878448
321.786407
321.233215
321.923645
321.446320
321.382324
321.374878
321.663208
321.542267
321.049194
321.448151
321.474274
321.513550
321.453400
321.721649
322.013824
321.877686
321.824799
322.423767
322.011841
322.122284
322.768402
323.062775
323.251343
323.448792
323.782196
323.970093
324.232635
324.512024
324.679901
325.239319
325.285370
325.631348
326.277222
326.352570
326.415955
326.828522
326.733398
327.378937
327.715759
327.839355
328.248383
327.955658
328.465027
328.421143
328.471466
328.728149
328.728668
329.079315
329.058136
329.013611
329.124512
328.959656
328.766052
329.297455
328.885803
328.937012
329.058380
328.653168
328.995514
328.686401
328.832123
328.620697
328.179321
328.403015
327.754517
327.713531
327.387817
327.288879
326.659302
326.654633
326.475830
326.313446
326.121307
325.967316
325.109619
325.344666
325.233368
325.179596
324.819580
324.446136
324.473480
324.002533
324.218384
323.772827
323.503906
323.755157
323.030975
323.166504
322.715179
322.438629
322.852875
322.804199
323.186462
322.856110
322.729767
322.462189
322.776550
322.676331
322.728516
322.777893
323.139008
323.088623
323.416351
323.829956
323.660614
323.847260
323.680634
323.856171
324.469391
324.292633
324.941620
325.340149
325.080536
325.536041
325.721161
326.050507
326.258942
326.315216
326.806030
326.990784
327.568024
327.114014
327.579773
327.911163
328.175995
328.377502
328.366241
328.957550
328.788757
329.517181
329.534088
329.377350
330.071869
329.942932
329.907745
330.421387
330.444916
330.000793
330.436157
330.596130
330.637115
330.163574
330.062531
330.263397
330.502686
329.864349
329.692230
329.930450
329.896179
329.581909
329.463257
329.373016
328.823822
329.040710
328.552551
328.388428
328.151245
328.088104
327.992188
327.791595
327.635651
327.679291
327.600372
327.751923
326.779663
326.477753
326.736481
326.460846
326.295837
326.124176
325.913574
326.096161
325.328552
325.757141
325.578003
325.551331
325.347748
325.522675
325.668091
325.725098
325.855347
326.054932
325.773804
325.809479
326.036896
325.913849
326.036316
326.408295
326.492462
326.362885
326.467194
326.485687
327.050659
327.644836
327.887421
328.024536
328.165680
328.478210
329.212677
329.596527
329.497192
329.879028
329.735138
330.181458
330.402679
331.014801
331.545380
331.647247
331.586426
332.306335
332.413605
332.962646
332.916809
332.974060
333.358887
333.626556
334.096252
334.050385
334.034027
334.419891
334.056427
334.640503
334.886749
334.967590
334.904907
335.029388
334.729858
334.923157
334.495880
334.497009
334.454163
334.495880
334.774902
334.296112
334.326996
333.878998
333.836029
333.753357
333.406158
333.349518
333.258392
332.879181
332.709167
332.209381
332.132507
332.168732
331.995483
331.942871
331.314117
331.118591
330.500519
330.724701
330.229095
330.076904
329.858093
329.661682
329.462799
328.996643
329.464996
329.007050
328.781860
328.469360
328.282532
328.450714
328.597107
328.454071
328.424469
328.470245
327.964081
328.273010
328.283844
328.647919
329.090088
329.012695
329.247314
329.154205
329.115387
329.562897
329.805542
329.746185
330.162415
330.463196
331.094177
331.127838
331.558441
331.601959
332.146729
332.367279
332.822906
332.474304
333.612274
334.208221
334.496460
334.645477
334.966888
335.335449
335.511383
335.925354
335.998810
336.202759
336.342804
337.049622
336.876190
336.856750
337.567352
337.586823
338.138977
338.356750
338.163605
338.231812
338.305878
338.276886
339.146027
338.767517
338.932922
338.919617
338.561829
339.075592
339.083618
339.160187
338.170776
338.478516
338.816010
338.571655
338.329529
338.305603
337.481720
337.289398
337.052795
336.762695
336.859985
336.380920
336.055969
335.493408
335.223450
334.983307
334.558472
334.149017
334.031036
333.820953
333.702942
333.374146
332.854706
332.767883
332.773773
332.286469
331.929504
331.977539
331.380737
331.059479
331.246918
330.989929
330.838684
330.780609
331.001038
330.497650
330.521759
330.427307
330.831848
330.751129
330.732910
330.480072
330.957123
331.009399
330.852783
330.923737
331.633881
331.871582
331.570435
331.735321
331.984985
332.173309
332.750793
332.042084
332.707855
332.853699
333.392273
333.677063
333.959564
333.872498
334.439331
334.475494
334.991150
334.951538
335.287659
335.274048
335.681183
336.115601
335.956329
336.089752
336.505096
336.925323
337.121735
337.432373
337.781860
337.867889
337.790833
337.617737
338.187653
338.599548
338.373627
338.161163
337.872772
338.164062
337.867767
338.028839
338.131897
338.136108
337.866669
338.067413
337.915588
337.556946
337.342712
337.218384
336.955048
336.649658
336.465942
336.404694
336.112671
336.136322
336.094940
335.558197
335.428925
335.442139
334.815887
334.870178
334.290741
334.256378
333.375092
333.868500
333.840302
333.635834
333.092987
332.566406
332.880615
332.400177
332.533783
332.514587
332.283844
332.465973
331.897125
332.205841
332.312714
331.687134
332.263672
332.014221
332.303497
332.009613
331.697571
331.975403
332.690887
332.138214
332.537506
332.822449
332.650543
332.785065
332.975586
333.383575
333.515320
333.689667
333.414642
334.068634
334.845459
334.101929
334.702057
334.683289
335.126709
335.146851
335.519592
335.650299
335.782501
336.159668
336.051727
336.170349
336.348114
336.518616
336.515137
337.135132
336.622375
337.135651
336.727356
336.882965
337.172791
337.403351
337.227295
337.168060
337.251831
337.697327
337.004883
337.235504
336.984558
337.037384
336.565613
336.336121
336.473114
336.268982
335.947845
335.556305
335.464661
335.416931
335.375275
334.834442
335.034241
334.396332
333.861847
333.734955
333.679443
333.880371
333.406128
332.918396
332.732727
332.555908
332.545776
332.226562
332.148712
331.990570
331.653107
331.369507
331.525269
331.359741
331.173096
331.122162
330.965607
330.918304
330.868805
330.512115
331.033508
330.992676
331.109039
330.971191
331.503174
330.827606
331.328583
330.978943
331.208923
331.801300
331.940491
331.609131
332.428436
332.375427
332.143555
332.594574
332.535278
332.983124
333.011017
333.497009
333.599182
333.784912
333.839539
333.737640
334.260986
334.546265
334.793549
334.709259
335.482483
335.255707
335.582123
335.480865
336.284943
335.629120
336.289398
336.342987
336.393402
335.941833
336.425690
336.057648
336.277069
336.543701
336.328064
336.072968
336.068115
335.830963
335.462769
334.690582
335.466522
334.967010
335.070557
334.731995
334.817078
334.131378
333.614227
333.470184
333.046417
333.381805
332.626740
332.953339
332.280640
331.857727
331.561066
331.598450
331.036133
331.099457
330.510925
330.012909
330.345093
330.038452
330.174194
329.885773
330.007721
329.996765
329.514862
329.362183
329.840027
329.732880
329.776672
329.874512
330.364655
330.065155
330.753326
330.925537
331.646393
331.587341
331.726379
331.834747
332.346191
332.629517
332.894043
333.260315
333.426758
333.988037
334.754181
334.925690
335.071198
335.592804
336.120880
335.851501
336.296600
336.845978
337.112915
337.009979
337.016602
337.319092
336.978638
336.820862
336.963928
336.278137
335.704254
335.712067
334.893250
334.395538
333.271149
332.602844
331.298431
329.872070
328.195679
327.173615
325.210175
323.267944
321.652985
319.410828
317.229797
314.471832
311.599915
309.039764
306.293152
303.350922
299.956909
296.582153
292.882751
289.107483
285.459381
281.621704
277.693634
273.622589
269.118561
265.452881
261.105804
256.761597
252.450958
248.324265
244.011108
239.703705
235.548813
231.251312
227.682373
223.372482
219.220154
216.137756
212.340851
209.240387
205.811493
202.905487
200.046799
197.597000
195.315186
193.211746
191.577255
189.809616
188.576721
187.470825
186.810089
186.494141
186.326187

