277.812317
172.249527
172.495346
173.175171
174.204361
175.017990
176.722198
178.087997
180.126923
182.353119
184.373505
187.018417
189.551254
192.350739
195.472626
198.316162
201.830231
205.155304
208.604813
211.755676
215.706741
219.524338
223.100571
226.684875
230.562332
234.674286
238.059143
241.850159
245.861160
249.416489
253.278244
256.467987
260.227661
263.178864
266.190155
269.575653
272.467010
275.332367
278.126770
280.813995
283.110168
285.303680
287.851929
289.656097
291.711792
293.509369
295.222290
296.799316
297.776764
299.422241
300.341217
301.517609
302.418365
303.157501
303.808136
304.168640
304.561310
305.630981
305.296936
305.909363
305.917725
306.076233
306.033905
306.264587
305.759399
305.775970
305.659180
305.661346
305.390747
305.025330
304.695282
304.585449
304.407410
304.262909
303.910645
303.440369
303.621338
303.527252
303.050476
302.670990
302.786530
302.614624
302.939636
302.482361
302.381805
302.661957
301.718140
302.069672
302.464020
302.143768
302.632263
302.171936
302.402771
302.632050
303.094879
303.182281
303.509155
303.520599
304.036987
304.059814
304.338593
304.602753
305.386444
305.768219
306.159241
306.160950
306.324738
306.968658
307.456146
308.099335
308.168793
308.495392
308.856476
309.140198
309.444489
309.368774
310.022491
310.696350
310.629547
310.657745
310.915344
310.768677
311.298889
311.327057
311.255402
311.743256
311.944275
311.776611
312.037933
311.949005
311.683014
311.750336
311.943085
311.543182
311.710266
311.336487
310.961670
310.892761
311.087646
310.514160
310.240234
310.223389
309.937225
309.756439
309.668304
309.407898
308.908081
308.594330
308.443115
307.966827
308.037811
307.502472
307.133728
307.686096
307.127228
306.921478
307.177582
306.835052
306.556396
306.497009
305.952423
306.150757
305.941345
305.934296
305.836578
305.839813
305.866302
306.173218
306.164795
305.940674
306.311493
306.163635
306.647186
306.634399
306.860474
307.363220
307.290405
307.736572
307.768036
307.954346
308.511047
308.642334
308.879669
309.279083
309.857361
309.713379
310.168365
310.662231
310.793243
311.545135
311.799896
311.760223
311.994354
312.706970
312.805847
312.946442
313.556976
313.893738
314.106354
314.727417
314.331787
314.792297
315.154266
315.553040
315.386444
315.652710
315.572021
315.940613
315.963440
315.848785
315.776062
315.881012
315.819244
315.858337
315.843567
315.901642
315.809509
315.590302
315.992462
315.806702
315.173889
315.352966
315.252777
315.020294
314.812317
314.347595
314.360596
314.012085
313.889618
313.440979
312.807190
312.926025
312.442657
312.624176
312.356506
311.594818
311.441040
311.339813
310.898438
310.734833
310.385193
310.278381
310.279053
309.961609
309.653809
309.639557
309.553406
309.551361
309.175964
309.493042
308.984772
309.069122
308.540131
309.372375
309.418884
308.819611
309.405853
309.234924
309.501495
309.426453
309.938507
309.958588
309.904083
309.923035
310.579315
310.381653
310.494751
311.178040
311.018188
310.825195
311.776337
312.309418
312.216187
312.615326
313.007080
313.246399
313.391479
313.984039
314.158875
314.525391
314.739807
315.024109
315.383728
315.719940
315.723114
316.325500
316.329681
315.765991
316.262268
316.981293
317.141876
317.393036
317.316833
317.445709
317.617950
317.603149
317.756805
317.375427
317.419952
317.834167
317.704803
317.735657
317.921234
317.813995
317.386627
317.444702
317.338379
317.329468
317.261993
317.032806
316.892883
316.790680
316.411041
315.998932
316.156311
316.106781
315.634338
315.246735
315.324554
315.032532
315.269318
314.776886
314.504608
314.268341
314.183594
313.621399
313.647705
313.784393
313.403259
313.348267
313.340240
313.162048
313.077698
313.336792
312.720734
312.673248
312.801086
312.916443
312.982269
312.984650
312.938354
312.847809
313.200500
313.070801
313.269653
313.181000
313.889679
313.874054
313.694000
313.765747
314.019318
314.273468
314.633118
315.027771
314.993256
315.457367
315.329163
315.980591
315.736115
316.416138
316.595642
317.154846
317.538452
317.645538
318.075592
318.163940
318.526367
318.845917
318.713104
319.592468
319.543335
319.684937
320.188232
320.436249
320.038239
320.882294
320.957794
320.711273
320.673065
321.313232
321.171051
321.664246
321.548828
321.713226
321.582062
321.582458
322.010529
321.854004
321.771454
321.751129
321.333191
321.428619
321.242462
321.003235
320.948425
321.200562
321.092438
320.892822
320.128113
320.044800
320.300873
319.910126
319.618500
319.482513
319.385162
319.614227
318.895996
318.717682
318.603485
318.208557
317.980682
318.192383
317.853119
317.514313
317.824585
317.513580
317.149200
317.359924
317.031311
316.723724
316.914825
317.098358
316.706970
316.896179
316.943268
316.684265
316.985321
316.852753
316.521179
316.463928
317.327850
316.809540
317.279480
317.591614
317.560333
318.316376
318.063660
317.816528
318.211578
318.327454
318.637787
318.803558
319.389954
319.325836
320.097321
320.056824
320.256134
320.404907
320.429199
320.646790
321.718445
321.675049
321.770630
322.042236
322.444092
322.702728
322.632599
322.775055
323.669006
323.526703
324.040985
324.160217
324.005829
324.609192
324.713531
324.667786
324.851471
324.861694
325.029022
325.118530
324.959320
324.999847
325.326080
325.391693
325.384796
325.400879
325.134369
325.087769
325.143707
324.889679
325.155792
324.668060
324.448090
324.374725
324.269104
324.632538
324.100891
324.239471
323.651550
323.381500
323.565674
323.357361
323.018921
322.949646
322.442139
322.973602
322.705383
322.440582
322.426910
322.116486
322.251862
322.006866
322.030762
322.122040
321.554718
321.781128
321.530579
321.705200
321.888947
321.810883
321.829803
321.472931
321.966248
322.219147
322.291138
322.071808
322.117340
322.573944
322.624939
323.398499
322.973114
323.267242
323.702820
323.400055
324.409576
324.441650
324.633148
325.554840
325.466675
325.630554
326.130585
326.839874
326.701385
327.426941
327.885437
328.018097
328.629700
328.717316
329.263641
329.756134
330.086823
330.372498
330.577637
330.675812
331.523529
331.151245
332.210846
332.234650
333.044800
332.808289
332.949036
333.138824
333.454437
333.224243
333.412964
333.757904
334.457977
333.987000
334.378418
334.500214
334.347412
334.418121
334.432953
334.317566
334.189819
334.112732
333.915039
334.052917
333.729462
333.678894
334.203674
333.620331
333.465363
333.439667
333.263245
333.241364
332.760956
332.988434
332.431061
332.474548
332.323669
332.000580
331.879974
331.660950
331.364075
331.444336
331.413422
331.124756
331.017365
330.792145
330.810791
330.925446
331.008636
330.583099
330.596191
330.808197
330.693054
330.640686
330.713989
330.694366
330.878357
331.005066
330.775116
331.346283
331.361053
331.491608
332.080200
332.383667
332.351898
332.299561
332.905396
333.214203
333.517242
334.238464
334.345642
335.023407
335.056366
335.288452
335.404236
336.295837
337.044312
337.001617
337.614288
338.096588
338.173187
338.494141
339.552551
339.658020
339.837830
340.498779
340.706757
341.202271
341.150116
341.908112
341.882507
342.662872
342.660065
342.793243
343.145111
343.771454
343.435120
343.864380
344.094116
344.063202
344.102661
344.261383
343.817108
344.591522
344.601929
344.373901
344.734436
344.210938
344.581757
344.320282
344.434662
344.247498
344.141571
343.618378
343.513428
343.857086
343.376160
343.160828
343.219238
342.447968
342.690948
342.437927
342.296814
342.126526
341.500854
341.912567
341.065277
340.663910
340.516205
340.714020
340.382904
339.735779
340.178650
339.780823
339.064941
338.912659
339.148499
338.741760
338.952209
339.416870
338.477478
338.510071
338.242340
338.070282
338.559906
338.390808
338.384613
338.188049
338.538330
338.692413
338.823547
338.973053
338.983124
339.148468
339.467346
339.602478
339.796356
339.431549
340.000061
340.370148
340.579529
340.327576
340.840088
341.428345
341.902435
341.989136
342.489136
343.005737
343.113495
343.217133
343.679199
343.899963
344.496460
345.056427
344.748749
345.107300
345.313293
345.659332
346.004089
346.109558
346.264099
346.479279
346.994141
346.483917
347.149261
346.926575
347.032745
347.457977
347.557678
347.675110
347.316071
347.757721
347.398468
348.010712
347.749420
347.584686
347.175751
347.428925
347.409821
347.460663
346.948181
346.988770
346.881042
346.917084
346.619171
346.170898
346.610779
345.777618
345.717377
345.313660
344.927185
345.048889
344.987671
344.503235
344.246002
344.326569
343.898987
343.929565
344.051971
343.619720
343.603455
343.386230
343.198486
343.374603
343.025116
343.006683
342.733459
342.576935
342.588654
342.382904
342.827698
342.381256
342.426880
342.068451
342.218994
342.419006
342.619141
342.592590
342.856812
343.170929
343.083282
342.958618
343.331818
343.696533
343.418884
343.812592
344.345764
344.329742
344.659637
345.116364
344.950531
345.011810
345.535248
345.937439
346.084351
346.203613
346.742706
346.923187
346.845093
346.888916
347.401337
347.624847
347.488892
347.722870
347.875153
348.019287
347.821564
348.695160
348.438263
348.071198
348.449921
348.553101
348.534546
348.753723
348.885620
348.427643
348.441345
348.408539
348.865265
348.824890
348.181335
347.752319
347.742554
347.730408
347.867493
346.820831
347.235382
347.066895
346.138428
346.212677
346.440979
346.275116
345.571808
345.915558
345.408600
345.175232
344.801849
344.733978
344.533356
344.302277
344.001068
343.891266
343.562439
343.105042
343.137756
343.013428
342.923920
342.929443
342.835876
342.329437
342.622650
342.252167
342.202698
342.559906
342.399780
342.041687
342.555634
342.663666
342.400055
342.633698
342.812897
343.292755
342.712769
343.518036
343.436829
343.313019
343.532623
344.158539
343.976654
344.012146
344.269470
344.862823
345.028442
345.081268
345.814148
346.067230
345.783295
346.358612
346.383636
346.438629
346.901123
347.011444
347.075073
346.986847
347.654114
347.649994
347.669983
348.150574
348.147797
348.000793
348.021393
348.043701
348.509216
348.144440
347.815063
347.764160
348.147675
347.895630
347.362640
347.408356
347.242981
347.069702
347.481476
346.745056
346.324951
346.660767
346.493011
345.706238
345.729309
345.541077
345.268036
344.732513
344.700409
344.304138
344.046173
343.841583
343.414185
342.723053
343.344452
342.754425
342.271790
342.082275
342.544067
341.931061
341.500031
341.748535
341.525299
341.904236
341.423065
341.813019
341.418243
342.064972
342.093689
341.931091
342.039368
342.802460
342.355652
342.544281
342.823761
343.800446
343.670898
343.998535
344.174011
344.873322
344.678894
345.585419
345.629333
346.264862
346.494049
347.041779
347.594788
347.868591
348.157166
348.644592
349.013824
349.159821
349.202454
349.353760
349.748810
349.168884
349.723907
349.923279
349.319214
348.397034
348.750580
347.730103
347.496796
346.366760
346.132385
344.854767
343.438873
342.269073
340.665070
338.996674
337.589996
335.696899
333.577637
331.155640
329.198059
326.299896
323.628479
320.790253
317.669678
314.422455
310.880432
307.534210
303.946625
300.033966
296.176727
292.264648
287.964508
283.758850
279.335052
275.159027
270.578888
266.000305
261.702026
257.421722
252.946823
248.519745
244.561676
240.222992
235.631271
231.754837
227.930649
223.982086
220.250839
216.696152
213.420547
210.375015
207.608337
204.767731
202.158829
199.957504
198.341782
196.686646
195.571243
194.449051
193.508179
193.251160
192.985001

272.458221
172.310822
172.574692
173.230347
174.280548
175.085114
176.808060
178.183243
180.213699
182.464172
184.471069
187.128525
189.671768
192.479126
195.612823
198.444107
202.001343
205.338318
208.817978
211.955505
215.932663
219.782059
223.352509
226.965225
230.869339
234.986053
238.382599
242.192963
246.217911
249.764816
253.671570
256.872803
260.673096
263.624390
266.690765
270.078339
273.010559
275.874878
278.690094
281.392609
283.714081
285.947601
288.502563
290.334747
292.386139
294.192841
295.920654
297.585327
298.551727
300.190155
301.151154
302.327789
303.252289
304.058746
304.692932
305.100677
305.501923
306.565491
306.243927
306.876068
306.910522
307.082367
307.064911
307.333160
306.788330
306.833069
306.716217
306.711426
306.447327
306.086182
305.782715
305.689911
305.515259
305.379578
304.997284
304.507965
304.748932
304.654999
304.187225
303.801758
303.889282
303.696228
304.039215
303.575653
303.485748
303.745728
302.788574
303.163086
303.545013
303.208679
303.665314
303.206146
303.448975
303.635620
304.118652
304.165283
304.497223
304.457886
304.958618
304.997955
305.223541
305.507629
306.243408
306.636780
306.979492
306.978668
307.102539
307.738403
308.191162
308.845123
308.873962
309.195496
309.541321
309.759033
310.051361
309.950897
310.584961
311.236572
311.132324
311.121704
311.376495
311.214966
311.691895
311.696686
311.612213
312.052002
312.246033
312.054291
312.294220
312.147247
311.862854
311.910278
312.061646
311.669434
311.808289
311.399933
310.979797
310.920990
311.054657
310.483093
310.191620
310.150940
309.850189
309.633881
309.522400
309.256927
308.730194
308.373505
308.200409
307.740295
307.781830
307.217987
306.828735
307.374542
306.802307
306.553802
306.809265
306.442902
306.175629
306.101898
305.528015
305.724792
305.515381
305.497772
305.394073
305.380798
305.369263
305.692261
305.666473
305.444336
305.813385
305.652161
306.139252
306.159241
306.365265
306.870880
306.783325
307.229858
307.262817
307.427246
308.008270
308.156921
308.408722
308.796539
309.400604
309.247314
309.681854
310.214844
310.328033
311.094269
311.383606
311.357758
311.583679
312.326324
312.408142
312.573669
313.197540
313.530548
313.742126
314.390930
314.032654
314.520721
314.882141
315.319702
315.137848
315.416931
315.334198
315.697266
315.778229
315.666260
315.594238
315.732208
315.700012
315.791779
315.719208
315.819824
315.765442
315.558777
315.951141
315.814484
315.162598
315.416718
315.342926
315.116364
314.914429
314.479187
314.485382
314.205536
314.073029
313.682648
313.028107
313.161072
312.719940
312.921906
312.669037
311.927155
311.813660
311.669525
311.318176
311.115204
310.778656
310.709747
310.752197
310.436157
310.151093
310.157379
310.124603
310.111725
309.773285
310.109497
309.583344
309.727631
309.193634
310.043365
310.117371
309.494385
310.152832
309.970428
310.299744
310.195435
310.753357
310.745483
310.758728
310.790161
311.465790
311.290100
311.421661
312.106445
311.952759
311.814758
312.734833
313.282104
313.226562
313.590607
314.041626
314.334656
314.461884
315.089905
315.237701
315.682892
315.849976
316.149445
316.573486
316.913483
316.934814
317.539581
317.556854
317.016479
317.537476
318.217316
318.395264
318.679993
318.659729
318.779327
318.985657
318.966858
319.152740
318.806183
318.847473
319.239105
319.158966
319.264038
319.355865
319.275879
318.857117
318.952209
318.863861
318.850189
318.786774
318.540436
318.423950
318.342560
317.981171
317.559845
317.725891
317.685974
317.208252
316.883209
316.955078
316.676331
316.884644
316.400940
316.089325
315.896118
315.836365
315.248230
315.303223
315.418732
315.083588
315.012848
314.954407
314.854858
314.700287
314.978394
314.388336
314.315430
314.445648
314.598877
314.624268
314.610474
314.528503
314.449188
314.796600
314.685272
314.834534
314.736511
315.467316
315.442627
315.231995
315.268555
315.517090
315.785461
316.119171
316.504272
316.483551
316.923828
316.785919
317.422668
317.183136
317.844360
317.995972
318.538849
318.917480
318.947632
319.382538
319.442993
319.821442
320.127747
319.939667
320.843994
320.717102
320.825867
321.391052
321.565399
321.155731
321.960724
322.032623
321.775085
321.749298
322.284180
322.139740
322.614349
322.439209
322.584900
322.446747
322.401459
322.865173
322.648682
322.512360
322.492157
322.031677
322.098663
321.891998
321.637177
321.558746
321.839508
321.634521
321.420197
320.571198
320.499908
320.737946
320.312744
319.991119
319.834930
319.736115
319.916718
319.182037
318.934753
318.853699
318.397736
318.163025
318.371918
317.954590
317.598389
317.883636
317.547943
317.170868
317.390289
317.005432
316.691559
316.873932
317.054260
316.616486
316.789124
316.804626
316.513855
316.835663
316.693115
316.323242
316.232941
317.120056
316.561920
317.012634
317.316589
317.282135
318.043030
317.720703
317.484924
317.914001
318.020996
318.302216
318.489655
319.045959
318.980042
319.774902
319.684082
319.868317
320.034332
320.072815
320.251862
321.297882
321.242645
321.387756
321.646423
322.053223
322.335236
322.245392
322.399384
323.286530
323.179840
323.687622
323.774841
323.652344
324.255554
324.359344
324.322021
324.526520
324.488586
324.687012
324.790039
324.648041
324.701385
325.003052
325.081482
325.109222
325.129547
324.891479
324.822205
324.909760
324.644745
324.905609
324.471375
324.230804
324.161682
324.055145
324.449341
323.886932
324.043274
323.477570
323.222626
323.423431
323.212677
322.901428
322.832703
322.343109
322.854706
322.618530
322.343597
322.351044
322.071411
322.223755
321.969879
321.995728
322.102600
321.537048
321.797424
321.518646
321.690399
321.897400
321.848053
321.862976
321.496857
321.937500
322.256592
322.331329
322.157227
322.192078
322.636841
322.700989
323.463074
323.051788
323.347992
323.804230
323.486664
324.510132
324.517029
324.690735
325.622528
325.571167
325.732910
326.229401
326.946381
326.800659
327.531494
328.002625
328.117828
328.714996
328.824432
329.365601
329.840820
330.182281
330.443542
330.693573
330.756958
331.595001
331.211212
332.302002
332.270599
333.090881
332.872314
333.007019
333.166779
333.493317
333.232758
333.428345
333.763977
334.452118
333.973877
334.368317
334.435608
334.313080
334.389130
334.401398
334.270447
334.138947
334.065796
333.854614
333.989929
333.640289
333.598389
334.123230
333.518219
333.345886
333.330750
333.148285
333.083527
332.633881
332.837921
332.301910
332.310638
332.172180
331.827606
331.695831
331.468933
331.168610
331.247040
331.212524
330.920807
330.800110
330.567566
330.582428
330.692352
330.759430
330.330841
330.350555
330.538422
330.426544
330.362335
330.445984
330.406372
330.599884
330.692230
330.462616
331.045135
331.079926
331.189331
331.761597
332.060883
332.044434
331.990234
332.585510
332.892609
333.219055
333.880066
334.029724
334.703705
334.734161
334.948425
335.039459
335.980255
336.720886
336.644684
337.271759
337.778625
337.835419
338.144135
339.220032
339.301208
339.498016
340.144684
340.365265
340.839874
340.800446
341.551605
341.507843
342.306335
342.299957
342.453796
342.804291
343.444092
343.127747
343.529419
343.773193
343.728271
343.776642
343.958923
343.500702
344.266998
344.264557
344.067383
344.406128
343.898193
344.268188
344.022064
344.128021
343.914337
343.847046
343.299988
343.207336
343.562012
343.053864
342.865875
342.943878
342.183014
342.417969
342.147461
342.006622
341.850342
341.245087
341.637726
340.804291
340.423920
340.294037
340.450195
340.132141
339.476105
339.937469
339.511658
338.819733
338.698975
338.931030
338.523163
338.729034
339.225769
338.255981
338.302734
338.019440
337.864532
338.375916
338.200317
338.221619
338.031708
338.389893
338.546478
338.660583
338.793335
338.811523
338.953552
339.296814
339.454529
339.634430
339.278717
339.818451
340.217072
340.422241
340.219238
340.708527
341.298798
341.777588
341.853241
342.325470
342.875305
342.987091
343.077271
343.556427
343.744995
344.413208
344.935089
344.636230
345.003357
345.212921
345.556335
345.911591
346.082092
346.190948
346.411438
346.945129
346.413513
347.118378
346.857483
346.972809
347.399536
347.485199
347.631805
347.256775
347.718719
347.370941
347.969055
347.736542
347.569305
347.122711
347.448059
347.393280
347.445435
346.945526
346.972229
346.876617
346.938995
346.653412
346.205109
346.683350
345.788116
345.715668
345.365051
344.972687
345.090454
345.044220
344.545593
344.322235
344.370483
343.959442
343.996246
344.129700
343.698700
343.684937
343.484497
343.259949
343.498566
343.138458
343.106079
342.862091
342.722137
342.693207
342.487122
342.947601
342.491119
342.559113
342.198059
342.354980
342.577545
342.777435
342.734680
343.004303
343.329254
343.251740
343.107300
343.515808
343.893280
343.574982
343.955933
344.524933
344.553253
344.846832
345.299805
345.123383
345.197174
345.724609
346.164093
346.279724
346.419098
346.967621
347.145538
347.084106
347.142578
347.635498
347.849335
347.712982
347.975616
348.107880
348.248657
348.083649
348.925415
348.662109
348.332794
348.701630
348.796783
348.792328
349.033051
349.147491
348.672577
348.693787
348.689972
349.094757
349.112000
348.440155
348.043182
348.011536
348.052765
348.165771
347.077087
347.526154
347.377594
346.443024
346.502350
346.731934
346.580597
345.874176
346.243073
345.680573
345.485413
345.108368
345.037048
344.842834
344.605835
344.298981
344.220886
343.879700
343.408936
343.453156
343.323547
343.230774
343.259277
343.168762
342.659760
342.915833
342.584869
342.511017
342.878479
342.742889
342.383514
342.866028
342.979187
342.684357
342.969116
343.135620
343.651245
343.044128
343.837952
343.761902
343.623016
343.906799
344.481415
344.310760
344.359680
344.598450
345.200226
345.403839
345.410156
346.130890
346.378601
346.137360
346.685760
346.729187
346.762726
347.251282
347.313660
347.428314
347.325928
347.952942
347.966888
347.983307
348.464417
348.475098
348.287231
348.342102
348.340881
348.833466
348.440948
348.122223
348.086365
348.458649
348.198608
347.645660
347.715820
347.521332
347.380768
347.786499
347.035767
346.592560
346.928619
346.802338
345.973755
346.020386
345.834747
345.531128
345.015991
344.960449
344.574677
344.295135
344.097290
343.676971
342.954529
343.592041
343.031952
342.478638
342.316650
342.742218
342.153259
341.728729
341.986145
341.753998
342.120911
341.626465
342.044678
341.637970
342.282684
342.277466
342.130829
342.234100
342.984283
342.570740
342.727264
342.989471
343.956055
343.848969
344.166229
344.348633
345.007477
344.850708
345.734009
345.774078
346.401154
346.648346
347.165985
347.746490
348.036102
348.273712
348.756226
349.150269
349.269409
349.342712
349.463531
349.850861
349.283081
349.793396
350.042725
349.444275
348.510132
348.835785
347.797577
347.581573
346.457642
346.214661
344.933319
343.484100
342.355499
340.736603
339.082092
337.642944
335.764435
333.629578
331.202240
329.231201
326.358398
323.695526
320.847168
317.693726
314.447906
310.935059
307.566284
303.976959
300.050110
296.219452
292.292206
287.985107
283.784393
279.344421
275.163208
270.586365
266.025696
261.722412
257.442963
252.965439
248.517563
244.585907
240.227020
235.632568
231.758911
227.955688
223.980148
220.252350
216.701706
213.426163
210.375244
207.603897
204.757065
202.158798
199.961929
198.342987
196.669144
195.558853
194.449905
193.506668
193.242828
193.064041

224.768219
185.482086
186.002213
186.566483
187.298996
188.496429
190.264465
192.029648
193.966660
196.086792
198.533966
201.012833
204.059357
207.171753
210.343918
213.666229
217.211136
220.856461
224.655365
228.266953
232.241150
236.584396
240.369217
244.252991
248.213013
252.838638
256.325195
260.299591
264.462067
268.706024
272.450989
275.780060
279.573822
283.237457
286.489258
289.625946
293.170502
295.829956
299.312225
302.214325
304.136139
306.919250
309.340179
311.631927
313.437775
315.692596
316.931488
318.209808
320.025116
321.196014
322.982910
323.582428
324.159454
325.474152
325.446411
326.122864
326.633942
327.039551
327.259216
327.655212
327.802673
327.565735
327.605896
327.623138
327.201141
327.079956
326.905548
326.519318
326.318359
326.332367
325.757965
325.231659
324.789307
324.989716
324.198914
324.497803
323.709290
323.347076
323.268982
323.090851
322.805267
322.242767
322.175079
321.922638
321.641083
321.985504
321.942566
321.416962
321.264740
322.055084
321.478577
321.568115
322.110687
322.133606
322.086731
322.286835
322.273682
322.810913
322.994843
322.898773
323.456268
323.985474
323.860291
324.167816
324.344696
324.722351
325.347290
325.541351
325.831268
326.089417
326.721741
327.236389
326.658020
327.503723
327.871521
328.202484
328.065765
328.755127
328.366974
329.036926
329.086609
328.864960
329.073303
329.737976
328.909119
329.251312
329.453003
329.380371
329.441406
329.082336
329.386658
328.816223
328.763885
328.614624
328.219055
328.434631
328.566956
327.876923
327.578247
327.428009
326.991119
326.890900
326.505432
326.656311
326.095001
325.855865
325.105743
324.774689
324.563477
324.137939
323.870117
323.751099
323.618011
323.275543
322.904633
322.996033
322.448456
322.222473
321.873962
321.516144
321.654999
321.475403
321.108368
321.295105
321.191620
321.369049
320.934998
321.132019
320.714813
321.157379
321.154510
321.273315
321.284149
321.640747
321.686066
321.769714
321.377014
322.254211
322.845764
322.765350
323.143402
323.220978
323.486115
323.965820
324.467194
324.682861
324.523193
324.728180
324.938354
325.745483
326.503418
325.884796
326.365417
326.587860
327.151428
327.431885
327.760620
327.639465
328.350128
328.447540
328.711151
329.049347
328.779327
329.175201
329.564056
329.516357
329.504089
329.909454
329.863403
329.721222
330.002777
329.638611
330.142242
330.213226
329.224396
329.682068
329.733612
329.073547
329.003052
328.989746
328.576965
328.417847
328.399536
327.940887
327.965820
327.439880
327.117645
327.182648
326.561523
326.144623
325.772064
325.822418
325.401428
325.288361
324.872559
324.455963
324.383514
323.759735
323.508545
323.057556
322.934296
322.548553
322.385284
322.325256
322.178711
322.273010
321.929260
321.836578
321.513153
321.003662
321.182953
321.380188
321.294800
321.090057
320.850494
321.345490
321.196411
320.893646
321.408173
321.351410
321.441620
321.467377
322.170288
321.504608
321.887054
322.319977
322.372864
323.181183
322.491730
323.303162
323.317383
323.764893
323.795441
324.206757
324.194061
324.625488
325.146301
325.149658
325.895172
325.953827
325.881409
326.148560
326.994293
326.756958
327.234009
327.378052
327.377106
327.774475
327.711914
328.090698
328.205444
328.319305
328.595917
328.690918
328.434875
329.049622
329.158997
329.228271
328.865051
328.921722
328.725647
328.612183
328.788849
328.524933
328.476196
328.489899
328.310089
328.025818
328.157288
327.753143
327.533813
327.309753
327.042480
326.797821
326.579041
326.436493
326.213013
326.176300
325.810303
325.530273
325.418793
325.347595
324.766113
324.266449
324.354126
324.439148
324.067688
323.906219
323.731506
323.322266
323.347748
323.072205
323.230927
322.660736
322.972900
322.955414
322.998505
322.491333
322.606903
322.983521
322.515747
322.689362
322.879333
323.020721
322.799408
322.938934
323.103943
323.305817
323.812469
323.793213
323.764923
324.093048
324.661011
325.113464
324.740173
324.933807
325.003479
325.388336
325.778961
325.965576
326.390900
326.275970
327.154114
327.370514
327.745697
328.025848
327.946045
328.487396
328.472778
328.649384
329.056824
329.301086
329.365753
329.720428
329.891052
330.015747
330.433868
330.383057
330.713409
330.711151
330.936920
330.721252
331.094940
330.894501
331.157959
330.811798
331.306366
330.949554
331.045837
330.903870
330.812347
330.388184
330.818848
330.492004
330.181824
329.994354
330.146667
329.393066
329.795258
329.257416
329.018616
328.732910
328.642029
329.022156
328.360596
328.168518
327.774628
327.497711
327.455048
327.351898
326.755554
327.021729
326.662231
326.194519
326.163086
325.762207
325.890289
325.953522
325.482391
325.726807
325.548431
325.103912
325.166016
325.244934
325.584595
325.472046
325.283661
324.867126
325.246277
325.439758
325.368652
325.623199
325.587646
325.689453
325.783142
325.931000
326.249237
326.408966
326.478760
326.788483
326.946686
327.157959
327.233093
327.545288
327.993011
328.141205
328.801300
328.941956
329.141266
329.504944
329.448456
329.490326
329.869934
330.261108
330.573395
330.603363
330.760406
331.263336
331.749359
331.495270
331.782715
331.901947
331.983856
332.035004
332.289215
332.224426
332.691101
332.933350
332.873627
332.409210
332.795288
332.994324
332.519196
332.755035
332.892029
332.535797
332.617432
332.625214
332.360962
332.356445
332.257172
331.831421
332.053284
331.742828
331.615936
331.594391
331.239685
331.120422
331.100739
331.006653
330.464417
330.223022
330.529785
329.948242
329.832153
329.605865
329.700653
329.381744
328.839111
328.833893
328.509155
328.865692
328.516541
328.342529
328.474762
328.544708
328.285797
327.782043
328.411682
328.018311
327.587921
327.794464
329.254303
328.609955
327.993469
327.990143
328.675598
328.693115
328.588196
329.444122
328.962952
329.205963
329.084625
329.653442
330.180176
330.326874
330.492584
330.716003
331.269623
331.329193
331.621521
331.947174
332.544861
332.713501
332.908630
333.235992
333.277618
333.965424
334.105621
334.376617
334.469238
334.891571
335.603516
335.681580
335.610687
336.245575
336.529419
336.614807
336.725220
337.006409
336.954407
337.705444
337.698456
337.816345
337.721466
337.727386
338.036316
337.942841
337.747467
338.113251
337.571808
338.080933
337.996552
337.739014
338.032532
337.416870
337.404938
337.074799
336.871552
337.114807
337.055145
336.242096
336.108429
336.432770
335.932312
335.971832
335.306152
335.554169
335.233704
335.373291
334.562775
334.151123
334.324707
333.708435
333.480682
333.322754
333.153992
333.210632
333.016968
332.545074
332.432678
332.164795
332.180420
332.121704
332.039490
332.142944
331.977814
331.949097
331.949646
331.903931
331.706482
331.545715
331.812317
332.035126
332.450043
332.306122
332.295868
332.855255
332.793945
333.009674
333.493927
333.460846
333.302246
334.071747
333.864014
334.706085
335.474518
335.282928
335.261200
335.991638
336.169708
336.445984
336.574646
337.236542
337.883087
338.283813
338.213715
338.562439
338.837006
339.328430
339.491913
339.945312
339.700104
340.368896
340.419891
340.985229
341.134003
341.094666
341.429749
341.102997
342.050079
341.642548
341.964325
342.155457
342.075836
341.870880
342.436066
342.214050
342.415405
342.054871
342.112366
341.863434
341.552704
342.085175
341.384674
341.427338
340.899902
341.158600
340.502899
340.319885
340.272491
339.497162
339.636719
339.311310
339.414368
338.774353
338.406921
338.530731
338.360535
337.592804
337.547089
337.436157
337.020233
336.408142
336.315796
335.603088
335.704498
335.694214
335.280457
334.765503
334.505768
334.442963
334.444641
334.028931
334.083588
334.213593
334.190094
333.806824
333.313232
333.741089
333.807129
333.185028
333.433807
333.694000
333.949066
333.932312
333.948120
333.801788
334.252991
334.264038
334.429352
334.818481
334.396851
334.726990
335.097015
335.133759
335.784180
335.882843
336.072113
336.047058
336.159515
336.888489
337.129883
337.453979
337.653748
337.536987
338.246735
338.397064
338.203461
338.961365
338.852753
338.692047
339.502319
339.315186
339.728851
339.806335
340.098877
339.769745
340.585571
340.506287
340.830719
340.509796
340.193176
340.357300
340.498718
340.496735
340.268280
340.539124
340.289459
340.414764
340.490936
340.275330
339.690948
340.372223
339.899109
339.630798
339.630432
339.634430
338.927917
339.020416
338.618805
338.449677
337.924835
338.009247
337.608002
336.913910
336.834961
336.796906
336.896759
336.459320
336.190857
335.738678
335.498291
335.484955
335.517090
334.733368
335.392975
334.635803
334.994843
334.728333
334.670776
334.370453
334.089569
334.117310
334.561859
334.527527
334.056824
333.847961
333.875061
333.859741
333.972900
334.323029
334.367401
334.194092
334.434113
334.821259
334.510468
335.190918
334.846313
335.060516
335.540192
335.512482
336.526489
336.169525
336.282501
336.551666
336.605255
337.015015
337.196136
337.483551
337.370178
337.590302
337.362244
338.090820
338.343323
338.251953
338.782623
338.707001
338.979095
338.924927
339.114624
338.844299
339.280426
339.270386
338.962494
339.102142
338.952728
339.005341
339.298126
338.819153
339.498688
339.503571
338.620178
339.160614
338.311981
338.845306
338.764252
338.306641
338.335602
338.008636
337.470032
337.834106
337.265015
336.948608
336.715271
336.530884
336.368774
335.988464
336.024506
336.049225
335.521973
334.861969
335.255310
334.620850
334.674347
334.113525
333.783539
333.793915
333.860565
333.442749
333.306305
333.336182
333.418213
333.271667
332.797424
333.273407
333.013275
332.441589
332.765778
332.769867
332.771454
332.910522
333.075897
332.544830
333.229279
333.255768
333.091553
333.285065
333.708313
333.649323
333.837311
333.813446
334.346069
334.202850
334.661133
334.797333
335.249329
335.492035
335.561798
336.190643
336.253967
335.867249
336.069275
336.986145
336.988251
337.240326
337.238708
337.347260
337.871307
337.536743
337.519653
337.998596
337.918030
338.423889
338.232178
337.944733
338.165466
338.488892
338.393982
337.788391
337.914764
338.193512
337.726227
337.541931
337.183228
337.036194
336.947845
336.832947
336.353394
336.459930
336.563904
335.939850
335.763702
335.839539
334.952179
335.258820
334.510681
334.353851
334.227631
334.066650
333.845947
333.399628
333.090118
332.926758
333.101654
332.827179
332.212982
331.907013
331.433838
331.972015
331.908661
331.852448
331.849182
331.482300
331.970856
331.907043
332.011932
332.001495
332.511169
332.336151
332.408295
332.659973
332.944336
333.273834
333.655518
334.062653
333.853210
334.687531
334.868469
335.336548
335.541809
335.998322
336.513397
337.354706
337.715637
337.735840
338.236420
337.965149
338.859131
338.390259
339.069977
339.382233
338.995605
339.314392
339.606476
339.109070
338.632965
338.491241
338.019958
337.532013
337.408478
336.040405
335.691833
334.693970
333.495239
332.206787
330.618011
329.185883
327.291962
325.433746
322.933105
320.990204
318.982208
316.268982
313.725800
310.963959
307.759918
304.358093
301.798523
298.288727
294.309113
290.874268
287.170471
283.341858
279.052368
275.400208
271.083984
266.925049
262.827454
258.363861
253.871323
249.919418
245.149368
241.256622
236.998535
232.707306
229.116440
224.507751
220.829758
217.154984
214.010574
210.479996
207.686646
204.207306
201.411911
199.039520
196.399918
194.503403
192.780167
190.919739
189.821533
188.883804
188.340607
187.367722
187.658310

226.116135
185.636642
186.164688
186.726990
187.456131
188.674301
190.418823
192.200180
194.141083
196.265808
198.708725
201.191437
204.261444
207.380661
210.549042
213.885452
217.429749
221.085617
224.878998
228.512802
232.498184
236.813004
240.637131
244.521820
248.507324
253.121521
256.625610
260.614624
264.778351
269.030975
272.806305
276.153290
279.959930
283.622467
286.883545
290.039917
293.594574
296.262390
299.730774
302.660858
304.600403
307.370178
309.816803
312.113892
313.931732
316.195129
317.469666
318.710297
320.583649
321.764435
323.547089
324.182526
324.745514
326.073517
326.043854
326.731934
327.246490
327.672729
327.923309
328.291534
328.429138
328.249756
328.274445
328.293671
327.903870
327.807373
327.596313
327.257172
327.045441
327.081757
326.483887
325.964203
325.554779
325.740875
324.949402
325.229553
324.449982
324.144958
324.030518
323.862762
323.556152
322.983826
322.976837
322.695648
322.430328
322.759460
322.734955
322.187164
322.048462
322.838837
322.254761
322.327393
322.846619
322.853333
322.842072
323.044464
323.047150
323.545624
323.788116
323.601746
324.179779
324.693054
324.560059
324.870575
325.091492
325.456085
326.060699
326.252380
326.541168
326.797150
327.386078
327.905487
327.334961
328.147644
328.571808
328.865204
328.718964
329.405365
329.030304
329.695618
329.677643
329.503296
329.677429
330.349945
329.537262
329.822906
330.049500
329.994965
330.013550
329.682617
329.983582
329.372925
329.296906
329.181244
328.765198
328.990448
329.120117
328.411804
328.114777
327.949005
327.525543
327.430054
327.009644
327.187408
326.592468
326.387115
325.627319
325.294586
325.077240
324.648895
324.359802
324.250854
324.087311
323.767120
323.378784
323.518433
322.948761
322.704712
322.386902
322.016266
322.157806
321.976501
321.609955
321.796783
321.711670
321.882202
321.472015
321.660309
321.202332
321.659943
321.651428
321.807159
321.777496
322.160339
322.200684
322.269897
321.892120
322.773041
323.359161
323.271606
323.685455
323.760529
324.020020
324.498291
324.978516
325.229523
325.083405
325.269836
325.480957
326.277344
327.069946
326.424255
326.882965
327.100647
327.691376
327.992554
328.316162
328.194733
328.905182
328.960205
329.223785
329.582336
329.322601
329.701630
330.071014
330.034363
329.997192
330.404480
330.364349
330.228363
330.520721
330.176544
330.625519
330.682343
329.716705
330.161621
330.198486
329.532745
329.469086
329.485870
329.036285
328.882690
328.818085
328.367096
328.397614
327.862000
327.547516
327.604950
326.959320
326.548706
326.158722
326.195740
325.755829
325.667755
325.212189
324.785706
324.725006
324.077759
323.816010
323.411652
323.242432
322.850037
322.666504
322.617828
322.438110
322.510223
322.172272
322.086609
321.761963
321.244415
321.392487
321.584229
321.477722
321.261139
321.020050
321.508636
321.255280
321.049744
321.574524
321.491730
321.582397
321.628906
322.323425
321.649048
322.001648
322.456848
322.477448
323.292969
322.593231
323.400635
323.421448
323.861359
323.878510
324.315582
324.281982
324.733978
325.235687
325.209717
325.977692
326.048767
325.954102
326.237488
327.090790
326.844299
327.318970
327.480225
327.486481
327.853912
327.811798
328.183472
328.301361
328.417542
328.699158
328.811096
328.550751
329.176483
329.278870
329.379517
328.987122
329.070190
328.877869
328.760529
328.944672
328.702942
328.653076
328.663788
328.521301
328.222534
328.359344
327.963623
327.751648
327.552094
327.283630
327.056641
326.824615
326.691406
326.492889
326.452576
326.122192
325.804413
325.713043
325.674957
325.093842
324.586578
324.671661
324.776184
324.424316
324.227692
324.115753
323.695374
323.704895
323.444855
323.605560
323.038727
323.373108
323.328674
323.408173
322.905762
323.015625
323.389008
322.926300
323.083191
323.296021
323.453522
323.224274
323.344879
323.542175
323.734680
324.237854
324.238251
324.175385
324.499817
325.054932
325.505920
325.127777
325.329254
325.409851
325.790436
326.166260
326.355011
326.772430
326.642548
327.524139
327.721008
328.082489
328.371307
328.263580
328.809326
328.770966
328.950653
329.337189
329.608582
329.652863
329.967773
330.122803
330.244476
330.681519
330.585419
330.899292
330.880188
331.111084
330.862396
331.227356
331.007416
331.261902
330.898712
331.397949
331.007904
331.097839
330.935181
330.823151
330.387726
330.780640
330.439453
330.138275
329.920319
330.068329
329.300476
329.693909
329.109955
328.863922
328.578918
328.474731
328.842255
328.152466
327.933197
327.516632
327.251740
327.167175
327.056000
326.439758
326.698547
326.340881
325.842865
325.806091
325.394348
325.505554
325.552948
325.061279
325.278473
325.110992
324.662628
324.728973
324.784027
325.110474
325.007050
324.782227
324.385773
324.745697
324.931732
324.844543
325.112640
325.067780
325.195679
325.256073
325.404968
325.663055
325.838959
325.940735
326.247925
326.408691
326.604889
326.694122
326.960602
327.426453
327.579254
328.265778
328.395660
328.578369
328.956940
328.911041
328.920105
329.328613
329.702393
330.039429
330.097137
330.244537
330.725616
331.272736
331.003174
331.301025
331.421417
331.489838
331.602722
331.859222
331.829865
332.254059
332.500366
332.458099
331.972595
332.388123
332.606750
332.113373
332.358765
332.525665
332.186340
332.301636
332.277496
332.066193
332.053162
331.955048
331.549347
331.750366
331.479065
331.352509
331.343323
330.978851
330.914276
330.862091
330.777069
330.238159
330.052246
330.342407
329.759796
329.682922
329.481323
329.584961
329.280090
328.703552
328.704468
328.413971
328.755127
328.447540
328.266296
328.373840
328.444275
328.237854
327.737976
328.361938
327.963989
327.590790
327.793823
328.551147
328.606812
327.959747
328.010254
328.686096
328.699310
328.556793
329.421631
328.959595
329.225220
329.110840
329.635559
330.220123
330.347961
330.471405
330.730255
331.261322
331.323029
331.600739
331.959625
332.518921
332.665680
332.903137
333.210480
333.256348
333.947235
334.104919
334.312897
334.454865
334.896790
335.538391
335.592590
335.532715
336.167053
336.450287
336.546265
336.632477
336.900909
336.884979
337.590851
337.590881
337.724640
337.597168
337.617981
337.915466
337.786346
337.628326
337.925995
337.398621
337.904938
337.809692
337.542694
337.790802
337.194824
337.170898
336.841949
336.660889
336.875305
336.767151
335.968475
335.817078
336.131134
335.644073
335.646088
334.949158
335.225128
334.871948
335.047363
334.201202
333.776825
333.945984
333.336273
333.066315
332.888336
332.719360
332.768646
332.590240
332.088226
331.966156
331.707947
331.698578
331.629425
331.543365
331.650574
331.460480
331.426117
331.413086
331.371643
331.184753
330.996155
331.241943
331.485352
331.863556
331.737518
331.729889
332.258850
332.186493
332.415527
332.893951
332.835785
332.683136
333.450531
333.230652
334.071259
334.835815
334.618347
334.618927
335.352020
335.512024
335.793427
335.884430
336.542053
337.199585
337.599945
337.566742
337.860931
338.120667
338.640869
338.804779
339.221130
338.989136
339.639954
339.713287
340.225281
340.401642
340.359039
340.676483
340.363373
341.293274
340.900574
341.214417
341.402374
341.303070
341.134796
341.679321
341.484344
341.661652
341.307373
341.342072
341.090790
340.807129
341.338806
340.623718
340.685181
340.131317
340.392029
339.760376
339.581696
339.541931
338.791290
338.908508
338.555817
338.639130
338.023651
337.689972
337.786163
337.634369
336.823303
336.815948
336.726715
336.309204
335.680542
335.571381
334.904205
334.994049
334.984863
334.580658
334.069366
333.797760
333.774200
333.735046
333.367737
333.420746
333.557343
333.538818
333.126648
332.665833
333.096802
333.201569
332.566711
332.836884
333.076355
333.320984
333.320343
333.390472
333.212128
333.670349
333.707703
333.879120
334.256500
333.861450
334.247864
334.584442
334.604706
335.310669
335.389374
335.557892
335.572388
335.704926
336.436157
336.653961
337.016083
337.219513
337.152740
337.855316
337.997375
337.845734
338.574341
338.485382
338.321960
339.132935
339.021637
339.444611
339.536926
339.834808
339.493011
340.303009
340.281494
340.568726
340.285583
340.001282
340.124542
340.347809
340.340363
340.106720
340.410370
340.144135
340.262756
340.349854
340.146179
339.604767
340.249237
339.820679
339.549683
339.590363
339.568115
338.918091
339.005066
338.608093
338.459137
337.937500
338.105804
337.612671
336.966797
336.898285
336.882263
336.980072
336.566071
336.318756
335.879150
335.627991
335.634460
335.664673
334.903748
335.549011
334.803528
334.913422
334.905151
334.875122
334.565826
334.293060
334.359650
334.801514
334.730682
334.268677
334.110107
334.125732
334.133972
334.246552
334.595978
334.622528
334.466766
334.724762
335.064697
334.799316
335.488617
335.152954
335.375000
335.845490
335.797974
336.827393
336.468140
336.604248
336.831390
336.927704
337.351166
337.506409
337.767914
337.692596
337.893066
337.681183
338.446259
338.666260
338.571838
339.093536
339.028107
339.279510
339.265442
339.420227
339.157684
339.604248
339.563049
339.267639
339.386322
339.256104
339.318115
339.609070
339.143097
339.790466
339.791962
338.933197
339.470276
338.596161
339.128326
339.061493
338.595337
338.613647
338.268188
337.741089
338.100006
337.524994
337.209869
336.945068
336.785736
336.631989
336.219513
336.266876
336.287872
335.758087
335.085052
335.496918
334.825531
334.886414
334.329346
333.990753
334.006989
334.048462
333.646454
333.498199
333.534485
333.602020
333.448273
332.981964
333.436829
333.152863
332.588074
332.906952
332.913910
332.932007
333.060944
333.233887
332.683075
333.363159
333.397766
333.247009
333.402924
333.842957
333.769073
333.948792
333.929260
334.463440
334.319031
334.773285
334.910797
335.351837
335.607697
335.660828
336.288147
336.358246
335.971161
336.177399
337.087555
337.049164
337.329346
337.358917
337.422699
337.960297
337.625977
337.602417
338.057892
337.973053
338.497894
338.287384
338.005859
338.251190
338.545410
338.434631
337.844086
337.997559
338.267151
337.800476
337.585022
337.245544
337.113190
337.001770
336.876404
336.391205
336.519867
336.613647
335.962067
335.813202
335.879120
335.017792
335.301056
334.547791
334.389435
334.273041
334.130646
333.881805
333.464447
333.146942
332.981415
333.166595
332.875122
332.234741
331.958923
331.443726
332.019012
331.951660
331.878021
331.876190
331.525421
332.000641
331.952271
332.072144
332.021088
332.561340
332.402344
332.451080
332.708954
332.986420
333.301025
333.658600
334.098114
333.888275
334.726654
334.897644
335.353455
335.560486
336.050262
336.533783
337.384338
337.748993
337.750488
338.244263
337.997406
338.894196
338.398895
339.131317
339.402802
339.014160
339.376678
339.616974
339.121796
338.633698
338.477356
338.016052
337.520447
337.416534
336.041504
335.705200
334.718018
333.478668
332.209045
330.647797
329.191772
327.275970
325.433777
322.944611
320.983337
318.972809
316.260437
313.738068
310.948578
307.770782
304.372772
301.752563
298.286865
294.296753
290.878387
287.141022
283.337708
279.032471
275.406830
271.067200
266.897400
262.802856
258.343750
253.848740
249.899673
245.146683
241.234451
236.982513
232.670593
229.091171
224.489212
220.797760
217.134583
213.982971
210.448959
207.658066
204.175400
201.382751
199.018188
196.366623
194.471802
192.747437
190.897537
189.802368
188.849625
188.310074
187.345032
187.623581

