265.760925
172.853043
173.288742
174.078201
174.672562
175.969391
177.318130
178.944107
180.971710
182.698059
185.183426
187.526932
189.921692
193.058456
196.035278
199.167603
202.160583
205.920471
209.513611
212.963898
216.634567
220.108551
223.746643
227.807785
231.461090
235.150940
238.995560
243.018539
246.423828
250.258789
253.644363
257.268738
260.796600
264.028015
267.208801
269.998657
273.465515
276.132111
278.963837
281.790161
283.950287
286.593781
288.598755
290.593719
293.044769
294.612762
296.156494
297.551636
298.625732
299.840057
301.273987
302.356293
303.138824
304.367828
304.979218
305.030640
305.800812
305.800720
306.596191
306.440857
306.861725
306.937866
306.843933
306.554718
306.762115
306.640930
306.772766
305.968658
306.235779
305.833038
306.022003
305.810242
305.091827
305.078979
304.831635
304.464203
304.210022
304.222382
303.964935
303.568298
302.990540
303.199158
303.096375
303.190765
302.777710
303.011749
302.757080
302.994110
303.135681
303.065979
303.131775
302.925140
303.497253
303.404480
303.593811
304.266937
303.924072
304.483551
304.778503
304.889191
305.585327
305.765381
306.020996
306.509186
306.711121
306.980194
307.445129
307.633026
308.380371
308.114624
309.196136
309.168762
309.510712
310.098633
309.920685
310.831848
310.588837
310.970947
311.457489
311.374481
311.524536
311.679901
312.274872
312.178314
312.349182
311.794464
312.410126
312.214630
312.405731
312.498199
312.544769
312.453796
312.155487
312.396851
311.897034
311.870178
311.616364
311.863129
311.528076
311.116974
311.012878
310.808136
310.654053
310.285309
310.160370
309.866608
309.509918
309.354034
309.225891
308.886688
308.629608
308.514893
308.074341
307.504639
307.604156
307.203461
307.071808
307.046356
306.771118
306.817596
306.453888
306.704742
306.586639
306.376740
306.401428
306.227386
306.707520
306.258545
306.540863
306.302551
306.906372
306.817383
307.162323
306.796661
307.297699
308.223083
307.959839
308.081635
308.074982
308.730530
308.742798
308.576660
309.373566
309.865601
310.282440
310.585938
310.691650
311.238617
311.473846
311.542084
312.020416
312.437561
312.986725
313.117828
313.190948
313.902588
314.246429
314.374969
314.791595
315.055328
315.008362
315.056000
315.279572
315.721802
315.893677
316.167755
316.033173
316.611481
316.374329
316.374451
316.579315
316.583679
316.856476
316.642731
317.056885
316.242340
316.506866
316.240814
316.218628
316.031372
316.237335
315.797180
315.722443
315.504395
315.311523
315.110657
314.678131
314.292511
314.188690
314.202515
313.516632
313.272797
313.143494
312.663879
312.662262
312.217987
312.650177
312.136139
311.647156
311.620148
311.206238
310.604095
310.834869
310.853577
310.373230
310.063232
310.146454
309.978485
310.155365
309.970123
309.944397
309.952515
309.269806
310.001343
309.822815
309.810120
309.850525
309.807129
309.749756
310.124725
310.197479
310.074493
310.484711
310.777679
310.878784
310.912872
311.283630
311.510132
312.030487
312.196655
312.266815
312.882629
312.344147
313.008453
313.314331
313.757477
313.728851
314.378357
314.279968
314.941223
315.242554
315.243378
315.496246
315.505585
316.281219
316.337830
316.987610
317.017212
317.140076
317.308563
317.191681
317.730347
318.172302
317.700989
317.998016
318.059418
318.295746
318.239014
317.863190
318.335663
317.874237
318.265137
318.273560
317.835632
317.992279
317.792694
318.116730
317.362793
317.498932
317.837830
316.990997
317.356812
317.153870
316.801117
316.379822
316.284607
316.100220
315.914764
315.384460
315.461365
315.329987
315.076874
314.864288
314.785431
314.897614
314.195679
314.060516
313.891235
313.934814
313.603729
313.594940
313.347137
313.421692
313.401703
313.078705
312.927551
313.112732
312.972076
312.654083
312.891571
313.280914
313.187073
313.667694
313.994110
313.469482
313.306061
313.689484
314.510712
314.186127
314.482025
314.371307
314.931641
315.015747
315.429657
315.280609
315.715546
315.907501
316.785797
316.476929
316.516327
316.767639
317.533264
317.141632
318.156860
318.166809
318.845245
318.783600
318.837677
319.424622
319.442963
319.634308
319.872314
320.334564
320.484497
320.509155
321.126282
320.877716
321.430267
321.319855
321.379272
321.464661
321.457825
321.858521
322.061432
321.936005
321.965790
321.970612
322.123993
321.841949
322.120575
321.528992
321.541687
321.871063
321.759949
320.661438
321.272888
321.155396
321.081085
321.021820
320.375549
320.401398
319.854950
319.761749
319.790344
319.165436
319.594696
319.148895
319.206787
318.728210
318.581940
318.615997
318.163727
318.231934
317.608612
317.794952
317.800293
317.875610
317.531799
317.184052
316.826630
316.982941
317.005066
316.794983
317.178558
317.065155
317.051575
317.055237
317.197083
317.102112
317.160797
317.318481
317.363159
317.565735
317.537659
317.874207
317.928986
317.928802
318.111450
318.641754
318.976013
319.197327
319.357239
319.410797
319.554138
320.212128
320.375580
320.488037
321.124329
321.154785
321.519989
321.815887
322.195679
322.403229
322.460846
322.760193
322.962646
323.508240
323.397217
323.694641
324.204773
324.240753
324.184540
325.001068
324.816772
324.686981
324.911102
325.368896
325.058594
325.282471
325.528931
325.349152
325.622223
325.466156
325.643280
325.416199
325.355164
325.435516
325.489563
325.629700
325.303253
325.255066
325.079865
325.300415
324.981689
325.069427
324.936798
324.705566
324.263275
324.550079
324.208496
323.878448
323.720490
323.494293
323.790100
323.610382
323.156219
323.151703
322.923218
322.937103
323.095093
322.478302
322.380219
322.746643
322.349121
322.495087
322.789490
322.282501
322.426056
322.042816
322.075348
322.214569
322.533783
322.454102
322.874268
322.690887
322.571198
322.783875
323.771790
323.356995
323.453033
324.003510
324.257507
324.479340
324.595795
324.882233
325.152191
325.392059
326.074402
326.670471
326.719971
326.742798
327.276611
327.486938
327.963867
328.546356
328.827637
329.079803
329.736328
329.889709
330.462769
330.923340
330.928833
331.375549
331.786621
331.774384
332.427643
332.566101
332.767944
333.526703
333.227814
333.668915
334.003967
334.278961
334.490479
334.087799
334.565277
334.454437
334.667664
334.837860
335.152191
335.236877
335.077667
335.256042
335.448303
334.707825
335.201965
334.616486
334.832092
334.765167
334.705261
334.415466
334.639587
334.488647
334.122742
333.756805
334.101440
333.363342
333.643036
333.122864
333.379333
332.830475
333.038086
332.976807
332.824799
332.112030
332.084900
331.879578
331.914673
332.016296
331.956146
331.350006
331.788788
332.054810
331.431702
331.445984
331.629913
331.826782
331.463745
331.965668
331.871857
331.804016
332.330750
332.092224
332.206299
332.627106
332.363586
332.969421
333.052673
333.395874
333.365906
333.894470
334.080444
334.410126
334.740112
335.215485
335.752411
336.096375
336.317902
336.931946
337.196594
337.219177
337.986328
338.326263
338.693237
338.999542
339.761292
340.206177
340.064056
341.069061
341.376617
341.582428
341.761444
341.923950
343.131531
343.153046
342.986633
343.677551
344.005310
344.149658
344.467285
344.632965
344.543884
345.052704
345.178345
345.500946
345.772675
345.277893
345.858063
345.616302
345.389465
345.723785
345.249634
345.363586
345.496460
345.051453
345.041534
345.009735
345.094269
344.981842
344.902100
344.217499
344.127991
344.355103
344.074615
343.168945
343.475311
343.260742
343.050598
342.567169
342.956177
342.397003
342.095367
341.601105
341.864868
341.235138
341.282898
341.048492
341.039856
340.478455
340.834930
340.443512
340.075012
340.306488
340.218109
339.837219
340.240875
339.395538
339.995331
339.999176
339.817688
339.601868
339.729431
339.922028
339.827454
340.083466
340.135284
340.426392
340.649872
340.679565
341.201202
341.190338
341.523560
341.506714
341.759613
342.713379
342.602875
342.896545
343.408356
343.637787
344.310974
344.323181
344.039429
344.509583
345.159302
345.600372
345.682800
346.165833
346.449005
346.759552
346.795624
347.042816
347.389343
347.545593
348.181641
348.535583
348.466583
349.069702
348.624359
348.746460
349.230835
348.846191
349.283173
349.675385
349.285095
349.498596
349.605255
349.680725
349.462250
350.159271
349.568878
350.075043
349.098877
349.339966
349.230347
349.234100
349.381104
349.084198
348.852661
348.849579
348.484924
348.146667
348.192749
347.621307
347.387024
347.202240
347.093475
347.220764
346.823547
346.433319
346.590424
346.246277
346.420593
345.910828
346.177917
345.765106
345.688690
345.427185
345.555603
345.354340
345.154236
345.184357
345.085114
344.717987
344.881927
345.042603
344.846130
344.899841
344.184174
344.936249
345.062439
345.045593
345.400665
344.752289
345.410187
345.655121
345.264740
345.710449
346.036072
346.428192
346.395599
346.239075
346.861389
346.973480
347.212250
347.388916
348.276794
348.207977
348.035187
348.819519
349.086578
349.568268
348.992706
349.637054
349.755707
349.599243
350.145966
350.363037
350.811951
350.543701
350.701263
350.870941
350.896820
351.072296
351.487457
351.361237
351.327179
351.227539
351.299957
351.322418
351.359650
351.320770
350.617950
351.497559
350.934143
350.799591
351.099457
350.617432
350.593658
350.232208
350.104767
349.927765
349.656342
349.874084
349.853485
349.083435
349.353912
349.033447
348.580353
348.202698
347.996307
347.507416
347.995453
347.261475
346.821198
346.874725
346.367889
346.747498
346.241547
346.245544
346.092041
345.659485
345.467285
345.443939
345.273743
345.203003
344.751740
345.440796
345.407318
345.431061
345.174377
345.031311
345.219147
345.386353
345.296448
345.469910
345.975739
345.790680
345.856323
345.972015
346.212555
346.375671
346.135101
346.534149
347.291504
347.157227
347.809967
347.874817
347.790039
347.815338
348.290802
348.908630
348.663757
349.266144
349.224915
349.668518
349.772797
349.693787
350.291473
349.862335
350.122070
350.204498
350.090607
350.498627
350.704468
351.039337
350.802765
350.579010
350.415436
350.784729
350.449707
350.305603
350.594238
350.529449
350.120605
350.163300
350.100677
350.039673
349.632019
349.319427
348.980957
348.377808
348.531311
348.217926
347.867889
347.613586
347.464386
346.954987
346.616364
346.273041
346.003082
345.700562
345.245911
345.667480
344.991272
344.787506
344.905212
344.638062
344.649323
344.232880
344.041656
343.586121
343.860748
343.614685
344.120697
343.830627
344.094788
343.824188
343.926483
344.278503
344.570465
344.974274
344.868164
345.351288
345.520264
345.848969
346.218109
346.568695
347.134766
347.367584
347.649567
348.094086
348.438751
349.241974
348.992218
349.429169
349.380585
350.809723
350.722290
351.122070
351.096985
351.795380
351.324188
352.078674
351.298126
351.953644
351.668976
351.099274
350.794312
350.904510
349.952881
349.458160
348.300629
347.768311
346.568420
345.688324
344.280762
342.545227
340.722809
339.618286
337.585876
335.192108
333.245667
330.725647
328.366486
325.113831
322.584045
319.046356
316.127380
312.471375
309.178192
305.384705
301.876251
297.668671
293.861664
289.360962
285.285492
280.589752
276.562622
272.376434
267.654144
263.153442
258.714539
254.199661
249.714462
245.629501
241.163666
237.146744
232.640884
228.776245
225.275497
221.217773
217.714233
214.397049
211.413193
208.663513
205.761719
203.334244
201.109726
199.180511
197.720062
196.500519
195.178574
194.619308
194.271194
194.483459

258.646515
173.350601
173.778458
174.591309
175.147186
176.485001
177.814789
179.425095
181.446915
183.191010
185.700928
188.026642
190.444046
193.589218
196.586044
199.721024
202.708527
206.483917
210.091217
213.536423
217.217239
220.711090
224.341736
228.424515
232.086090
235.760986
239.641312
243.650955
247.063370
250.913254
254.295135
257.933044
261.505768
264.734619
267.924072
270.736328
274.219269
276.881622
279.716919
282.516327
284.706360
287.388275
289.382660
291.365662
293.835663
295.433624
296.970276
298.379272
299.503418
300.694122
302.129883
303.194000
304.010254
305.231628
305.881134
305.895569
306.702637
306.654633
307.469330
307.347534
307.760986
307.873199
307.721954
307.439758
307.641113
307.540863
307.685242
306.861359
307.115936
306.721100
306.920135
306.714722
305.932587
305.943146
305.715973
305.332886
305.069672
305.044769
304.787415
304.402771
303.799683
304.001038
303.879822
303.961884
303.541595
303.748657
303.502014
303.721283
303.858063
303.726257
303.804108
303.565277
304.099976
303.998077
304.191925
304.841217
304.502563
305.042389
305.293488
305.399933
306.051819
306.206055
306.426666
306.935120
307.079773
307.337769
307.779419
307.918457
308.698700
308.375793
309.447693
309.344910
309.722565
310.278320
310.061218
310.951447
310.684326
311.043518
311.498932
311.371613
311.511871
311.699158
312.236359
312.096985
312.249878
311.715149
312.272278
312.071106
312.234283
312.300934
312.340118
312.203705
311.906189
312.133514
311.591766
311.565125
311.302368
311.537689
311.154663
310.734375
310.620209
310.401215
310.229279
309.847870
309.714264
309.410492
309.041718
308.878418
308.754547
308.419189
308.133942
308.012024
307.578217
306.993835
307.073944
306.692230
306.544708
306.531647
306.249146
306.291443
305.926361
306.188019
306.044952
305.877869
305.880249
305.743774
306.221619
305.749542
306.038666
305.806549
306.406464
306.311707
306.665222
306.351471
306.863983
307.789948
307.513184
307.656708
307.656128
308.330994
308.373138
308.223022
309.044220
309.534058
309.946014
310.279846
310.406006
310.966248
311.227966
311.320007
311.810883
312.220764
312.781525
312.917145
313.037964
313.779724
314.127197
314.305939
314.723969
315.001251
314.979431
315.023071
315.280853
315.740143
315.908691
316.252289
316.120850
316.745361
316.438171
316.537201
316.753204
316.773773
317.068726
316.836578
317.262634
316.487762
316.800842
316.527649
316.512299
316.371002
316.607971
316.148773
316.087830
315.897736
315.730042
315.499695
315.117981
314.772614
314.673767
314.733398
314.031372
313.803894
313.699219
313.213226
313.224365
312.783508
313.174713
312.768372
312.242157
312.221008
311.838257
311.259155
311.484985
311.518372
311.056702
310.761261
310.807190
310.642853
310.819275
310.669220
310.672302
310.708130
310.016754
310.747253
310.530853
310.547119
310.625000
310.554443
310.542419
310.898224
310.983856
310.862122
311.260376
311.564819
311.697876
311.691742
312.067413
312.306946
312.819061
312.996887
313.067871
313.729950
313.179291
313.854309
314.158508
314.621460
314.557983
315.251526
315.118042
315.773834
316.068787
316.084167
316.370850
316.335754
317.086060
317.151733
317.818787
317.843964
317.996918
318.162140
318.035828
318.569550
319.009064
318.556152
318.828308
318.915375
319.188721
319.099091
318.716949
319.167480
318.728363
319.150299
319.122467
318.722504
318.838196
318.626007
318.983063
318.218964
318.383850
318.699677
317.848114
318.200012
318.042450
317.722992
317.226868
317.199738
316.989838
316.793243
316.258606
316.339813
316.220703
315.984222
315.720551
315.670441
315.782471
315.094757
314.911896
314.749084
314.798645
314.502960
314.468231
314.225891
314.320740
314.257751
313.984589
313.830475
313.998993
313.876312
313.533508
313.757446
314.151276
314.076263
314.538818
314.892944
314.328674
314.186310
314.555267
315.345245
315.036346
315.330353
315.221039
315.772522
315.841125
316.248108
316.101593
316.527771
316.752106
317.566467
317.268738
317.292328
317.564148
318.318878
317.938293
318.910492
318.940247
319.582825
319.483887
319.601257
320.135101
320.133911
320.295898
320.504181
321.033417
321.162476
321.178955
321.773102
321.511047
322.062347
321.949188
321.959259
322.098175
322.036987
322.438904
322.670227
322.435211
322.460419
322.498718
322.631836
322.331696
322.611420
321.989197
321.966583
322.300659
322.206818
321.075012
321.694672
321.550873
321.463348
321.380005
320.763519
320.708618
320.158722
320.042999
320.121338
319.445862
319.895599
319.420654
319.483215
318.924042
318.801941
318.857513
318.358948
318.435547
317.801605
317.959534
317.933472
318.058167
317.668915
317.293701
316.962860
317.076660
317.086029
316.887390
317.273895
317.137299
317.148254
317.130005
317.245361
317.146484
317.181488
317.352600
317.335907
317.570038
317.537750
317.843323
317.920410
317.919983
318.084747
318.622131
318.938019
319.149750
319.387604
319.386047
319.538635
320.191254
320.329498
320.440094
321.085938
321.113342
321.475098
321.804077
322.128326
322.344788
322.404633
322.707947
322.921051
323.470367
323.390381
323.625793
324.179230
324.216400
324.144379
324.981689
324.806427
324.655670
324.878998
325.339478
325.028595
325.303436
325.549835
325.374207
325.627991
325.497009
325.660614
325.494659
325.419403
325.471497
325.535675
325.700897
325.349701
325.321564
325.153473
325.364288
325.053223
325.146484
325.010376
324.774872
324.345062
324.622437
324.301422
323.962494
323.841217
323.610077
323.873169
323.725555
323.275970
323.290466
323.063965
323.063904
323.225128
322.623474
322.521851
322.884033
322.519989
322.648010
322.928741
322.422241
322.592438
322.192108
322.227966
322.384064
322.678558
322.522156
323.059143
322.850159
322.703796
322.971436
323.957611
323.529602
323.611603
324.157196
324.420898
324.621582
324.784851
325.056213
325.338226
325.549347
326.237885
326.832184
326.871643
326.899292
327.422974
327.622101
328.078979
328.659698
328.987854
329.203644
329.883850
330.040222
330.597992
331.052887
331.035278
331.488708
331.887054
331.863556
332.506012
332.655548
332.849243
333.610352
333.306824
333.720154
334.076263
334.344086
334.562622
334.129822
334.606720
334.498627
334.686310
334.894745
335.166931
335.273102
335.071472
335.275848
335.471252
334.705078
335.214874
334.609314
334.834991
334.764526
334.701111
334.405029
334.636322
334.470856
334.126434
333.754974
334.085266
333.332397
333.598267
333.097717
333.376251
332.796082
332.998016
332.935791
332.780304
332.077850
332.052429
331.827118
331.868713
331.978088
331.939026
331.320221
331.757874
332.034393
331.403351
331.413971
331.617859
331.804260
331.440491
331.957855
331.849609
331.795349
332.319305
332.089569
332.232727
332.640625
332.351654
332.989288
333.072632
333.407898
333.388153
333.941864
334.128479
334.457031
334.779999
335.251556
335.828705
336.159546
336.396973
336.993774
337.265930
337.298279
338.051300
338.426514
338.802063
339.116364
339.899933
340.321045
340.177948
341.200836
341.517639
341.707031
341.902161
342.080719
343.285034
343.342712
343.155182
343.869843
344.171234
344.330261
344.696503
344.846466
344.784607
345.294312
345.402283
345.752502
346.047394
345.505951
346.124817
345.884705
345.682648
346.016876
345.556610
345.680450
345.820160
345.353699
345.362915
345.324127
345.403320
345.299164
345.253357
344.583405
344.490936
344.690704
344.466675
343.515137
343.834167
343.614838
343.372375
342.944580
343.329285
342.785370
342.491394
341.996185
342.242462
341.623535
341.690796
341.432129
341.424744
340.867310
341.223969
340.836060
340.449036
340.718842
340.610382
340.265259
340.644775
339.790955
340.364960
340.428680
340.223816
340.020935
340.159485
340.312988
340.241913
340.475647
340.548218
340.845917
341.049805
341.099670
341.651733
341.619781
341.887817
341.911896
342.179260
343.174744
342.960938
343.307892
343.831573
344.008759
344.681091
344.733093
344.415833
344.907318
345.562683
346.001556
346.074982
346.485138
346.833679
347.160370
347.140930
347.406616
347.722992
347.920898
348.566803
348.871735
348.842560
349.392517
348.974213
349.070007
349.580994
349.227142
349.643951
350.015747
349.598999
349.836639
349.934509
350.011627
349.787048
350.504913
349.870819
350.392395
349.434448
349.647858
349.557404
349.546021
349.647247
349.369843
349.132355
349.121643
348.793701
348.433441
348.502045
347.861328
347.649292
347.461578
347.353760
347.502625
347.092346
346.710510
346.840118
346.486237
346.692413
346.149475
346.393311
345.988464
345.967834
345.633209
345.805481
345.635651
345.370300
345.419098
345.311401
344.943085
345.095306
345.269958
345.098877
345.085175
344.353546
345.127899
345.258331
345.272186
345.558075
344.933960
345.591034
345.833344
345.439209
345.874939
346.236572
346.581879
346.543121
346.389313
347.039337
347.094086
347.391998
347.531982
348.407532
348.363281
348.194183
348.936798
349.229889
349.692261
349.120941
349.771790
349.856812
349.751953
350.243042
350.475403
350.933167
350.630676
350.827942
351.003906
351.004852
351.165558
351.569489
351.472595
351.405182
351.274841
351.379181
351.381378
351.430267
351.414764
350.697601
351.577148
351.012207
350.837433
351.148651
350.684937
350.641815
350.270416
350.141357
349.986053
349.683289
349.901154
349.884460
349.115814
349.365997
349.028534
348.610168
348.220551
348.000031
347.511749
348.033478
347.263763
346.825623
346.880157
346.354126
346.730988
346.214172
346.247681
346.085083
345.626648
345.457336
345.428131
345.249176
345.191833
344.717590
345.404816
345.385345
345.411957
345.158844
344.996674
345.175781
345.349976
345.276031
345.412842
345.919586
345.751923
345.806549
345.945709
346.168304
346.333099
346.083832
346.472229
347.234985
347.099365
347.722992
347.793854
347.719238
347.757660
348.216339
348.832245
348.621887
349.187286
349.147339
349.600494
349.718506
349.592712
350.242523
349.768311
350.050934
350.142761
350.001556
350.449738
350.582794
350.970581
350.719116
350.506165
350.324371
350.708740
350.356354
350.251373
350.531769
350.470520
350.058655
350.087494
350.002502
349.952179
349.537811
349.255188
348.915802
348.299133
348.460419
348.115265
347.780426
347.533417
347.379059
346.845825
346.554962
346.172607
345.945984
345.636414
345.173248
345.585022
344.908142
344.720795
344.824585
344.554779
344.615326
344.174957
343.965057
343.497284
343.789978
343.559174
344.076691
343.787506
344.033142
343.757904
343.902374
344.212891
344.529694
344.910400
344.848572
345.316986
345.486816
345.817047
346.202209
346.536835
347.154419
347.331482
347.624603
348.097900
348.431152
349.242584
348.962738
349.409973
349.415466
350.825439
350.709595
351.153564
351.093109
351.798615
351.346832
352.100769
351.313629
351.967438
351.714722
351.121246
350.846924
350.941803
350.007782
349.482513
348.344330
347.857910
346.627472
345.754730
344.357330
342.623810
340.805756
339.679169
337.666382
335.272583
333.342041
330.816895
328.459747
325.199554
322.684540
319.131042
316.247101
312.551086
309.289978
305.491028
302.011505
297.789185
293.982910
289.483368
285.426849
280.708618
276.690399
272.497925
267.816986
263.297119
258.854034
254.335754
249.889221
245.779953
241.303604
237.294708
232.809372
228.937607
225.429367
221.378769
217.870880
214.558868
211.560150
208.821960
205.927277
203.496033
201.263641
199.336792
197.876480
196.657242
195.355255
194.770645
194.437256
194.742416

218.705276
185.585388
186.067368
186.909073
187.539230
188.848480
189.980682
191.907761
194.010468
196.447388
198.407211
201.429398
203.983566
206.896957
210.131195
213.510941
217.101761
220.803619
224.799942
228.473312
232.166946
236.534607
240.091003
244.489609
248.137009
252.754135
256.475159
260.675079
264.500885
268.209442
272.274811
275.604370
279.777557
283.069031
286.721008
290.273163
293.564178
296.551483
299.000702
301.852051
304.609619
306.806976
309.299530
311.345215
313.676758
315.323608
317.024536
318.954254
320.092590
321.063293
322.477539
323.906647
324.265198
325.387909
325.825073
326.800446
326.515381
327.552185
327.572998
327.471466
327.816437
328.176178
327.847931
327.487396
327.440125
327.221161
327.212921
327.140839
326.669220
326.028381
326.253174
325.384308
325.201721
325.244659
324.888672
324.373016
324.072296
323.718475
323.774872
323.172180
322.766083
322.572540
322.438873
322.078796
322.559509
322.150940
321.799561
321.764893
321.865570
321.832123
322.098846
322.118530
322.151947
322.155548
322.469269
322.189056
322.402924
323.232971
323.278046
323.571350
323.687622
323.913177
324.428528
324.268799
325.194489
325.127808
325.089294
326.017303
326.274231
326.539215
326.748535
326.905884
327.589905
327.759369
328.193237
328.024689
328.953430
328.370117
329.102509
329.418884
329.358215
329.482819
329.727814
329.668884
329.568481
329.743195
329.498566
329.685913
329.783539
329.855896
329.498413
329.690521
329.305878
329.391602
329.379181
328.849945
328.569458
328.514496
328.367645
327.513062
327.649017
327.232849
327.393280
326.705780
326.493896
326.379913
325.861725
325.431244
325.449890
324.844940
324.679352
324.149200
323.822723
323.994110
323.433533
323.263550
322.831329
322.502167
322.441101
322.022919
321.893005
321.827240
321.890839
321.600159
321.821594
321.569611
321.342834
321.345184
321.349823
321.873016
321.741333
321.914093
321.850891
321.963409
322.524445
322.242706
322.361237
322.913269
322.911041
323.530548
323.627136
323.673584
324.389587
324.380554
324.453491
325.138794
325.134247
325.468048
325.808319
326.204407
326.455414
327.484985
326.831573
327.467590
327.765961
328.076447
328.068787
328.589233
328.747955
329.051178
329.205841
329.304993
329.957001
329.702301
329.905243
330.162872
330.371765
330.391174
330.079102
330.389465
330.165100
330.087250
330.393036
330.186279
329.829773
329.846466
329.661530
329.468994
329.639221
329.542114
329.239105
328.955841
328.556976
328.556702
327.983276
327.875366
327.390472
327.344421
326.963043
326.764496
326.113251
326.092133
326.120300
325.058319
325.037476
324.612366
324.253937
323.941742
324.095551
323.374084
323.515228
322.906128
322.916779
322.548767
322.128265
322.236328
322.021423
321.941223
321.716705
321.361603
321.275940
321.397461
321.255035
321.558594
321.666138
321.702667
321.284637
321.220184
321.608917
321.986053
321.756683
322.086823
322.004486
322.279053
322.152130
322.357635
322.838074
322.862854
322.799042
323.575623
323.457703
323.978882
323.705658
324.322296
324.196747
325.028870
325.324738
325.099182
325.763458
325.977173
326.176849
326.514130
326.826447
326.784546
327.111298
327.595673
327.749573
328.012848
328.158264
327.844604
328.255920
328.758301
328.553253
328.301239
328.936798
328.742249
328.515411
328.771637
329.124146
328.731140
328.659149
328.701782
328.554199
328.119324
328.721558
328.267883
327.825043
327.955383
328.174957
327.605560
327.623535
327.458405
326.721527
327.035339
326.560242
326.620209
326.141144
325.902679
325.722565
325.386444
325.019928
325.078278
324.714996
324.180450
323.962921
323.798645
324.041565
323.478333
323.288361
322.943909
323.225403
322.947174
322.997101
323.079224
322.346466
323.030548
322.652405
322.564148
322.527344
322.538025
322.302917
322.513824
322.526245
322.507538
322.814209
322.523926
323.060760
322.789185
323.124603
323.325531
323.371277
323.645691
324.280457
323.902740
324.610596
324.436249
324.488892
325.368469
325.307220
326.056183
326.079254
326.135284
327.260376
326.663239
327.109131
327.126068
327.869659
327.747314
327.879700
328.086395
328.329620
328.482697
328.867432
329.242462
329.343414
329.118073
329.551178
329.771301
329.833862
329.706207
329.919952
330.447998
330.403534
329.900940
330.223785
330.211731
330.303253
330.389771
330.375977
330.213654
330.584106
329.997589
330.075470
329.605835
329.367523
329.700195
329.082611
329.043793
328.663483
328.581726
328.460632
328.454163
328.179718
327.810516
327.868896
327.536285
327.093292
326.624725
326.461884
326.344330
326.556519
326.229919
325.492371
326.154144
325.747833
325.059601
324.794983
325.021088
324.747101
324.322815
324.819458
324.514282
324.520111
324.443512
324.289246
324.052216
324.116882
324.055634
324.168304
324.400696
324.338928
324.335297
324.690735
325.159821
325.160278
325.159424
325.226898
325.317841
325.705414
325.733734
326.149963
326.735657
326.670929
326.890320
327.171326
327.199036
327.592194
327.454803
327.802734
328.705627
328.709747
328.387878
328.931366
329.207733
329.732758
329.961548
330.261047
330.487946
330.830902
331.232391
330.818176
330.950867
331.436035
330.917450
331.551208
331.852722
331.829865
331.579254
331.397034
332.109344
331.680054
331.744507
331.711090
331.965851
332.041290
331.799530
331.721497
331.692200
331.779572
331.757385
331.170166
331.196198
330.916595
331.089203
331.081055
330.090820
330.509613
330.048431
329.579712
329.904266
329.383575
329.163116
329.203064
329.295776
328.935791
328.404327
328.436066
328.318817
327.772552
328.109070
327.819611
327.725922
327.636780
327.344604
327.112091
326.876129
327.297485
326.668549
327.075256
326.938385
327.043579
327.311829
328.206299
326.962433
326.974182
326.788635
327.452545
327.573578
327.674622
327.901764
328.156036
328.528137
327.990387
328.532593
329.035980
329.206635
329.282990
330.202271
330.413452
330.232117
330.527527
330.765076
331.665558
331.556702
332.062195
332.266022
332.384979
332.657410
332.748840
333.031586
333.732178
334.318909
334.612671
334.528503
335.325012
335.271545
335.351685
335.684204
335.999023
335.776825
336.302490
336.283936
336.722809
336.603882
336.861176
336.912994
336.751587
336.808258
336.844025
336.807343
337.038818
336.897186
336.779663
336.838104
336.731598
336.438416
336.402893
336.008911
335.998901
336.074097
335.177277
336.018463
335.141479
335.316956
334.980804
334.908691
334.871735
334.241669
333.736267
334.144897
333.916962
333.742737
333.207367
333.033875
332.827759
332.342743
332.189667
332.398102
332.020325
331.568329
331.873444
331.602142
331.210724
331.250916
330.807617
330.965881
331.096283
330.846741
330.717712
331.239960
330.814911
331.062256
331.603699
331.172882
331.327301
331.691467
331.601990
331.782013
331.785950
332.486298
332.483795
332.972473
332.803619
333.293121
333.363739
333.697540
333.783386
334.288513
334.938507
334.907898
335.356812
335.538422
335.909027
336.594666
336.665558
336.895599
337.346008
338.030853
338.062775
338.561768
338.975861
339.150665
338.951019
339.431488
340.451447
340.087860
340.610657
340.703857
340.778168
341.159180
340.474091
341.336151
341.267853
341.484528
341.629395
341.713440
341.520599
341.815643
341.271210
341.627777
341.412415
341.701019
341.530304
341.646637
341.613739
341.179749
341.152588
340.602631
340.479767
340.581604
339.666168
339.771118
339.295929
338.875458
338.813263
338.579010
338.164673
337.688232
337.686310
337.636871
337.116516
336.724518
336.621490
336.194611
335.930908
336.380798
335.575958
335.308136
335.464844
334.982361
334.895630
334.707397
334.341278
334.565033
333.713470
333.721558
333.997040
333.689423
333.759674
333.951111
333.779114
333.421295
333.326660
333.963440
333.996521
333.672577
333.633484
334.322113
334.030914
334.212372
334.272766
334.969543
334.946777
335.279449
335.454620
335.506195
336.229431
336.223785
336.489288
336.923096
336.723907
337.521362
337.416199
337.775360
337.750031
338.233582
338.650787
338.575745
338.792114
339.285156
339.189667
339.620300
340.300293
340.058807
340.103729
340.437714
340.804504
340.976501
340.866882
340.903076
341.503052
341.555603
341.290649
341.756439
341.346313
341.946411
341.353271
341.326996
341.052979
341.422302
341.166534
340.928864
340.953766
340.714569
340.840851
340.344910
340.507294
340.280365
339.707825
339.595184
339.374146
339.348602
338.905243
338.777161
338.952362
338.072327
338.309204
337.876831
337.815826
337.517456
337.437378
336.489288
336.729279
336.543854
336.026794
336.309784
335.765869
335.524017
335.978760
335.814667
335.717163
335.522095
335.677094
335.582123
335.428253
335.682434
335.308472
335.242310
335.643982
335.612518
335.811127
335.731476
335.196808
335.304382
335.425659
336.201782
335.987946
336.389648
336.631348
336.630280
337.229919
337.203400
336.956665
337.562500
337.476074
337.682373
337.585938
338.551910
338.312866
338.274567
338.496094
339.163422
339.384827
339.413483
339.918457
339.821411
339.840454
339.727295
339.959015
340.314575
340.337097
340.612854
340.278748
340.615967
340.479431
340.368896
340.841827
340.743134
340.674225
340.825287
340.697845
340.269104
340.376373
340.588593
339.804016
339.825714
339.906433
339.765961
339.396698
339.519775
339.051239
338.854401
338.355469
338.009888
338.643372
337.976379
337.382843
337.413849
336.995941
337.142151
336.839508
336.607330
335.828918
335.694153
335.900848
335.733002
335.413208
335.737244
334.887634
334.707062
334.916077
334.700867
334.263397
334.938385
334.437622
334.280823
334.097809
334.442108
334.477905
334.215881
333.617798
334.391296
334.603790
334.438843
334.265930
334.392578
334.390808
334.560913
334.656555
334.828674
335.078918
335.315338
335.260925
335.295959
335.567719
335.772552
335.817169
336.529755
336.492401
336.845184
337.115784
337.374695
337.100006
337.573334
338.047058
338.048492
338.159607
338.352051
338.436371
338.783966
338.741364
338.509949
338.699615
339.187836
338.719818
338.814148
339.014832
339.167297
338.866760
338.155243
338.331299
338.644928
338.363678
338.531433
338.002411
338.474976
337.761444
337.684845
337.143799
337.161804
337.163177
336.672485
336.522491
335.891388
335.949799
335.408386
334.953308
334.949554
335.015625
334.657990
334.276825
333.289764
333.025574
333.090851
332.679230
333.009888
332.617950
332.755005
332.202423
332.305115
331.936768
332.147308
331.991180
332.128387
332.064087
331.848206
332.018829
332.337067
332.800385
332.654449
332.562958
333.544434
333.362518
333.786102
333.969086
334.272034
334.678162
335.166321
335.296631
335.702179
336.037506
336.361389
336.290283
336.692505
336.890289
337.743958
338.027863
338.118774
338.629272
338.992371
339.143646
339.450348
339.198975
339.269104
339.209106
338.805542
338.723785
338.426880
338.238159
337.822601
337.006775
335.990204
335.107635
334.689117
333.073334
331.998779
330.375366
329.034088
327.109192
325.421814
323.300385
321.223999
318.535065
316.531921
313.812897
310.802826
307.902802
304.572693
301.397003
298.307434
294.807220
290.562378
287.070801
283.333008
279.062378
275.301819
270.798645
266.515533
262.472961
257.984436
254.157211
249.488831
245.379272
240.910889
237.237228
232.962799
228.625809
224.945770
220.641586
217.697281
213.780869
210.504868
207.169052
204.001007
201.506271
198.825409
196.485046
194.740112
192.530624
190.895996
189.863739
188.761383
187.954987
187.443512
187.344894

222.218201
186.110611
186.599899
187.458649
188.079315
189.397064
190.542709
192.461166
194.554535
197.007217
198.966751
201.995407
204.556488
207.477982
210.732529
214.123428
217.704056
221.403809
225.410400
229.088058
232.812592
237.167892
240.764435
245.182098
248.803833
253.432755
257.158173
261.376099
265.227600
268.944427
273.023071
276.364410
280.500092
283.843140
287.491364
291.063049
294.349121
297.362213
299.833435
302.709503
305.470062
307.674408
310.138916
312.212463
314.567322
316.269684
317.956848
319.910004
321.036499
322.075500
323.455383
324.891968
325.265594
326.383514
326.848145
327.816193
327.522491
328.612183
328.656647
328.568970
328.925812
329.267944
328.952667
328.597198
328.541382
328.343781
328.331635
328.257690
327.828796
327.171783
327.403076
326.525360
326.349609
326.430634
326.089417
325.568878
325.205597
324.902527
324.959076
324.362457
323.917175
323.740753
323.620728
323.235870
323.723236
323.304749
322.950256
322.918945
323.038849
323.009338
323.261383
323.281281
323.300262
323.315674
323.594635
323.323792
323.524689
324.366913
324.368591
324.670685
324.788727
325.017792
325.512390
325.323395
326.252808
326.178284
326.140930
326.976837
327.338654
327.553528
327.795074
327.910278
328.584106
328.704773
329.125732
328.990601
329.914764
329.280334
330.041504
330.351685
330.250702
330.391327
330.613953
330.564423
330.438568
330.607727
330.369995
330.481445
330.604706
330.637054
330.319427
330.513824
330.083221
330.113403
330.110138
329.564117
329.293671
329.234070
329.070648
328.172791
328.323334
327.921906
328.031372
327.361877
327.134521
327.015808
326.493469
326.012146
326.073059
325.432220
325.281006
324.708405
324.386566
324.497314
323.988342
323.857422
323.351318
323.000885
322.936035
322.509247
322.386108
322.351166
322.379333
322.110352
322.310364
322.021545
321.827789
321.805908
321.828979
322.329437
322.203064
322.366302
322.291779
322.368378
322.941772
322.644196
322.765381
323.299133
323.302734
323.935608
324.036591
324.036438
324.784760
324.763763
324.797913
325.497498
325.489166
325.789703
326.173462
326.582550
326.787811
327.826813
327.149017
327.797180
328.075989
328.397095
328.390625
328.879456
329.079071
329.361786
329.500793
329.599670
330.247314
329.960510
330.165222
330.422668
330.635529
330.648773
330.317108
330.635010
330.374939
330.315521
330.598724
330.391083
330.018738
330.015137
329.849487
329.649475
329.806885
329.684906
329.394043
329.098358
328.682526
328.689758
328.121063
328.010132
327.533356
327.446930
327.046021
326.867432
326.183655
326.191742
326.163391
325.111328
325.064789
324.655273
324.306152
323.974121
324.113708
323.396729
323.542023
322.919312
322.916199
322.549042
322.138885
322.200500
322.015137
321.930695
321.684052
321.348602
321.258881
321.364746
321.223328
321.505707
321.608673
321.651428
321.227600
321.170135
321.553619
321.928406
321.707062
322.036346
321.960022
322.225189
322.106201
322.307404
322.783569
322.822723
322.759644
323.556183
323.419342
323.944763
323.675201
324.288239
324.171661
325.003815
325.333923
325.105682
325.769653
325.994385
326.218933
326.565369
326.846191
326.857666
327.164795
327.639984
327.813293
328.100525
328.242889
327.966797
328.380432
328.897217
328.691956
328.462646
329.115112
328.915283
328.686218
328.989899
329.328766
328.987518
328.932068
328.963287
328.852356
328.420624
329.033600
328.611694
328.197754
328.329559
328.552765
328.028656
328.049866
327.868225
327.152679
327.478119
327.056915
327.102142
326.634277
326.441986
326.272583
325.942291
325.585602
325.663361
325.287445
324.786652
324.589417
324.451050
324.699646
324.163696
323.980499
323.667938
323.953217
323.696289
323.717072
323.839203
323.132355
323.774597
323.428040
323.366516
323.305786
323.317474
323.121704
323.335083
323.333313
323.358398
323.670929
323.364471
323.906952
323.642548
323.993286
324.192993
324.239075
324.527618
325.135803
324.778381
325.486084
325.264160
325.368500
326.193054
326.184875
326.938599
326.913879
326.988800
328.110016
327.494598
327.962585
327.973236
328.652191
328.577118
328.702759
328.899109
329.115540
329.252747
329.624664
329.984436
330.098877
329.821625
330.262604
330.467194
330.506653
330.385315
330.583374
331.087646
331.013153
330.487549
330.774017
330.774017
330.873871
330.930969
330.914520
330.733154
331.071808
330.458038
330.560760
330.050201
329.772766
330.100891
329.459656
329.405212
328.991486
328.887817
328.762817
328.730713
328.436584
328.064850
328.095612
327.740204
327.313141
326.776520
326.623749
326.440002
326.670990
326.319275
325.553345
326.202332
325.786591
325.101257
324.789062
324.999817
324.725922
324.310516
324.751984
324.460236
324.431610
324.357605
324.177979
323.955353
323.970490
323.894958
323.984467
324.216339
324.169830
324.143951
324.480072
324.933716
324.924927
324.921936
324.987396
325.065948
325.456635
325.454498
325.869202
326.460144
326.390717
326.589417
326.875458
326.919983
327.307831
327.164612
327.524536
328.400360
328.396332
328.104584
328.637543
328.928955
329.417908
329.669037
329.962769
330.209869
330.545074
330.970245
330.540680
330.673737
331.176178
330.671356
331.284668
331.620667
331.597809
331.338165
331.156616
331.886475
331.496521
331.539551
331.514038
331.768555
331.881378
331.646881
331.568207
331.547333
331.637329
331.637512
331.040131
331.095856
330.828674
330.985779
331.001556
330.032959
330.447479
329.988342
329.532288
329.855560
329.422852
329.178070
329.173126
329.304047
328.966492
328.453094
328.461182
328.358276
327.829163
328.179443
327.924316
327.806519
327.760345
327.453003
327.195618
327.029785
327.458771
326.848480
327.234863
327.134766
327.215637
327.500580
327.970642
327.168915
327.197296
326.989471
327.693359
327.786316
327.886658
328.087830
328.405762
328.763611
328.228271
328.796844
329.313782
329.460052
329.541382
330.447601
330.642731
330.509521
330.789185
331.046600
331.943634
331.816833
332.358246
332.536713
332.666443
332.954956
333.032532
333.322327
333.992584
334.587250
334.910706
334.816437
335.574493
335.538910
335.618561
335.961945
336.263031
336.059998
336.569733
336.546967
336.964508
336.820557
337.101654
337.147491
336.990509
337.049133
337.089661
337.028564
337.246765
337.097412
337.006409
337.036163
336.935242
336.648804
336.553894
336.204254
336.182159
336.266052
335.352264
336.161987
335.310791
335.471649
335.120819
335.052948
334.981293
334.362823
333.827820
334.247955
333.999573
333.836487
333.290009
333.115448
332.874420
332.391174
332.229980
332.430878
332.038361
331.594666
331.878265
331.611877
331.205933
331.266205
330.810211
330.942383
331.093994
330.793701
330.673737
331.192108
330.757843
330.988861
331.528442
331.099548
331.232819
331.596375
331.510040
331.686829
331.671722
332.387451
332.371124
332.846466
332.681152
333.147675
333.210846
333.547119
333.618988
334.107147
334.771881
334.725861
335.160889
335.355072
335.700134
336.386688
336.445190
336.668304
337.100250
337.787872
337.821228
338.306427
338.710449
338.880219
338.667664
339.150757
340.157623
339.776184
340.297943
340.399994
340.450653
340.829163
340.149719
341.006561
340.929230
341.149872
341.279388
341.357910
341.153564
341.455841
340.892517
341.238342
341.022278
341.306396
341.131714
341.258850
341.223083
340.791229
340.732269
340.170715
340.086975
340.154175
339.223450
339.313263
338.857208
338.449036
338.349792
338.092682
337.703674
337.215210
337.194611
337.149139
336.631958
336.228333
336.155151
335.707977
335.405426
335.908203
335.104919
334.811829
334.960602
334.461700
334.395813
334.194885
333.822021
334.051575
333.207306
333.224304
333.495758
333.173065
333.258087
333.464783
333.265442
332.941467
332.804871
333.482971
333.496246
333.120178
333.132660
333.787537
333.521057
333.699371
333.799957
334.482788
334.445801
334.777344
334.977020
335.020264
335.759583
335.745850
336.017395
336.447174
336.258270
337.055908
336.954224
337.321014
337.318512
337.804260
338.222839
338.145538
338.351288
338.868591
338.790131
339.199860
339.871948
339.659821
339.755249
340.034485
340.435425
340.586609
340.544128
340.568420
341.174896
341.230927
340.957581
341.421265
340.998169
341.661285
341.057129
341.013489
340.762573
341.140869
340.904785
340.689423
340.692474
340.504456
340.620300
340.097168
340.297546
340.115540
339.523407
339.389648
339.221680
339.156158
338.770569
338.626892
338.808472
337.944763
338.172882
337.764984
337.688721
337.396545
337.374237
336.407684
336.666412
336.513611
335.983643
336.236176
335.718903
335.483795
335.839111
335.836151
335.712433
335.502228
335.661560
335.529053
335.398773
335.662750
335.351654
335.251434
335.687775
335.635315
335.858276
335.808716
335.279114
335.381561
335.503052
336.291321
336.063049
336.444244
336.740906
336.754913
337.310303
337.302917
337.067291
337.688599
337.600342
337.785858
337.722290
338.663239
338.430969
338.404327
338.629425
339.296692
339.505219
339.527191
340.075043
339.964691
339.968536
339.865051
340.106445
340.454437
340.466949
340.744232
340.439270
340.767487
340.619843
340.531830
340.958252
340.923950
340.809052
340.957947
340.825928
340.396484
340.517731
340.744598
339.982971
339.974396
340.058014
339.898071
339.565155
339.650330
339.202942
339.012482
338.511963
338.157715
338.802307
338.096344
337.535187
337.551086
337.131531
337.260742
336.962524
336.733704
335.955841
335.822144
336.023529
335.836517
335.539551
335.868835
334.992981
334.834503
334.999207
334.831360
334.385010
335.046417
334.528503
334.402740
334.208160
334.530823
334.571411
334.311188
333.730133
334.472778
334.700714
334.505066
334.365601
334.477753
334.478271
334.672089
334.735748
334.909882
335.153809
335.423798
335.351379
335.362488
335.665985
335.857758
335.882477
336.598572
336.551605
336.917206
337.189667
337.427490
337.185181
337.653412
338.129547
338.100677
338.218781
338.405975
338.493774
338.845245
338.798218
338.564209
338.766174
339.260101
338.798004
338.880035
339.060760
339.225830
338.919891
338.219818
338.370728
338.689911
338.420776
338.607849
338.043976
338.523926
337.794373
337.755341
337.186798
337.211792
337.216644
336.717102
336.564117
335.932068
335.983856
335.442932
335.003387
334.978577
335.084503
334.704254
334.307709
333.319794
333.093384
333.126984
332.713684
333.041199
332.607117
332.794434
332.252747
332.345642
331.947723
332.183258
332.009766
332.143677
332.098572
331.879761
332.014771
332.366699
332.830017
332.680481
332.592499
333.569977
333.407562
333.781281
333.996185
334.288147
334.677399
335.157898
335.315338
335.707184
336.060516
336.359802
336.282257
336.695740
336.888214
337.761200
338.011139
338.117981
338.620667
338.995514
339.136292
339.450439
339.182434
339.252106
339.201874
338.789124
338.701355
338.383942
338.230316
337.776520
337.002655
335.962036
335.054474
334.679016
333.015411
331.948547
330.339355
328.990356
327.058105
325.391266
323.261505
321.189331
318.487854
316.494476
313.787964
310.780518
307.884369
304.515472
301.350220
298.257385
294.760651
290.523560
287.006073
283.289093
279.009552
275.238739
270.757019
266.461823
262.410645
257.924469
254.097534
249.430634
245.329010
240.859985
237.171997
232.899918
228.583237
224.896454
220.584763
217.643539
213.710754
210.445282
207.097321
203.940979
201.442108
198.761978
196.421707
194.679626
192.465317
190.839828
189.789398
188.696426
187.878052
187.371124
187.304382

